Sample	0	1	2	3	4	5	6	7	8	9	10	11	12	13	14	15	16	17	18	19	20	21	22	23	24	25	26	27	28	29	30	31	32	33	34	35	36	37	38	39	40	41	42	43	44	45	46	47	48	49	50	51	52	53	54	55	56	57	58	59	60	61	62	63	64	65	66	67	68	69	70	71	72
SRR1174540	(1, 0.0)	(2, 0.0)	(3, 0.005738880918220947)	(4, 0.0)	(5, 0.0)	(6, 0.0)	(7, 0.03443328550932568)	(8, 0.0)	(9, 0.0)	(10, 0.0022955523672883787)	(20, 0.003443328550932568)	(30, 0.0028765058508129007)	(40, 0.007554055074872308)	(50, 0.027013853408737222)	(60, 0.07938576743524728)	(70, 0.029790986439142974)	(80, 0.023944209990721617)	(90, 0.02043428873649985)	(100, 0.012067457085105742)	(110, 0.015754138490995905)	(120, 0.02444479753596441)	(130, 0.006750164151719144)	(140, 0.015399303951461394)	(150, 0.008043011551001974)	(160, 0.0006205976355230086)	(170, 0.006844328851334956)	(180, 0.003120319520718922)	(190, 0.002503363895234221)	(200, 0.01631986944104447)	(210, 0.021401953872494713)	(220, 0.00883715645554279)	(230, 0.010775315653364433)	(240, 0.009547937009076905)	(250, 0.014075766009584318)	(260, 0.005779864237411135)	(270, 0.006436580373579124)	(280, 0.001290064567731615)	(290, 0.004525852314973459)	(300, 0.010404473923787228)	(310, 0.02357100766057749)	(320, 0.018470022493848822)	(330, 0.012615699241730078)	(340, 0.015350423471464897)	(350, 0.01610954490535642)	(360, 0.021604542355030145)	(370, 0.08079025085712346)	(380, 0.015017372369400057)	(390, 0.02194125229697485)	(400, 0.022707567813054788)	(410, 0.01795728927811697)	(420, 0.020843465573542694)	(430, 0.012609280430396773)	(440, 0.01418822093897646)	(450, 0.03883969992735538)	(460, 0.01903102789509512)	(470, 0.055436161083814925)	(480, 0.044429913906563055)	(490, 0.01838285982150243)	(500, 0.010059799921757111)	(510, 0.011651325754423344)	(520, 0.004317416457991538)	(530, 0.0)	(540, 0.0)	(550, 0.0)	(560, 0.0)	(570, 0.0)	(580, 0.0)	(590, 0.0)	(600, 0.0)	(610, 0.0)	(620, 0.0)	(630, 0.0)	
SRR1174541	(1, 0.0)	(2, 0.004562876437306077)	(3, 0.004562876437306077)	(4, 0.0)	(5, 0.0)	(6, 0.01825150574922431)	(7, 0.004562876437306077)	(8, 0.013688629311918235)	(9, 0.004562876437306077)	(10, 0.006388027012228508)	(20, 0.008669465230881548)	(30, 0.013717295680880833)	(40, 0.027247578890977356)	(50, 0.033250597105793096)	(60, 0.08430385382280088)	(70, 0.152602886977887)	(80, 0.05172195060065774)	(90, 0.02849114809502289)	(100, 0.043416268273068596)	(110, 0.019882296802926674)	(120, 0.024679667982915626)	(130, 0.007595090533479159)	(140, 0.014762176250203617)	(150, 0.006652508763400967)	(160, 0.0015403178189099683)	(170, 0.003609382331557861)	(180, 0.0020712939373226454)	(190, 0.0020771667445604195)	(200, 0.017188574285892867)	(210, 0.02716426019182147)	(220, 0.010482070418549072)	(230, 0.011578155178856183)	(240, 0.018521850491622832)	(250, 0.011203824238673468)	(260, 0.005362419094501912)	(270, 0.0021509655146453865)	(280, 0.002156822568991362)	(290, 0.0048673643222195175)	(300, 0.017936634761198167)	(310, 0.01806941942407832)	(320, 0.041452953661124864)	(330, 0.00836862101862855)	(340, 0.007296279458728315)	(350, 0.005644551314616001)	(360, 0.00908017797148824)	(370, 0.02912771073327584)	(380, 0.00920476576747611)	(390, 0.014465750888197104)	(400, 0.004657200905825576)	(410, 0.025144875415913783)	(420, 0.017673881537863347)	(430, 0.01783697009334681)	(440, 0.014534443603330808)	(450, 0.017865503560779674)	(460, 0.018733374130459217)	(470, 0.056304505000223944)	(480, 0.04449238236483754)	(490, 0.011374752599130969)	(500, 0.011487650775416428)	(510, 0.008863283846665189)	(520, 0.0)	(530, 0.0)	(540, 0.0)	(550, 0.0)	(560, 0.0)	(570, 0.0)	(580, 0.0)	(590, 0.0)	(600, 0.0)	(610, 0.0)			
SRR1174544	(1, 0.0)	(2, 0.004617657923900997)	(3, 0.0)	(4, 0.0)	(5, 0.004617657923900997)	(6, 0.0)	(7, 0.05079423716291097)	(8, 0.013852973771702994)	(9, 0.0)	(10, 0.0023088289619504986)	(20, 0.00855435948655347)	(40, 0.020973747466654098)	(60, 0.0536635607577391)	(80, 0.017278218250665577)	(100, 0.012040317864391619)	(120, 0.0162674875491153)	(140, 0.005308217879594452)	(160, 0.005097268628605362)	(180, 0.0033324788515765188)	(200, 0.014688223137301388)	(220, 0.0072571573714576)	(240, 0.007846706737182404)	(260, 0.007918346015884202)	(280, 0.0023894481967630943)	(300, 0.01854714064914992)	(320, 0.024415870864733333)	(340, 0.0172741887400151)	(360, 0.03976322550260999)	(380, 0.021391533516254713)	(400, 0.03197750627306486)	(420, 0.01428975541188033)	(440, 0.023626662838549143)	(460, 0.0446402092782958)	(480, 0.032636010574067426)	(500, 0.00906220488214364)	(520, 0.01728139041129709)	(540, 0.0)	(560, 0.0)	(580, 0.0)	(600, 0.0)	(620, 0.0)	(640, 0.0)	(660, 0.0)																														
SRR1174547	(1, 0.0)	(2, 0.0)	(3, 0.0)	(4, 0.0)	(5, 0.0)	(6, 0.0)	(7, 0.02475860361475613)	(8, 0.012379301807378064)	(9, 0.0)	(10, 0.0024758603614756128)	(20, 0.0099161465854369)	(40, 0.02770728512685529)	(60, 0.13102437827964347)	(80, 0.03025300721468455)	(100, 0.020583645961289466)	(120, 0.02232626109547521)	(140, 0.008187102584395383)	(160, 0.004123172919000269)	(180, 0.0020755213017669607)	(200, 0.008343008906162007)	(220, 0.004198740377886635)	(240, 0.007083055913643382)	(260, 0.007157581310123683)	(280, 0.002880785878387624)	(300, 0.0233324583661446)	(320, 0.017838428434454927)	(340, 0.012059907590958084)	(360, 0.016022828715961026)	(380, 0.017004830917874397)	(400, 0.012485368708544674)	(420, 0.0055460919858970805)	(440, 0.009860798395976794)	(460, 0.04920424853235603)	(480, 0.023715919767219124)	(500, 0.004677870165713551)	(520, 0.005590965000559097)	(540, 0.0)	(560, 0.0)	(580, 0.0)	(600, 0.0)	(620, 0.0)	(640, 0.0)	(660, 0.0)	(680, 0.0)																													
SRR1174550	(1, 0.0)	(2, 0.0)	(3, 0.0)	(4, 0.0)	(5, 0.0)	(6, 0.0)	(7, 0.0)	(8, 0.0)	(9, 0.0)	(10, 0.0)	(20, 0.0)	(30, 0.0)	(40, 0.0)	(50, 0.0)	(60, 0.0)	(70, 0.0)	(80, 0.0)	(90, 0.0)	(100, 0.0)	(110, 0.0)	(120, 0.0)	(130, 0.0)	(140, 0.0)	(150, 0.0)	(160, 0.0)	(170, 0.0)	(180, 0.0)	(190, 0.0)	(200, 0.0)	(210, 0.0)	(220, 0.0)	(230, 0.0)	(240, 0.0)	(250, 0.0)	(260, 0.0)	(270, 0.0)	(280, 0.0)	(290, 0.0)	(300, 0.0)	(310, 0.0)	(320, 0.0)	(330, 0.0)	(340, 0.0)	(350, 0.0)	(360, 0.0)	(370, 0.0)	(380, 0.0)	(390, 0.0)	(400, 0.0)	(410, 0.0)	(420, 0.0)	(430, 0.0)	(440, 0.0)	(450, 0.0)	(460, 0.0)	(470, 0.0)	(480, 0.0)	(490, 0.0)	(500, 0.0)	(510, 0.0)													
SRR1174551	(1, 0.0)	(2, 0.004995753609431983)	(3, 0.0)	(4, 0.0)	(5, 0.004995753609431983)	(6, 0.0)	(7, 0.01998301443772793)	(8, 0.009991507218863965)	(9, 0.0)	(10, 0.0009991507218863967)	(20, 0.022274947941694698)	(40, 0.024394064282211077)	(60, 0.056726983745235715)	(80, 0.01636151560413577)	(100, 0.015439863064386892)	(120, 0.01666662186391972)	(140, 0.005966425297643262)	(160, 0.004913964668594033)	(180, 0.003024495665347803)	(200, 0.021053214770492257)	(220, 0.019836280837035175)	(240, 0.014978521365588965)	(260, 0.005998251938006638)	(280, 0.004890158412366923)	(300, 0.010774544120302154)	(320, 0.01268488964146012)	(340, 0.027996354517241584)	(360, 0.0412048663849497)	(380, 0.03885310490945405)	(400, 0.014104545343047073)	(420, 0.02644852339449684)	(440, 0.05115739637449756)	(460, 0.038789631991584625)	(480, 0.025712268205820947)	(500, 0.01907435948300856)	(520, 0.007102777185879679)	(540, 0.0)	(560, 0.0)	(580, 0.0)	(600, 0.0)	(620, 0.0)	(640, 0.0)	(660, 0.0)	(680, 0.0)	(700, 0.0)	(720, 0.0)	(740, 0.0)	(760, 0.0)	(780, 0.0)																								
SRR1174552	(1, 0.0)	(2, 0.0)	(3, 0.0)	(4, 0.0)	(5, 0.0)	(6, 0.0)	(7, 0.028796314071798813)	(8, 0.00959877135726627)	(9, 0.004799385678633135)	(10, 0.002879631407179881)	(20, 0.0036038893173512853)	(40, 0.008010992052124856)	(60, 0.01840391438989797)	(80, 0.006432506921130043)	(100, 0.003729719649406353)	(120, 0.005766203030515749)	(140, 0.0035376404948653673)	(160, 0.0020316325183100882)	(180, 0.003316741123252652)	(200, 0.009995847878573516)	(220, 0.005152594073486297)	(240, 0.007006871924761766)	(260, 0.006792058516196447)	(280, 0.0028855183702592244)	(300, 0.017172733925660554)	(320, 0.01305535202824219)	(340, 0.01076229322944133)	(360, 0.05687895125011226)	(380, 0.013478794280589984)	(400, 0.03443487920022216)	(420, 0.01578816789588831)	(440, 0.021625237517192062)	(460, 0.04907946084416673)	(480, 0.023540007778437354)	(500, 0.013298948804829253)	(520, 0.005443954488540476)	(540, 0.0)	(560, 0.0)	(580, 0.0)	(600, 0.0)	(620, 0.0)	(640, 0.0)	(660, 0.0)	(680, 0.0)	(700, 0.0)	(720, 0.0)																											
SRR1174553	(1, 0.0)	(2, 0.0)	(3, 0.0)	(4, 0.0)	(5, 0.0)	(6, 0.0)	(7, 0.008123476848090982)	(8, 0.0)	(9, 0.0)	(10, 0.0008123476848090984)	(20, 0.006506657123569552)	(40, 0.0211250978589092)	(60, 0.03341072780406934)	(80, 0.012414542994987093)	(100, 0.010799415967584472)	(120, 0.0030638595876920386)	(140, 0.008413706370504202)	(160, 0.0031283518055058995)	(180, 0.004498992225741434)	(200, 0.012678977349912607)	(220, 0.005927655247570801)	(240, 0.005985845776985805)	(260, 0.005112260595160084)	(280, 0.006548175865294667)	(300, 0.014163236016164973)	(320, 0.03013056578506863)	(340, 0.019851260797149165)	(360, 0.03579133163365366)	(380, 0.015864595675906142)	(400, 0.018536888407931787)	(420, 0.013749204328453215)	(440, 0.016159636356054132)	(460, 0.042144165464477336)	(480, 0.02370820668693009)	(500, 0.008714976687437362)	(520, 0.0)	(540, 0.0)	(560, 0.0)	(580, 0.0)	(600, 0.0)	(620, 0.0)	(640, 0.0)	(660, 0.0)	(680, 0.0)	(700, 0.0)	(720, 0.0)																											
SRR1174554	(1, 0.0)	(2, 0.0)	(3, 0.0)	(4, 0.0)	(5, 0.0)	(6, 0.0)	(7, 0.062057837904927395)	(8, 0.012411567580985477)	(9, 0.0)	(10, 0.004964627032394192)	(20, 0.01871249703718797)	(40, 0.048257996020908876)	(60, 0.09249221543074616)	(80, 0.030410183875530412)	(100, 0.017392754607293042)	(120, 0.007761338830948338)	(140, 0.009095356206105689)	(160, 0.0037264951319551922)	(180, 0.002507774099709098)	(200, 0.011380246926068859)	(220, 0.010205279190925466)	(240, 0.008298217179902756)	(260, 0.0060594883684168925)	(280, 0.004789412206083085)	(300, 0.024823336094479776)	(320, 0.023083962417110714)	(340, 0.01867278316439574)	(360, 0.038406036525270325)	(380, 0.01860278755616611)	(400, 0.024588646409479067)	(420, 0.013837081612284974)	(440, 0.019388005489229053)	(460, 0.04333667256003543)	(480, 0.02211698127779982)	(500, 0.006431544974039946)	(520, 0.014952898370134077)	(540, 0.0)	(560, 0.0)	(580, 0.0)	(600, 0.0)	(620, 0.0)	(640, 0.0)	(660, 0.0)	(680, 0.0)	(700, 0.0)	(720, 0.0)	(740, 0.0)	(760, 0.0)																									
SRR1174555	(1, 0.0)	(2, 0.0)	(3, 0.0)	(4, 0.0)	(5, 0.0)	(6, 0.0)	(7, 0.0408568260082881)	(8, 0.0)	(9, 0.0)	(10, 0.0029183447148777215)	(20, 0.00847373434550629)	(40, 0.013330686945110156)	(60, 0.021995106841984743)	(80, 0.01952296846735546)	(100, 0.01598494955518804)	(120, 0.006539041189731838)	(140, 0.009837428559641792)	(160, 0.005439704080098043)	(180, 0.008066025256338281)	(200, 0.02113360666131282)	(220, 0.01768555090491069)	(240, 0.027889927751806206)	(260, 0.0056980629937622975)	(280, 0.005723096397142492)	(300, 0.026065291863566813)	(320, 0.008865610976990328)	(340, 0.008942482639545722)	(360, 0.025679286532255263)	(380, 0.010509242879112179)	(400, 0.010929963613798551)	(420, 0.012490988643906896)	(440, 0.017111069041343255)	(460, 0.04282947425872793)	(480, 0.026536089081150363)	(500, 0.0056083362309737195)	(520, 0.0)	(540, 0.0)	(560, 0.0)	(580, 0.0)	(600, 0.0)	(620, 0.0)	(640, 0.0)	(660, 0.0)	(680, 0.0)	(700, 0.0)	(720, 0.0)	(740, 0.0)																										
SRR1174557	(1, 0.0)	(2, 0.0)	(3, 0.0)	(4, 0.0)	(5, 0.009200478424878094)	(6, 0.0)	(7, 0.03680191369951238)	(8, 0.0)	(9, 0.0)	(10, 0.0036801913699512374)	(20, 0.004604348346578508)	(40, 0.01022480630963502)	(60, 0.027228001652458034)	(80, 0.004259125175688913)	(100, 0.00476077124494168)	(120, 0.005765599550283235)	(140, 0.0014525664428100382)	(160, 0.003414684117328546)	(180, 0.00245200205968173)	(200, 0.014288740964834916)	(220, 0.007422949781270413)	(240, 0.00748547817234565)	(260, 0.00703789908658124)	(280, 0.002021049227706564)	(300, 0.009680690080349727)	(320, 0.03556206095028012)	(340, 0.00781864904169425)	(360, 0.03056701818737582)	(380, 0.02023720130157158)	(400, 0.019873774674365515)	(420, 0.01579994006919284)	(440, 0.010584604414337125)	(460, 0.04308989483736476)	(480, 0.02497856569025228)	(500, 0.007694749295449517)	(520, 0.005694436535504812)	(540, 0.0)	(560, 0.0)	(580, 0.0)	(600, 0.0)	(620, 0.0)	(640, 0.0)	(660, 0.0)	(680, 0.0)	(700, 0.0)	(720, 0.0)	(740, 0.0)	(760, 0.0)	(780, 0.0)	(800, 0.0)	(820, 0.0)	(840, 0.0)	(860, 0.0)	(880, 0.0)	(900, 0.0)																		
SRR1174558	(1, 0.0)	(2, 0.0)	(3, 0.0)	(4, 0.00550478916657492)	(5, 0.0)	(6, 0.0)	(7, 0.06605746999889904)	(8, 0.027523945832874604)	(9, 0.01651436749972476)	(10, 0.0044038313332599366)	(20, 0.009925065753560617)	(40, 0.017434389051203675)	(60, 0.031213310042667735)	(80, 0.019121068230345133)	(100, 0.013752702991359205)	(120, 0.007146260123868509)	(140, 0.003913646886693901)	(160, 0.0030376578442957345)	(180, 0.0036680421824850985)	(200, 0.008309226318704992)	(220, 0.006510699249099353)	(240, 0.004387091922110316)	(260, 0.005386633544151384)	(280, 0.003828862604456158)	(300, 0.02359527318801231)	(320, 0.0249413386278982)	(340, 0.01961312284130989)	(360, 0.056850674471019616)	(380, 0.030356673863585974)	(400, 0.060353984742512655)	(420, 0.018822085975106047)	(440, 0.05416095066721302)	(460, 0.04097887352802024)	(480, 0.02648328463351548)	(500, 0.011179576885895976)	(520, 0.013926930040388096)	(540, 0.20325203252032523)	(560, 0.0)	(580, 0.0)	(600, 0.0)	(620, 0.0)	(640, 0.0)	(660, 0.0)	(680, 0.0)																													
SRR1174562	(1, 0.0)	(2, 0.0)	(3, 0.0)	(4, 0.0)	(5, 0.0)	(6, 0.0)	(7, 0.016400164001640016)	(8, 0.004100041000410004)	(9, 0.0)	(10, 0.002870028700287003)	(20, 0.006978782448772657)	(40, 0.012298071912454403)	(60, 0.016746335414259822)	(80, 0.009636510812165131)	(100, 0.012076331038111607)	(120, 0.005650761222737794)	(140, 0.006585026965685425)	(160, 0.005306200959095823)	(180, 0.003337568336711694)	(200, 0.014334701849400517)	(220, 0.011733143196243589)	(240, 0.013192522114533837)	(260, 0.007105447127451092)	(280, 0.004612588677017315)	(300, 0.018136329392944503)	(320, 0.023687790234063512)	(340, 0.017007043750620048)	(360, 0.035263871448892405)	(380, 0.014910333582640524)	(400, 0.016243408691435847)	(420, 0.014448672926125648)	(440, 0.02120779648499486)	(460, 0.05880835697704411)	(480, 0.03221503990750972)	(500, 0.012855567696925047)	(520, 0.004134110546116003)	(540, 0.0)	(560, 0.0)	(580, 0.0)	(600, 0.0)	(620, 0.0)	(640, 0.0)	(660, 0.0)	(680, 0.0)	(700, 0.0)	(720, 0.0)	(740, 0.0)	(760, 0.0)	(780, 0.0)	(800, 0.0)	(820, 0.0)																						
SRR1174563	(1, 0.0)	(2, 0.0)	(3, 0.0)	(4, 0.0)	(5, 0.0)	(6, 0.0)	(7, 0.010866021949364337)	(8, 0.0)	(9, 0.010866021949364337)	(10, 0.0032598065848093013)	(20, 0.016594349759926005)	(40, 0.020858131333919217)	(60, 0.01876823504655091)	(80, 0.0074805936138747755)	(100, 0.00811436619555043)	(120, 0.0061482249196339175)	(140, 0.011800315068412327)	(160, 0.0029686804215526197)	(180, 0.004480875622841712)	(200, 0.018966306206497918)	(220, 0.01731154710563081)	(240, 0.013816734829225158)	(260, 0.006823757843444384)	(280, 0.008755390036991523)	(300, 0.01708190456909314)	(320, 0.020812987304077744)	(340, 0.02943650126156434)	(360, 0.05302157519899456)	(380, 0.016534336857351662)	(400, 0.014710602332299134)	(420, 0.01492598070477767)	(440, 0.02462046341953963)	(460, 0.04021811989347633)	(480, 0.025081934318774667)	(500, 0.010957253016668722)	(520, 0.005811588307084326)	(540, 0.0)	(560, 0.0)	(580, 0.0)	(600, 0.0)	(620, 0.0)	(640, 0.0)	(660, 0.0)	(680, 0.0)	(700, 0.0)	(720, 0.0)	(740, 0.0)	(760, 0.0)	(780, 0.0)	(800, 0.0)	(820, 0.0)	(840, 0.0)																					
SRR1174565	(1, 0.0)	(2, 0.0)	(3, 0.0)	(4, 0.0)	(5, 0.0)	(6, 0.0)	(7, 0.024363503471799244)	(8, 0.008121167823933082)	(9, 0.004060583911966541)	(10, 0.003248467129573233)	(20, 0.015866009515537502)	(40, 0.037924741388883645)	(60, 0.04320858295291777)	(80, 0.022315568390653715)	(100, 0.016975570610657572)	(120, 0.004018511945026756)	(140, 0.011754945554256987)	(160, 0.0027371388687405054)	(180, 0.002301766145163184)	(200, 0.02271415625021729)	(220, 0.007706301185602761)	(240, 0.009485753583836276)	(260, 0.005282670918416351)	(280, 0.002417841737751214)	(300, 0.018292147546901064)	(320, 0.012595391568496702)	(340, 0.014249323157150036)	(360, 0.0387130075705437)	(380, 0.017428479160152346)	(400, 0.01165163174629478)	(420, 0.016583224094634932)	(440, 0.02006409665471859)	(460, 0.10475206319097434)	(480, 0.03169244318712553)	(500, 0.015113404510271718)	(520, 0.005967299200381907)	(540, 0.0)	(560, 0.0)	(580, 0.0)	(600, 0.0)	(620, 0.0)	(640, 0.0)	(660, 0.0)	(680, 0.0)																													
SRR1174566	(1, 0.0)	(2, 0.0)	(3, 0.0)	(4, 0.0)	(5, 0.0)	(6, 0.0)	(7, 0.04148450713214411)	(8, 0.0)	(9, 0.003191115933241855)	(10, 0.001914669559945113)	(20, 0.005111690436027194)	(40, 0.014805751790519765)	(60, 0.0780081908600403)	(80, 0.03815991207956257)	(100, 0.022231494845713427)	(120, 0.006085115112991895)	(140, 0.0059630083026121486)	(160, 0.0019438647211526057)	(180, 0.0037389234393110406)	(200, 0.009843224282339465)	(220, 0.0046798698996167905)	(240, 0.006353943711320368)	(260, 0.0053088272983560945)	(280, 0.003129250949359516)	(300, 0.02104627946479125)	(320, 0.015003181054210862)	(340, 0.00942771826129787)	(360, 0.043941515010110434)	(380, 0.011022363588409197)	(400, 0.014306009517470221)	(420, 0.010888918911834036)	(440, 0.012697408271632949)	(460, 0.038760445290389356)	(480, 0.028549943282478743)	(500, 0.006915772803031874)	(520, 0.00699912510936133)	(540, 0.0)	(560, 0.0)	(580, 0.0)	(600, 0.0)	(620, 0.0)	(640, 0.0)	(660, 0.0)	(680, 0.0)	(700, 0.0)	(720, 0.0)	(740, 0.0)																										
SRR1174567	(1, 0.0)	(2, 0.0)	(3, 0.0)	(4, 0.0)	(5, 0.0)	(6, 0.0)	(7, 0.03839918081747589)	(8, 0.0)	(9, 0.0)	(10, 0.0008533151292772421)	(20, 0.014121090490515334)	(40, 0.03704224377813035)	(60, 0.054054681065782)	(80, 0.027992425578960988)	(100, 0.02185065551966559)	(120, 0.008921165827594854)	(140, 0.012446492285615271)	(160, 0.002217557139055616)	(180, 0.003229083610910328)	(200, 0.0223158317035254)	(220, 0.010895647568876963)	(240, 0.012365301932336037)	(260, 0.003917134328981832)	(280, 0.008431347750937988)	(300, 0.0234801912568306)	(320, 0.020010978996584612)	(340, 0.01176605793278571)	(360, 0.07635368135804046)	(380, 0.024492622653142233)	(400, 0.013371950768460405)	(420, 0.027144800182505462)	(440, 0.024923967064757805)	(460, 0.10298372794872593)	(480, 0.027019318812951262)	(500, 0.014376164319558174)	(520, 0.013285946789783105)	(540, 0.0)	(560, 0.0)	(580, 0.0)	(600, 0.0)	(620, 0.0)	(640, 0.0)	(660, 0.0)	(680, 0.0)	(700, 0.0)																												
SRR1174570	(1, 0.0)	(2, 0.0)	(3, 0.0)	(4, 0.0)	(5, 0.0)	(6, 0.0)	(7, 0.02633831566471324)	(8, 0.009876868374267466)	(9, 0.003292289458089155)	(10, 0.0009876868374267464)	(20, 0.009238134358766246)	(40, 0.01427988233376957)	(60, 0.008701794617172224)	(80, 0.014518479085612358)	(100, 0.014811278178456733)	(120, 0.0058119670162065816)	(140, 0.009099684365850133)	(160, 0.0037767135039088987)	(180, 0.004352059884344009)	(200, 0.02246649204905367)	(220, 0.011611982829010789)	(240, 0.02177355871137752)	(260, 0.006002918919324521)	(280, 0.004714721623976434)	(300, 0.01787089230886225)	(320, 0.01840797832460552)	(340, 0.012387927964198887)	(360, 0.08129398131410939)	(380, 0.02445031164288348)	(400, 0.024433364454420847)	(420, 0.0350931683282139)	(440, 0.024299735174072593)	(460, 0.042517740905088315)	(480, 0.022256058669141973)	(500, 0.022873449915313773)	(520, 0.0)	(540, 0.0)	(560, 0.0)	(580, 0.0)	(600, 0.37453183520599254)	(620, 0.0)	(640, 0.5050505050505051)	(660, 0.0)	(680, 0.0)	(700, 0.0)	(720, 0.0)	(740, 0.0)	(760, 0.0)	(780, 0.0)	(800, 0.0)	(820, 0.0)	(840, 0.0)	(860, 0.0)	(880, 0.0)	(900, 0.0)	(920, 0.0)	(940, 0.0)																
SRR1174571	(1, 0.0)	(2, 0.0)	(3, 0.0)	(4, 0.0)	(5, 0.0)	(6, 0.0)	(7, 0.04337815742934365)	(8, 0.0033367813407187423)	(9, 0.006673562681437485)	(10, 0.0033367813407187423)	(20, 0.007853569363727204)	(40, 0.02254887725382007)	(60, 0.05830678501304878)	(80, 0.023723395906019677)	(100, 0.01675986714651548)	(120, 0.006248472340402071)	(140, 0.007252454211909274)	(160, 0.004878698663424209)	(180, 0.0032153428595746293)	(200, 0.0203820782481318)	(220, 0.00998623052444994)	(240, 0.00973025779344998)	(260, 0.00924789069386727)	(280, 0.0033659167272201687)	(300, 0.022635583136690878)	(320, 0.02144616603825996)	(340, 0.012220507668886379)	(360, 0.0325486655047143)	(380, 0.020246970413848073)	(400, 0.018110825314621687)	(420, 0.014272947056149775)	(440, 0.016067710690685254)	(460, 0.05757645263517594)	(480, 0.025583091855964663)	(500, 0.012378119728247223)	(520, 0.007683638971416863)	(540, 0.0)	(560, 0.0)	(580, 0.0)	(600, 0.0)	(620, 0.0)	(640, 0.0)	(660, 0.0)	(680, 0.0)	(700, 0.0)	(720, 0.0)	(740, 0.0)	(760, 0.0)	(780, 0.0)	(800, 0.0)	(820, 0.0)																						
SRR1174574	(1, 0.0)	(2, 0.0)	(3, 0.0)	(4, 0.0)	(5, 0.0)	(6, 0.0)	(7, 0.015821533106558025)	(8, 0.0)	(9, 0.0)	(10, 0.0007910766553279014)	(20, 0.0007910766553279014)	(30, 0.011909866133104664)	(40, 0.016877908425291143)	(50, 0.015468785618914254)	(60, 0.03132083247475788)	(70, 0.024895645751558053)	(80, 0.008350730688935283)	(90, 0.010053113952046645)	(100, 0.015964776661177026)	(110, 0.01095936604282583)	(120, 0.005931499652583592)	(130, 0.004254196765108779)	(140, 0.01623210197177323)	(150, 0.0017164435290078957)	(160, 0.002583000413280066)	(170, 0.003455007169139876)	(180, 0.0017336130229010278)	(190, 0.0)	(200, 0.007848814392981416)	(210, 0.02364480252211227)	(220, 0.0035148149449931465)	(230, 0.008816709427707391)	(240, 0.009750822171596741)	(250, 0.005355373671197908)	(260, 0.007168908444078034)	(270, 0.0008978514415004895)	(280, 0.005400831728086125)	(290, 0.013538883673911475)	(300, 0.02173361828521752)	(310, 0.02364969346358857)	(320, 0.01461120496780969)	(330, 0.009166995150659565)	(340, 0.004610929747874361)	(350, 0.013927059347842234)	(360, 0.006545848996614861)	(370, 0.07060218960924042)	(380, 0.014215584070964196)	(390, 0.018094721103206576)	(400, 0.012436740043432924)	(410, 0.00864860709377973)	(420, 0.018415670766576527)	(430, 0.013690726488622029)	(440, 0.019881703862020976)	(450, 0.022244241774686053)	(460, 0.0278557279630241)	(470, 0.1217103507179843)	(480, 0.05201530405834961)	(490, 0.004147828611721764)	(500, 0.01594896331738437)	(510, 0.00506649778340722)	(520, 0.0)	(530, 0.0)	(540, 0.0)	(550, 0.0)	(560, 0.0)	(570, 0.0)	(580, 0.0)	(590, 0.0)	(600, 0.0)	(610, 0.0)	(620, 0.0)	(630, 0.0)	(640, 0.0)
SRR1174575	(1, 0.0)	(2, 0.0)	(3, 0.0)	(4, 0.0)	(5, 0.0)	(6, 0.0)	(7, 0.030573248407643316)	(8, 0.015286624203821658)	(9, 0.0)	(10, 0.002547770700636943)	(20, 0.02629241246924043)	(40, 0.024397794229528154)	(60, 0.022248670440898954)	(80, 0.013006121005698307)	(100, 0.017457195774267548)	(120, 0.006878335992956584)	(140, 0.006383055485403618)	(160, 0.0016752616898364665)	(180, 0.0030937809378093783)	(200, 0.019574856805667062)	(220, 0.012887299137123725)	(240, 0.01883473821162712)	(260, 0.007027262851838947)	(280, 0.00857055040665784)	(300, 0.019745167669382124)	(320, 0.02030407627059576)	(340, 0.041676498438663535)	(360, 0.11409527421726601)	(380, 0.0432220287221423)	(400, 0.014400184322359327)	(420, 0.031035203721610956)	(440, 0.04465364884101958)	(460, 0.05890798009121919)	(480, 0.032274666131663195)	(500, 0.01538724568302274)	(520, 0.008115565654926148)	(540, 0.0)	(560, 0.0)	(580, 0.5813953488372093)	(600, 0.0)	(620, 0.0)	(640, 0.0)	(660, 0.0)	(680, 0.0)	(700, 0.0)	(720, 0.0)	(740, 0.0)																										
SRR1174576	(1, 0.0)	(2, 0.0)	(3, 0.0)	(4, 0.0)	(5, 0.0)	(6, 0.0)	(7, 0.04826254826254826)	(8, 0.0)	(9, 0.0)	(10, 0.0)	(20, 0.002952156281786001)	(40, 0.001352835814434217)	(60, 0.0029982146994289765)	(80, 0.003563186255968337)	(100, 0.00302314907697762)	(120, 0.001657426513851942)	(140, 0.0030601798272945784)	(160, 0.006441927424685466)	(180, 0.00366274565048954)	(200, 0.015305384944603009)	(220, 0.007126831952153301)	(240, 0.012338912626151034)	(260, 0.004040753889225619)	(280, 0.005504629683280991)	(300, 0.006415995660453844)	(320, 0.011761592519627157)	(340, 0.013370771493515177)	(360, 0.08743412394613337)	(380, 0.01852582986606736)	(400, 0.02484243455858674)	(420, 0.027239936878491095)	(440, 0.03999561338433849)	(460, 0.11777879435481119)	(480, 0.024208653106989508)	(500, 0.015453436356242375)	(520, 0.0)	(540, 0.0)	(560, 0.0)	(580, 0.0)	(600, 0.0)	(620, 0.0)	(640, 0.0)	(660, 0.0)	(680, 0.0)	(700, 0.0)	(720, 0.0)	(740, 0.0)	(760, 0.0)	(780, 0.0)																								
SRR1174577	(1, 0.0024883049666567137)	(2, 0.0024883049666567137)	(3, 0.0024883049666567137)	(4, 0.0024883049666567137)	(5, 0.0024883049666567137)	(6, 0.0024883049666567137)	(7, 0.032347964566537275)	(8, 0.017418134766596993)	(9, 0.004976609933313427)	(10, 0.0024883049666567137)	(20, 0.010725304985271413)	(40, 0.03508403986893328)	(60, 0.07890534321131282)	(80, 0.03330136219084433)	(100, 0.02457204845719647)	(120, 0.011414694421496152)	(140, 0.01028896038025679)	(160, 0.006884066461999953)	(180, 0.004288494413126934)	(200, 0.017902405038930272)	(220, 0.015849606854275698)	(240, 0.017008783274389982)	(260, 0.00589745261086435)	(280, 0.007208336597978531)	(300, 0.02476799847581548)	(320, 0.015187010259310121)	(340, 0.014064628603856653)	(360, 0.04735640329772772)	(380, 0.020503374653795477)	(400, 0.018839455590650877)	(420, 0.023968905948772067)	(440, 0.02505223657839751)	(460, 0.05491134029736887)	(480, 0.03694800947907554)	(500, 0.012860909266285126)	(520, 0.012471354856813258)	(540, 0.0)	(560, 0.0)	(580, 0.0)	(600, 0.0)	(620, 0.0)	(640, 0.0)	(660, 0.0)	(680, 0.0)	(700, 0.0)	(720, 0.0)	(740, 0.0)																										
SRR1174581	(1, 0.0)	(2, 0.0)	(3, 0.0)	(4, 0.0)	(5, 0.0)	(6, 0.0)	(7, 0.036957398199166776)	(8, 0.010079290417954577)	(9, 0.006719526945303051)	(10, 0.0010079290417954576)	(20, 0.002858771636276803)	(40, 0.005426644485257333)	(60, 0.00957688959727469)	(80, 0.0055092719324976456)	(100, 0.007093756974806782)	(120, 0.0026129217691222323)	(140, 0.004044197806989781)	(160, 0.0038939638250760646)	(180, 0.005701112073173773)	(200, 0.019708987835971054)	(220, 0.01009460083064144)	(240, 0.019284613607296136)	(260, 0.004030352216144125)	(280, 0.00478217206255081)	(300, 0.012567991912127558)	(320, 0.007437570889347539)	(340, 0.010495401702129255)	(360, 0.039189478287703784)	(380, 0.011654054177978422)	(400, 0.020591455892909033)	(420, 0.01131610164200537)	(440, 0.017093031806952094)	(460, 0.060022276308733136)	(480, 0.02376300364366056)	(500, 0.012272304914181525)	(520, 0.0178613955703739)	(540, 0.0)	(560, 0.0)	(580, 0.0)	(600, 0.0)	(620, 0.0)	(640, 0.0)	(660, 0.0)	(680, 0.0)	(700, 0.0)	(720, 0.0)	(740, 0.0)	(760, 0.0)																									
SRR1174582	(1, 0.0)	(2, 0.0)	(3, 0.0)	(4, 0.0)	(5, 0.00357053593744421)	(6, 0.0)	(7, 0.021423215624665263)	(8, 0.0)	(9, 0.00714107187488842)	(10, 0.0014282143749776842)	(20, 0.007153996938089311)	(40, 0.008705982642447105)	(60, 0.011020275470152503)	(80, 0.005374072509210048)	(100, 0.01286259947542964)	(120, 0.005079150088885127)	(140, 0.0068498493984500315)	(160, 0.005556726513249919)	(180, 0.005024814854898808)	(200, 0.024523781255656525)	(220, 0.010597315739172585)	(240, 0.01642491045455445)	(260, 0.007966968946746786)	(280, 0.006408844205002904)	(300, 0.011289776301146718)	(320, 0.014616736975878324)	(340, 0.011052301948889244)	(360, 0.057255537457936816)	(380, 0.015648864518390544)	(400, 0.02439932439112117)	(420, 0.02095938370857046)	(440, 0.02314562089219818)	(460, 0.05097717737991086)	(480, 0.02561338090671368)	(500, 0.012839403517996565)	(520, 0.035415781272134864)	(540, 0.0)	(560, 0.0)	(580, 0.0)	(600, 0.0)	(620, 0.0)	(640, 0.0)	(660, 0.0)	(680, 0.0)																													
SRR1174584	(1, 0.0)	(2, 0.0)	(3, 0.0)	(4, 0.0)	(5, 0.0)	(6, 0.0)	(7, 0.024515812699190977)	(8, 0.008171937566396992)	(9, 0.008171937566396992)	(10, 0.001225790634959549)	(20, 0.00920554132674353)	(40, 0.014749997922535504)	(60, 0.030953254225861232)	(80, 0.016310972992462612)	(100, 0.012758467080992479)	(120, 0.004818664879380057)	(140, 0.005780321119070168)	(160, 0.00695670907267068)	(180, 0.006556665415624759)	(200, 0.023476211532062124)	(220, 0.011025105083032822)	(240, 0.014843987373333239)	(260, 0.003971600718626106)	(280, 0.006574838094611921)	(300, 0.02104725463394331)	(320, 0.015996447356169258)	(340, 0.01325486453528445)	(360, 0.02848683762015602)	(380, 0.014277977450642508)	(400, 0.013420050051816302)	(420, 0.012361157710713593)	(440, 0.02682894740236456)	(460, 0.06586694339744383)	(480, 0.024174237449813955)	(500, 0.01339083954984461)	(520, 0.006837373081262179)	(540, 0.0)	(560, 0.0)	(580, 0.0)	(600, 0.0)	(620, 0.0)	(640, 0.0)	(660, 0.0)	(680, 0.0)	(700, 0.0)	(720, 0.0)																											
SRR1174585	(1, 0.0)	(2, 0.0)	(3, 0.0)	(4, 0.0)	(5, 0.0)	(6, 0.0)	(7, 0.006495615459564794)	(8, 0.0)	(9, 0.0)	(10, 0.0012991230919129587)	(20, 0.026735875632531693)	(40, 0.028907631614746295)	(60, 0.022144657337790384)	(80, 0.0164269873976438)	(100, 0.016591823116737903)	(120, 0.010237921994347204)	(140, 0.00704729476608545)	(160, 0.004872819413312543)	(180, 0.009472244429373052)	(200, 0.026823623181741547)	(220, 0.016286834421061203)	(240, 0.01695302828395928)	(260, 0.004398047267013446)	(280, 0.01779014102729978)	(300, 0.018058838980824797)	(320, 0.01749606338573821)	(340, 0.03256130617353908)	(360, 0.059652300046777705)	(380, 0.03617172417099202)	(400, 0.015015810765453035)	(420, 0.028137310073157007)	(440, 0.0384478328550798)	(460, 0.08730695052112877)	(480, 0.029444326667137775)	(500, 0.015428357320755549)	(520, 0.0)	(540, 0.0)	(560, 0.0)	(580, 0.0)	(600, 1.6666666666666667)	(620, 1.6666666666666667)	(640, 0.0)	(660, 5.0)	(680, 0.0)	(700, 0.0)	(720, 0.0)	(740, 5.88235294117647)																										
SRR1174587	(1, 0.0)	(2, 0.0)	(3, 0.0)	(4, 0.0)	(5, 0.0)	(6, 0.0)	(7, 0.00641025641025641)	(8, 0.0)	(9, 0.0)	(10, 0.000641025641025641)	(20, 0.023761358892849114)	(40, 0.01414962404777966)	(60, 0.015103002476892405)	(80, 0.007124972009038536)	(100, 0.010937628175330179)	(120, 0.005861745558865717)	(140, 0.006611202160123317)	(160, 0.008418157966734246)	(180, 0.010606103459003875)	(200, 0.02212318331198327)	(220, 0.020562548024372032)	(240, 0.01750923794689594)	(260, 0.0062530345608898434)	(280, 0.00815171074766009)	(300, 0.020978104103841617)	(320, 0.05876933226663836)	(340, 0.04255743336502776)	(360, 0.09708624753886363)	(380, 0.048024878461629304)	(400, 0.04148037061115742)	(420, 0.025221501737029237)	(440, 0.039280416205261064)	(460, 0.061951562728169825)	(480, 0.026215755669157164)	(500, 0.011520516119122136)	(520, 0.0)	(540, 0.0)	(560, 0.0)	(580, 0.0)	(600, 0.0)	(620, 0.0)	(640, 0.0)	(660, 0.0)	(680, 0.0)	(700, 0.0)	(720, 0.0)	(740, 0.0)																										
SRR1174588	(1, 0.0)	(2, 0.0)	(3, 0.0)	(4, 0.0)	(5, 0.0)	(6, 0.005957345406886691)	(7, 0.005957345406886691)	(8, 0.011914690813773382)	(9, 0.005957345406886691)	(10, 0.005957345406886691)	(20, 0.004176523759945347)	(40, 0.015100128955101278)	(60, 0.027488386156848732)	(80, 0.010474720494406807)	(100, 0.013320735428509471)	(120, 0.014361401547909323)	(140, 0.005037148973680896)	(160, 0.0018998524447934543)	(180, 0.0031859613797761547)	(200, 0.023064725385613376)	(220, 0.008059238627608373)	(240, 0.015287038542852497)	(260, 0.005245248133019492)	(280, 0.007246305207787802)	(300, 0.011608623548922056)	(320, 0.015698220089045648)	(340, 0.008435145540001148)	(360, 0.04227724325098363)	(380, 0.012402502549403302)	(400, 0.01770575124461016)	(420, 0.017610594533671454)	(440, 0.02198000180163949)	(460, 0.04862759996200969)	(480, 0.035216659010871225)	(500, 0.005485945008887231)	(520, 0.0)	(540, 0.0)	(560, 0.0)	(580, 0.0)	(600, 0.0)	(620, 0.0)	(640, 0.0)	(660, 0.0)	(680, 0.0)	(700, 0.0)	(720, 0.0)																											
SRR1174589	(1, 0.0)	(2, 0.0)	(3, 0.0)	(4, 0.0)	(5, 0.0022729855665416525)	(6, 0.0)	(7, 0.05455165359699966)	(8, 0.015910898965791568)	(9, 0.013637913399249914)	(10, 0.003182179793158313)	(20, 0.0027297636365911167)	(40, 0.00654028990695577)	(60, 0.009970066613956703)	(80, 0.009116452157326588)	(100, 0.014691484697937197)	(120, 0.010654178391195387)	(140, 0.007643881132870958)	(160, 0.002884390041643381)	(180, 0.004959933415918241)	(200, 0.026524392098651272)	(220, 0.011389605331804921)	(240, 0.024703710646306175)	(260, 0.005022456659338065)	(280, 0.005042559199645004)	(300, 0.035751050979477374)	(320, 0.008160028356098538)	(340, 0.008988244660019646)	(360, 0.029481017715764196)	(380, 0.008860800729713)	(400, 0.006166862169318417)	(420, 0.01021145672397902)	(440, 0.017645735591448688)	(460, 0.02608889580852434)	(480, 0.026606917798627644)	(500, 0.014549687181725592)	(520, 0.019514098936481608)	(540, 0.0)	(560, 0.0)	(580, 0.0)	(600, 0.0)	(620, 0.0)	(640, 0.0)	(660, 0.0)	(680, 0.0)	(700, 0.0)	(720, 0.0)	(740, 0.0)	(760, 0.0)																									
SRR5368774	(1, 0.06668085363191631)	(2, 0.0027726586840280004)	(3, 0.0)	(4, 0.0)	(5, 0.0)	(6, 0.0)	(7, 0.0)	(8, 0.0)	(9, 0.00020222525664098133)	(10, 0.0)	(12, 0.0)	(14, 0.0)	(16, 0.0006593211879741085)	(18, 0.0)	(20, 0.00883607381703197)	(22, 0.00011197596855327065)	(24, 0.0022144501243743825)	(26, 0.0)	(28, 0.0)	(30, 0.0)	(32, 9.777006209501989e-05)	(34, 9.275621275681374e-05)	(36, 2.0891038909192285e-05)	(38, 2.841181291650151e-05)	(40, 8.690672186223992e-05)	(42, 0.0)	(44, 0.0)	(46, 0.0)	(48, 0.0)	(50, 0.00024150040979026286)	(52, 0.0)	(54, 0.0009827144702884052)	(56, 0.0)	(58, 0.0)	(60, 0.0)	(62, 0.00046043849755859797)	(64, 0.0)	(66, 0.0)	(68, 0.0)	(70, 5.1809776494796865e-05)	(72, 0.0)	(74, 0.0)	(76, 0.0)	(78, 0.0)	(80, 0.0)	(82, 0.0)	(84, 0.0)	(86, 0.0)	(88, 0.0)	(90, 0.0)	(92, 0.0)	(94, 0.0)	(96, 2.5069246691030745e-05)	(98, 0.0020164030755152394)																			
SRR5368775	(1, 0.004477839173928229)	(2, 0.0017911356695712915)	(3, 0.0017911356695712915)	(4, 0.0017911356695712915)	(5, 0.0017911356695712915)	(6, 0.003582271339142583)	(7, 0.004477839173928229)	(8, 0.002686703504356937)	(9, 0.0008955678347856458)	(10, 0.0042987256069711)	(20, 0.004298831479089095)	(40, 0.0058312307261003645)	(60, 0.005912563565700091)	(80, 0.006042578827258119)	(100, 0.005209906683259153)	(120, 0.0060626325052634674)	(140, 0.005812151270923745)	(160, 0.006206830107016868)	(180, 0.004697383836255711)	(200, 0.0066772257107743345)	(220, 0.006422414884251207)	(240, 0.006306701482168979)	(260, 0.006710128135094726)	(280, 0.0065018271558065594)	(300, 0.0071955884847710845)	(320, 0.006893725560785425)	(340, 0.0065431140700526955)	(360, 0.008029125410585774)	(380, 0.009336259991500112)	(400, 0.012370863828572097)	(420, 0.012693152388674165)	(440, 0.0138265633556425)	(460, 0.012339203197202447)	(480, 0.014664818194050317)	(500, 0.017464980931092246)	(520, 0.018650593495888882)	(540, 0.018788320345037066)	(560, 0.02421594903734979)	(580, 0.02523087871387213)	(600, 0.028225118705055764)	(620, 0.02826586125854029)	(640, 0.03425382780739628)	(660, 0.03820754097460273)	(680, 0.04513942277114066)	(700, 0.04905050406606237)	(720, 0.050052397556746155)	(740, 0.05440293310132705)	(760, 0.05625798863438608)	(780, 0.06112607272633559)	(800, 0.06369271145980204)	(820, 0.07129120444765127)	(840, 0.06994171879371357)	(860, 0.07822093527460529)	(880, 0.07492220435882628)	(900, 0.06997271927808886)	(920, 0.06664645726156616)	(940, 0.057752040832253736)	(960, 0.06036401918127073)	(980, 0.05009810879639294)	(1000, 0.06095506969730996)	(1020, 0.08466803076271784)	(1040, 0.05972696245733788)	(1060, 0.07810466024472794)	(1080, 0.0859106529209622)	(1100, 0.0)	(1120, 0.0)	(1140, 0.0)	(1160, 0.0)					
SRR5368776	(1, 0.0024018542314666923)	(2, 0.0012009271157333462)	(3, 0.0012009271157333462)	(4, 0.0012009271157333462)	(5, 0.0036027813472000385)	(6, 0.0)	(7, 0.0)	(8, 0.0024018542314666923)	(9, 0.0012009271157333462)	(10, 0.0015612052504533499)	(20, 0.0034261231673246425)	(40, 0.0039362282576376455)	(60, 0.003970610154499496)	(80, 0.0042445787809200644)	(100, 0.0052618188188640535)	(120, 0.005231812910370325)	(140, 0.005328168144449773)	(160, 0.008835840187420792)	(180, 0.011186819892199735)	(200, 0.01562245894942805)	(220, 0.016333761368265632)	(240, 0.015298931353369509)	(260, 0.01504458848123237)	(280, 0.014872573911380705)	(300, 0.02016831128040541)	(320, 0.0268932984494034)	(340, 0.031811065935220977)	(360, 0.034346103038309116)	(380, 0.032774490053349176)	(400, 0.03539160892893039)	(420, 0.040986775321804385)	(440, 0.04285790317475287)	(460, 0.04553222439699369)	(480, 0.039681635566896786)	(500, 0.030183873541974188)	(520, 0.031112759821460622)	(540, 0.03471770168814824)	(560, 0.0)	(580, 0.0)	(600, 0.0)	(620, 0.0)	(640, 0.0)	(660, 0.0)	(680, 0.0)	(700, 0.0)	(720, 0.0)	(740, 0.0)	(760, 0.0)	(780, 0.0)	(800, 0.0)	(820, 0.0)	(840, 0.0)	(860, 0.0)																				
SRR5368777	(1, 0.0)	(2, 0.0)	(3, 0.0)	(4, 0.0)	(5, 0.0)	(6, 0.0)	(7, 0.0)	(8, 0.0)	(9, 0.0)	(10, 0.0)	(20, 0.0066922187747155805)	(40, 0.010464887225450605)	(60, 0.005616715344866322)	(80, 0.003787400580734756)	(100, 0.009547146994239888)	(120, 0.006422896340875954)	(140, 0.0064780684990963094)	(160, 0.004569429213013734)	(180, 0.011179870971136204)	(200, 0.017226871268891584)	(220, 0.026032280027233772)	(240, 0.017531675016688807)	(260, 0.013624535062740984)	(280, 0.014449972132196603)	(300, 0.019475280304927244)	(320, 0.02541260182688371)	(340, 0.033837049409291504)	(360, 0.03542827619293649)	(380, 0.03454284464163718)	(400, 0.03651471137149256)	(420, 0.05906362121706322)	(440, 0.05814244900005012)	(460, 0.05262077108681144)	(480, 0.031207090250905005)	(500, 0.058222859190254383)	(520, 0.06915629322268327)	(540, 0.06038647342995169)	(560, 0.0)	(580, 0.0)	(600, 0.0)	(620, 0.0)	(640, 0.0)	(660, 0.0)	(680, 0.0)	(700, 0.0)	(720, 0.0)																											
SRR5368778	(1, 0.11450891866284262)	(2, 0.010273069598527161)	(3, 0.0)	(4, 0.0)	(5, 0.0)	(6, 0.0)	(7, 0.0)	(8, 0.0)	(9, 0.0036322702403372284)	(10, 0.003104489290542631)	(12, 0.0)	(14, 0.0)	(16, 0.0014216321879989152)	(18, 0.0)	(20, 0.0)	(22, 0.0)	(24, 0.005132980718793583)	(26, 0.0)	(28, 0.0)	(30, 0.0)	(32, 0.0001341665377423976)	(34, 0.0036535947231572117)	(36, 0.00349810370259483)	(38, 0.0)	(40, 2.6655603524979657e-06)	(42, 0.0)	(44, 0.0)	(46, 0.00012083873597990779)	(48, 0.0003083164807722647)	(50, 0.0025820394614530294)	(52, 0.0016766374617212206)	(54, 0.0012234922017965665)	(56, 0.0)	(58, 0.0)	(60, 0.0)	(62, 0.0)	(64, 0.0)	(66, 0.0)	(68, 0.0)	(70, 0.0)	(72, 0.0)	(74, 0.0)	(76, 0.0)	(78, 0.0)	(80, 0.0)	(82, 0.0)	(84, 0.00043892893804466505)	(86, 0.0)	(88, 0.0)	(90, 0.0)	(92, 0.0)	(94, 0.0)	(96, 0.0)	(98, 0.002392784676425674)																			
SRR5368779	(1, 0.0008041688111168297)	(2, 0.0016083376222336594)	(3, 0.002412506433350489)	(4, 0.0016083376222336594)	(5, 0.0016083376222336594)	(6, 0.0008041688111168297)	(7, 0.0008041688111168297)	(8, 0.0016083376222336594)	(9, 0.004825012866700978)	(10, 0.002251672671127123)	(20, 0.0034590455045480414)	(40, 0.003955309842021696)	(60, 0.0036153539614327034)	(80, 0.0025342201468866697)	(100, 0.003287474434749591)	(120, 0.0031777003024180237)	(140, 0.003148915964962509)	(160, 0.004201512877428973)	(180, 0.004091770905922254)	(200, 0.0025571180524988912)	(220, 0.0030296807726359234)	(240, 0.003379216047221165)	(260, 0.002840989800846615)	(280, 0.004639960360265253)	(300, 0.004359777377799074)	(320, 0.004764606954265782)	(340, 0.0041823053988388715)	(360, 0.0061096963480915005)	(380, 0.0064460267213940145)	(400, 0.006918869684403204)	(420, 0.007619426807697999)	(440, 0.0075359152856732505)	(460, 0.009688944690860155)	(480, 0.009900076725594623)	(500, 0.010211950160236846)	(520, 0.011457509824814676)	(540, 0.015576605607299865)	(560, 0.014789683655709311)	(580, 0.017431659322508557)	(600, 0.022133590993517326)	(620, 0.02237629318180022)	(640, 0.02709312047036892)	(660, 0.029231416243944736)	(680, 0.03679260591798623)	(700, 0.04188130371943748)	(720, 0.04403338879567811)	(740, 0.048687186961852334)	(760, 0.05305832194127216)	(780, 0.05931517552185814)	(800, 0.06638282287231607)	(820, 0.07102290699626244)	(840, 0.06993146526373)	(860, 0.0731877576841692)	(880, 0.07355276575115763)	(900, 0.06770225459503527)	(920, 0.0634313961169481)	(940, 0.06761610953809745)	(960, 0.06825729499840295)	(980, 0.061034224941636024)	(1000, 0.06129099769785033)	(1020, 0.03994008986520219)	(1040, 0.03448870494912916)	(1060, 0.0477326968973747)	(1080, 0.0)	(1100, 0.0)	(1120, 0.0)	(1140, 0.0)	(1160, 0.0)					
SRR5368780	(1, 0.06389235586669828)	(2, 0.003225904067502214)	(3, 0.0)	(4, 0.0)	(5, 0.0)	(6, 0.0)	(7, 0.0)	(8, 0.0)	(9, 0.0)	(10, 0.0)	(12, 0.0)	(14, 0.0)	(16, 0.00014197132815413165)	(18, 0.0)	(20, 0.0010437521717998196)	(22, 0.0001768068855252843)	(24, 0.0016379284711115557)	(26, 0.0004219703364581135)	(28, 0.0)	(30, 0.0006743638087321253)	(32, 0.0018975519647267505)	(34, 7.23002134118263e-06)	(36, 0.0)	(38, 0.0056775385768305054)	(40, 0.0001761496108579041)	(42, 0.0)	(44, 0.0)	(46, 1.971824002140717e-06)	(48, 0.0)	(50, 0.0033994245796905966)	(52, 0.0003641301657286525)	(54, 0.003279143315560013)	(56, 0.0)	(58, 0.0)	(60, 5.915472006422152e-06)	(62, 1.8403690686646697e-05)	(64, 0.0)	(66, 0.0)	(68, 0.0)	(70, 0.0)	(72, 0.0)	(74, 0.0)	(76, 0.0)	(78, 0.009700716815864948)	(80, 0.0)	(82, 0.0)	(84, 0.0)	(86, 0.0010904186731838167)	(88, 0.0009287291050082778)	(90, 0.0)	(92, 0.0)	(94, 0.0)	(96, 0.0002471352749349699)	(98, 0.0005212188112325297)																			
SRR5368781	(1, 0.0016406083375715716)	(2, 0.0008203041687857858)	(3, 0.0041015208439289285)	(4, 0.0008203041687857858)	(5, 0.005742129181500501)	(6, 0.0016406083375715716)	(7, 0.0016406083375715716)	(8, 0.002460912506357357)	(9, 0.0016406083375715716)	(10, 0.0027890341738716715)	(20, 0.0027896360099343865)	(40, 0.004895997090378872)	(60, 0.004557498016452568)	(80, 0.004336146408315728)	(100, 0.004108366982815288)	(120, 0.004927791014488969)	(140, 0.004821402969053782)	(160, 0.005308883588499514)	(180, 0.0037523740161744374)	(200, 0.00393807294680862)	(220, 0.0038240589162874834)	(240, 0.004311662486509886)	(260, 0.0050631640534393165)	(280, 0.004603385746788596)	(300, 0.005537738378925199)	(320, 0.004904510923922277)	(340, 0.004925612260200745)	(360, 0.006053084223144078)	(380, 0.006527194869180806)	(400, 0.008076434303338379)	(420, 0.009060103922083106)	(440, 0.009022257910264623)	(460, 0.008125025532552302)	(480, 0.010783469307093558)	(500, 0.012523683344191797)	(520, 0.014028255321679043)	(540, 0.0161282382478357)	(560, 0.016491749859962296)	(580, 0.018918241506237738)	(600, 0.02147808164203587)	(620, 0.02342467802210537)	(640, 0.02662413541025166)	(660, 0.02787892580791989)	(680, 0.03435448403128066)	(700, 0.039226538486295745)	(720, 0.04260246063566994)	(740, 0.04914492640291622)	(760, 0.04869488107877102)	(780, 0.05437828189535294)	(800, 0.05824398922789554)	(820, 0.06539835040486909)	(840, 0.06357705817540556)	(860, 0.06183246515807314)	(880, 0.06602121428656653)	(900, 0.06520007554668703)	(920, 0.06311843723901922)	(940, 0.061404251715084276)	(960, 0.05730739782137942)	(980, 0.06250253662892162)	(1000, 0.036807655992446425)	(1020, 0.05870368451949307)	(1040, 0.0873591333973967)	(1060, 0.04601932811780948)	(1080, 0.27137042062415195)	(1100, 0.0)	(1120, 0.0)	(1140, 0.0)	(1160, 0.0)					
SRR5368861	(1, 0.06504739978308674)	(2, 0.003175693497209102)	(3, 0.0)	(4, 0.0)	(5, 0.0)	(6, 0.0)	(7, 0.0)	(8, 0.0)	(9, 0.0)	(10, 0.0)	(12, 0.0)	(14, 0.0)	(16, 0.0001734977018568241)	(18, 0.0)	(20, 0.0010156734765235356)	(22, 0.00017507974777041215)	(24, 0.0016595661633538766)	(26, 0.0004144960293600722)	(28, 0.0)	(30, 0.0006618225405176725)	(32, 0.001893181609927047)	(34, 8.964926843665682e-06)	(36, 0.0)	(38, 0.005705912261674275)	(40, 0.0001734977018568241)	(42, 0.0)	(44, 0.0)	(46, 1.4238413222292553e-05)	(48, 0.0)	(50, 0.0034172191733502135)	(52, 0.0003891832947426632)	(54, 0.0033571014286338666)	(56, 0.0)	(58, 0.0)	(60, 3.1640918271761227e-06)	(62, 1.7929853687331364e-05)	(64, 0.0)	(66, 0.0)	(68, 0.0)	(70, 0.0)	(72, 0.0)	(74, 0.0)	(76, 0.0)	(78, 0.011344323897702126)	(80, 0.0)	(82, 0.0)	(84, 0.0)	(86, 0.0013051878787101508)	(88, 0.001117451763631034)	(90, 0.0)	(92, 5.273486378626872e-07)	(94, 0.0)	(96, 0.00023994363022752268)	(98, 0.00045457452583763636)																			
SRR5368862	(1, 0.0005900540489508839)	(2, 0.0)	(3, 0.0011801080979017679)	(4, 0.0011801080979017679)	(5, 0.0005900540489508839)	(6, 0.0017701621468526518)	(7, 0.0011801080979017679)	(8, 0.0011801080979017679)	(9, 0.0029502702447544195)	(10, 0.0027893200036305434)	(50, 0.00428414400117808)	(100, 0.004164034387661191)	(150, 0.0044671667527259205)	(200, 0.003707425776100154)	(250, 0.003964854927454376)	(300, 0.004444789170932237)	(350, 0.006121683282179309)	(400, 0.006765232888309871)	(450, 0.009387262765696798)	(500, 0.011848440717213173)	(550, 0.01704275159191063)	(600, 0.022689190982861717)	(650, 0.029567948822309793)	(700, 0.03954521050238568)	(750, 0.04867394977352231)	(800, 0.05705877759683293)	(850, 0.06665988732200918)	(900, 0.06797598293830802)	(950, 0.060684298213674936)	(1000, 0.0500422434522649)	(1050, 0.02114611968703743)	(1100, 0.0)	(1150, 0.0)	(1200, 0.0)	(1250, 0.0)	(1300, 0.0)	(1350, 0.0)	(1400, 0.0)	(1450, 0.0)																																		
SRR5368863	(1, 0.0010568366764600197)	(2, 0.0)	(3, 0.004227346705840079)	(4, 0.0021136733529200395)	(5, 0.0021136733529200395)	(6, 0.0031705100293800597)	(7, 0.0031705100293800597)	(8, 0.006341020058760119)	(9, 0.005284183382300099)	(10, 0.002219357020566042)	(20, 0.0011636277470209809)	(40, 0.0026115101510465494)	(60, 0.004087148767375088)	(80, 0.0039559834520670285)	(100, 0.0038741712820232997)	(120, 0.004280791375632309)	(140, 0.004193563872667951)	(160, 0.005494709815494304)	(180, 0.0071463585395076384)	(200, 0.011231052512470679)	(220, 0.013960757272169768)	(240, 0.012571296601256107)	(260, 0.009457711990315303)	(280, 0.011970500523058827)	(300, 0.014660495629887317)	(320, 0.01973109005411281)	(340, 0.02666962329906237)	(360, 0.03289953556110188)	(380, 0.03269921040472619)	(400, 0.03130130833014942)	(420, 0.0343960127602463)	(440, 0.03648493316754965)	(460, 0.03887862584110838)	(480, 0.03796468880061874)	(500, 0.03126905898443167)	(520, 0.03333577458955327)	(540, 0.03093591453438011)	(560, 0.03258449340164008)	(580, 0.04912249363640424)	(600, 0.015822784810126583)	(620, 0.0)	(640, 0.0)	(660, 0.0)	(680, 0.0)	(700, 0.0)	(720, 0.0)	(740, 0.0)																										
SRR5368865	(1, 0.0007020401286137515)	(2, 0.0021061203858412547)	(3, 0.0042122407716825095)	(4, 0.0042122407716825095)	(5, 0.002808160514455006)	(6, 0.002808160514455006)	(7, 0.001404080257227503)	(8, 0.002808160514455006)	(9, 0.00491428090029626)	(10, 0.0034399966302073827)	(20, 0.004317977248823614)	(40, 0.006590645160721869)	(60, 0.00689375305155177)	(80, 0.008088058196799634)	(100, 0.007020148546343241)	(120, 0.0074153626781540884)	(140, 0.009485628183000664)	(160, 0.00784999857604677)	(180, 0.009316546920917922)	(200, 0.009466292631467282)	(220, 0.009580042736607636)	(240, 0.011480335374405688)	(260, 0.010860660708854051)	(280, 0.010945779033960028)	(300, 0.011415391790939344)	(320, 0.012956056994528151)	(340, 0.014364821504709338)	(360, 0.017630242457993075)	(380, 0.02023973093879968)	(400, 0.021684266222274977)	(420, 0.02179772647369038)	(440, 0.02369158126350115)	(460, 0.02587853046462679)	(480, 0.027885553840754255)	(500, 0.030332888261982202)	(520, 0.03219374317677195)	(540, 0.037271726275776663)	(560, 0.040855288116482404)	(580, 0.04522081899257154)	(600, 0.04945936030505371)	(620, 0.051549745278296345)	(640, 0.05917825961949123)	(660, 0.063974290903472)	(680, 0.07425434387911693)	(700, 0.0804469553540266)	(720, 0.0873262924455635)	(740, 0.08946880726061725)	(760, 0.09533960152394297)	(780, 0.0961868496724475)	(800, 0.10231658247934952)	(820, 0.1136713650830901)	(840, 0.110883704508719)	(860, 0.10569565605740316)	(880, 0.10408357075023741)	(900, 0.10162263810469031)	(920, 0.09513282736450428)	(940, 0.10073121150520344)	(960, 0.09539709038874314)	(980, 0.07410609522633237)	(1000, 0.0974945734152533)	(1020, 0.05255321012525182)	(1040, 0.045238633793259445)	(1060, 0.1)	(1080, 0.0)	(1100, 0.0)	(1120, 0.0)	(1140, 0.0)						
SRR5368866	(1, 0.0007406858751203614)	(2, 0.0014813717502407228)	(3, 0.00518480112584253)	(4, 0.0014813717502407228)	(5, 0.0022220576253610845)	(6, 0.0029627435004814457)	(7, 0.0022220576253610845)	(8, 0.003703429375601807)	(9, 0.00518480112584253)	(10, 0.002592400562921265)	(20, 0.003558998557122668)	(40, 0.005045946142934834)	(60, 0.004983682216258584)	(80, 0.004341165328711896)	(100, 0.0040303295734836556)	(120, 0.004950539086633274)	(140, 0.007364803254541629)	(160, 0.007929323817097978)	(180, 0.010284073806424461)	(200, 0.014154896836719477)	(220, 0.017780709941106428)	(240, 0.01758340646216583)	(260, 0.014526521571063825)	(280, 0.014410328925101587)	(300, 0.019362632644556788)	(320, 0.026003486520100528)	(340, 0.03174446535028293)	(360, 0.03646383434282471)	(380, 0.035810239303789265)	(400, 0.037189585934682724)	(420, 0.0406480521053269)	(440, 0.04480268371003703)	(460, 0.04563305197689915)	(480, 0.04056236973924919)	(500, 0.04311417278716983)	(520, 0.03359337090814079)	(540, 0.043431965926922216)	(560, 0.0398704211313232)	(580, 0.060593819430418104)	(600, 0.0)	(620, 0.0)	(640, 0.0)	(660, 0.0)	(680, 0.0)	(700, 0.0)	(720, 0.0)	(740, 0.0)	(760, 0.0)	(780, 0.0)	(800, 0.0)	(820, 0.0)	(840, 0.0)	(860, 0.0)	(880, 0.0)																			
SRR5368867	(1, 0.08039403008259365)	(2, 6.372446082921118e-05)	(3, 0.0024683857327079737)	(4, 0.0)	(5, 0.0)	(6, 0.0)	(7, 0.0)	(8, 6.559870967712915e-05)	(9, 0.0022209848847828013)	(10, 0.0)	(12, 0.0)	(14, 0.0)	(16, 0.0015771804055229764)	(18, 0.0)	(20, 0.0)	(22, 0.0016455904884719826)	(24, 0.006459598654349303)	(26, 0.02606986435011508)	(28, 0.007446390672778118)	(30, 0.006223443299511638)	(32, 0.014538548313299739)	(34, 0.04907814320715615)	(36, 0.0029613131797104016)	(38, 0.0032630672442251958)	(40, 0.01174966602759779)	(42, 0.008959846617471883)	(44, 0.010335545271843678)	(46, 0.01818583657134812)	(48, 0.008518461013787199)	(50, 0.00860092796309559)	(52, 0.025456047852421948)	(54, 0.005255393769562004)	(56, 0.00708278639628203)	(58, 0.0072617771612581965)	(60, 0.005746446967716513)	(62, 0.006233751668175188)	(64, 0.020120061382399468)	(66, 0.012651179723446336)	(68, 0.011631588350178957)	(70, 0.007390163207340578)	(72, 0.006233751668175188)	(74, 0.007263651410106115)	(76, 0.008569065732680984)	(78, 0.0)	(80, 0.0)	(82, 0.0)	(84, 0.0)	(86, 7.496995391671902e-05)	(88, 0.0)	(90, 0.0)	(92, 0.0)	(94, 0.0)	(96, 1.9679612903138743e-05)	(98, 0.0017318059354762094)																			
SRR5368868	(1, 0.009709209184911888)	(2, 0.004854604592455944)	(3, 0.004854604592455944)	(4, 0.004854604592455944)	(5, 0.0056637053578652684)	(6, 0.006472806123274593)	(7, 0.0056637053578652684)	(8, 0.006472806123274593)	(9, 0.007281906888683917)	(10, 0.0042882340566694176)	(20, 0.00558358587595538)	(40, 0.008984280355078273)	(60, 0.00787343131107804)	(80, 0.007105582343784599)	(100, 0.008067121779856563)	(120, 0.00865797244506161)	(140, 0.007147019230526685)	(160, 0.007517479194953997)	(180, 0.008697699776617614)	(200, 0.008396187534176106)	(220, 0.009760453638487352)	(240, 0.009590407871875591)	(260, 0.010842430968056298)	(280, 0.010154011181562398)	(300, 0.011079491425171558)	(320, 0.012851553590539853)	(340, 0.013186503018783048)	(360, 0.01610053832571256)	(380, 0.01901179713252115)	(400, 0.021214961042229908)	(420, 0.02128372564824794)	(440, 0.022012901752583205)	(460, 0.024717523894375013)	(480, 0.02717154472795132)	(500, 0.03128105104331506)	(520, 0.03422002278144174)	(540, 0.03755583511626255)	(560, 0.0371494240103324)	(580, 0.04311549525247673)	(600, 0.046910096436132837)	(620, 0.051226382068518095)	(640, 0.05417921532557889)	(660, 0.06645541968092201)	(680, 0.07295267555137463)	(700, 0.07646207764141866)	(720, 0.07810896599271115)	(740, 0.08253192105765222)	(760, 0.08955099283971511)	(780, 0.09342822093998207)	(800, 0.08940374439633354)	(820, 0.0976522847792368)	(840, 0.09703943392512424)	(860, 0.0943186713509377)	(880, 0.09256506472322884)	(900, 0.08821762222360655)	(920, 0.08995989066413289)	(940, 0.08742879851635978)	(960, 0.07657058040499946)	(980, 0.07124319373059895)	(1000, 0.08275138255358656)	(1020, 0.08289964537373923)	(1040, 0.03670173721556154)	(1060, 0.14477017734346725)	(1080, 0.0)	(1100, 0.0)	(1120, 0.7751937984496124)	(1140, 1.5151515151515151)	(1160, 0.0)	(1180, 0.0)				
SRR5368869	(1, 0.0)	(2, 0.0044408128463834014)	(3, 0.0017763251385533609)	(4, 0.005328975415660082)	(5, 0.002664487707830041)	(6, 0.0035526502771067218)	(7, 0.0044408128463834014)	(8, 0.0035526502771067218)	(9, 0.0044408128463834014)	(10, 0.0027533039647577094)	(20, 0.002755641286617806)	(40, 0.0038501589757502664)	(60, 0.0031170478575265185)	(80, 0.003962714049187758)	(100, 0.005735613017730844)	(120, 0.005311064425058803)	(140, 0.005529909374544015)	(160, 0.007577196194189507)	(180, 0.010405939955372171)	(200, 0.01308755908961801)	(220, 0.01581363794890905)	(240, 0.013045592178421338)	(260, 0.0135921538321136)	(280, 0.01435947198310189)	(300, 0.020263253852495403)	(320, 0.022634415050932454)	(340, 0.03361768075752521)	(360, 0.033265897762112334)	(380, 0.03260932046366478)	(400, 0.03433325436124744)	(420, 0.0400412329362975)	(440, 0.042802587920588844)	(460, 0.03628786913412925)	(480, 0.034284746245820286)	(500, 0.035932648741515125)	(520, 0.02796996908582364)	(540, 0.046173865592074884)	(560, 0.02378262679112908)	(580, 0.12547051442910914)	(600, 0.09090909090909091)	(620, 0.0)	(640, 0.0)	(660, 0.0)	(680, 0.0)	(700, 0.0)	(720, 0.0)	(740, 0.0)	(760, 0.0)	(780, 0.0)	(800, 0.0)	(820, 0.0)	(840, 0.0)	(860, 0.0)	(880, 0.0)	(900, 0.0)	(920, 0.0)	(940, 0.0)	(960, 0.0)	(980, 0.0)	(1000, 0.0)	(1020, 0.0)	(1040, 0.0)	(1060, 0.0)	(1080, 0.0)	(1100, 0.0)	(1120, 0.0)	(1140, 0.0)	(1160, 0.0)					
SRR5368870	(1, 0.005615453728661277)	(2, 0.0037436358191075174)	(3, 0.0018718179095537587)	(4, 0.0037436358191075174)	(5, 0.0018718179095537587)	(6, 0.0037436358191075174)	(7, 0.0018718179095537587)	(8, 0.0018718179095537587)	(9, 0.005615453728661277)	(10, 0.0018718179095537587)	(20, 0.0015925088384240533)	(40, 0.0032092365603780103)	(60, 0.005044352229032626)	(80, 0.006327924555798871)	(100, 0.004344665185618579)	(120, 0.004467641648520919)	(140, 0.004395359672281983)	(160, 0.005600952751541736)	(180, 0.009589651875864429)	(200, 0.012233072858391737)	(220, 0.01280997897362045)	(240, 0.013912468394501148)	(260, 0.010364842454394693)	(280, 0.012811393736150884)	(300, 0.015008658443301947)	(320, 0.01855876996247354)	(340, 0.026641630638301498)	(360, 0.028186119805156645)	(380, 0.03014600077998575)	(400, 0.03144760305204811)	(420, 0.03659361496863668)	(440, 0.037951384276741496)	(460, 0.036762663512157824)	(480, 0.04132348496297416)	(500, 0.027296242217321416)	(520, 0.03737167227241751)	(540, 0.03194122814022199)	(560, 0.04823151125401929)	(580, 0.07163323782234957)	(600, 0.0)	(620, 0.0)	(640, 0.0)	(660, 0.0)	(680, 0.0)	(700, 0.0)	(720, 0.0)	(740, 0.0)	(760, 0.0)	(780, 0.0)	(800, 0.0)	(820, 0.0)	(840, 0.0)	(860, 0.0)	(880, 0.0)	(900, 0.0)	(920, 0.0)	(940, 0.0)	(960, 0.0)	(980, 0.0)	(1000, 0.0)													
SRR5368872	(1, 0.002111382462857263)	(2, 0.002111382462857263)	(3, 0.002111382462857263)	(4, 0.0007037941542857545)	(5, 0.001407588308571509)	(6, 0.002815176617143018)	(7, 0.0)	(8, 0.002111382462857263)	(9, 0.0035189707714287726)	(10, 0.002111382462857263)	(20, 0.0030625564108810164)	(40, 0.00286725359229707)	(60, 0.003104928377867642)	(80, 0.0034490873391548656)	(100, 0.003288224434687371)	(120, 0.003522831397652487)	(140, 0.00423116148300751)	(160, 0.005275724377107313)	(180, 0.004562584306623327)	(200, 0.004690778004314038)	(220, 0.0046714696295153835)	(240, 0.0062538341959653835)	(260, 0.0058685424073209504)	(280, 0.006756132879621477)	(300, 0.007123438638360358)	(320, 0.006739197596302377)	(340, 0.008978668813430872)	(360, 0.009333482261028427)	(380, 0.009577917706838787)	(400, 0.011994903326883171)	(420, 0.012775058101197934)	(440, 0.012859346196338692)	(460, 0.013346068694347782)	(480, 0.014807107570850218)	(500, 0.016230896556157295)	(520, 0.019076974781457017)	(540, 0.020362443279716338)	(560, 0.02392115587025165)	(580, 0.026980011991116437)	(600, 0.03205450468915294)	(620, 0.03416530305150101)	(640, 0.036268798990406075)	(660, 0.04594792938178056)	(680, 0.04881980514196991)	(700, 0.05809854330110343)	(720, 0.06530642075397333)	(740, 0.0690633299685679)	(760, 0.07419447479134654)	(780, 0.08438128229919026)	(800, 0.08421124626232444)	(820, 0.08960257773564118)	(840, 0.09095587771507865)	(860, 0.09748776592674308)	(880, 0.1018348316373752)	(900, 0.08964307519358058)	(920, 0.08951180477367533)	(940, 0.08308078662399336)	(960, 0.08207460122449188)	(980, 0.07441929692369231)	(1000, 0.06478845587513497)	(1020, 0.07214660189505075)	(1040, 0.039562178557299224)	(1060, 0.0)	(1080, 0.0)	(1100, 0.0)	(1120, 0.0)	(1140, 0.0)						
SRR5368873	(1, 0.07369335712465078)	(2, 0.0057638845320476546)	(3, 0.0)	(4, 0.0016117470673994532)	(5, 0.01720665912188557)	(6, 0.0009380871603223381)	(7, 0.0003714573319397178)	(8, 0.0)	(9, 6.295886982029114e-06)	(10, 0.0)	(12, 2.5183547928116456e-05)	(14, 0.0)	(16, 0.0)	(18, 0.0)	(20, 0.0)	(22, 0.0)	(24, 0.0)	(26, 0.0)	(28, 0.0)	(30, 0.0)	(32, 0.0)	(34, 0.0)	(36, 0.0)	(38, 0.0)	(40, 0.0)	(42, 0.0)	(44, 0.0)	(46, 0.0)	(48, 0.0)	(50, 0.0)	(52, 0.0)	(54, 0.0)	(56, 0.0)	(58, 0.0)	(60, 0.0)	(62, 0.0)	(64, 0.0)	(66, 0.0)	(68, 0.0)	(70, 0.0)	(72, 0.0)	(74, 0.0)	(76, 0.0)	(78, 0.002224022076401785)	(80, 0.0020115358907583022)	(82, 0.0)	(84, 0.0)	(86, 0.0)	(88, 0.0)	(90, 0.0)	(92, 0.0)	(94, 0.00014637937233217692)	(96, 0.0)	(98, 0.0)	(100, 0.00018887660946087344)																		
SRR5368874	(1, 0.0010111018988493662)	(2, 0.0020222037976987324)	(3, 0.0020222037976987324)	(4, 0.0020222037976987324)	(5, 0.0020222037976987324)	(6, 0.0020222037976987324)	(7, 0.0010111018988493662)	(8, 0.001516652848274049)	(9, 0.0005055509494246831)	(10, 0.0032508914020120613)	(50, 0.004947170987982891)	(100, 0.005380260886347932)	(150, 0.00534846403611553)	(200, 0.00522406884171306)	(250, 0.006977639679855554)	(300, 0.007641577365255968)	(350, 0.010634908442254816)	(400, 0.013794000067908924)	(450, 0.015388920930226225)	(500, 0.020021972058868995)	(550, 0.026783456822924923)	(600, 0.032536581067447376)	(650, 0.04405558804098916)	(700, 0.05861447130005861)	(750, 0.0700561203155207)	(800, 0.08216699880379241)	(850, 0.09012277189215667)	(900, 0.08907460653257444)	(950, 0.0820798770752554)	(1000, 0.06850345023474963)	(1050, 0.019406171162429653)	(1100, 0.1295336787564767)	(1150, 0.0)	(1200, 0.0)	(1250, 0.0)	(1300, 0.0)	(1350, 0.0)	(1400, 0.0)	(1450, 0.0)	(1500, 0.0)	(1550, 0.0)	(1600, 0.0)	(1650, 0.0)	(1700, 0.0)	(1750, 0.0)																												
SRR5368875	(1, 0.0)	(2, 0.0)	(3, 0.0)	(4, 0.0)	(5, 0.0)	(6, 0.0)	(7, 0.0)	(8, 0.0)	(9, 0.0)	(10, 0.0013017443374121324)	(20, 0.0)	(30, 0.0)	(40, 0.0065578070693160205)	(50, 0.0039609712301456315)	(60, 0.003983270264887473)	(70, 0.0)	(80, 0.0013382402141184342)	(90, 0.0)	(100, 0.0026938929446943777)	(110, 0.001351223532909049)	(120, 0.0013556197215557092)	(130, 0.00543980851874014)	(140, 0.004088307440719542)	(150, 0.00546477949614733)	(160, 0.004110039456378781)	(170, 0.009627286480539128)	(180, 0.012417389864650451)	(190, 0.011056901579754813)	(200, 0.011089240664245516)	(210, 0.013911882138534521)	(220, 0.01256281407035176)	(230, 0.016812845013590386)	(240, 0.012661255152427445)	(250, 0.011305822498586773)	(260, 0.012759080212084266)	(270, 0.017094260602002878)	(280, 0.018617173626625422)	(290, 0.021599516170837774)	(300, 0.01737619461337967)	(310, 0.024788206646155643)	(320, 0.03378775414267246)	(330, 0.017779094747759093)	(340, 0.03738597278301182)	(350, 0.037786040325262234)	(360, 0.035133277323760786)	(370, 0.029420873335397956)	(380, 0.02987280474191469)	(390, 0.025606555278151207)	(400, 0.021269981511477607)	(410, 0.040299560063135974)	(420, 0.02601953199535118)	(430, 0.04515814381965644)	(440, 0.07243338035149251)	(450, 0.03289000349456287)	(460, 0.027577331433561614)	(470, 0.029481922221328827)	(480, 0.037434064999149225)	(490, 0.05688821465819664)	(500, 0.02109259649862898)	(510, 0.022629554197782304)	(520, 0.019193857965451058)	(530, 0.033036009250082585)	(540, 0.12099213551119178)	(550, 0.0)	(560, 0.0)	(570, 0.0)	(580, 0.0)	(590, 0.0)	(600, 0.0)	(610, 0.0)	(620, 0.0)		
SRR5368876	(1, 0.07429916857859788)	(2, 0.0063107006025712635)	(3, 0.0)	(4, 0.001698295610148606)	(5, 0.017614127310975475)	(6, 0.0009953084457333104)	(7, 0.00039245902128508584)	(8, 0.0)	(9, 5.057461614498528e-06)	(10, 0.0)	(12, 1.618387716639529e-05)	(14, 0.0)	(16, 0.0)	(18, 0.0)	(20, 0.0)	(22, 0.0)	(24, 0.0)	(26, 0.0)	(28, 0.0)	(30, 0.0)	(32, 0.0)	(34, 0.0)	(36, 0.0)	(38, 0.0)	(40, 0.0)	(42, 0.0)	(44, 0.0)	(46, 0.0)	(48, 0.0)	(50, 0.0)	(52, 0.0)	(54, 0.0)	(56, 0.0)	(58, 0.0)	(60, 0.0)	(62, 0.0)	(64, 0.0)	(66, 0.0)	(68, 0.0)	(70, 0.0)	(72, 0.0)	(74, 0.0)	(76, 0.0)	(78, 0.0023259265965078733)	(80, 0.002189375132916413)	(82, 0.0)	(84, 0.0)	(86, 0.0)	(88, 0.0)	(90, 0.0)	(92, 4.551715453048676e-06)	(94, 0.00019370077983529366)	(96, 0.0)	(98, 5.057461614498528e-07)	(100, 0.00024073517285012997)																		
SRR5368877	(1, 0.004778059152372306)	(2, 0.0031853727682482043)	(3, 0.002389029576186153)	(4, 0.0031853727682482043)	(5, 0.002389029576186153)	(6, 0.004778059152372306)	(7, 0.0007963431920620511)	(8, 0.004778059152372306)	(9, 0.003981715960310255)	(10, 0.0038437440377156926)	(50, 0.0066411744433422385)	(100, 0.0060548596467169405)	(150, 0.00814567648353133)	(200, 0.008937008150752265)	(250, 0.010222989811538168)	(300, 0.012071611883808425)	(350, 0.0158327149672568)	(400, 0.019646168460705993)	(450, 0.022956602709308885)	(500, 0.026330463649189416)	(550, 0.037287519047201366)	(600, 0.04484531058566581)	(650, 0.05765057044790732)	(700, 0.0746250946617916)	(750, 0.0845263523810914)	(800, 0.09340240014253007)	(850, 0.10153819466361387)	(900, 0.085885678524138)	(950, 0.07426449585832619)	(1000, 0.06392499467291711)	(1050, 0.12565069107880095)	(1100, 0.0)	(1150, 0.0)	(1200, 0.0)	(1250, 0.0)	(1300, 0.0)	(1350, 0.0)	(1400, 0.0)																																			
SRR5368879	(1, 0.06759341278194604)	(2, 0.006977968550024183)	(3, 0.0)	(4, 0.001214158656335285)	(5, 0.013639114500907393)	(6, 0.0011019916491859963)	(7, 0.0003994719728299236)	(8, 0.0)	(9, 3.935684461378558e-06)	(10, 0.0)	(12, 1.9678422306892788e-05)	(14, 0.0)	(16, 0.0)	(18, 0.0)	(20, 0.0)	(22, 0.0)	(24, 0.0)	(26, 0.0)	(28, 0.0)	(30, 0.0)	(32, 0.0)	(34, 0.0)	(36, 0.0)	(38, 0.0)	(40, 0.0)	(42, 0.0)	(44, 0.0)	(46, 0.0)	(48, 0.0)	(50, 0.0)	(52, 0.0)	(54, 0.0)	(56, 0.0)	(58, 0.0)	(60, 0.0)	(62, 0.0)	(64, 0.0)	(66, 0.0)	(68, 0.0)	(70, 0.0)	(72, 0.0)	(74, 0.0)	(76, 0.0)	(78, 0.0022502275907931905)	(80, 0.0021095268712989067)	(82, 0.0)	(84, 0.0)	(86, 0.0)	(88, 0.0)	(90, 0.0)	(92, 3.935684461378558e-06)	(94, 0.0001672665896085887)	(96, 0.0)	(98, 0.0)	(100, 0.00022630185652926707)																		
SRR5368881	(1, 0.0)	(2, 0.0027016804452369373)	(3, 0.008105041335710812)	(4, 0.0)	(5, 0.0)	(6, 0.0027016804452369373)	(7, 0.0)	(8, 0.0)	(9, 0.0027016804452369373)	(10, 0.0016210082671421625)	(20, 0.004599834676530155)	(40, 0.006171163387721853)	(60, 0.0044792268854395734)	(80, 0.004693373383452872)	(100, 0.003307025704216745)	(120, 0.0039107537036286)	(140, 0.005683888362602929)	(160, 0.005130964196131839)	(180, 0.010620581211306789)	(200, 0.014707717540513076)	(220, 0.012264781679407583)	(240, 0.011144527961470054)	(260, 0.01183670805973592)	(280, 0.01529866044929106)	(300, 0.01977444770585509)	(320, 0.021256343690070005)	(340, 0.03031803780389468)	(360, 0.030771772243537523)	(380, 0.02779391230105301)	(400, 0.03501171081361697)	(420, 0.037114729999436005)	(440, 0.03977891717389784)	(460, 0.03763337711595508)	(480, 0.03038140346503802)	(500, 0.03479471120389701)	(520, 0.036395620393679294)	(540, 0.0473664266767715)	(560, 0.12999675008124797)	(580, 0.0)	(600, 0.0)	(620, 0.0)	(640, 0.0)	(660, 0.0)	(680, 0.0)	(700, 0.0)	(720, 0.0)	(740, 0.0)	(760, 0.0)	(780, 0.0)	(800, 0.0)	(820, 0.0)	(840, 0.0)	(860, 0.0)	(880, 0.0)	(900, 0.0)	(920, 0.0)	(940, 0.0)	(960, 0.0)															
SRR5368885	(1, 0.06860380384622776)	(2, 0.003038381773448906)	(3, 0.0)	(4, 0.003898607382384761)	(5, 0.020622691673847116)	(6, 0.00031162889984091347)	(7, 0.0)	(8, 0.001434791393017539)	(9, 0.0011231624931766257)	(10, 0.0)	(12, 0.0)	(14, 0.0)	(16, 0.0)	(18, 0.0)	(20, 0.0)	(22, 0.0)	(24, 0.0)	(26, 0.0)	(28, 0.0)	(30, 0.0)	(32, 0.0)	(34, 0.0)	(36, 0.0)	(38, 0.0)	(40, 0.0)	(42, 0.0)	(44, 0.0)	(46, 0.0)	(48, 0.0)	(50, 0.0)	(52, 0.002220355911366508)	(54, 0.0)	(56, 0.00011686083744034255)	(58, 0.0062358241311916114)	(60, 0.0)	(62, 0.0)	(64, 0.0)	(66, 0.0)	(68, 0.0)	(70, 0.0)	(72, 0.0)	(74, 0.0001330915093070568)	(76, 0.0004560818794546702)	(78, 0.0026959145970612353)	(80, 0.00814942034427722)	(82, 0.002720260604861307)	(84, 2.1099873426728515e-05)	(86, 4.219974685345703e-05)	(88, 0.0004625741482013559)	(90, 0.0)	(92, 0.0)	(94, 0.0)	(96, 8.115335933357122e-06)	(98, 0.00017042205460049954)	(100, 0.00013633764368039964)																		
SRR5368886	(1, 0.0036511008068932788)	(2, 0.0009127752017233197)	(3, 0.004563876008616598)	(4, 0.0027383256051699586)	(5, 0.0018255504034466394)	(6, 0.0018255504034466394)	(7, 0.0018255504034466394)	(8, 0.0)	(9, 0.0009127752017233197)	(10, 0.0019168279236189709)	(20, 0.0031954248819518753)	(40, 0.004994011767541122)	(60, 0.004660498811803521)	(80, 0.004413290228650244)	(100, 0.005090615287257816)	(120, 0.005818348349207883)	(140, 0.005748862361397049)	(160, 0.004874726624857603)	(180, 0.005465033999639783)	(200, 0.004339826540471506)	(220, 0.0044514604140719755)	(240, 0.0056195236661196035)	(260, 0.005688517967521455)	(280, 0.00585578696937375)	(300, 0.0051492230259652)	(320, 0.006193765365537012)	(340, 0.009062101849207605)	(360, 0.00846537930559281)	(380, 0.00974165333164544)	(400, 0.011827873626624841)	(420, 0.012990205385139604)	(440, 0.012817445397682608)	(460, 0.013755005153069945)	(480, 0.014762236366820196)	(500, 0.017176597987620546)	(520, 0.01835461003175089)	(540, 0.022384263184670173)	(560, 0.02411893325705347)	(580, 0.025930323883111447)	(600, 0.029110061510589934)	(620, 0.0319799915528712)	(640, 0.0322739530082248)	(660, 0.04091231587300034)	(680, 0.04982116388858026)	(700, 0.051327111346835624)	(720, 0.05216992489823998)	(740, 0.059598111631486574)	(760, 0.061519378960800106)	(780, 0.07417759621586754)	(800, 0.08008188015112198)	(820, 0.07981383633204428)	(840, 0.07917032900379464)	(860, 0.07672580379265936)	(880, 0.09071998408317136)	(900, 0.08453949201984355)	(920, 0.07563978652771358)	(940, 0.06686037207085777)	(960, 0.08731312175392346)	(980, 0.07345394538246362)	(1000, 0.05748105254193988)	(1020, 0.08091842411369038)	(1040, 0.0716743119266055)	(1060, 0.0951022349025202)	(1080, 0.0)	(1100, 0.0)								
SRR5368887	(1, 0.0)	(2, 0.0007934807620589239)	(3, 0.0007934807620589239)	(4, 0.0015869615241178479)	(5, 0.0)	(6, 0.003967403810294619)	(7, 0.0015869615241178479)	(8, 0.0015869615241178479)	(9, 0.0007934807620589239)	(10, 0.0006347846096471391)	(20, 0.0016676308484707227)	(40, 0.0019578088203682435)	(60, 0.0018110750863681586)	(80, 0.0027141571245814324)	(100, 0.002443880360651571)	(120, 0.0037655919039774064)	(140, 0.004770509696060957)	(160, 0.00566183784909673)	(180, 0.00851737086627063)	(200, 0.011656983849436892)	(220, 0.01538167353448584)	(240, 0.012776508823194694)	(260, 0.011210695429702119)	(280, 0.014152296780115895)	(300, 0.017603116229681984)	(320, 0.025426140800114023)	(340, 0.03051044010974824)	(360, 0.03730992690355886)	(380, 0.03592023082734233)	(400, 0.033580058221680045)	(420, 0.038783226486316935)	(440, 0.04334699779709202)	(460, 0.04018280821963909)	(480, 0.03976741741869694)	(500, 0.037390071497937626)	(520, 0.03316369353471747)	(540, 0.04497919712133138)	(560, 0.01771479185119575)	(580, 0.07587253414264036)	(600, 0.0)	(620, 0.2840909090909091)	(640, 0.0)	(660, 0.0)	(680, 0.0)	(700, 0.0)	(720, 0.0)	(740, 0.0)	(760, 0.0)	(780, 0.0)	(800, 0.0)	(820, 0.0)	(840, 0.0)																					
SRR5368888	(1, 0.08562593826469417)	(2, 0.015555285296448083)	(3, 0.0)	(4, 3.5058114258390994e-06)	(5, 0.013602548332255706)	(6, 0.00032604046260303627)	(7, 0.0)	(8, 0.001377783890354766)	(9, 0.0004627671082107611)	(10, 0.0)	(12, 0.0)	(14, 0.0)	(16, 0.0)	(18, 0.0)	(20, 0.0)	(22, 0.0)	(24, 0.0)	(26, 0.0)	(28, 0.0)	(30, 0.0)	(32, 0.0)	(34, 0.0)	(36, 0.0)	(38, 0.0)	(40, 0.0)	(42, 0.0)	(44, 0.0)	(46, 0.0)	(48, 0.0)	(50, 0.0)	(52, 0.0)	(54, 0.0)	(56, 0.0)	(58, 0.0)	(60, 0.0)	(62, 0.0)	(64, 0.0)	(66, 0.0)	(68, 0.0)	(70, 0.0)	(72, 0.0)	(74, 0.0)	(76, 0.0)	(78, 6.661041709094288e-05)	(80, 0.0006187757166606011)	(82, 0.0)	(84, 0.0)	(86, 0.0)	(88, 0.0)	(90, 1.7529057129195497e-06)	(92, 1.2270339990436848e-05)	(94, 1.7529057129195496e-05)	(96, 0.0)	(98, 0.00017003185415319632)	(100, 0.0007572552679812455)																		
SRR5368890	(1, 0.0017929822674053754)	(2, 0.0008964911337026877)	(3, 0.0008964911337026877)	(4, 0.0008964911337026877)	(5, 0.0008964911337026877)	(6, 0.0017929822674053754)	(7, 0.0008964911337026877)	(8, 0.0008964911337026877)	(9, 0.0017929822674053754)	(10, 0.0014343858139243002)	(20, 0.005653771132652278)	(40, 0.008053289248361179)	(60, 0.005620097835394189)	(80, 0.00709755917705184)	(100, 0.008594078447677159)	(120, 0.008752981045349335)	(140, 0.0072580603352187)	(160, 0.006881969477278821)	(180, 0.010082451517026681)	(200, 0.014724741174177807)	(220, 0.016872293705907194)	(240, 0.015446031029903221)	(260, 0.012188995557678623)	(280, 0.013565482629449366)	(300, 0.019495225185002615)	(320, 0.024058882190476583)	(340, 0.031336826944858176)	(360, 0.03174434647667246)	(380, 0.032553780286939116)	(400, 0.036153478771292394)	(420, 0.03895186106427613)	(440, 0.044442920338808686)	(460, 0.043078763183368556)	(480, 0.03606836816947256)	(500, 0.03928062540917318)	(520, 0.032213953243747866)	(540, 0.039071657419707743)	(560, 0.01700487473075615)	(580, 0.04767201652629906)	(600, 0.0)	(620, 0.0)	(640, 0.0)	(660, 0.0)	(680, 0.0)	(700, 14.285714285714285)																												
SRR5368891	(1, 0.06244118792603522)	(2, 0.0014532713257706582)	(3, 0.0004297611702668094)	(4, 0.0)	(5, 0.0)	(6, 0.0)	(7, 0.0)	(8, 8.199390748511495e-05)	(9, 0.00014560987018908346)	(10, 0.0)	(12, 0.0)	(14, 0.0)	(16, 0.0011839637503238583)	(18, 0.0)	(20, 1.9791632841234644e-05)	(22, 0.0)	(24, 0.005220750005905682)	(26, 0.004503303315410926)	(28, 0.00031313190530953385)	(30, 0.00035836992323235595)	(32, 0.0010404744122249072)	(34, 0.011129259253044267)	(36, 0.0002890992082880347)	(38, 0.0011726542458431527)	(40, 0.0026867141581976032)	(42, 0.0015218351966849355)	(44, 0.0011726542458431527)	(46, 0.0028309103403265983)	(48, 0.0021608221998447967)	(50, 0.001667445066874019)	(52, 0.005836411156074088)	(54, 0.002473954105154331)	(56, 0.0019699743117328914)	(58, 0.000994529550272041)	(60, 0.0018024522766124408)	(62, 0.0008326622673919433)	(64, 0.0012440454928776064)	(66, 0.0011853774383839464)	(68, 0.0014080333078478361)	(70, 0.003329942225537729)	(72, 0.0020675187878789764)	(74, 0.0028994742112408755)	(76, 0.0016561355623933133)	(78, 3.251482538202835e-05)	(80, 0.00010531976047657008)	(82, 0.0001654015030303181)	(84, 0.0003880573724942079)	(86, 0.0001286456134680252)	(88, 0.001173361089873197)	(90, 2.827376120176378e-06)	(92, 2.827376120176378e-06)	(94, 4.523801792282205e-05)	(96, 0.0015303173250454645)	(98, 0.0031256643008549857)																			
SRR5368892	(1, 0.005430680084066927)	(2, 0.005430680084066927)	(3, 0.0038014760588468495)	(4, 0.0021722720336267713)	(5, 0.0027153400420334636)	(6, 0.005430680084066927)	(7, 0.0016292040252200782)	(8, 0.0005430680084066928)	(9, 0.0010861360168133857)	(10, 0.003529942054643503)	(20, 0.005757177462279625)	(40, 0.008458417872036689)	(60, 0.006112370143109308)	(80, 0.005549394186510144)	(100, 0.005865544951022699)	(120, 0.006657376302717923)	(140, 0.0062109977572651735)	(160, 0.005759760666339051)	(180, 0.007383922037187028)	(200, 0.007905885588086173)	(220, 0.006819729794823969)	(240, 0.00754530871153591)	(260, 0.007781536272702196)	(280, 0.008458845093461488)	(300, 0.009028858341902932)	(320, 0.009016728683687265)	(340, 0.011671781217497125)	(360, 0.013076910703466305)	(380, 0.015255306089174907)	(400, 0.016529194841202095)	(420, 0.018102263208121964)	(440, 0.018302232290830427)	(460, 0.020959215958637187)	(480, 0.024089552052753937)	(500, 0.02347309117295194)	(520, 0.02788095787997535)	(540, 0.03155422520784525)	(560, 0.03413586072568824)	(580, 0.03480142548249642)	(600, 0.041609680613970905)	(620, 0.04192880973931264)	(640, 0.04874299251532324)	(660, 0.054486702658868645)	(680, 0.061412622727888735)	(700, 0.0677224866720926)	(720, 0.0701023374293413)	(740, 0.07151848167765697)	(760, 0.0769315901382614)	(780, 0.07910436399505784)	(800, 0.08520787733347399)	(820, 0.08124850116172253)	(840, 0.08707897502440454)	(860, 0.08547874207422594)	(880, 0.08250711914049105)	(900, 0.07784644324117519)	(920, 0.0885210545987135)	(940, 0.07054405463099428)	(960, 0.07099271479521982)	(980, 0.052718899725551605)	(1000, 0.0793445171319386)	(1020, 0.05821173548587395)	(1040, 0.02017552708564511)	(1060, 0.0)	(1080, 0.0)	(1100, 0.0)	(1120, 0.0)	(1140, 0.0)	(1160, 0.0)					
SRR5368893	(1, 0.001995729139641168)	(2, 0.003991458279282336)	(3, 0.001995729139641168)	(4, 0.001995729139641168)	(5, 0.005987187418923503)	(6, 0.0)	(7, 0.005987187418923503)	(8, 0.001995729139641168)	(9, 0.003991458279282336)	(10, 0.0037918853653182193)	(20, 0.004394076784494501)	(40, 0.004323898185269987)	(60, 0.00405600120868836)	(80, 0.005920131304429483)	(100, 0.005340070037072409)	(120, 0.004746584007313867)	(140, 0.00446268263269216)	(160, 0.004696521234538008)	(180, 0.007552608639554899)	(200, 0.010974237976350517)	(220, 0.01317250134115185)	(240, 0.01197787942339344)	(260, 0.010559673469035913)	(280, 0.011957873498743337)	(300, 0.012747112669091547)	(320, 0.021162866075814298)	(340, 0.027643118279691715)	(360, 0.03391533436121104)	(380, 0.02684948180500116)	(400, 0.030271433856917024)	(420, 0.035136661725435496)	(440, 0.03824842871319881)	(460, 0.03858046056578522)	(480, 0.038222868278783705)	(500, 0.029216147936824376)	(520, 0.020412626667638697)	(540, 0.014690759512266782)	(560, 0.020529665366454525)	(580, 0.0)	(600, 0.0)	(620, 0.0)	(640, 0.0)	(660, 0.0)	(680, 0.0)	(700, 0.0)	(720, 0.0)																											
SRR5368894	(1, 0.07280681951081672)	(2, 0.0026540801835309084)	(3, 0.0)	(4, 0.004870409479648278)	(5, 0.02252406403374023)	(6, 0.00028034440033832973)	(7, 0.0)	(8, 0.0014212541935184995)	(9, 0.0009674179716593183)	(10, 0.0)	(12, 0.0)	(14, 0.0)	(16, 0.0)	(18, 0.0)	(20, 0.0)	(22, 0.0)	(24, 0.0)	(26, 0.0)	(28, 0.0)	(30, 0.0)	(32, 0.0)	(34, 0.0)	(36, 0.0)	(38, 0.0)	(40, 0.0)	(42, 0.0)	(44, 0.0)	(46, 0.0)	(48, 0.0)	(50, 0.0)	(52, 0.002492077886614087)	(54, 0.0)	(56, 0.00014419353378057533)	(58, 0.007422232894203319)	(60, 0.0)	(62, 0.0)	(64, 0.0)	(66, 0.0)	(68, 0.0)	(70, 0.0)	(72, 0.0)	(74, 0.00022921601585039665)	(76, 0.0006221577573082195)	(78, 0.00334632404092371)	(80, 0.009614434188652226)	(82, 0.0027546135238161705)	(84, 1.8957715596649345e-05)	(86, 3.6766478732895706e-05)	(88, 0.0006083703277833836)	(90, 0.0)	(92, 1.1489524604029908e-06)	(94, 0.0)	(96, 1.3212953294634394e-05)	(98, 0.00023093944454100114)	(100, 0.0001757897264416576)																		
SRR5368898	(1, 0.0)	(2, 0.0009610117531737413)	(3, 0.002883035259521224)	(4, 0.0009610117531737413)	(5, 0.0)	(6, 0.0009610117531737413)	(7, 0.0)	(8, 0.0)	(9, 0.0)	(10, 0.0005766070519042448)	(20, 0.0017311920411331228)	(40, 0.0021302626565440456)	(60, 0.0033177723305594154)	(80, 0.004421952537709429)	(100, 0.005190804070381371)	(120, 0.004373151039194863)	(140, 0.005595014841775978)	(160, 0.007785497978030832)	(180, 0.010407530606223502)	(200, 0.014331627767986193)	(220, 0.02035272603798903)	(240, 0.015920810199211072)	(260, 0.01543721626968245)	(280, 0.018321681478879928)	(300, 0.021576704386926642)	(320, 0.030427178159759947)	(340, 0.036427090327096595)	(360, 0.039646492946697434)	(380, 0.036010691329522886)	(400, 0.03489695653471395)	(420, 0.04363440858818663)	(440, 0.04510485243958419)	(460, 0.03966470106036968)	(480, 0.03559135973287898)	(500, 0.037540194162807516)	(520, 0.03531977642581522)	(540, 0.047961630695443645)	(560, 0.0)	(580, 0.043898156277436345)	(600, 0.0)	(620, 0.0)	(640, 0.0)	(660, 0.0)	(680, 0.0)	(700, 0.0)	(720, 0.0)	(740, 0.0)	(760, 0.0)	(780, 0.0)																								
SRR5368900	(1, 0.002708803611738149)	(2, 0.003611738148984199)	(3, 0.003611738148984199)	(4, 0.003611738148984199)	(5, 0.0009029345372460497)	(6, 0.0018058690744920994)	(7, 0.0009029345372460497)	(8, 0.002708803611738149)	(9, 0.0009029345372460497)	(10, 0.0032505643340857786)	(20, 0.00460523018701298)	(40, 0.0068390499789619955)	(60, 0.0069820420054250015)	(80, 0.006708760308400792)	(100, 0.00850588177101704)	(120, 0.006643916286654787)	(140, 0.008262383422204525)	(160, 0.007409286649825389)	(180, 0.007867120101716682)	(200, 0.008041075706727779)	(220, 0.008217957329325377)	(240, 0.010351038538299797)	(260, 0.009819009314647518)	(280, 0.010631322570201607)	(300, 0.010394331946616646)	(320, 0.010738189813296406)	(340, 0.011183950591357492)	(360, 0.013513646325762416)	(380, 0.01576747570128196)	(400, 0.018747973528060295)	(420, 0.017874756537804858)	(440, 0.021084244672066856)	(460, 0.02186351371071114)	(480, 0.023082652309598894)	(500, 0.024352331606217616)	(520, 0.02615973058098717)	(540, 0.0321305701397069)	(560, 0.03320124698709463)	(580, 0.03644936087553009)	(600, 0.041744880105016036)	(620, 0.044806456707692524)	(640, 0.05054794560805946)	(660, 0.053148825792313996)	(680, 0.06513752159246208)	(700, 0.06794287331973174)	(720, 0.06755272071473908)	(740, 0.0749850674435893)	(760, 0.08239452815044845)	(780, 0.08405890010401063)	(800, 0.0933905561128243)	(820, 0.09620666675122966)	(840, 0.10186790582295728)	(860, 0.09613703897919944)	(880, 0.09419350667289725)	(900, 0.09006434717816464)	(920, 0.07780281044753322)	(940, 0.08241123551338062)	(960, 0.0848336318220379)	(980, 0.06458253446083675)	(1000, 0.04540835081194456)	(1020, 0.06360985952822688)	(1040, 0.05853944094833894)	(1060, 0.0)	(1080, 0.14144271570014144)	(1100, 0.0)	(1120, 0.0)	(1140, 0.0)	(1160, 0.0)	(1180, 0.0)				
SRR5368901	(1, 0.0)	(2, 0.002086375964948884)	(3, 0.002086375964948884)	(4, 0.002086375964948884)	(5, 0.0)	(6, 0.0)	(7, 0.004172751929897768)	(8, 0.0)	(9, 0.008345503859795536)	(10, 0.0025036511579386604)	(20, 0.0040735112099895025)	(40, 0.009500555782513277)	(60, 0.007164901819457306)	(80, 0.004545833364901621)	(100, 0.013673725225944636)	(120, 0.00828324729800473)	(140, 0.0072425496448922195)	(160, 0.008204302875889129)	(180, 0.01008434592252503)	(200, 0.01541331664889378)	(220, 0.018418241426308615)	(240, 0.01440987494785136)	(260, 0.015607727350605886)	(280, 0.0142424105754646)	(300, 0.017558502283807936)	(320, 0.022727217186663765)	(340, 0.02703500721971737)	(360, 0.027905214434932206)	(380, 0.03248544121858857)	(400, 0.035033038101209335)	(420, 0.0365948901037599)	(440, 0.04144734115306503)	(460, 0.04183682007514301)	(480, 0.04043520724598914)	(500, 0.030633539896994723)	(520, 0.03921708438803522)	(540, 0.01253054319904768)	(560, 0.05247966413014957)	(580, 0.09267840593141798)	(600, 0.0)	(620, 0.0)	(640, 0.0)	(660, 0.0)	(680, 0.0)	(700, 0.0)	(720, 0.0)	(740, 0.0)	(760, 0.0)	(780, 0.0)	(800, 0.0)	(820, 0.0)	(840, 0.0)																					
SRR5368903	(1, 0.0017686437155667177)	(2, 0.004421609288916794)	(3, 0.0035372874311334354)	(4, 0.0017686437155667177)	(5, 0.0035372874311334354)	(6, 0.0008843218577833589)	(7, 0.0017686437155667177)	(8, 0.0035372874311334354)	(9, 0.0026529655733500764)	(10, 0.004244744917360122)	(20, 0.006942337914097192)	(40, 0.008605256481000126)	(60, 0.007825670883585321)	(80, 0.005810017821891877)	(100, 0.006750105215566195)	(120, 0.007104731022170404)	(140, 0.006634267041601888)	(160, 0.005652373514356339)	(180, 0.006644401768518271)	(200, 0.007275753851515304)	(220, 0.007354080839966358)	(240, 0.008834888554191523)	(260, 0.008683513621851288)	(280, 0.007873588824218593)	(300, 0.008621628919406718)	(320, 0.010284382213351413)	(340, 0.010816756016581225)	(360, 0.013615313041545469)	(380, 0.01465894725536612)	(400, 0.01723363206585)	(420, 0.01691356384478153)	(440, 0.018872948987209377)	(460, 0.021516815989385037)	(480, 0.023624904872058573)	(500, 0.02778316736234634)	(520, 0.024573687646838066)	(540, 0.030346814027736573)	(560, 0.03445570586489123)	(580, 0.03754903661058084)	(600, 0.03817952099046064)	(620, 0.04295894901695322)	(640, 0.047257214601429155)	(660, 0.05185597922380231)	(680, 0.06321362750081845)	(700, 0.06603432997472841)	(720, 0.06868117631370023)	(740, 0.07333829603833579)	(760, 0.07623582069208178)	(780, 0.07905083643395969)	(800, 0.07960497583659287)	(820, 0.08445909735947421)	(840, 0.08576781183032187)	(860, 0.08367804477564811)	(880, 0.08726353063716312)	(900, 0.08925536464215617)	(920, 0.08328122169169)	(940, 0.06765476026410414)	(960, 0.07719683885486994)	(980, 0.0630134428678118)	(1000, 0.07561696569739465)	(1020, 0.049147294441441)	(1040, 0.08673026886383348)	(1060, 0.035523978685612786)	(1080, 0.0)	(1100, 0.0)	(1120, 0.0)	(1140, 0.0)	(1160, 0.0)	(1180, 0.0)	(1200, 0.0)			
SRR5368904	(1, 0.004767012275056608)	(2, 0.0)	(3, 0.004767012275056608)	(4, 0.0)	(5, 0.002383506137528304)	(6, 0.007150518412584913)	(7, 0.002383506137528304)	(8, 0.002383506137528304)	(9, 0.002383506137528304)	(10, 0.004528661661303778)	(20, 0.0027435398582663453)	(40, 0.003844984638084813)	(60, 0.003394766482500585)	(80, 0.006224734899525456)	(100, 0.004425458680352807)	(120, 0.004575855313928409)	(140, 0.0047249283489483925)	(160, 0.006753756777207322)	(180, 0.007422027823798543)	(200, 0.014560297992324825)	(220, 0.016945222339154166)	(240, 0.015267880741172215)	(260, 0.011905485970290636)	(280, 0.014370105999127344)	(300, 0.021667957055166092)	(320, 0.024260718278105574)	(340, 0.028809236432351542)	(360, 0.030069215137542182)	(380, 0.028040800810581502)	(400, 0.03184324070622573)	(420, 0.03281462631540003)	(440, 0.04454755719015392)	(460, 0.03803479640516839)	(480, 0.0442652603688984)	(500, 0.03727453275790773)	(520, 0.047344243835651494)	(540, 0.026876903780684466)	(560, 0.027919313184895652)	(580, 0.018406037180195105)	(600, 0.0)	(620, 0.0)	(640, 0.0)	(660, 0.0)	(680, 0.0)	(700, 0.0)	(720, 0.0)																											
SRR5368905	(1, 0.063786287970652)	(2, 0.001593079213826248)	(3, 0.000436347278205639)	(4, 0.0)	(5, 0.0)	(6, 0.0)	(7, 0.0)	(8, 7.409670761982549e-05)	(9, 0.00015093773774408896)	(10, 0.0)	(12, 0.0)	(14, 0.0)	(16, 0.0012527832232759383)	(18, 0.0)	(20, 1.5093773774408895e-05)	(22, 0.0)	(24, 0.005449538413187721)	(26, 0.0047318980782771886)	(28, 0.0003203996523931343)	(30, 0.00040821797253514974)	(32, 0.0011450685649767476)	(34, 0.011416381618462)	(36, 0.00030805020112316335)	(38, 0.0012527832232759383)	(40, 0.0027676492457257037)	(42, 0.001620522438870628)	(44, 0.0012520971426498288)	(46, 0.0030331624480300786)	(48, 0.0022489722923869256)	(50, 0.0017687158541102787)	(52, 0.0061843307637509904)	(54, 0.002597501250450549)	(56, 0.0020369733789190915)	(58, 0.0010757744217396886)	(60, 0.0018983850924449736)	(62, 0.0009069985877167527)	(64, 0.001361870042827348)	(66, 0.0012918898189641795)	(68, 0.0014634099754915534)	(70, 0.003288384440942811)	(72, 0.002058241878328486)	(74, 0.0029124122578348074)	(76, 0.0016966773883687817)	(78, 3.0873628174927284e-05)	(80, 0.0001166337064386142)	(82, 0.00018661393030178274)	(84, 0.0003787165056124414)	(86, 0.00013996044772633705)	(88, 0.001148498968107295)	(90, 4.116483756656972e-06)	(92, 2.744322504437981e-06)	(94, 5.694469196708811e-05)	(96, 0.0016232667613750658)	(98, 0.0031052009137715756)																			
SRR5368906	(1, 0.0029705764403582515)	(2, 0.0)	(3, 0.0)	(4, 0.0014852882201791258)	(5, 0.0)	(6, 0.0029705764403582515)	(7, 0.0029705764403582515)	(8, 0.0029705764403582515)	(9, 0.0014852882201791258)	(10, 0.0019308746862328635)	(20, 0.0030457501385444882)	(40, 0.004029300476129006)	(60, 0.0036831997233841844)	(80, 0.003100453951831045)	(100, 0.0043338196842090055)	(120, 0.004508655855062762)	(140, 0.003913969417317396)	(160, 0.005163076145355235)	(180, 0.003868531814805645)	(200, 0.0050495516386571924)	(220, 0.005302508086324832)	(240, 0.003991400488516115)	(260, 0.006285221793692308)	(280, 0.006703507038288066)	(300, 0.005463814502705776)	(320, 0.00731987537116542)	(340, 0.007595776748128041)	(360, 0.007715485058882813)	(380, 0.010746762638758482)	(400, 0.009342415786245527)	(420, 0.009968729240325635)	(440, 0.011185148754254057)	(460, 0.010850730394966587)	(480, 0.011854513397269789)	(500, 0.013646541107256759)	(520, 0.015143986986380621)	(540, 0.018932010846321123)	(560, 0.01917463648811303)	(580, 0.02308574097267922)	(600, 0.026986789966311493)	(620, 0.027796176053456724)	(640, 0.034471940591790234)	(660, 0.03831266025934872)	(680, 0.04305044276184535)	(700, 0.05319633379974995)	(720, 0.057957976142074895)	(740, 0.05733376343154543)	(760, 0.07047344791343917)	(780, 0.07297746755062155)	(800, 0.0725786592820761)	(820, 0.07395049647892973)	(840, 0.08901662067474599)	(860, 0.08396182255928229)	(880, 0.08352333009774487)	(900, 0.09109189437058289)	(920, 0.07415979398246243)	(940, 0.07142774852824277)	(960, 0.06749824504562882)	(980, 0.0581349673972818)	(1000, 0.07007067999025104)	(1020, 0.07199895274250556)	(1040, 0.06509357200976403)	(1060, 0.14381591562799617)	(1080, 0.273972602739726)	(1100, 0.0)	(1120, 0.0)	(1140, 0.0)						
SRR5368907	(1, 0.07227917630137648)	(2, 0.008041374108241899)	(3, 0.0)	(4, 2.4523861263317776e-06)	(5, 0.01916049280503018)	(6, 0.0)	(7, 3.188101964231311e-05)	(8, 0.0005419773339193228)	(9, 0.0015768842792313331)	(10, 0.0)	(12, 0.0)	(14, 0.0)	(16, 0.0)	(18, 0.0)	(20, 0.0)	(22, 0.0)	(24, 0.0)	(26, 0.0)	(28, 0.0)	(30, 0.0)	(32, 0.0002182623652435282)	(34, 0.0)	(36, 0.0)	(38, 0.0)	(40, 0.0)	(42, 0.0)	(44, 0.0)	(46, 0.0)	(48, 0.0)	(50, 0.0)	(52, 0.0)	(54, 0.0)	(56, 0.0)	(58, 0.0)	(60, 0.0)	(62, 0.0)	(64, 0.0)	(66, 0.0)	(68, 0.0)	(70, 0.0)	(72, 0.0)	(74, 0.0)	(76, 0.0)	(78, 0.000849751792773961)	(80, 0.0005799893188774654)	(82, 0.0)	(84, 0.0)	(86, 0.0)	(88, 0.0)	(90, 0.0)	(92, 0.0)	(94, 0.0)	(96, 0.0)	(98, 0.0001520479398325702)	(100, 9.80954450532711e-06)																		
