Sample	0	1	2	3	4	5	6	7	8	9	10	11	12	13	14	15	16	17	18	19	20	21	22	23	24	25	26	27	28	29	30	31	32	33	34	35	36	37	38	39	40	41	42	43	44	45	46	47	48	49	50	51	52	53	54	55	56	57	58	59	60	61	62	63	64	65	66	67	68	69	70	71	72
SRR1174540	(1, 38.500946915351506)	(2, 38.415781922525106)	(3, 38.38777618364419)	(4, 39.14284074605452)	(5, 39.02307030129125)	(6, 39.09245337159254)	(7, 39.24573888091822)	(8, 39.48539454806313)	(9, 39.50812051649928)	(10, 39.586398852223816)	(20, 38.79376757532281)	(30, 38.00123454635924)	(40, 37.92094211504334)	(50, 35.327243668031024)	(60, 36.768725619250915)	(70, 36.54498728771238)	(80, 34.81013764164038)	(90, 35.324040269647405)	(100, 37.14277373354231)	(110, 37.43983293723496)	(120, 37.897004721222984)	(130, 36.49226331859528)	(140, 37.623683278979215)	(150, 36.32672341991372)	(160, 37.63478051478852)	(170, 37.68076444059016)	(180, 37.53702453341491)	(190, 37.4794502420342)	(200, 37.75475842205394)	(210, 36.090706276056494)	(220, 34.785702944902916)	(230, 35.923464815935546)	(240, 35.036018961546)	(250, 34.74534406469563)	(260, 34.00313803690621)	(270, 31.723454739505)	(280, 36.00864872637901)	(290, 35.10962431800848)	(300, 33.05089380069292)	(310, 33.4233025269652)	(320, 31.60111932429327)	(330, 33.67382395457357)	(340, 33.9778213838354)	(350, 31.970914187259133)	(360, 31.065508881643503)	(370, 30.643338749973417)	(380, 30.296890742935442)	(390, 30.50032835969198)	(400, 31.908877272391102)	(410, 28.503307541695783)	(420, 26.75674178629105)	(430, 26.821859924103695)	(440, 25.59166142442731)	(450, 26.571226951378218)	(460, 25.625587178718707)	(470, 25.637251338284464)	(480, 27.804392121667348)	(490, 28.95583466472703)	(500, 29.28489127621102)	(510, 29.166288363730633)	(520, 27.24014467614241)	(530, 21.61716721380916)	(540, 17.943846153846156)	(550, 16.74560606060606)	(560, 17.709761904761905)	(570, 18.573809523809523)	(580, 18.703333333333333)	(590, 17.158333333333335)	(600, 17.25)	(610, 17.5)	(620, 13.5)	(630, 11.0)	
SRR1174541	(1, 38.719976273042526)	(2, 38.42526008395693)	(3, 38.33464135791203)	(4, 38.796906369775506)	(5, 38.655822230334)	(6, 38.69127578025187)	(7, 39.02742288738821)	(8, 39.133235991969336)	(9, 39.20747399160431)	(10, 39.55897974082862)	(20, 38.7814336557766)	(30, 37.357406494762174)	(40, 37.989859356843596)	(50, 33.89889659374815)	(60, 37.07441779942176)	(70, 36.31791886287589)	(80, 35.265311037404246)	(90, 35.058238115261716)	(100, 37.096438618265935)	(110, 37.230953449602396)	(120, 37.721454717517815)	(130, 36.28331074019354)	(140, 37.5948613103261)	(150, 36.874040137414354)	(160, 37.61786988137666)	(170, 37.87813583980499)	(180, 37.58702579436725)	(190, 37.28645287903244)	(200, 37.64639589587934)	(210, 35.69541714044407)	(220, 34.357957384052526)	(230, 35.38727524551805)	(240, 34.35507839508788)	(250, 34.154916541199256)	(260, 34.16501486423861)	(270, 31.04404732724654)	(280, 36.003063258045394)	(290, 35.18452901417006)	(300, 34.139717834637864)	(310, 33.2721961343041)	(320, 31.274188568689464)	(330, 34.40629821154273)	(340, 34.38352073650233)	(350, 32.60582069765443)	(360, 32.14506822146926)	(370, 31.841737951934412)	(380, 30.57610810564583)	(390, 30.82111162240816)	(400, 32.91301654680417)	(410, 29.1845675679151)	(420, 26.92358372802942)	(430, 27.138444430798376)	(440, 25.20471072786253)	(450, 26.86023352798727)	(460, 25.971707578475474)	(470, 25.81955697773106)	(480, 28.168160902085326)	(490, 29.808021074931453)	(500, 29.85631025681252)	(510, 29.60386649809891)	(520, 27.288897302431696)	(530, 21.25987453899515)	(540, 19.961571436781107)	(550, 17.98777556076476)	(560, 16.52213665524861)	(570, 18.629151348737263)	(580, 18.86384115884116)	(590, 17.33690476190476)	(600, 17.45)	(610, 19.0)			
SRR1174544	(1, 38.42066863686738)	(2, 38.322220169929814)	(3, 38.288049501292946)	(4, 39.108422608053196)	(5, 38.91697451052826)	(6, 38.99288880679719)	(7, 39.129340598448465)	(8, 39.44823605467307)	(9, 39.48568526043591)	(10, 39.61284170668637)	(20, 38.592100518471746)	(40, 36.25902258055255)	(60, 36.897537824745044)	(80, 35.15984777581648)	(100, 37.16614175265079)	(120, 37.232670617237936)	(140, 37.07012183365166)	(160, 37.625230341919355)	(180, 37.42688661637707)	(200, 36.86265402561593)	(220, 35.051625034134766)	(240, 34.92336445759512)	(260, 32.54072428801243)	(280, 35.5225079718301)	(300, 33.082111362409385)	(320, 31.60098951207099)	(340, 32.87876998118804)	(360, 31.354924350665822)	(380, 30.172581780749475)	(400, 30.28422080583284)	(420, 26.64503416043298)	(440, 25.50683560643295)	(460, 24.83330006405743)	(480, 28.380806405871414)	(500, 29.28189795829893)	(520, 23.81633521257856)	(540, 17.30108678906063)	(560, 17.643298858051438)	(580, 16.820405844155847)	(600, 18.136190476190475)	(620, 14.575)	(640, 14.191666666666666)	(660, 12.588235294117647)																														
SRR1174547	(1, 38.36605595444417)	(2, 38.27222084674425)	(3, 38.24696707105719)	(4, 39.05174548155484)	(5, 38.96830898737311)	(6, 39.04369893538004)	(7, 39.20462985887596)	(8, 39.40170834364942)	(9, 39.43513245852934)	(10, 39.56179747462242)	(20, 38.41870841488388)	(40, 35.89451694191942)	(60, 36.801274403364616)	(80, 35.04502620778329)	(100, 37.12692536689546)	(120, 37.37728082291254)	(140, 37.364974883228484)	(160, 37.79579444950697)	(180, 37.402474473361096)	(200, 36.79393529810882)	(220, 34.79772029768297)	(240, 34.82492419910251)	(260, 32.135557252280805)	(280, 35.652626400213265)	(300, 33.490570414747836)	(320, 31.78562067413467)	(340, 33.53621328091195)	(360, 32.23915647168763)	(380, 30.439016272204572)	(400, 31.195559741486722)	(420, 26.888647207857066)	(440, 25.478285847777723)	(460, 24.98322735837319)	(480, 28.831896223151897)	(500, 29.678145656948878)	(520, 23.950586237627284)	(540, 17.821445972328327)	(560, 16.185416666666665)	(580, 15.544047619047621)	(600, 15.362499999999997)	(620, 18.35833333333333)	(640, 20.375)	(660, 14.7)	(680, 13.433333333333334)																													
SRR1174550	(1, 35.142857142857146)	(2, 35.0)	(3, 35.142857142857146)	(4, 35.142857142857146)	(5, 35.57142857142857)	(6, 36.57142857142857)	(7, 37.0)	(8, 37.285714285714285)	(9, 37.42857142857143)	(10, 38.142857142857146)	(20, 35.94285714285714)	(30, 34.37142857142858)	(40, 36.04285714285715)	(50, 34.63333333333333)	(60, 39.266666666666666)	(70, 39.233333333333334)	(80, 38.983333333333334)	(90, 39.05)	(100, 39.43333333333333)	(110, 39.46666666666667)	(120, 38.03333333333333)	(130, 34.03333333333334)	(140, 36.483333333333334)	(150, 38.016666666666666)	(160, 38.85)	(170, 38.75)	(180, 38.8)	(190, 38.60000000000001)	(200, 38.28333333333333)	(210, 34.266666666666666)	(220, 35.83333333333333)	(230, 35.553333333333335)	(240, 37.50000000000001)	(250, 35.260000000000005)	(260, 35.160000000000004)	(270, 34.96)	(280, 37.18)	(290, 35.56)	(300, 33.3)	(310, 36.38)	(320, 36.68)	(330, 36.660000000000004)	(340, 37.28)	(350, 34.7)	(360, 29.139999999999997)	(370, 34.06)	(380, 34.72)	(390, 38.14)	(400, 35.58)	(410, 32.44)	(420, 28.560000000000002)	(430, 29.259999999999998)	(440, 27.675)	(450, 31.275)	(460, 32.575)	(470, 31.15)	(480, 31.80833333333333)	(490, 33.766666666666666)	(500, 32.4)	(510, 33.2)													
SRR1174551	(1, 38.75271019633312)	(2, 38.3096368087126)	(3, 38.24174451716041)	(4, 38.03841734525653)	(5, 38.71803966628366)	(6, 38.73132837088475)	(7, 39.01543687865315)	(8, 38.94799420492581)	(9, 38.94219913073887)	(10, 39.34438727081981)	(20, 37.86221015182792)	(40, 37.332416623065036)	(60, 36.63889984649036)	(80, 35.3835725836163)	(100, 37.044997122764016)	(120, 37.505549198071286)	(140, 37.110715774050526)	(160, 37.616061212531825)	(180, 37.55294490975603)	(200, 36.6971179301588)	(220, 35.25796187885927)	(240, 34.32137912126495)	(260, 34.339469062048344)	(280, 35.78310241003755)	(300, 34.3012683831256)	(320, 33.45795259209458)	(340, 33.28090257959426)	(360, 31.21283314695741)	(380, 30.128627838569876)	(400, 29.931422843321663)	(420, 26.536067932920453)	(440, 26.381916484005536)	(460, 26.96633131280982)	(480, 28.413650647556373)	(500, 27.900958004903522)	(520, 24.14328502688847)	(540, 17.39182194384139)	(560, 18.696547619047617)	(580, 15.132001527883878)	(600, 15.344518398268397)	(620, 17.947499999999998)	(640, 15.1375)	(660, 14.26666666666667)	(680, 14.625)	(700, 14.45)	(720, 17.75)	(740, 15.5)	(760, 19.4)	(780, 12.875)																								
SRR1174552	(1, 38.411931272797084)	(2, 38.33466116337109)	(3, 38.31311192167403)	(4, 39.098867344979844)	(5, 39.004367440967556)	(6, 39.06767133806873)	(7, 39.21693223267422)	(8, 39.40564407755807)	(9, 39.43732002303705)	(10, 39.5468324054521)	(20, 38.32588797383788)	(40, 37.17799862597515)	(60, 36.96501364022002)	(80, 35.5719905466374)	(100, 37.68293030276059)	(120, 36.817907265663116)	(140, 37.023001228923945)	(160, 37.482001347595876)	(180, 37.506868852507935)	(200, 36.8860461758006)	(220, 35.670628232244965)	(240, 34.13473794773775)	(260, 32.005316704605164)	(280, 34.88282997360788)	(300, 33.46435872782768)	(320, 33.55963662903163)	(340, 33.710571176095854)	(360, 30.651122423385743)	(380, 31.36706394610358)	(400, 30.013538677037314)	(420, 26.03705208193885)	(440, 25.927080329166085)	(460, 25.953866498870337)	(480, 28.648325315302554)	(500, 29.280380291672223)	(520, 24.08014343770438)	(540, 17.865897568204073)	(560, 15.608775252525254)	(580, 16.210773809523808)	(600, 16.045833333333334)	(620, 12.7)	(640, 14.75)	(660, 15.85)	(680, 12.8)	(700, 13.9)	(720, 13.615384615384615)																											
SRR1174553	(1, 38.775629569455724)	(2, 38.53818034118603)	(3, 38.4693744922827)	(4, 38.90105605199025)	(5, 38.737449228269696)	(6, 38.766693744922826)	(7, 39.07164906580016)	(8, 39.198050365556455)	(9, 39.262875710804224)	(10, 39.59138911454102)	(20, 38.33714209048951)	(40, 36.689951970177376)	(60, 36.80570939128798)	(80, 34.9617391437907)	(100, 37.35139747392008)	(120, 37.02714155317135)	(140, 36.987307942528616)	(160, 37.46755122815011)	(180, 37.36662491818415)	(200, 36.57630520961078)	(220, 35.037668272907496)	(240, 34.05117454238904)	(260, 31.27956743970571)	(280, 34.7662409161464)	(300, 33.259955323258794)	(320, 33.23170387275077)	(340, 33.3452694771791)	(360, 30.94435017642316)	(380, 30.12137252191119)	(400, 30.361429024196262)	(420, 26.5367184681371)	(440, 25.80131327134572)	(460, 25.777337310707434)	(480, 28.87974637615663)	(500, 29.43351682612461)	(520, 24.675993196667427)	(540, 18.339101037851044)	(560, 19.15035353535354)	(580, 18.348908730158733)	(600, 15.275)	(620, 14.75)	(640, 16.6)	(660, 17.0)	(680, 20.45)	(700, 17.25)	(720, 18.65)																											
SRR1174554	(1, 38.02709858921848)	(2, 37.947912788051795)	(3, 37.90352074800381)	(4, 39.01311488974391)	(5, 38.94973315129701)	(6, 39.04368871788507)	(7, 39.21662322618013)	(8, 39.40672706962889)	(9, 39.404948078275616)	(10, 39.52686276943445)	(20, 38.02056470952546)	(40, 36.286145697616696)	(60, 36.24913779100603)	(80, 35.023877108974524)	(100, 37.106911732356544)	(120, 36.620895866087665)	(140, 36.843923787440396)	(160, 37.07949098407346)	(180, 37.10782197618093)	(200, 36.55058476950762)	(220, 35.27795099666406)	(240, 33.821464051095084)	(260, 31.193142312887993)	(280, 34.50798842696898)	(300, 33.00213251585543)	(320, 32.63176880287248)	(340, 33.42061083480305)	(360, 31.031920907064602)	(380, 30.31073427315531)	(400, 30.081544596919276)	(420, 26.200735056655326)	(440, 25.628156712624097)	(460, 25.681538876241518)	(480, 28.458521381511325)	(500, 28.903538977993065)	(520, 23.59747963199526)	(540, 17.016909730919973)	(560, 15.606552816518743)	(580, 17.160981934731936)	(600, 17.06875)	(620, 14.932440476190475)	(640, 14.713333333333338)	(660, 16.6875)	(680, 17.13333333333333)	(700, 19.96666666666667)	(720, 18.266666666666662)	(740, 20.675)	(760, 20.307692307692307)																									
SRR1174555	(1, 38.615011965213334)	(2, 37.71692056265686)	(3, 37.649214965271696)	(4, 37.85641744002802)	(5, 37.88466701686803)	(6, 37.95850113815444)	(7, 38.561898091402554)	(8, 38.27555010797875)	(9, 38.27607541002743)	(10, 39.21943033911165)	(20, 37.39894935090551)	(40, 36.42710779088969)	(60, 36.53990290120562)	(80, 35.68288423299087)	(100, 37.71895961574214)	(120, 35.346253828839195)	(140, 35.563757213365285)	(160, 36.78607047576482)	(180, 36.91840317599903)	(200, 36.29686414802373)	(220, 34.89232895787321)	(240, 31.374175482537492)	(260, 33.866370440779484)	(280, 35.39431403037595)	(300, 34.288014613776696)	(320, 35.20336215816922)	(340, 34.94952730058182)	(360, 31.115317356766944)	(380, 31.961899815004596)	(400, 31.228891190968262)	(420, 27.619594879678033)	(440, 27.88708823049323)	(460, 28.09152892239249)	(480, 29.61682348378978)	(500, 29.865655462168046)	(520, 23.131166445181112)	(540, 17.801903306657803)	(560, 17.023261831048206)	(580, 18.061060655031245)	(600, 17.3875)	(620, 16.59267857142857)	(640, 16.35)	(660, 15.245833333333334)	(680, 16.18333333333333)	(700, 16.43333333333333)	(720, 19.25)	(740, 15.0)																										
SRR1174557	(1, 38.90495905787101)	(2, 38.70135247032846)	(3, 38.62287238936425)	(4, 39.01416873677431)	(5, 38.87800165608612)	(6, 38.890790321096695)	(7, 39.14877173613028)	(8, 39.192658018216946)	(9, 39.25089704664643)	(10, 39.56491857576594)	(20, 38.3968971418922)	(40, 36.809888478526844)	(60, 36.923081841350424)	(80, 35.44815269038317)	(100, 37.57547404464416)	(120, 36.79713807729348)	(140, 36.88815679676918)	(160, 37.50602942496268)	(180, 37.42573681710819)	(200, 36.73201145226009)	(220, 35.423485950026105)	(240, 33.723390908414686)	(260, 31.752844081470744)	(280, 34.85591957641237)	(300, 33.40008176640383)	(320, 33.259551416924545)	(340, 33.46574847962286)	(360, 30.853248633462687)	(380, 30.643320672125675)	(400, 30.244649082357814)	(420, 26.328989382260858)	(440, 25.808071622231758)	(460, 25.597970614480438)	(480, 28.659118949687894)	(500, 29.60650359229341)	(520, 24.599139023171052)	(540, 19.442770562770566)	(560, 20.302500000000002)	(580, 12.941666666666666)	(600, 11.375)	(620, 12.675)	(640, 16.575)	(660, 11.525)	(680, 11.2)	(700, 12.6)	(720, 14.4)	(740, 16.3)	(760, 14.9)	(780, 11.2)	(800, 13.05)	(820, 11.9)	(840, 11.6)	(860, 14.4)	(880, 12.7)	(900, 11.0)																		
SRR1174558	(1, 38.07343388748211)	(2, 37.97291643730045)	(3, 37.9500165143675)	(4, 38.91214356490146)	(5, 38.933942530001104)	(6, 39.04145106242431)	(7, 39.22200814708797)	(8, 39.33177364306947)	(9, 39.33320488825278)	(10, 39.49736871077838)	(20, 38.37771413364391)	(40, 36.28350629710668)	(60, 36.62272442804585)	(80, 35.25245918690316)	(100, 37.23708419002068)	(120, 37.18232542541723)	(140, 36.66974664843001)	(160, 37.34885762719427)	(180, 37.3040129100334)	(200, 36.767351762787946)	(220, 35.08806143016583)	(240, 34.35799455830332)	(260, 30.419382615839623)	(280, 34.52848043818021)	(300, 32.56097670226203)	(320, 31.870622407983678)	(340, 33.394965241355344)	(360, 31.13274223087138)	(380, 29.778833441081662)	(400, 29.667731018506164)	(420, 26.230518763297948)	(440, 26.111029558969925)	(460, 25.343371894944656)	(480, 28.42183910059081)	(500, 29.16233465149701)	(520, 23.52668724224987)	(540, 19.344568260611755)	(560, 16.617932900432905)	(580, 17.526388888888892)	(600, 15.997142857142856)	(620, 16.645)	(640, 15.333333333333332)	(660, 14.9)	(680, 19.0)																													
SRR1174562	(1, 38.719762197621975)	(2, 37.842230422304226)	(3, 37.770561705617055)	(4, 37.95928659286593)	(5, 37.984747847478474)	(6, 38.02820828208282)	(7, 38.61566215662157)	(8, 38.372160721607216)	(9, 38.403157031570316)	(10, 39.23813038130382)	(20, 37.81742596271859)	(40, 37.108339188754954)	(60, 36.41460284936739)	(80, 34.988073972066374)	(100, 37.196577125704266)	(120, 37.04355979993398)	(140, 36.60705233448191)	(160, 37.04034402811375)	(180, 36.91894182103756)	(200, 36.424122064992076)	(220, 34.65116447119752)	(240, 33.74599740197293)	(260, 32.82446380070719)	(280, 35.106900072783056)	(300, 33.97405331375309)	(320, 33.56656319664726)	(340, 33.549390799710054)	(360, 31.24230472860804)	(380, 30.490708038625364)	(400, 30.42561978329823)	(420, 27.037782489962858)	(440, 26.52814396279275)	(460, 26.779129130651864)	(480, 29.066922474388956)	(500, 29.16778418587222)	(520, 24.201002689915022)	(540, 17.592275779102916)	(560, 15.719915415466886)	(580, 15.871468253968251)	(600, 15.524285714285716)	(620, 15.14)	(640, 15.95)	(660, 14.7875)	(680, 14.654166666666665)	(700, 16.0)	(720, 12.575)	(740, 13.55)	(760, 10.1)	(780, 10.3)	(800, 13.45)	(820, 8.0)																						
SRR1174563	(1, 38.61523416277301)	(2, 38.13289144844072)	(3, 38.01151798326632)	(4, 37.68738454851679)	(5, 38.39123112028686)	(6, 38.411061610344454)	(7, 38.842985982831685)	(8, 38.85428664565902)	(9, 38.938769966315334)	(10, 39.35255351515811)	(20, 37.83135893378045)	(40, 37.220434937437616)	(60, 36.288620616533876)	(80, 34.659534982327344)	(100, 37.202345037650716)	(120, 37.25571348891992)	(140, 36.77212653172858)	(160, 37.43162799725124)	(180, 37.35368127544314)	(200, 36.437378150358015)	(220, 34.92998099032192)	(240, 33.758444238876336)	(260, 32.535477797142434)	(280, 34.61597821758001)	(300, 33.62499923146387)	(320, 33.08769571747469)	(340, 33.05425025046938)	(360, 30.369524052859912)	(380, 30.196122454300752)	(400, 29.458834474975582)	(420, 26.15883957083637)	(440, 26.111131599257515)	(460, 26.43636881589826)	(480, 28.461402310323262)	(500, 28.504428277648753)	(520, 24.087664298601688)	(540, 16.710851092772327)	(560, 15.86460843790077)	(580, 16.18543094160741)	(600, 16.368632756132754)	(620, 17.800000000000004)	(640, 17.080000000000002)	(660, 17.429166666666667)	(680, 17.45)	(700, 16.733333333333334)	(720, 17.45)	(740, 20.5)	(760, 22.8)	(780, 23.05)	(800, 20.2)	(820, 23.65)	(840, 14.166666666666666)																					
SRR1174565	(1, 38.75953222073334)	(2, 38.53116498152434)	(3, 38.47200227392699)	(4, 39.02732772972753)	(5, 38.95192268648232)	(6, 38.98132131400495)	(7, 39.23384902749015)	(8, 39.24879197628619)	(9, 39.28761115848459)	(10, 39.617322450968445)	(20, 37.934611957177545)	(40, 36.51759597026633)	(60, 36.684522365701206)	(80, 35.435200836583554)	(100, 37.600514729730335)	(120, 36.45750167288408)	(140, 37.01677526180037)	(160, 37.56837741772469)	(180, 37.45419607136173)	(200, 36.562956995601944)	(220, 34.933562243385566)	(240, 32.84037559406726)	(260, 33.00147853575943)	(280, 34.74768513123962)	(300, 33.52076795429482)	(320, 33.87311223149662)	(340, 34.380026508744386)	(360, 31.071289650796512)	(380, 30.620898493661873)	(400, 30.317527011322625)	(420, 26.682237757735997)	(440, 26.261351814621598)	(460, 26.426879427571738)	(480, 28.706485060164965)	(500, 29.221556051012413)	(520, 24.038082966327018)	(540, 18.298660285761756)	(560, 18.14464033021502)	(580, 18.05926656676656)	(600, 18.63214285714286)	(620, 19.335)	(640, 18.116666666666667)	(660, 20.225)	(680, 23.05)																													
SRR1174566	(1, 38.69681207518269)	(2, 38.5641254746785)	(3, 38.49561221559179)	(4, 39.206401378562084)	(5, 39.03427258512302)	(6, 39.11599706417334)	(7, 39.225069406771546)	(8, 39.47142355681782)	(9, 39.46299901075406)	(10, 39.57753454382997)	(20, 38.512225527445935)	(40, 36.30623828250735)	(60, 36.97313601874521)	(80, 35.56141516450175)	(100, 37.488653815692814)	(120, 37.00522484882041)	(140, 37.303227552842706)	(160, 37.81651728172518)	(180, 37.68573691232085)	(200, 37.09436355664393)	(220, 35.46072802002281)	(240, 34.70863496826428)	(260, 32.08832691382176)	(280, 35.61702751749325)	(300, 33.35546054830915)	(320, 33.37092359223816)	(340, 35.05632334464677)	(360, 32.394251667922425)	(380, 31.23862971783071)	(400, 31.800950427128953)	(420, 27.521283339360224)	(440, 26.53999051172743)	(460, 25.86546980318635)	(480, 29.17050365380471)	(500, 30.149476668515508)	(520, 24.32080356216936)	(540, 18.82184888772798)	(560, 17.63101003068895)	(580, 16.625273953769753)	(600, 16.80185754046435)	(620, 17.44697802197802)	(640, 16.407214452214454)	(660, 16.945833333333333)	(680, 15.458333333333332)	(700, 18.3)	(720, 20.2)	(740, 16.272727272727273)																										
SRR1174567	(1, 38.636317091902036)	(2, 38.360738970901956)	(3, 38.310478709787525)	(4, 38.9838296783002)	(5, 38.94252922604318)	(6, 38.99825070398498)	(7, 39.251087976789826)	(8, 39.19054526836761)	(9, 39.2200699718406)	(10, 39.6233168359075)	(20, 37.97612582665323)	(40, 36.415950484707864)	(60, 36.07953424122725)	(80, 34.986379060468366)	(100, 37.34304370703492)	(120, 36.663718642829544)	(140, 36.74281508124493)	(160, 37.46563134708953)	(180, 37.36850923252488)	(200, 36.4909142316758)	(220, 34.83529267511766)	(240, 33.11091739106136)	(260, 32.572988193515975)	(280, 34.519125079129786)	(300, 32.82195232209919)	(320, 33.4443886980301)	(340, 33.725351922050706)	(360, 30.312183440472893)	(380, 30.07429107642926)	(400, 29.82433498742426)	(420, 26.055451525095826)	(440, 25.912905785064474)	(460, 25.986127485091725)	(480, 28.264567633974387)	(500, 29.140335347276753)	(520, 24.02909679457474)	(540, 17.519343647433644)	(560, 16.611691200526337)	(580, 16.225860389610393)	(600, 16.976190476190474)	(620, 16.245833333333334)	(640, 19.3125)	(660, 16.808333333333334)	(680, 17.725)	(700, 21.0)																												
SRR1174570	(1, 38.384934483439785)	(2, 38.26407453743333)	(3, 38.22140646605649)	(4, 38.992559425824716)	(5, 38.882794495292025)	(6, 38.97297030354909)	(7, 39.112003687364194)	(8, 39.27540001316916)	(9, 39.26618160268651)	(10, 39.36205965628498)	(20, 37.59507155025758)	(40, 36.74663278228525)	(60, 36.22789856960556)	(80, 35.53363535921248)	(100, 37.52077332601748)	(120, 35.76567835745309)	(140, 35.677845768923866)	(160, 36.61236282078351)	(180, 36.89186210039895)	(200, 36.4065809602465)	(220, 35.26851505640367)	(240, 32.641553438844994)	(260, 33.71557109509792)	(280, 35.15709254751428)	(300, 33.174976562321405)	(320, 34.48558112840031)	(340, 34.397808572709614)	(360, 30.163074576495283)	(380, 31.366058383281267)	(400, 30.23387591669063)	(420, 26.108694651056037)	(440, 26.51515128997603)	(460, 26.657426909899563)	(480, 28.252340616220145)	(500, 28.823760208110787)	(520, 23.08872048619143)	(540, 17.60977944513503)	(560, 16.017157047757728)	(580, 16.964285130718956)	(600, 15.872701465201468)	(620, 16.923409090909093)	(640, 14.926111111111112)	(660, 14.660416666666668)	(680, 14.525)	(700, 15.31214285714286)	(720, 13.935833333333335)	(740, 12.383333333333333)	(760, 14.775)	(780, 13.925)	(800, 15.7)	(820, 17.85)	(840, 13.95)	(860, 15.35)	(880, 16.05)	(900, 18.05)	(920, 13.7)	(940, 11.0)																
SRR1174571	(1, 38.353164937101674)	(2, 38.23123894691181)	(3, 38.179919249891555)	(4, 39.00670693049484)	(5, 38.736961526911145)	(6, 38.80666688911876)	(7, 38.9355000166839)	(8, 39.29854182655411)	(9, 39.316727284861024)	(10, 39.41208582201609)	(20, 37.89684633106463)	(40, 35.94830896611616)	(60, 36.66183526064233)	(80, 35.137960201430815)	(100, 37.04363370636924)	(120, 36.62143417605562)	(140, 36.5360783692809)	(160, 36.98630434472828)	(180, 36.79096083775844)	(200, 36.171918864804944)	(220, 34.40207701370802)	(240, 33.472201871392706)	(260, 31.613204526462265)	(280, 34.91022793735463)	(300, 32.96724921266427)	(320, 32.694185608845544)	(340, 34.66701225045278)	(360, 31.868406455835746)	(380, 30.587294999071283)	(400, 30.903181370284223)	(420, 26.624422362826362)	(440, 25.694229484093604)	(460, 25.44264020102396)	(480, 28.658101394052512)	(500, 29.205460145327873)	(520, 23.23735009230453)	(540, 17.6347153595341)	(560, 17.36247756780184)	(580, 17.6991333140805)	(600, 16.682189354505148)	(620, 17.4891972814767)	(640, 17.418611111111108)	(660, 16.207638888888887)	(680, 15.871666666666666)	(700, 15.541666666666668)	(720, 17.175)	(740, 16.025)	(760, 11.45)	(780, 13.55)	(800, 12.75)	(820, 12.333333333333334)																						
SRR1174574	(1, 38.86939324420536)	(2, 38.62898504865122)	(3, 38.58326081797326)	(4, 39.095720275294674)	(5, 39.05102444426865)	(6, 39.07151332964164)	(7, 39.290720670833004)	(8, 39.210742820979355)	(9, 39.239379795902224)	(10, 39.605157819792744)	(20, 38.90063286132426)	(30, 37.05173845703634)	(40, 37.7944821419113)	(50, 35.58763870110621)	(60, 36.12976404825321)	(70, 35.53435258209002)	(80, 35.17476487938895)	(90, 35.36057784504501)	(100, 37.36734769325815)	(110, 37.607814707508886)	(120, 37.77736031398599)	(130, 36.169882891551666)	(140, 37.394920100795325)	(150, 36.517817212850545)	(160, 37.51945441413291)	(170, 37.748513043364866)	(180, 37.550334400309175)	(190, 37.37658080155935)	(200, 37.51445252287094)	(210, 35.821247665379836)	(220, 34.81980087914998)	(230, 35.37409774895353)	(240, 33.94220966753193)	(250, 32.97013802171229)	(260, 34.08806157784631)	(270, 31.626512821615638)	(280, 34.3501273704624)	(290, 34.37174268025783)	(300, 33.32211503446986)	(310, 33.7228896236642)	(320, 33.646208642335154)	(330, 35.29897005623413)	(340, 35.23147715414421)	(350, 32.56129284592219)	(360, 31.344701108122912)	(370, 30.811740737235926)	(380, 30.229434382983452)	(390, 30.51323603016806)	(400, 31.85422341340174)	(410, 28.68936355391897)	(420, 26.58719288937699)	(430, 26.78656257233094)	(440, 26.009382222103188)	(450, 26.339345858121646)	(460, 26.455028262680532)	(470, 26.587264713452498)	(480, 27.764356168954464)	(490, 29.18196556634166)	(500, 29.392737594880465)	(510, 29.01902332411463)	(520, 27.302711500593926)	(530, 21.770459599421535)	(540, 18.444444444444446)	(550, 19.447023809523813)	(560, 17.901666666666667)	(570, 17.825)	(580, 18.55)	(590, 16.2)	(600, 18.5)	(610, 15.7)	(620, 17.7)	(630, 16.2)	(640, 20.5)
SRR1174575	(1, 38.46940127388535)	(2, 38.05650955414013)	(3, 37.90899363057325)	(4, 37.5379872611465)	(5, 38.229910828025474)	(6, 38.23271337579618)	(7, 38.631235668789806)	(8, 38.67459872611465)	(9, 38.81462420382166)	(10, 39.24860127388535)	(20, 37.56862961834322)	(40, 37.21059406984905)	(60, 35.98203202014146)	(80, 35.380957165339055)	(100, 37.47005266038313)	(120, 36.607869544031665)	(140, 36.518580793359504)	(160, 37.23738509337248)	(180, 37.434478772754)	(200, 36.55761265915871)	(220, 35.58556194361758)	(240, 32.448810619781284)	(260, 33.20981421338449)	(280, 34.70082204374574)	(300, 33.14549216941861)	(320, 33.42033044937723)	(340, 33.18104801485832)	(360, 29.462032267789766)	(380, 29.98591411294902)	(400, 28.966160630623524)	(420, 24.946433073689683)	(440, 25.5025075711971)	(460, 26.183770259728174)	(480, 27.470564254265604)	(500, 28.13840634791966)	(520, 24.803792557159824)	(540, 17.209112042714988)	(560, 14.964814352314352)	(580, 16.2925)	(600, 15.749999999999996)	(620, 17.086904761904762)	(640, 17.954166666666662)	(660, 22.725)	(680, 17.4)	(700, 20.4)	(720, 14.2)	(740, 13.428571428571429)																										
SRR1174576	(1, 38.56016731016731)	(2, 38.48562848562849)	(3, 38.473509223509225)	(4, 39.1727262977263)	(5, 39.124249249249246)	(6, 39.18275418275418)	(7, 39.30925568425568)	(8, 39.5019305019305)	(9, 39.50246675246675)	(10, 39.56113792363792)	(20, 38.0513033326373)	(40, 37.603350284996495)	(60, 36.51116519119737)	(80, 35.522884328085965)	(100, 37.8111653365351)	(120, 36.500819852736335)	(140, 36.63299298799913)	(160, 37.38587127813129)	(180, 37.57611543685249)	(200, 36.82910043682336)	(220, 35.416063313651236)	(240, 32.11794114832107)	(260, 31.163958977380496)	(280, 34.04280812752068)	(300, 32.90720965417945)	(320, 33.70821458704122)	(340, 33.332083811401176)	(360, 29.267903639875477)	(380, 30.02266495939826)	(400, 28.51463348679036)	(420, 24.846555607455937)	(440, 25.616422564477887)	(460, 25.80819296129207)	(480, 27.86999223140979)	(500, 28.753160882317747)	(520, 23.20175200664843)	(540, 15.058333333333334)	(560, 15.450000000000003)	(580, 15.15)	(600, 13.6)	(620, 13.2)	(640, 12.05)	(660, 11.55)	(680, 12.0)	(700, 12.3)	(720, 11.4)	(740, 11.95)	(760, 12.15)	(780, 15.4)																								
SRR1174577	(1, 38.35149795958993)	(2, 37.424579476460636)	(3, 37.339355031352646)	(4, 37.77209614810391)	(5, 37.79578481138648)	(6, 37.84923360207027)	(7, 38.50398128794665)	(8, 38.353762317109585)	(9, 38.396934408281076)	(10, 39.20400617099632)	(20, 37.71406875611539)	(40, 35.63080382665518)	(60, 36.10809030894527)	(80, 34.85724772036584)	(100, 36.89544639434533)	(120, 36.56574172655409)	(140, 36.11853190567757)	(160, 36.74176863117648)	(180, 36.46277018784288)	(200, 36.29529705114028)	(220, 34.279998191548216)	(240, 33.19780367647304)	(260, 30.651549909981913)	(280, 34.674545828486735)	(300, 33.18296759778132)	(320, 33.078009686976046)	(340, 33.98247942057567)	(360, 31.317408535808823)	(380, 30.192053377963852)	(400, 30.302793742675355)	(420, 26.494756386489293)	(440, 25.885637761725995)	(460, 25.558066925825074)	(480, 28.557063253080212)	(500, 29.24822608140379)	(520, 24.42315484324516)	(540, 18.54765869881941)	(560, 17.615904907118882)	(580, 17.147092433899722)	(600, 17.099877474046274)	(620, 17.75098484848485)	(640, 17.10736111111111)	(660, 15.252083333333335)	(680, 16.424999999999997)	(700, 16.93333333333333)	(720, 18.355833333333333)	(740, 16.75)																										
SRR1174581	(1, 38.90481790081978)	(2, 38.258936970837254)	(3, 38.18250235183443)	(4, 38.33422927025937)	(5, 38.31343233436366)	(6, 38.32277247681763)	(7, 38.79250100792904)	(8, 38.58745464319312)	(9, 38.624781615374275)	(10, 39.35243918828114)	(20, 37.683063756690586)	(40, 37.43653765397945)	(60, 36.817453542648764)	(80, 36.25691256233844)	(100, 38.07545482723861)	(120, 35.892427100250885)	(140, 36.76848657539995)	(160, 37.47126603191332)	(180, 37.72491513359974)	(200, 37.204703471621265)	(220, 36.26653366674062)	(240, 32.67852173613851)	(260, 34.04509494557318)	(280, 35.6432818419231)	(300, 34.711874430398154)	(320, 35.50261768386146)	(340, 35.203499347021946)	(360, 31.258143787683956)	(380, 32.24501315380548)	(400, 30.925109314166008)	(420, 27.576539321688045)	(440, 28.04104178540884)	(460, 28.331416895886843)	(480, 29.63735087170513)	(500, 29.882130977509725)	(520, 24.63673845246519)	(540, 17.566599742510206)	(560, 17.42622838473925)	(580, 16.908815789473685)	(600, 16.714266210870314)	(620, 16.10377976190476)	(640, 15.822727272727272)	(660, 16.73720238095238)	(680, 16.6175)	(700, 17.916666666666664)	(720, 17.85)	(740, 18.4)	(760, 18.928571428571427)																									
SRR1174582	(1, 38.623808333630876)	(2, 38.4958046202735)	(3, 38.44731674224301)	(4, 39.12589709715428)	(5, 39.10115328310779)	(6, 39.197593458778165)	(7, 39.31156496590138)	(8, 39.40979040954047)	(9, 39.4036133823687)	(10, 39.5353483057807)	(20, 37.68367476678336)	(40, 37.29548526253759)	(60, 36.324302900714294)	(80, 35.94772167642821)	(100, 37.890581164775966)	(120, 35.90278101275046)	(140, 36.44718030722761)	(160, 37.332963753247384)	(180, 37.70724201271276)	(200, 36.995308536617586)	(220, 36.232085673741416)	(240, 32.74991053711811)	(260, 33.55392092969647)	(280, 35.11351470397336)	(300, 33.894046777966764)	(320, 34.619192166901016)	(340, 34.804847704084175)	(360, 30.569983512433573)	(380, 31.951923666369925)	(400, 30.186908803002904)	(420, 26.064577482523482)	(440, 26.78233148248491)	(460, 27.133133346409874)	(480, 28.850741520925993)	(500, 29.393238076601513)	(520, 23.660346326502022)	(540, 16.18690325767972)	(560, 17.128710993169197)	(580, 15.742805527805526)	(600, 14.400178571428569)	(620, 14.583333333333332)	(640, 17.645833333333336)	(660, 15.491666666666669)	(680, 17.2)																													
SRR1174584	(1, 38.633692898586254)	(2, 37.800849881506906)	(3, 37.715126256435404)	(4, 37.976791697311434)	(5, 37.93756639699273)	(6, 37.94733186238457)	(7, 38.52022554547683)	(8, 38.41676881588624)	(9, 38.46735310942224)	(10, 39.236475443327606)	(20, 37.470857255320155)	(40, 36.58732907910707)	(60, 36.278336394368196)	(80, 35.301329105502134)	(100, 37.39447592990866)	(120, 36.4813251851934)	(140, 35.93128672244883)	(160, 36.722230688828546)	(180, 36.86422618033634)	(200, 36.330022338498274)	(220, 34.93340679076364)	(240, 32.96534661807742)	(260, 31.76344143728354)	(280, 34.658962781178616)	(300, 32.848079236365884)	(320, 33.646016455354115)	(340, 33.98942993560774)	(360, 30.97567949633447)	(380, 30.535207041949473)	(400, 30.069183369165433)	(420, 26.296892649923148)	(440, 26.224825050732484)	(460, 26.29441440705832)	(480, 28.46910696774762)	(500, 29.06453381268393)	(520, 23.850513781688853)	(540, 18.64279992932844)	(560, 16.702247759093634)	(580, 15.228315410080114)	(600, 16.272222222222222)	(620, 16.915476190476188)	(640, 17.208333333333336)	(660, 16.927500000000002)	(680, 14.14166666666667)	(700, 17.45)	(720, 18.6)																											
SRR1174585	(1, 38.61325105553751)	(2, 38.3507632348165)	(3, 38.26255277687561)	(4, 38.08379343942838)	(5, 38.89912309191296)	(6, 38.913478402078596)	(7, 39.184865215979215)	(8, 39.173952582007146)	(9, 39.22325430334524)	(10, 39.53146476128613)	(20, 37.412647303298584)	(40, 36.9077525498558)	(60, 36.23576684484936)	(80, 35.14785749785909)	(100, 37.27802335583142)	(120, 36.39695335967998)	(140, 36.19331243417763)	(160, 36.8851109247505)	(180, 37.13832912766418)	(200, 36.09279582794228)	(220, 34.861260225812856)	(240, 31.739193767343245)	(260, 30.938500208261253)	(280, 33.47967232455326)	(300, 32.62566093159608)	(320, 32.76289968302236)	(340, 32.639621567081534)	(360, 29.505573360514056)	(380, 29.42609415367581)	(400, 28.582518091261722)	(420, 24.671536375396034)	(440, 25.0154510834552)	(460, 25.76926925361745)	(480, 27.71700287990937)	(500, 28.167180156365355)	(520, 24.770742985501915)	(540, 18.402370149873015)	(560, 15.576275252525253)	(580, 16.232678571428572)	(600, 18.51666666666667)	(620, 17.73333333333333)	(640, 16.075)	(660, 11.15)	(680, 12.8)	(700, 12.25)	(720, 12.1)	(740, 11.176470588235293)																										
SRR1174587	(1, 38.574615384615385)	(2, 38.118782051282054)	(3, 37.99448717948718)	(4, 37.6826282051282)	(5, 38.418076923076924)	(6, 38.43076923076923)	(7, 38.80185897435897)	(8, 38.79891025641026)	(9, 38.92455128205128)	(10, 39.40472435897436)	(20, 37.8660521959692)	(40, 37.409547115335414)	(60, 36.16290194607083)	(80, 34.626506346274624)	(100, 37.19335236907109)	(120, 37.01138329699867)	(140, 36.63959192093022)	(160, 37.152778067190056)	(180, 37.30256049356076)	(200, 36.35852105788395)	(220, 34.63809277661244)	(240, 32.73336059702545)	(260, 31.31787074680468)	(280, 33.99146657518569)	(300, 33.078621360594376)	(320, 32.285491030520625)	(340, 32.371693509350855)	(360, 29.445380827335974)	(380, 29.38550851169694)	(400, 28.270863111347886)	(420, 25.230932386837843)	(440, 25.804525675043617)	(460, 25.92767603293738)	(480, 27.516618160046715)	(500, 27.53595561859283)	(520, 24.479405764462367)	(540, 18.579096112221116)	(560, 17.154633838383837)	(580, 17.30166666666667)	(600, 19.3625)	(620, 17.0625)	(640, 16.475)	(660, 17.558333333333334)	(680, 25.8)	(700, 13.75)	(720, 17.0)	(740, 14.5)																										
SRR1174588	(1, 38.467532467532465)	(2, 38.36274276182533)	(3, 38.34278565471226)	(4, 39.10038127010604)	(5, 39.02847611104492)	(6, 39.123614917192896)	(7, 39.26939115929942)	(8, 39.454664601453594)	(9, 39.46455379482902)	(10, 39.56580483736447)	(20, 37.66443144757109)	(40, 37.16819577728183)	(60, 36.42737737699257)	(80, 35.81819160159692)	(100, 37.73855566281128)	(120, 36.08470072580445)	(140, 36.703455967993165)	(160, 37.48744051134502)	(180, 37.574933271685964)	(200, 36.81972915046366)	(220, 35.737552819930684)	(240, 32.54719613780074)	(260, 34.228821557820666)	(280, 35.532763681101834)	(300, 33.88684836021425)	(320, 34.0006969933036)	(340, 33.908358271675255)	(360, 29.731803381805594)	(380, 31.174451129867986)	(400, 30.134988519745995)	(420, 26.369004737186465)	(440, 26.694895266224137)	(460, 26.930325523921965)	(480, 28.471434060877936)	(500, 29.1464553443622)	(520, 24.118044702873384)	(540, 13.309166666666666)	(560, 15.55)	(580, 16.325)	(600, 17.5)	(620, 16.0)	(640, 15.3)	(660, 16.2)	(680, 19.0)	(700, 13.6)	(720, 11.0)																											
SRR1174589	(1, 38.89437436072281)	(2, 38.1945448346403)	(3, 38.11662688941925)	(4, 38.19843163995909)	(5, 38.196840550062504)	(6, 38.21522900329583)	(7, 38.70723945902944)	(8, 38.41513808387317)	(9, 38.41438799863621)	(10, 39.25856120013638)	(20, 37.38315580380719)	(40, 37.29144247073509)	(60, 37.27340113693173)	(80, 36.54591243557401)	(100, 38.294707095033466)	(120, 35.44889166750808)	(140, 36.937393995632604)	(160, 37.717305174509406)	(180, 37.99945393731831)	(200, 37.324499110386434)	(220, 36.50023745446817)	(240, 32.46830762729814)	(260, 35.832790692256125)	(280, 36.29001121228287)	(300, 35.2110410438907)	(320, 36.12929693493348)	(340, 35.5269822990487)	(360, 31.65653593733906)	(380, 33.207745818991654)	(400, 31.85936834797502)	(420, 28.49856424412833)	(440, 28.98381075029003)	(460, 29.497878166680152)	(480, 29.806439843480963)	(500, 29.846483721919263)	(520, 23.45027669924658)	(540, 15.626735477370014)	(560, 17.130253773319787)	(580, 17.967047152194212)	(600, 18.27169305199046)	(620, 16.449924142155837)	(640, 14.917032832363713)	(660, 15.880419580419584)	(680, 16.512727272727272)	(700, 18.68166666666667)	(720, 15.519206349206346)	(740, 17.51666666666667)	(760, 12.461538461538462)																									
SRR5368774	(1, 31.946214048214213)	(2, 32.19948573950108)	(3, 32.28412409564573)	(4, 35.873660890673236)	(5, 35.74199428230649)	(6, 35.6761572093797)	(7, 35.66581230116849)	(8, 35.63184236885529)	(9, 37.26941872622923)	(10, 37.242742006014716)	(12, 37.139018449077014)	(14, 38.335079980172566)	(16, 38.20602039797697)	(18, 38.071145937160054)	(20, 37.9444960109564)	(22, 37.724946743310156)	(24, 37.72218037700704)	(26, 37.53530424296834)	(28, 37.44877455421991)	(30, 37.54056107180188)	(32, 37.49971105186264)	(34, 37.33545843387703)	(36, 37.15129792598612)	(38, 36.95667433345511)	(40, 36.714679992653714)	(42, 36.37106518744518)	(44, 36.05099875293868)	(46, 35.7297010173117)	(48, 35.316319609965305)	(50, 34.85699634291501)	(52, 34.45138030185947)	(54, 33.934810866823184)	(56, 33.53385900925301)	(58, 32.9857280277203)	(60, 32.51319988594496)	(62, 32.002459644069845)	(64, 31.540072589173693)	(66, 31.072121072361426)	(68, 30.601774799046172)	(70, 30.177063654845142)	(72, 29.723564767660648)	(74, 29.374486897282456)	(76, 28.742238791025883)	(78, 28.886011614381438)	(80, 28.7512930592097)	(82, 28.514141386573684)	(84, 28.130569193736427)	(86, 27.74230679553574)	(88, 27.42127128422915)	(90, 27.05163589619975)	(92, 26.622516759501707)	(94, 26.06521670934817)	(96, 25.50520969864977)	(98, 24.943912791644962)																			
SRR5368775	(1, 38.82689569321428)	(2, 38.48473504625608)	(3, 38.22928327706182)	(4, 38.067588504491276)	(5, 37.948576494926606)	(6, 37.839254529334326)	(7, 37.74302576548661)	(8, 37.677326909126734)	(9, 37.778929079983165)	(10, 37.63785565237639)	(20, 37.41189935144298)	(40, 37.01494053130394)	(60, 36.815684647594416)	(80, 36.71593623166866)	(100, 36.4944764475485)	(120, 36.23581937580012)	(140, 36.05571679130422)	(160, 35.81110600704734)	(180, 35.48372929613515)	(200, 35.13204798028993)	(220, 34.8212343438484)	(240, 34.42914105014157)	(260, 34.033269014329115)	(280, 33.677831705538324)	(300, 33.346500063348756)	(320, 32.82226156951337)	(340, 32.35628867394306)	(360, 31.947940771474663)	(380, 31.516816524099404)	(400, 31.21567736266378)	(420, 30.88648320818058)	(440, 30.480974870431805)	(460, 30.03830434475709)	(480, 29.52053558049355)	(500, 29.103008036210202)	(520, 28.59132436229013)	(540, 28.08441199788341)	(560, 27.557211261098995)	(580, 27.171200620902557)	(600, 26.71012511100007)	(620, 26.361182616745754)	(640, 25.73664163724834)	(660, 25.31982716557352)	(680, 25.018111123348543)	(700, 24.380074555747374)	(720, 24.108156708528828)	(740, 23.863093280401927)	(760, 23.543871407429787)	(780, 22.39519294827)	(800, 22.041795063941407)	(820, 21.868923427933385)	(840, 21.705570425928)	(860, 21.52757598244554)	(880, 21.380064611723252)	(900, 21.24868587002005)	(920, 21.18157977808382)	(940, 21.05999388954853)	(960, 20.965176771522003)	(980, 20.78809400275521)	(1000, 20.637322613021578)	(1020, 20.550526665072134)	(1040, 20.419706917607204)	(1060, 20.146493036213553)	(1080, 20.26602194855428)	(1100, 21.065610516934047)	(1120, 23.054166666666667)	(1140, 23.7)	(1160, 23.11111111111111)					
SRR5368776	(1, 37.933816906651934)	(2, 37.58889862974216)	(3, 37.44476335731184)	(4, 37.355954797103365)	(5, 37.2818335755203)	(6, 37.21004215254176)	(7, 37.13216202908645)	(8, 37.074841777852505)	(9, 37.00898293482569)	(10, 36.897475651202726)	(20, 36.76774672533306)	(40, 36.53581521179264)	(60, 36.529915408681646)	(80, 36.49518031145258)	(100, 36.42781764469008)	(120, 36.33847360953297)	(140, 36.161794482637866)	(160, 35.91094247037563)	(180, 35.646010687352614)	(200, 35.21970031901073)	(220, 34.74025122112299)	(240, 34.26466842779028)	(260, 33.84655021563067)	(280, 33.38367560135228)	(300, 32.79988126264756)	(320, 32.286760427709225)	(340, 31.155096380300517)	(360, 30.156459562456785)	(380, 29.36952091099629)	(400, 26.727424010240572)	(420, 24.757659511799474)	(440, 24.529098386895807)	(460, 24.246148695180356)	(480, 23.810463906515455)	(500, 23.18909480926549)	(520, 22.372570001773617)	(540, 21.57458213152089)	(560, 20.97769817918328)	(580, 20.34820588989208)	(600, 19.86531902251067)	(620, 16.712611832611834)	(640, 11.899999999999999)	(660, 13.3)	(680, 16.225)	(700, 13.7)	(720, 17.775)	(740, 17.6)	(760, 17.65)	(780, 19.05)	(800, 15.0)	(820, 17.9)	(840, 19.55)	(860, 21.0)																				
SRR5368777	(1, 38.61499210302515)	(2, 38.28210424006804)	(3, 38.0133641112866)	(4, 37.86028429109464)	(5, 37.75810958571255)	(6, 37.6335803669056)	(7, 37.55169481229498)	(8, 37.545498724334834)	(9, 37.56554489126473)	(10, 37.40518770501762)	(20, 37.18326493228322)	(40, 36.812113432409845)	(60, 36.8002542261781)	(80, 36.76202916045754)	(100, 36.76240115044995)	(120, 36.67227507980693)	(140, 36.50462048239641)	(160, 36.390544695914784)	(180, 36.20450072284594)	(200, 35.764597959823995)	(220, 35.35591031544282)	(240, 35.03198041482296)	(260, 34.707205608791355)	(280, 34.30171089450913)	(300, 33.79282315483901)	(320, 33.24916768449285)	(340, 32.302107257727066)	(360, 31.40030960537453)	(380, 30.691849330598284)	(400, 28.03467246553235)	(420, 25.944902257437427)	(440, 25.452428280122884)	(460, 25.273597822586066)	(480, 24.693430987526995)	(500, 24.086698442544623)	(520, 23.338457994580224)	(540, 22.18605718139329)	(560, 19.961685272633897)	(580, 16.454642857142854)	(600, 14.516666666666666)	(620, 12.083333333333334)	(640, 18.958333333333332)	(660, 18.25)	(680, 18.95)	(700, 21.4)	(720, 12.0)																											
SRR5368778	(1, 32.44360799160583)	(2, 32.69660807089737)	(3, 32.80097472789338)	(4, 36.25568541810185)	(5, 36.17501559263954)	(6, 36.1564961500601)	(7, 36.13859323381979)	(8, 36.11609304340993)	(9, 37.86064949825447)	(10, 37.84123951861686)	(12, 37.793874536978834)	(14, 39.21001773201829)	(16, 39.09816600384843)	(18, 38.98212168688174)	(20, 38.91096041276806)	(22, 38.72950564375539)	(24, 38.825520264958115)	(26, 38.735829303628044)	(28, 38.66478353712964)	(30, 38.736287255781804)	(32, 38.68030348684083)	(34, 38.550918866633594)	(36, 38.445718919930584)	(38, 38.34494260391056)	(40, 38.21303350257509)	(42, 38.03371108410721)	(44, 37.82824933672862)	(46, 37.63116790673865)	(48, 37.41114139543079)	(50, 37.13398688785984)	(52, 36.868488609154326)	(54, 36.561121876420856)	(56, 36.293590477097275)	(58, 35.892900699382615)	(60, 35.55654157298555)	(62, 35.148165065571185)	(64, 34.686557975422325)	(66, 34.2769582423622)	(68, 33.83899802226084)	(70, 33.33458875894816)	(72, 32.90369000805461)	(74, 32.48231264762539)	(76, 31.731706641364458)	(78, 31.782479213160705)	(80, 31.593427277276174)	(82, 31.279322638820872)	(84, 30.961093125686894)	(86, 30.55503882779602)	(88, 30.208020392105347)	(90, 29.90204051488248)	(92, 29.588913337408442)	(94, 29.127072362109054)	(96, 28.684971735997358)	(98, 28.29031280635063)																			
SRR5368779	(1, 38.63144943386516)	(2, 38.31744563818837)	(3, 38.096886258363355)	(4, 37.94963490735975)	(5, 37.84443354348945)	(6, 37.764257913021105)	(7, 37.68865800308801)	(8, 37.63847786927432)	(9, 37.677978641276376)	(10, 37.69260486361297)	(20, 37.534600156764824)	(40, 37.28242950028162)	(60, 37.16803001810632)	(80, 37.09208347343082)	(100, 36.882706201924314)	(120, 36.64557102673335)	(140, 36.437450711064855)	(160, 36.17988001356626)	(180, 35.656834996540944)	(200, 35.34260128814288)	(220, 35.02613114701673)	(240, 34.60972241571088)	(260, 34.200947937302)	(280, 33.841002831737164)	(300, 33.36108429646892)	(320, 32.82883460468918)	(340, 32.33124876197311)	(360, 31.860949295659275)	(380, 31.38755805750093)	(400, 30.975561594399274)	(420, 30.550016034718357)	(440, 30.046772433793784)	(460, 29.527975875930668)	(480, 28.84498589684104)	(500, 28.257177279403557)	(520, 27.368150049392703)	(540, 26.722077501636942)	(560, 26.04518596478914)	(580, 25.485351222064786)	(600, 24.85907171342982)	(620, 24.27653192446145)	(640, 23.71426026647615)	(660, 22.78537859560533)	(680, 22.534996219229583)	(700, 22.115953693671408)	(720, 21.908799008781063)	(740, 21.79932905268968)	(760, 21.639492455948677)	(780, 20.784233160935678)	(800, 20.61545043719987)	(820, 20.603286182319398)	(840, 20.608399097672454)	(860, 20.65115349470352)	(880, 20.67945123116265)	(900, 20.7373241264278)	(920, 20.78742687537831)	(940, 20.735741153523584)	(960, 20.75812350452928)	(980, 20.63855533519287)	(1000, 20.574453527562163)	(1020, 20.301238874423166)	(1040, 20.255964290218124)	(1060, 20.256166442223588)	(1080, 19.686083676445485)	(1100, 21.03168392404075)	(1120, 18.076549145299143)	(1140, 17.45)	(1160, 18.428571428571427)					
SRR5368780	(1, 31.820248024436104)	(2, 32.0756909751114)	(3, 32.11571788498792)	(4, 35.72988748062387)	(5, 35.63071304126799)	(6, 35.59118813149143)	(7, 35.59488945547134)	(8, 35.546979311543694)	(9, 37.14147170738847)	(10, 37.12675512383068)	(12, 37.037774298136476)	(14, 38.22439668692554)	(16, 38.1118193786078)	(18, 38.01434597923659)	(20, 37.91887436244686)	(22, 37.72522295348264)	(24, 37.80353637564394)	(26, 37.64933826638128)	(28, 37.5801172401857)	(30, 37.627250432874526)	(32, 37.55729621021474)	(34, 37.43884279407041)	(36, 37.31595956356857)	(38, 37.11828429937242)	(40, 36.93639085721473)	(42, 36.732237184977784)	(44, 36.492812754094174)	(46, 36.26400149501067)	(48, 35.97741144807889)	(50, 35.67017432685675)	(52, 35.36488983721647)	(54, 35.01296924514555)	(56, 34.708561586202535)	(58, 34.31362065823744)	(60, 33.944334179315945)	(62, 33.539530424311025)	(64, 33.14176433921588)	(66, 32.73610336658977)	(68, 32.3258862119786)	(70, 31.94786636023295)	(72, 31.544887272004893)	(74, 31.158321383860788)	(76, 30.357604289311382)	(78, 30.521278978155582)	(80, 30.341818530197656)	(82, 30.03447627789247)	(84, 29.60641431324433)	(86, 29.172949097310806)	(88, 28.76660790455867)	(90, 28.409955263519947)	(92, 27.91682127957759)	(94, 27.389990243151928)	(96, 26.8082257214766)	(98, 26.285901341389803)																			
SRR5368781	(1, 38.768731645694224)	(2, 38.46238905386117)	(3, 38.26474496743393)	(4, 38.12997719554411)	(5, 38.03113054320542)	(6, 37.94731186323889)	(7, 37.87618328876347)	(8, 37.81796630190475)	(9, 37.880900037733994)	(10, 37.833503683165716)	(20, 37.70532125507814)	(40, 37.394861974909226)	(60, 37.27517012414147)	(80, 37.19681816687503)	(100, 37.0475167677766)	(120, 36.83072170511466)	(140, 36.660224737179746)	(160, 36.44054623802032)	(180, 35.97430562716877)	(200, 35.67547865099242)	(220, 35.40413844181019)	(240, 35.02934614954592)	(260, 34.6274139111822)	(280, 34.30221338357407)	(300, 33.843448083408035)	(320, 33.34910217107477)	(340, 32.90071221502479)	(360, 32.459020618978826)	(380, 31.995029302972505)	(400, 31.603780486087647)	(420, 31.20966856290635)	(440, 30.72574956986739)	(460, 30.226965212972896)	(480, 29.535343004424156)	(500, 28.91864563227863)	(520, 28.075142905911463)	(540, 27.397471491750956)	(560, 26.709576422425634)	(580, 26.147326560294808)	(600, 25.505366810781197)	(620, 24.931611252114955)	(640, 24.34393785715033)	(660, 23.437227766606004)	(680, 23.14765140318412)	(700, 22.658138102956865)	(720, 22.403870813057072)	(740, 22.177189443427913)	(760, 21.96928056426609)	(780, 21.015916414460303)	(800, 20.736773695015422)	(820, 20.658886352582936)	(840, 20.632642467981977)	(860, 20.636980672916057)	(880, 20.640084822176867)	(900, 20.63479205773642)	(920, 20.599671176416717)	(940, 20.589693977495678)	(960, 20.517473813049968)	(980, 20.430541444824254)	(1000, 20.20415922033757)	(1020, 20.22538556416245)	(1040, 20.281058280274554)	(1060, 20.154662126426427)	(1080, 19.745387339518842)	(1100, 18.405231014921615)	(1120, 18.60753968253968)	(1140, 20.025)	(1160, 20.5)					
SRR5368861	(1, 31.77125013563407)	(2, 32.01959792071073)	(3, 32.044892915319956)	(4, 35.66445138402439)	(5, 35.562501550404995)	(6, 35.517108719123314)	(7, 35.52073816448249)	(8, 35.47306997148605)	(9, 37.05137478946133)	(10, 37.03872384329662)	(12, 36.92876269264889)	(14, 38.07631779994873)	(16, 37.95633751561584)	(18, 37.82658522898997)	(20, 37.71180702275665)	(22, 37.49981097715424)	(24, 37.5595349137283)	(26, 37.37278835254767)	(28, 37.2940997882421)	(30, 37.3563777586451)	(32, 37.292684927667175)	(34, 37.15263798351331)	(36, 37.01003957899185)	(38, 36.808310731873846)	(40, 36.60462490450771)	(42, 36.347805010436446)	(44, 36.06116814410068)	(46, 35.78578758717495)	(48, 35.437870989766736)	(50, 35.07574057995019)	(52, 34.724585334164374)	(54, 34.3065383869308)	(56, 33.940542680350276)	(58, 33.491756064214016)	(60, 33.04831809218425)	(62, 32.58579042642001)	(64, 32.12227315929591)	(66, 31.657113913085517)	(68, 31.195079560878057)	(70, 30.784595568313925)	(72, 30.34538027722001)	(74, 29.948245461511057)	(76, 29.16815862385462)	(78, 29.314262757744814)	(80, 29.129131613099574)	(82, 28.847079009566695)	(84, 28.427026033388174)	(86, 28.0161830535123)	(88, 27.625733715980317)	(90, 27.2729360745028)	(92, 26.799553263984315)	(94, 26.240863394807278)	(96, 25.671017502110658)	(98, 25.129308390909962)																			
SRR5368862	(1, 38.83566994736718)	(2, 38.55786070004012)	(3, 38.37343930704053)	(4, 38.239703556845804)	(5, 38.160081663480376)	(6, 38.09503410512403)	(7, 38.03602870022894)	(8, 37.96691566947533)	(9, 38.00757629398853)	(10, 37.77255035918499)	(50, 37.35991549860035)	(100, 37.005764665975214)	(150, 36.440034114831384)	(200, 35.582304572651125)	(250, 34.71976811819755)	(300, 33.661203886345334)	(350, 32.52175706920197)	(400, 31.489968406169236)	(450, 30.2505473979318)	(500, 28.57455253997299)	(550, 26.884229055727328)	(600, 25.35807692207161)	(650, 23.756169464799946)	(700, 22.69525889533161)	(750, 21.886230217499914)	(800, 20.875154300743652)	(850, 20.777686265315403)	(900, 20.746251946725824)	(950, 20.699206673250625)	(1000, 20.3860339040477)	(1050, 20.04972587114238)	(1100, 18.64573565179974)	(1150, 24.348333333333336)	(1200, 27.68)	(1250, 29.88)	(1300, 28.8)	(1350, 30.26)	(1400, 28.38)	(1450, 23.522727272727273)																																		
SRR5368863	(1, 38.314683688782736)	(2, 37.89485531905899)	(3, 37.628046331719894)	(4, 37.50113081524381)	(5, 37.40711462450593)	(6, 37.333749022426076)	(7, 37.276965187799874)	(8, 37.21916678996428)	(9, 37.17072139671535)	(10, 37.116600790513836)	(20, 37.04100225898264)	(40, 36.76970025881708)	(60, 36.77227857013733)	(80, 36.740563058861866)	(100, 36.72780859642473)	(120, 36.714067259047354)	(140, 36.565175256692335)	(160, 36.38391257467593)	(180, 36.14571403245168)	(200, 35.74908446074061)	(220, 35.33989070856656)	(240, 34.89969609699226)	(260, 34.555681548544335)	(280, 34.178716468193805)	(300, 33.71073432360902)	(320, 33.17000010368457)	(340, 32.17632551607892)	(360, 31.307453077345695)	(380, 30.5963279175929)	(400, 27.82302500906901)	(420, 25.676973770014985)	(440, 25.353774065448256)	(460, 25.031023626432145)	(480, 24.750608938746783)	(500, 24.5027992134006)	(520, 23.92781398487209)	(540, 22.518437991377475)	(560, 21.309898057154914)	(580, 20.83342391250207)	(600, 20.224152178521155)	(620, 19.56677934831524)	(640, 16.411554527344002)	(660, 14.55577380952381)	(680, 15.008571428571429)	(700, 14.959999999999999)	(720, 17.475)	(740, 18.764705882352942)																										
SRR5368865	(1, 38.358279159236744)	(2, 37.9757936563654)	(3, 37.76516055657741)	(4, 37.662136167703345)	(5, 37.61879221016273)	(6, 37.60085508487665)	(7, 37.53352241614131)	(8, 37.464202973841985)	(9, 37.57683127167549)	(10, 37.54004507097626)	(20, 37.3517766402468)	(40, 36.86763209272788)	(60, 36.65394719834634)	(80, 36.51469904230301)	(100, 36.227042836318965)	(120, 35.92751566131001)	(140, 35.741306554787016)	(160, 35.4691518218536)	(180, 35.10183711199868)	(200, 34.763921984757246)	(220, 34.469360653917235)	(240, 34.06207070409191)	(260, 33.6483352351765)	(280, 33.3100357637518)	(300, 32.94027094226799)	(320, 32.406009429077685)	(340, 31.973718057953782)	(360, 31.5560013871365)	(380, 31.11808691140525)	(400, 30.80033214415119)	(420, 30.493780577107536)	(440, 30.064365059896886)	(460, 29.639156447543893)	(480, 29.152534234687)	(500, 28.768508959174746)	(520, 28.242320425720948)	(540, 27.8145368663871)	(560, 27.266331072878312)	(580, 26.89340580848157)	(600, 26.43634736580613)	(620, 26.089555334041883)	(640, 25.527045080863203)	(660, 25.092879538539073)	(680, 24.819324506037756)	(700, 24.220897030845265)	(720, 23.904939382586743)	(740, 23.674274295896993)	(760, 23.379029129218704)	(780, 22.280914297836027)	(800, 21.935087585009477)	(820, 21.777602840055554)	(840, 21.628382921724974)	(860, 21.501778536285812)	(880, 21.3898294675956)	(900, 21.233382571247766)	(920, 21.14725449366419)	(940, 21.037849049534213)	(960, 20.942327097108137)	(980, 20.811081478208443)	(1000, 20.556837095014593)	(1020, 20.499150027833146)	(1040, 20.401542993417365)	(1060, 20.40545752273342)	(1080, 19.84736497004243)	(1100, 19.188214285714288)	(1120, 20.3)	(1140, 14.75)						
SRR5368866	(1, 38.265861788015705)	(2, 37.840982149470406)	(3, 37.536323235315905)	(4, 37.34353010888082)	(5, 37.21249537071328)	(6, 37.09211169542997)	(7, 36.99740759943708)	(8, 36.94066365454411)	(9, 36.88780831049552)	(10, 36.82910821420636)	(20, 36.69854055406103)	(40, 36.32221748714986)	(60, 36.271300977232656)	(80, 36.18417180286176)	(100, 36.11746421726858)	(120, 36.038298296328364)	(140, 35.88700781904473)	(160, 35.65556289525526)	(180, 35.3717104253092)	(200, 34.914970924951426)	(220, 34.42545966682154)	(240, 33.946786598247584)	(260, 33.5571032956594)	(280, 33.12651178501339)	(300, 32.60321637504762)	(320, 32.042950318675466)	(340, 30.96725399010031)	(360, 30.093319062871473)	(380, 29.35365983857966)	(400, 26.71796111220474)	(420, 24.69022233537035)	(440, 24.414268731564157)	(460, 24.14186632606432)	(480, 23.71787502253755)	(500, 23.057187477265433)	(520, 22.374124209949837)	(540, 21.58682646666934)	(560, 20.634915010964114)	(580, 19.57646817365187)	(600, 18.59480416866636)	(620, 17.107593804145832)	(640, 14.067427017427018)	(660, 14.647916666666669)	(680, 15.437500000000004)	(700, 13.685714285714287)	(720, 15.249999999999996)	(740, 15.723809523809525)	(760, 13.24)	(780, 16.9)	(800, 13.083333333333332)	(820, 12.8)	(840, 13.025)	(860, 16.025)	(880, 11.8)																			
SRR5368867	(1, 32.4452444384102)	(2, 32.71861066131221)	(3, 32.83168585610102)	(4, 36.269520657858344)	(5, 36.18101041804971)	(6, 36.15458317192927)	(7, 36.14477264124471)	(8, 36.13102013415573)	(9, 37.853697353193276)	(10, 37.83771045096901)	(12, 37.7795972006819)	(14, 39.158095364330364)	(16, 39.066124502077685)	(18, 38.94959397959782)	(20, 38.842150162268716)	(22, 38.66007334348077)	(24, 38.780540894348064)	(26, 38.665867049633185)	(28, 38.57619281694879)	(30, 38.65965361482252)	(32, 38.624616181949676)	(34, 38.49096089139875)	(36, 38.401841145864765)	(38, 38.29025930570175)	(40, 38.15061797358164)	(42, 37.979935585065896)	(44, 37.770792663695204)	(46, 37.53857853556241)	(48, 37.33434158237732)	(50, 37.06592440727068)	(52, 36.76530071160731)	(54, 36.4716903614204)	(56, 36.15571685820115)	(58, 35.77589079861519)	(60, 35.36334538650273)	(62, 34.9397188904117)	(64, 34.47801568888728)	(66, 34.0526499554641)	(68, 33.63973586923201)	(70, 33.217172147207705)	(72, 32.75083197906359)	(74, 32.333498760784146)	(76, 31.535014173444637)	(78, 31.699317143671745)	(80, 31.55320459255442)	(82, 31.247105372594298)	(84, 30.89005098669081)	(86, 30.530221578571847)	(88, 30.17987378920713)	(90, 29.8581772952445)	(92, 29.502751312967547)	(94, 29.07120142987194)	(96, 28.631474667615088)	(98, 28.131036093384672)																			
SRR5368868	(1, 38.419502564849424)	(2, 38.04845704484036)	(3, 37.83305014806544)	(4, 37.732179555641856)	(5, 37.658850753272816)	(6, 37.62838810945515)	(7, 37.553797109892066)	(8, 37.49606777028011)	(9, 37.60568474197777)	(10, 37.5571880511999)	(20, 37.348332657591314)	(40, 36.877194246347166)	(60, 36.68564191402659)	(80, 36.574089074915435)	(100, 36.31035887210957)	(120, 36.05316439696535)	(140, 35.88607853031469)	(160, 35.60390768098184)	(180, 35.24222794780545)	(200, 34.91997763585745)	(220, 34.58191522487532)	(240, 34.18080154651295)	(260, 33.78895453659096)	(280, 33.427402862751826)	(300, 33.04153489942126)	(320, 32.51245087513013)	(340, 32.08133891306247)	(360, 31.65149826751131)	(380, 31.21298131355112)	(400, 30.915087297424652)	(420, 30.588230414065844)	(440, 30.163386964477837)	(460, 29.744704706940563)	(480, 29.23892370593456)	(500, 28.857761244543507)	(520, 28.330872191965177)	(540, 27.86478808105116)	(560, 27.336412329947734)	(580, 26.974616267220664)	(600, 26.557157752240187)	(620, 26.240476777320616)	(640, 25.65303333986214)	(660, 25.24496432140695)	(680, 24.97088904395455)	(700, 24.35840150044786)	(720, 24.092579985873687)	(740, 23.851416020632893)	(760, 23.55696904230725)	(780, 22.401704589729228)	(800, 22.03386554870209)	(820, 21.87409087717942)	(840, 21.702063217667593)	(860, 21.51758373401701)	(880, 21.367059784377762)	(900, 21.236179215246914)	(920, 21.08193502152407)	(940, 20.906639787102854)	(960, 20.702029825773263)	(980, 20.6311885623171)	(1000, 20.577329896028008)	(1020, 20.379356442900008)	(1040, 20.31462794131928)	(1060, 19.680583654247457)	(1080, 19.76915631099977)	(1100, 19.749735070524295)	(1120, 17.193730158730162)	(1140, 13.95)	(1160, 13.6)	(1180, 12.23076923076923)				
SRR5368869	(1, 38.30699339207048)	(2, 37.90272843541282)	(3, 37.64654682393065)	(4, 37.52233728861731)	(5, 37.43618551939747)	(6, 37.35101961062953)	(7, 37.27618303254228)	(8, 37.2125550660793)	(9, 37.16030446212875)	(10, 37.01315102316328)	(20, 36.87917968302878)	(40, 36.64910663788888)	(60, 36.651186147990096)	(80, 36.61011880684251)	(100, 36.56124172108436)	(120, 36.493337448812106)	(140, 36.34581404297732)	(160, 36.147639632377455)	(180, 35.8813768471756)	(200, 35.473613789168596)	(220, 35.01104674597953)	(240, 34.6229287163288)	(260, 34.25824480436837)	(280, 33.812973825421466)	(300, 33.29857104346263)	(320, 32.76436059406288)	(340, 31.720710379434102)	(360, 30.827894803149537)	(380, 30.100440230324892)	(400, 27.45236196512271)	(420, 25.453394692068997)	(440, 25.162771693969646)	(460, 24.861811127821074)	(480, 24.315824800162183)	(500, 23.50195991220182)	(520, 22.761050678932566)	(540, 22.009479500038243)	(560, 21.27386621293105)	(580, 20.107261396838776)	(600, 19.33073228953068)	(620, 16.934815217462276)	(640, 15.15654761904762)	(660, 13.185833333333335)	(680, 14.8625)	(700, 13.316666666666668)	(720, 15.750000000000004)	(740, 13.799999999999997)	(760, 14.449999999999998)	(780, 12.733333333333334)	(800, 15.683333333333332)	(820, 11.291666666666666)	(840, 10.425)	(860, 10.1)	(880, 11.65)	(900, 11.2)	(920, 9.65)	(940, 8.0)	(960, 7.9)	(980, 9.4)	(1000, 7.4)	(1020, 7.55)	(1040, 11.95)	(1060, 10.0)	(1080, 9.2)	(1100, 7.45)	(1120, 8.8)	(1140, 10.85)	(1160, 9.4)					
SRR5368870	(1, 38.599767894579216)	(2, 38.2147723869422)	(3, 37.96059823300389)	(4, 37.82272012578616)	(5, 37.72970949386044)	(6, 37.65609089547769)	(7, 37.59155061395627)	(8, 37.519017669961066)	(9, 37.45211889787362)	(10, 37.354056229410006)	(20, 37.21602931959794)	(40, 36.9656499130654)	(60, 36.950293743798696)	(80, 36.92998062565245)	(100, 36.93468030881188)	(120, 36.857880994438055)	(140, 36.76041440709576)	(160, 36.6229362185463)	(180, 36.410671620189476)	(200, 36.02369090656608)	(220, 35.611736952069315)	(240, 35.29169052069388)	(260, 34.99606264222087)	(280, 34.63239861959205)	(300, 34.136986578833685)	(320, 33.6353291129692)	(340, 32.67365494595166)	(360, 31.81395855396655)	(380, 31.066397246737303)	(400, 28.33571481914837)	(420, 26.19073994882091)	(440, 25.854650622274356)	(460, 25.436067539253933)	(480, 24.93885060038576)	(500, 24.402813893980976)	(520, 23.73722204766624)	(540, 23.13422354715251)	(560, 22.308975908945023)	(580, 21.289768026422248)	(600, 19.048534737319635)	(620, 16.265)	(640, 15.483333333333334)	(660, 12.875)	(680, 13.65)	(700, 14.225)	(720, 14.425)	(740, 10.975)	(760, 8.7)	(780, 11.5)	(800, 10.45)	(820, 11.4)	(840, 10.15)	(860, 9.8)	(880, 11.0)	(900, 12.0)	(920, 7.6)	(940, 8.4)	(960, 8.7)	(980, 8.4)	(1000, 11.0)													
SRR5368872	(1, 38.504564105090545)	(2, 38.18016426555561)	(3, 37.98337638207577)	(4, 37.864526663241534)	(5, 37.783372159310844)	(6, 37.73205852752187)	(7, 37.669646061919806)	(8, 37.61211088980695)	(9, 37.660158916720036)	(10, 37.68489939262564)	(20, 37.572047588856535)	(40, 37.297236905391784)	(60, 37.16656386471517)	(80, 37.057269854969924)	(100, 36.85710126136259)	(120, 36.60524638877395)	(140, 36.40018123372405)	(160, 36.117949069368485)	(180, 35.54901129401429)	(200, 35.240014365449476)	(220, 34.91991421964029)	(240, 34.49980629169798)	(260, 34.10977337558854)	(280, 33.722165772904496)	(300, 33.21015331746651)	(320, 32.69678558000819)	(340, 32.20386010878667)	(360, 31.71127206640198)	(380, 31.24283191614301)	(400, 30.815814655423463)	(420, 30.37940703224846)	(440, 29.874268772670984)	(460, 29.361378891177736)	(480, 28.682236676266292)	(500, 28.059735033479388)	(520, 27.19955922308293)	(540, 26.53821518107832)	(560, 25.864330990060143)	(580, 25.31481378643419)	(600, 24.67164366657969)	(620, 24.063349055546354)	(640, 23.526659992023212)	(660, 22.583436775105145)	(680, 22.364908675926053)	(700, 21.928534983168397)	(720, 21.744177623129296)	(740, 21.61325820344039)	(760, 21.45344199230836)	(780, 20.631111554892563)	(800, 20.441977963744627)	(820, 20.453685964433326)	(840, 20.47518416686757)	(860, 20.54536557027853)	(880, 20.591021500032152)	(900, 20.662813326066686)	(920, 20.67651415802343)	(940, 20.758726573105957)	(960, 20.639152443454613)	(980, 20.620851102401417)	(1000, 20.390989195834102)	(1020, 20.337845029261125)	(1040, 20.166846791413448)	(1060, 19.761790454792358)	(1080, 19.706013855471205)	(1100, 19.112562021312023)	(1120, 19.235)	(1140, 21.5)						
SRR5368873	(1, 32.085787220866735)	(2, 32.31507221807341)	(3, 32.38019492129055)	(4, 35.937837937636154)	(5, 35.79343150740753)	(6, 35.72833839485921)	(7, 35.73331671009307)	(8, 35.689255669076346)	(9, 37.32383401510969)	(10, 37.30168382552951)	(12, 37.206552233464336)	(14, 38.44313062224675)	(16, 38.35077973458492)	(18, 38.2508301677876)	(20, 38.11704283699467)	(22, 37.90971576871946)	(24, 37.88820812162495)	(26, 37.70486109526209)	(28, 37.62210809842776)	(30, 37.70041813503802)	(32, 37.632998802427856)	(34, 37.48648302970422)	(36, 37.21266182515056)	(38, 37.100851263730895)	(40, 36.88753698007267)	(42, 36.63229545741366)	(44, 36.34305798659864)	(46, 36.01960619478763)	(48, 35.62937500005903)	(50, 35.22185051480366)	(52, 34.83890351965581)	(54, 34.41066032490366)	(56, 33.986095832654826)	(58, 33.50918381034069)	(60, 33.069645369370406)	(62, 32.62361150901991)	(64, 32.18025085080255)	(66, 31.742625021598826)	(68, 31.317674559998558)	(70, 30.962085979717614)	(72, 30.58321576026723)	(74, 30.245766244230488)	(76, 29.431640770162005)	(78, 29.708745673269718)	(80, 29.588042848295785)	(82, 29.299899539679373)	(84, 29.032779079120125)	(86, 28.688287487576247)	(88, 28.277490463226496)	(90, 28.0005359845985)	(92, 27.702545231934337)	(94, 27.233217046202146)	(96, 26.676118592601057)	(98, 26.06588765348546)	(100, 25.498476820322722)																		
SRR5368874	(1, 38.58872924713353)	(2, 38.276005540838405)	(3, 38.093061818770096)	(4, 37.98299832157085)	(5, 37.91761541728175)	(6, 37.88644820124972)	(7, 37.82670724555621)	(8, 37.78712766172575)	(9, 37.84768760995733)	(10, 37.68541759583697)	(50, 37.23463580948739)	(100, 36.82440545353074)	(150, 36.18666096472726)	(200, 35.36309334571879)	(250, 34.48007789871001)	(300, 33.39400569196221)	(350, 32.27933014392417)	(400, 31.24490697149433)	(450, 30.005978309019333)	(500, 28.331151982312452)	(550, 26.650031200908558)	(600, 25.149462049092747)	(650, 23.56906372163918)	(700, 22.547558692279328)	(750, 21.677577166594503)	(800, 20.70447302901484)	(850, 20.626136016189175)	(900, 20.63744030803472)	(950, 20.604653195200843)	(1000, 20.22975980869738)	(1050, 19.83781941139893)	(1100, 16.651322106829994)	(1150, 13.431500000000002)	(1200, 13.99)	(1250, 12.945)	(1300, 13.35666666666667)	(1350, 11.953333333333326)	(1400, 11.903333333333332)	(1450, 12.28)	(1500, 12.56)	(1550, 11.43)	(1600, 11.65)	(1650, 12.44)	(1700, 12.78)	(1750, 15.0)																												
SRR5368875	(1, 38.25618328560271)	(2, 37.95170528508201)	(3, 37.74147357458995)	(4, 37.608695652173914)	(5, 37.54686279614684)	(6, 37.448711273105964)	(7, 37.37789638115074)	(8, 37.33663108565478)	(9, 37.30577974485811)	(10, 37.25049466284822)	(20, 37.21244648694507)	(30, 37.109406534185645)	(40, 36.93162569329869)	(50, 36.93602478158525)	(60, 36.97334593104697)	(70, 36.94086596525812)	(80, 36.980374993543776)	(90, 36.91168497837709)	(100, 36.940995887827626)	(110, 36.88930861872664)	(120, 36.886463996449606)	(130, 36.861803390581784)	(140, 36.74231931752633)	(150, 36.668038808373225)	(160, 36.53388039251373)	(170, 36.42030524078503)	(180, 36.321393810150134)	(190, 36.13827819876658)	(200, 35.862177741500595)	(210, 35.71390727800757)	(220, 35.50205162017873)	(230, 35.30331603419281)	(240, 35.130887985861726)	(250, 35.01026082752891)	(260, 34.878040996202316)	(270, 34.65271443594641)	(280, 34.47826710982853)	(290, 34.29764252746033)	(300, 33.97224274832275)	(310, 33.67527339650238)	(320, 33.46239891262325)	(330, 33.144472976831025)	(340, 32.608184816569896)	(350, 31.971904070387808)	(360, 31.518175678112282)	(370, 31.141569474640324)	(380, 30.78402475035034)	(390, 30.51561951162097)	(400, 29.771204530040933)	(410, 26.189492443344214)	(420, 26.059712932337895)	(430, 25.905640741203108)	(440, 25.690286574185585)	(450, 25.61135512086732)	(460, 25.525916238120587)	(470, 25.226218306710116)	(480, 24.936112722275904)	(490, 24.684691075286974)	(500, 24.457382905916724)	(510, 23.952611819545268)	(520, 23.708064815410356)	(530, 23.166136824640553)	(540, 22.524771056439285)	(550, 22.020879762615788)	(560, 21.925035114102933)	(570, 21.84048785893757)	(580, 20.18841158841159)	(590, 20.684523809523814)	(600, 21.628333333333334)	(610, 21.733333333333334)	(620, 20.444444444444443)		
SRR5368876	(1, 32.125053557254134)	(2, 32.350182394824394)	(3, 32.41636327544479)	(4, 35.961787276589796)	(5, 35.812784999973445)	(6, 35.74218116687272)	(7, 35.745376066523825)	(8, 35.709349238712946)	(9, 37.35631255416225)	(10, 37.331309713133194)	(12, 37.23909065828679)	(14, 38.48603207492731)	(16, 38.39105365385165)	(18, 38.28995198698816)	(20, 38.14940566481218)	(22, 37.93863249272421)	(24, 37.92417802467182)	(26, 37.73742973226051)	(28, 37.66312617886269)	(30, 37.74886247320494)	(32, 37.69759581424247)	(34, 37.55528828163385)	(36, 37.282296148262525)	(38, 37.172103127711274)	(40, 36.94993736080917)	(42, 36.68750853509866)	(44, 36.39433956252451)	(46, 36.05958095896047)	(48, 35.63134618248889)	(50, 35.19674611517408)	(52, 34.78584736125676)	(54, 34.32341658842352)	(56, 33.86690950405773)	(58, 33.36228210369161)	(60, 32.898048492459196)	(62, 32.445873569022844)	(64, 32.003238049913605)	(66, 31.5523270013071)	(68, 31.146093366304612)	(70, 30.79431997497568)	(72, 30.410824211990587)	(74, 30.099354961230766)	(76, 29.311822590315515)	(78, 29.60553668644724)	(80, 29.508930106639106)	(82, 29.239196516015845)	(84, 28.992231749075053)	(86, 28.663356116354997)	(88, 28.258695877890624)	(90, 28.004032481041474)	(92, 27.717490826396812)	(94, 27.264882180109865)	(96, 26.72094953336066)	(98, 26.116984245754196)	(100, 25.559931046568348)																		
SRR5368877	(1, 38.90529090416806)	(2, 38.54508098810263)	(3, 38.30913246372657)	(4, 38.13965470559192)	(5, 38.01975727459506)	(6, 37.94578495548441)	(7, 37.89833882810136)	(8, 37.836829279946485)	(9, 37.94516380779461)	(10, 37.52426736580257)	(50, 36.83791426339304)	(100, 36.291809898431126)	(150, 35.65748431089358)	(200, 34.856734271334396)	(250, 33.96062504461756)	(300, 32.97202130526647)	(350, 31.87357810207821)	(400, 30.999511535762082)	(450, 29.95443353646805)	(500, 28.856257252150932)	(550, 27.655422754018165)	(600, 26.5558623412481)	(650, 25.422106384258196)	(700, 24.393403555480262)	(750, 23.299995359795115)	(800, 22.075243090509062)	(850, 21.685441393124268)	(900, 21.38745956449033)	(950, 21.150532923103455)	(1000, 20.76218866256527)	(1050, 20.547434024462163)	(1100, 17.560920634920635)	(1150, 14.5)	(1200, 15.1)	(1250, 13.64)	(1300, 13.84)	(1350, 16.08)	(1400, 11.0)																																			
SRR5368879	(1, 32.05288200137112)	(2, 32.27795826608069)	(3, 32.34156886457983)	(4, 35.91022310175149)	(5, 35.76993045370059)	(6, 35.72228602185383)	(7, 35.742427379045495)	(8, 35.69346419772784)	(9, 37.30374799954078)	(10, 37.27346019198819)	(12, 37.19538725186936)	(14, 38.458948734994266)	(16, 38.38709184443137)	(18, 38.32220986242382)	(20, 38.2376274182764)	(22, 38.082085567211436)	(24, 38.149305670483)	(26, 37.99787627514701)	(28, 37.91872143504816)	(30, 37.968041986354116)	(32, 37.9096213749542)	(34, 37.81010287052688)	(36, 37.591537280712025)	(38, 37.540469275666005)	(40, 37.43007734092249)	(42, 37.29614416860851)	(44, 37.09920254767875)	(46, 36.89785921789055)	(48, 36.66952173680496)	(50, 36.40666389502648)	(52, 36.159863065336964)	(54, 35.85960956986865)	(56, 35.556014747167104)	(58, 35.186161928778205)	(60, 34.831094640577746)	(62, 34.451438898046135)	(64, 34.030408239497106)	(66, 33.605367610442485)	(68, 33.16633818132257)	(70, 32.77117256555581)	(72, 32.332821107280424)	(74, 31.936025872166372)	(76, 31.02707978195206)	(78, 31.30124926299389)	(80, 31.13812275761918)	(82, 30.831494673385613)	(84, 30.552280372965924)	(86, 30.226792311687632)	(88, 29.8805409861983)	(90, 29.620519966101163)	(92, 29.354862416145814)	(94, 28.972724181604917)	(96, 28.507983840945453)	(98, 28.00571015667527)	(100, 27.517305716215663)																		
SRR5368881	(1, 38.198951747987245)	(2, 37.84657156751499)	(3, 37.6305722159183)	(4, 37.50237747879181)	(5, 37.390149673096666)	(6, 37.300426865510346)	(7, 37.23285783757497)	(8, 37.20257199978386)	(9, 37.154806289512074)	(10, 37.0198222294267)	(20, 36.89127929046471)	(40, 36.715954402740365)	(60, 36.735026199887805)	(80, 36.762041765347334)	(100, 36.69548150049951)	(120, 36.62020155426887)	(140, 36.50217479400747)	(160, 36.305591029429365)	(180, 36.063766150187504)	(200, 35.67013988192083)	(220, 35.24692346831007)	(240, 34.84045406889485)	(260, 34.494951565405046)	(280, 34.10312858829141)	(300, 33.66191072219796)	(320, 33.1466125422779)	(340, 32.14514213109641)	(360, 31.182554532193052)	(380, 30.3597024359481)	(400, 27.745636301220962)	(420, 25.744072068830054)	(440, 25.44365919393502)	(460, 25.142076196976678)	(480, 24.712127819209066)	(500, 23.76608039304066)	(520, 22.903362878518692)	(540, 22.10686061306857)	(560, 21.758648858589403)	(580, 20.706508932204155)	(600, 18.496923076923075)	(620, 17.377361111111107)	(640, 15.825)	(660, 12.608333333333333)	(680, 15.05)	(700, 12.85)	(720, 11.6)	(740, 12.05)	(760, 15.5)	(780, 13.4)	(800, 13.75)	(820, 12.15)	(840, 13.4)	(860, 16.7)	(880, 13.15)	(900, 16.2)	(920, 15.2)	(940, 17.1)	(960, 14.25)															
SRR5368885	(1, 32.19534564708962)	(2, 32.41112577498212)	(3, 32.48685172748884)	(4, 36.028796977407424)	(5, 35.89581174653975)	(6, 35.829655950008494)	(7, 35.78584618542855)	(8, 35.76059849888359)	(9, 37.443645711440986)	(10, 37.420391849320154)	(12, 37.38120099310936)	(14, 38.679257123447115)	(16, 38.57557836700744)	(18, 38.4635738115123)	(20, 38.3321960663863)	(22, 38.15903005440002)	(24, 38.135963559155215)	(26, 37.930125561776016)	(28, 37.8845261708547)	(30, 37.98483399528506)	(32, 37.94169553129352)	(34, 37.79599624707913)	(36, 37.66306848902053)	(38, 37.517214396657884)	(40, 37.29511313622286)	(42, 37.043286714948366)	(44, 36.77060566569906)	(46, 36.4856268311444)	(48, 36.09061170221054)	(50, 35.66736870814759)	(52, 35.27283339033545)	(54, 34.89381177069099)	(56, 34.48107260200263)	(58, 34.00839229611809)	(60, 33.535410408119596)	(62, 33.0983699795935)	(64, 32.72089726919595)	(66, 32.3490102471373)	(68, 31.963090267336046)	(70, 31.583279447502733)	(72, 31.25562280788546)	(74, 30.948443546736804)	(76, 30.156856231824893)	(78, 30.501190292552018)	(80, 30.430459800001763)	(82, 30.201473975481036)	(84, 29.980789539085276)	(86, 29.746578850291918)	(88, 29.432010137547802)	(90, 29.204701184890986)	(92, 28.99381158566133)	(94, 28.643312742453777)	(96, 28.206735180227977)	(98, 27.724224832850048)	(100, 27.31611460308606)																		
SRR5368886	(1, 38.851518857935666)	(2, 38.54840446894739)	(3, 38.36835956040746)	(4, 38.22215122859542)	(5, 38.132662747818465)	(6, 38.07478367227719)	(7, 38.037222972726276)	(8, 37.99769067873964)	(9, 38.0478841870824)	(10, 38.027264595275476)	(20, 37.84742234783133)	(40, 37.52490153546772)	(60, 37.40063073498078)	(80, 37.31613334635845)	(100, 37.13817606013908)	(120, 36.92129115841088)	(140, 36.748234984776936)	(160, 36.50418511000358)	(180, 36.04349076974418)	(200, 35.77253793246266)	(220, 35.483954140319746)	(240, 35.11628029571804)	(260, 34.75594146163527)	(280, 34.42141037439991)	(300, 33.97637043387201)	(320, 33.49248114977177)	(340, 33.03746048637594)	(360, 32.59015829317313)	(380, 32.14609720298082)	(400, 31.745465640720504)	(420, 31.340664939011724)	(440, 30.920124462271644)	(460, 30.431088350038856)	(480, 29.78587957815362)	(500, 29.16227997165721)	(520, 28.325274791400215)	(540, 27.65114258321855)	(560, 26.99365492980189)	(580, 26.457465576125987)	(600, 25.79845494504689)	(620, 25.21059234851605)	(640, 24.65975161300725)	(660, 23.737183693547507)	(680, 23.45422741246252)	(700, 22.941203385837404)	(720, 22.688294243241256)	(740, 22.480489680723046)	(760, 22.25386648619957)	(780, 21.23257854050528)	(800, 20.949977277795742)	(820, 20.8840724172293)	(840, 20.827393464311747)	(860, 20.821338580174594)	(880, 20.81808079901552)	(900, 20.843063480782867)	(920, 20.848763487716855)	(940, 20.80761731438026)	(960, 20.799825760489163)	(980, 20.746950626559858)	(1000, 20.59007594120093)	(1020, 20.796120456764893)	(1040, 20.55368372427445)	(1060, 20.290705709357077)	(1080, 19.184132436682354)	(1100, 20.21410256410256)								
SRR5368887	(1, 38.36830996532489)	(2, 37.93746578114214)	(3, 37.69701730581542)	(4, 37.585929999127174)	(5, 37.507859426948194)	(6, 37.437041268934436)	(7, 37.39216993184)	(8, 37.35205947931792)	(9, 37.296238107707076)	(10, 37.21457306767597)	(20, 37.11895938226208)	(40, 36.83806764771735)	(60, 36.804293194595814)	(80, 36.749183119582504)	(100, 36.74004388869277)	(120, 36.67713217971366)	(140, 36.523495593412214)	(160, 36.29324683104837)	(180, 36.02219479277518)	(200, 35.60161251995016)	(220, 35.12462853687039)	(240, 34.644095870303524)	(260, 34.30685992259526)	(280, 33.92772153479613)	(300, 33.37425978074931)	(320, 32.771134114112634)	(340, 31.66398955221215)	(360, 30.77615018707028)	(380, 29.989657390312356)	(400, 27.299286648742918)	(420, 25.242605097101013)	(440, 24.93411919603133)	(460, 24.591376234397067)	(480, 24.14819046248136)	(500, 23.593803260484876)	(520, 22.946489119726813)	(540, 22.044901314692055)	(560, 21.55846072473646)	(580, 21.181405116928982)	(600, 19.635296035178413)	(620, 17.07767542620255)	(640, 14.790393217893216)	(660, 14.522499999999997)	(680, 18.1625)	(700, 15.004166666666668)	(720, 16.483333333333327)	(740, 16.541666666666664)	(760, 18.125)	(780, 16.9)	(800, 14.05)	(820, 14.4)	(840, 14.75)																					
SRR5368888	(1, 32.98778158107678)	(2, 33.171721269621194)	(3, 33.20954830880183)	(4, 36.50060403377962)	(5, 36.44159411068555)	(6, 36.424488906157734)	(7, 36.392604462750704)	(8, 36.39627234783876)	(9, 38.25286110146916)	(10, 38.24898896780743)	(12, 38.18225896748875)	(14, 39.71036251597642)	(16, 39.521256874063575)	(18, 39.511164309072754)	(20, 39.437429995519224)	(22, 39.30474407804469)	(24, 39.31107422374236)	(26, 39.19156784339344)	(28, 39.136680737007104)	(30, 39.24964562381655)	(32, 39.22104528432078)	(34, 39.1470565014449)	(36, 39.00086635611956)	(38, 38.84152294972523)	(40, 38.6588625317701)	(42, 38.42056867276325)	(44, 38.16160500534514)	(46, 37.86272176755159)	(48, 37.415335004647126)	(50, 37.064366189435745)	(52, 36.70348369326155)	(54, 36.30227384825593)	(56, 35.8614288418268)	(58, 35.43519570683942)	(60, 35.01330075055566)	(62, 34.60354726063433)	(64, 34.20963262356662)	(66, 33.73723059898857)	(68, 33.46936020729442)	(70, 33.142268194083265)	(72, 32.8497550857667)	(74, 32.61393799488691)	(76, 31.892141047067376)	(78, 32.175735406174724)	(80, 32.1113963166613)	(82, 31.891612843988902)	(84, 31.78777486394209)	(86, 31.5893401701798)	(88, 31.351210926548447)	(90, 31.221559271333923)	(92, 31.061744911761707)	(94, 30.8355994606239)	(96, 30.55424943434609)	(98, 30.214943840231477)	(100, 29.87827545770384)																		
SRR5368890	(1, 38.5106772094024)	(2, 38.1089774622129)	(3, 37.8470048231223)	(4, 37.69014576945834)	(5, 37.57837125490829)	(6, 37.47428863428541)	(7, 37.38602908217238)	(8, 37.326251053377085)	(9, 37.26072651641475)	(10, 37.10643142739318)	(20, 36.85987583351724)	(40, 36.500550744166375)	(60, 36.43992279852564)	(80, 36.4196498905532)	(100, 36.40134985346451)	(120, 36.31975431386461)	(140, 36.18207027631598)	(160, 35.99933869080383)	(180, 35.72646400715319)	(200, 35.27753741973412)	(220, 34.83046544896071)	(240, 34.353164397419505)	(260, 33.95263316203397)	(280, 33.50142497864273)	(300, 32.96105647201823)	(320, 32.46073263081881)	(340, 31.36880421259093)	(360, 30.410553221133092)	(380, 29.650619182209134)	(400, 26.98574609803574)	(420, 25.001053472348396)	(440, 24.75135469553095)	(460, 24.461220799710915)	(480, 24.02725954111202)	(500, 23.369507975683522)	(520, 22.589941458457456)	(540, 21.644531946857555)	(560, 21.175879402249038)	(580, 20.644382559881276)	(600, 19.475314766365287)	(620, 18.204969743581128)	(640, 14.99375)	(660, 13.429166666666669)	(680, 9.508333333333335)	(700, 7.071428571428571)																												
SRR5368891	(1, 31.438052691066197)	(2, 31.595295729617344)	(3, 31.340816285822168)	(4, 35.0360173082353)	(5, 35.1083337292838)	(6, 35.095424721584386)	(7, 35.21160006544245)	(8, 35.153636578941054)	(9, 36.66596338041824)	(10, 36.65056251425439)	(12, 36.592759686332585)	(14, 37.66171591223106)	(16, 37.52556336070012)	(18, 37.41947673099847)	(20, 37.2817796757828)	(22, 37.07947757808036)	(24, 37.11331999085118)	(26, 36.91094165295166)	(28, 36.81735477532447)	(30, 36.89741000048306)	(32, 36.82549815575204)	(34, 36.6721956171627)	(36, 36.51398145266712)	(38, 36.32517308525106)	(40, 36.1121578897867)	(42, 35.85562278097803)	(44, 35.622879872578075)	(46, 35.31156531274887)	(48, 35.06446392814461)	(50, 34.72865373793331)	(52, 34.30598053099905)	(54, 33.96245349125322)	(56, 33.56734243029348)	(58, 33.162873440014664)	(60, 32.691138231365684)	(62, 32.228046007573155)	(64, 31.716992620958294)	(66, 31.233076779109105)	(68, 30.790179760756764)	(70, 30.33899395002299)	(72, 29.762000002742553)	(74, 29.308188061452398)	(76, 28.56288354505692)	(78, 28.571974951766023)	(80, 28.363876817838502)	(82, 27.99363453022432)	(84, 27.5586059016981)	(86, 27.129413945860243)	(88, 26.632523748581065)	(90, 26.217809859888952)	(92, 25.74864233286351)	(94, 25.152799725088563)	(96, 24.56430958168221)	(98, 23.936886617538274)																			
SRR5368892	(1, 38.46441003806907)	(2, 38.108792814124115)	(3, 37.91527596000847)	(4, 37.809975073178414)	(5, 37.748993966514426)	(6, 37.69885249729823)	(7, 37.65165988736769)	(8, 37.60131748298839)	(9, 37.71688778585742)	(10, 37.654570731892754)	(20, 37.46623269043638)	(40, 37.06598325112071)	(60, 36.93508664896477)	(80, 36.83130218828922)	(100, 36.60758444026457)	(120, 36.345006388789855)	(140, 36.21994297324364)	(160, 35.98072626080132)	(180, 35.65296662697771)	(200, 35.34747581471096)	(220, 35.08718539487508)	(240, 34.69228035965028)	(260, 34.30636493231696)	(280, 33.99234309972452)	(300, 33.62696544638248)	(320, 33.10570818055527)	(340, 32.697483175017325)	(360, 32.31213071526068)	(380, 31.886504964709935)	(400, 31.55767385634751)	(420, 31.24508137490671)	(440, 30.816705015948678)	(460, 30.39501646821227)	(480, 29.917188518819632)	(500, 29.488748026134267)	(520, 28.96810865790271)	(540, 28.48538427606901)	(560, 27.959440799297518)	(580, 27.592155692574806)	(600, 27.137111208422304)	(620, 26.80402622152523)	(640, 26.188578393357837)	(660, 25.756944624920315)	(680, 25.458368320367626)	(700, 24.875896248459703)	(720, 24.53266303502335)	(740, 24.272559051387866)	(760, 23.97990001062383)	(780, 22.74693627624064)	(800, 22.383810463894488)	(820, 22.17515051381872)	(840, 21.996489978027594)	(860, 21.81151989130752)	(880, 21.625139116846658)	(900, 21.428649755576902)	(920, 21.28000237103192)	(940, 21.13207061119797)	(960, 21.04148777787588)	(980, 20.879741638385816)	(1000, 20.720285668328636)	(1020, 20.47883930280131)	(1040, 20.29182594640209)	(1060, 19.890148783918313)	(1080, 20.496931911940614)	(1100, 19.132191073598886)	(1120, 16.22934523809524)	(1140, 18.175)	(1160, 17.0)					
SRR5368893	(1, 38.73075618177101)	(2, 38.37008801165506)	(3, 38.114095834913286)	(4, 37.99866286147644)	(5, 37.91837467818868)	(6, 37.8470672760293)	(7, 37.79449977049115)	(8, 37.74145328995949)	(9, 37.69249805416409)	(10, 37.58130600514899)	(20, 37.45671688728046)	(40, 37.191775827904294)	(60, 37.18928251224783)	(80, 37.16041012306259)	(100, 37.15108354954311)	(120, 37.06816141617989)	(140, 36.9403654290317)	(160, 36.76825129543239)	(180, 36.5328939425616)	(200, 36.15681260954976)	(220, 35.76988576568605)	(240, 35.451287449290675)	(260, 35.15857739596413)	(280, 34.714236858969834)	(300, 34.25899242001518)	(320, 33.710531918635404)	(340, 32.73791283189618)	(360, 31.878898968094813)	(380, 31.15163133548046)	(400, 28.48208646757853)	(420, 26.369037552138813)	(440, 26.013092076352173)	(460, 25.57830303913833)	(480, 24.984909904495236)	(500, 24.297208516888624)	(520, 23.646410061953922)	(540, 22.82977700163153)	(560, 21.815224057889605)	(580, 20.06303467444032)	(600, 18.526099228143508)	(620, 17.291890193140194)	(640, 15.34)	(660, 14.3625)	(680, 14.249999999999996)	(700, 15.075)	(720, 13.0)																											
SRR5368894	(1, 32.198827337756626)	(2, 32.41907002340175)	(3, 32.490014413953304)	(4, 36.02269915289918)	(5, 35.89252448213754)	(6, 35.839728622943824)	(7, 35.819334521449754)	(8, 35.78924998256177)	(9, 37.4666579798201)	(10, 37.43283762775188)	(12, 37.40155156608367)	(14, 38.7270280886591)	(16, 38.64131028353929)	(18, 38.54871897947561)	(20, 38.4550340277782)	(22, 38.30705050770888)	(24, 38.31557528687361)	(26, 38.144328018666066)	(28, 38.09049795289417)	(30, 38.17234226586041)	(32, 38.127341767617175)	(34, 38.00168086574671)	(36, 37.90757437488111)	(38, 37.79247955579844)	(40, 37.62889596709988)	(42, 37.4371520189226)	(44, 37.23183960858039)	(46, 37.02963136331378)	(48, 36.74191492206948)	(50, 36.44252348657024)	(52, 36.136815391937034)	(54, 35.850421463911815)	(56, 35.526131234751745)	(58, 35.12733031256114)	(60, 34.71801587215781)	(62, 34.304396502207254)	(64, 33.93162911359593)	(66, 33.53738224831453)	(68, 33.116900650643736)	(70, 32.68427380396548)	(72, 32.27161460784133)	(74, 31.86605060103829)	(76, 30.98405756077186)	(78, 31.303423781819994)	(80, 31.150107720612404)	(82, 30.874730000480376)	(84, 30.617659798002897)	(86, 30.35473926172658)	(88, 30.051730493024806)	(90, 29.800608710417713)	(92, 29.583271179792526)	(94, 29.258403136695367)	(96, 28.845981842667666)	(98, 28.415173023680843)	(100, 28.05057846137181)																		
SRR5368898	(1, 38.2105384548853)	(2, 37.79796649913028)	(3, 37.575338516390055)	(4, 37.46535072123932)	(5, 37.388277578634785)	(6, 37.31603832514872)	(7, 37.2382444237293)	(8, 37.203696051202705)	(9, 37.16359303074277)	(10, 37.107318104500415)	(20, 37.0421418583454)	(40, 36.75382796146515)	(60, 36.723240889983785)	(80, 36.67039329585729)	(100, 36.64621376439787)	(120, 36.58525162470336)	(140, 36.43951359370316)	(160, 36.199329492127625)	(180, 35.924198704374625)	(200, 35.50877806869464)	(220, 35.01750449870774)	(240, 34.58436037184741)	(260, 34.19984061977296)	(280, 33.77702846832924)	(300, 33.21355265834066)	(320, 32.639875264218475)	(340, 31.544339202787494)	(360, 30.613138773113654)	(380, 29.93155544819687)	(400, 27.344725727692605)	(420, 25.35217928073643)	(440, 25.05536695051515)	(460, 24.716873479328292)	(480, 24.230261143102446)	(500, 23.494386301044244)	(520, 22.605672805696184)	(540, 21.908296016649235)	(560, 21.212174507811)	(580, 20.44115649314316)	(600, 19.314538448076583)	(620, 17.747151520864755)	(640, 15.67885101010101)	(660, 16.41833333333333)	(680, 16.3525)	(700, 15.008333333333336)	(720, 15.308333333333337)	(740, 16.3)	(760, 14.725)	(780, 11.0)																								
SRR5368900	(1, 38.63515124153499)	(2, 38.22282618510158)	(3, 37.99556659142212)	(4, 37.84561625282167)	(5, 37.743638826185105)	(6, 37.67924153498871)	(7, 37.60813544018059)	(8, 37.5387539503386)	(9, 37.694058690744924)	(10, 37.62188532731376)	(20, 37.377330621441715)	(40, 36.940597469681)	(60, 36.72678306903766)	(80, 36.591903025986)	(100, 36.35019017834959)	(120, 36.10314280738923)	(140, 35.925733014477395)	(160, 35.64906096030974)	(180, 35.30233869049962)	(200, 35.00369071909852)	(220, 34.690817308251496)	(240, 34.31389458641041)	(260, 33.920485576685074)	(280, 33.583990518658844)	(300, 33.235219208864414)	(320, 32.71645595107326)	(340, 32.291490737445756)	(360, 31.89836304243976)	(380, 31.488836482451383)	(400, 31.16783892410163)	(420, 30.8562498291469)	(440, 30.452591959797946)	(460, 30.008255973465747)	(480, 29.544816275727904)	(500, 29.122258257918656)	(520, 28.613563174331325)	(540, 28.136285287162515)	(560, 27.637715299907644)	(580, 27.26917635103169)	(600, 26.809262507195843)	(620, 26.45807063076729)	(640, 25.79633101287336)	(660, 25.377622127681942)	(680, 25.1002851892349)	(700, 24.51513535671274)	(720, 24.21117662003041)	(740, 23.95480140155836)	(760, 23.65381763217004)	(780, 22.513232142283474)	(800, 22.140438253686703)	(820, 21.95915481549358)	(840, 21.80089175948358)	(860, 21.652217441437234)	(880, 21.525497695963587)	(900, 21.400926613032574)	(920, 21.346950796425936)	(940, 21.249362581231733)	(960, 21.15260436433102)	(980, 20.998941206525554)	(1000, 20.80438995006276)	(1020, 20.769669839064548)	(1040, 20.51483933784062)	(1060, 20.289153509040865)	(1080, 20.37428585438963)	(1100, 21.19225695464666)	(1120, 21.9)	(1140, 23.55)	(1160, 14.65)	(1180, 10.0)				
SRR5368901	(1, 38.501940329647404)	(2, 38.080930523680365)	(3, 37.794909242645524)	(4, 37.589985395368245)	(5, 37.459878990194035)	(6, 37.33669935322345)	(7, 37.25643646985187)	(8, 37.20459002712289)	(9, 37.17029000625913)	(10, 37.015639474233254)	(20, 36.7858275923839)	(40, 36.50145347107955)	(60, 36.4609040347938)	(80, 36.46904823575668)	(100, 36.42366252480215)	(120, 36.40045522025464)	(140, 36.297982814827115)	(160, 36.12737485907088)	(180, 35.8541977165729)	(200, 35.42102922727966)	(220, 34.978984470040814)	(240, 34.50764926788887)	(260, 34.15413238017062)	(280, 33.7651993469777)	(300, 33.28475471725503)	(320, 32.82497303820752)	(340, 31.769354014033684)	(360, 30.864178583434615)	(380, 30.075958028577965)	(400, 27.41057461640755)	(420, 25.39082615413077)	(440, 25.07324527296418)	(460, 24.764009132002418)	(480, 24.364991047739835)	(500, 23.72459679099719)	(520, 22.997940217016804)	(540, 21.74105636200678)	(560, 20.709971692206768)	(580, 20.488567376263532)	(600, 18.6498134927508)	(620, 14.251792929292929)	(640, 16.722499999999997)	(660, 17.3875)	(680, 17.1375)	(700, 18.53333333333334)	(720, 17.825)	(740, 19.05)	(760, 15.85)	(780, 11.55)	(800, 13.4)	(820, 14.35)	(840, 16.384615384615383)																					
SRR5368903	(1, 38.63106976415136)	(2, 38.23484935577153)	(3, 38.04277464826098)	(4, 37.8963132621749)	(5, 37.80027590841963)	(6, 37.73556123486704)	(7, 37.66171151652355)	(8, 37.59057666628346)	(9, 37.716079624340075)	(10, 37.64357319089855)	(20, 37.38842408799921)	(40, 36.99943176920725)	(60, 36.83974338206932)	(80, 36.723603076073665)	(100, 36.49188524658791)	(120, 36.2474616464429)	(140, 36.09516864011393)	(160, 35.853205483462524)	(180, 35.52336216595067)	(200, 35.213411030435985)	(220, 34.90358764396784)	(240, 34.51265567499671)	(260, 34.11991595491467)	(280, 33.793155684033856)	(300, 33.428070175569836)	(320, 32.94771612160513)	(340, 32.510935979556876)	(360, 32.117815401210656)	(380, 31.654993024581234)	(400, 31.34584412403629)	(420, 31.034258409089624)	(440, 30.58877001477661)	(460, 30.18132639135687)	(480, 29.71357501800992)	(500, 29.2843416176014)	(520, 28.76875252176174)	(540, 28.312827028038278)	(560, 27.749678926803234)	(580, 27.381130416444883)	(600, 26.91513160406198)	(620, 26.585086421694154)	(640, 25.99783712055217)	(660, 25.56616555286657)	(680, 25.270585395840385)	(700, 24.61612522111559)	(720, 24.32146758843943)	(740, 24.087312270988047)	(760, 23.80001791331631)	(780, 22.60989204459272)	(800, 22.232096980951475)	(820, 22.082498705381006)	(840, 21.91931156674305)	(860, 21.68111614777013)	(880, 21.479631104766472)	(900, 21.3174659737962)	(920, 21.1121150706062)	(940, 21.01142496583382)	(960, 20.834600812778707)	(980, 20.627015716190375)	(1000, 20.37842836797084)	(1020, 20.486560443203953)	(1040, 20.068901855649344)	(1060, 20.134538587708857)	(1080, 19.4633152396861)	(1100, 18.708005050505058)	(1120, 22.865357142857142)	(1140, 22.275)	(1160, 21.075)	(1180, 20.5)	(1200, 21.818181818181817)			
SRR5368904	(1, 38.482779168156355)	(2, 38.062281015373614)	(3, 37.81551662495531)	(4, 37.68063401263258)	(5, 37.55631033249911)	(6, 37.485329519723514)	(7, 37.40154927898939)	(8, 37.310165653676556)	(9, 37.255511857943034)	(10, 37.14316767965677)	(20, 37.03224557693358)	(40, 36.74457578945526)	(60, 36.703118868603056)	(80, 36.64843872036684)	(100, 36.63397345983613)	(120, 36.59277016930823)	(140, 36.47023746711299)	(160, 36.272027905441846)	(180, 36.05838412690948)	(200, 35.64418975490459)	(220, 35.18435055724038)	(240, 34.79661630686599)	(260, 34.48397362740312)	(280, 34.01482878779465)	(300, 33.44265386209065)	(320, 32.93550299895271)	(340, 31.9676580333849)	(360, 31.08792115187171)	(380, 30.43680808625023)	(400, 27.759096467931084)	(420, 25.69212706343898)	(440, 25.350092127931624)	(460, 24.94705010679235)	(480, 24.424034052405993)	(500, 23.605430056498868)	(520, 22.80373738741469)	(540, 22.133016542759226)	(560, 21.69665804266058)	(580, 21.38151542753456)	(600, 20.979191633803076)	(620, 18.885708454746382)	(640, 17.589588189588188)	(660, 16.016666666666666)	(680, 17.427500000000002)	(700, 18.725)	(720, 11.277777777777777)																											
SRR5368905	(1, 31.454842776940424)	(2, 31.61731497077873)	(3, 31.362810165387693)	(4, 35.055905073994346)	(5, 35.133257042082484)	(6, 35.1393710907469)	(7, 35.261696961151316)	(8, 35.208007351271576)	(9, 36.72510135194657)	(10, 36.71337374357368)	(12, 36.6730783897062)	(14, 37.7744789313696)	(16, 37.656808879562824)	(18, 37.57959556836923)	(20, 37.47291095721804)	(22, 37.300257059316834)	(24, 37.37474666472881)	(26, 37.21061639239816)	(28, 37.13326395091438)	(30, 37.21176291545407)	(32, 37.15660027674846)	(34, 37.04556831570993)	(36, 36.92179850629819)	(38, 36.77237553852527)	(40, 36.62473505624462)	(42, 36.43649141688438)	(44, 36.26405350402507)	(46, 36.031674867434134)	(48, 35.864337867978655)	(50, 35.617294772565096)	(52, 35.2814199610383)	(54, 35.023072719935904)	(56, 34.713647572073185)	(58, 34.3705485991249)	(60, 33.96133270173666)	(62, 33.53721370610161)	(64, 33.04510788014095)	(66, 32.585319038194)	(68, 32.1540777229456)	(70, 31.690477854058358)	(72, 31.121261862265417)	(74, 30.65309806841958)	(76, 29.873072490784978)	(78, 29.89724152639657)	(80, 29.677137832719602)	(82, 29.303159962497187)	(84, 28.873111947281785)	(86, 28.459379402750898)	(88, 27.97776229507252)	(90, 27.584052183457082)	(92, 27.13602689364702)	(94, 26.575395629765207)	(96, 26.02475399481422)	(98, 25.42742023722692)																			
SRR5368906	(1, 38.543927399111794)	(2, 38.19644422000089)	(3, 38.006342180700166)	(4, 37.86788361281506)	(5, 37.764789757452434)	(6, 37.704115733658114)	(7, 37.631128670518514)	(8, 37.585352087572595)	(9, 37.67250880033271)	(10, 37.69848203543898)	(20, 37.51797738829738)	(40, 37.23592347405027)	(60, 37.13151279426624)	(80, 37.02760964028092)	(100, 36.81575098694684)	(120, 36.58869078648449)	(140, 36.37314785521285)	(160, 36.08117465742127)	(180, 35.543074179419946)	(200, 35.240126587081114)	(220, 34.86551578093857)	(240, 34.47055095139781)	(260, 34.078661970242436)	(280, 33.68280547844499)	(300, 33.20192496670968)	(320, 32.68723663291999)	(340, 32.22618024398359)	(360, 31.759518104629468)	(380, 31.30356872621157)	(400, 30.873562076954634)	(420, 30.4474318744873)	(440, 29.949748179473886)	(460, 29.453786111259905)	(480, 28.798944596049004)	(500, 28.191800477677713)	(520, 27.33590143239801)	(540, 26.665784613286444)	(560, 26.02430404942256)	(580, 25.445184319570565)	(600, 24.822379325050626)	(620, 24.217632862808447)	(640, 23.68646772613682)	(660, 22.77615938053757)	(680, 22.499079613619777)	(700, 22.062357392443403)	(720, 21.890937285806874)	(740, 21.759826407210234)	(760, 21.586679119301767)	(780, 20.743493203841023)	(800, 20.539210349167266)	(820, 20.578052911753655)	(840, 20.57856332207553)	(860, 20.637915962546273)	(880, 20.67980715057395)	(900, 20.72546811933691)	(920, 20.7615263270982)	(940, 20.8068495926294)	(960, 20.768392062043585)	(980, 20.72211215303509)	(1000, 20.512209333056987)	(1020, 20.420357153936983)	(1040, 20.389619008110106)	(1060, 20.31022213904875)	(1080, 19.698189445763255)	(1100, 19.836469331322274)	(1120, 21.726666666666667)	(1140, 23.88888888888889)						
SRR5368907	(1, 32.22741425336136)	(2, 32.44695519463571)	(3, 32.49764299943205)	(4, 36.00327800643962)	(5, 35.89684707260998)	(6, 35.83216754662777)	(7, 35.839818206578364)	(8, 35.82219732178344)	(9, 37.47795271765215)	(10, 37.476103606250966)	(12, 37.39667798058657)	(14, 38.712358490883)	(16, 38.61890152573486)	(18, 38.52653497729201)	(20, 38.43825422675493)	(22, 38.239904121021524)	(24, 38.25680331762719)	(26, 38.10280726356551)	(28, 38.04159826859578)	(30, 38.112275411398194)	(32, 38.05198058014284)	(34, 37.94857811020253)	(36, 37.75073743863915)	(38, 37.63011192224327)	(40, 37.43072250753146)	(42, 37.21084589590607)	(44, 36.96808150789768)	(46, 36.70637271908778)	(48, 36.38610202863097)	(50, 36.070276116361114)	(52, 35.73175549180605)	(54, 35.36492432561772)	(56, 35.00428903940599)	(58, 34.58422360876319)	(60, 34.18907924010266)	(62, 33.80946097705565)	(64, 33.41352896328098)	(66, 33.03637970127632)	(68, 32.66980890492303)	(70, 32.27197909988257)	(72, 31.913145385566967)	(74, 31.613487760741677)	(76, 30.7630203003864)	(78, 31.079677326314474)	(80, 30.979188609902444)	(82, 30.72789948248031)	(84, 30.493638093482655)	(86, 30.19824136693256)	(88, 29.833604326087602)	(90, 29.576247075744128)	(92, 29.322326574794232)	(94, 29.03720541968505)	(96, 28.645273394825608)	(98, 28.177598946239108)	(100, 27.739942868722324)																		
