Sample	0	1	2	3	4	5	6	7	8	9	10	11	12	13	14	15	16	17	18	19	20	21	22	23	24	25	26	27	28	29	30	31	32	33	34	35	36	37	38	39	40	41	42	43	44	45	46	47	48	49	50	51	52	53	54	55	56	57	58	59	60	61	62	63	64	65	66	67	68	69	70	71	72	73	74	75	76	77	78	79	80	81	82	83	84	85	86	87	88	89	90	91	92	93	94	95	96	97	98	99	100
SRR6808085_1	(0.0, 18.0)	(1.0, 9.0)	(2.0, 0.0)	(3.0, 0.0)	(4.0, 0.0)	(5.0, 0.0)	(6.0, 0.0)	(7.0, 0.0)	(8.0, 0.0)	(9.0, 0.0)	(10.0, 0.0)	(11.0, 0.0)	(12.0, 0.0)	(13.0, 0.0)	(14.0, 0.0)	(15.0, 0.0)	(16.0, 0.0)	(17.0, 0.0)	(18.0, 0.25)	(19.0, 0.0)	(20.0, 0.0)	(21.0, 0.0)	(22.0, 0.0)	(23.0, 0.0)	(24.0, 0.0)	(25.0, 0.0)	(26.0, 0.0)	(27.0, 0.25)	(28.0, 0.25)	(29.0, 0.0)	(30.0, 0.0)	(31.0, 0.0)	(32.0, 0.5833333333333333)	(33.0, 0.75)	(34.0, 0.25)	(35.0, 1.75)	(36.0, 0.75)	(37.0, 1.8333333333333333)	(38.0, 3.1666666666666665)	(39.0, 5.166666666666666)	(40.0, 5.833333333333332)	(41.0, 3.1666666666666665)	(42.0, 5.0)	(43.0, 5.666666666666666)	(44.0, 8.666666666666666)	(45.0, 12.333333333333334)	(46.0, 22.333333333333336)	(47.0, 47.5)	(48.0, 206.50000000000003)	(49.0, 1326.1666666666665)	(50.0, 475.2499999999993)	(51.0, 705.9166666666674)	(52.0, 1671.4999999999977)	(53.0, 3021.0833333333358)	(54.0, 1529.5000000000002)	(55.0, 1250.2500000000002)	(56.0, 685.3333333333336)	(57.0, 1864.25)	(58.0, 1310.6666666666665)	(59.0, 893.6666666666667)	(60.0, 343.5)	(61.0, 120.58333333333333)	(62.0, 30.75)	(63.0, 9.75)	(64.0, 2.25)	(65.0, 1.25)	(66.0, 0.0)	(67.0, 0.0)	(68.0, 0.0)	(69.0, 0.5)	(70.0, 0.25)	(71.0, 0.0)	(72.0, 0.0)	(73.0, 0.0)	(74.0, 0.0)	(75.0, 0.0)	(76.0, 0.0)	(77.0, 0.0)	(78.0, 0.0)	(79.0, 0.0)	(80.0, 0.0)	(81.0, 0.0)	(82.0, 0.0)	(83.0, 0.0)	(84.0, 0.0)	(85.0, 0.0)	(86.0, 0.0)	(87.0, 0.0)	(88.0, 0.0)	(89.0, 0.0)	(90.0, 0.0)	(91.0, 0.0)	(92.0, 0.0)	(93.0, 0.0)	(94.0, 0.0)	(95.0, 0.0)	(96.0, 0.0)	(97.0, 0.0)	(98.0, 0.0)	(99.0, 0.0)	(100.0, 0.0)
SRR6808085_2	(0.0, 16.0)	(1.0, 8.0)	(2.0, 0.0)	(3.0, 0.0)	(4.0, 0.0)	(5.0, 0.0)	(6.0, 0.0)	(7.0, 0.0)	(8.0, 0.0)	(9.0, 0.0)	(10.0, 0.0)	(11.0, 0.0)	(12.0, 0.0)	(13.0, 0.0)	(14.0, 0.0)	(15.0, 0.0)	(16.0, 0.0)	(17.0, 0.0)	(18.0, 0.0)	(19.0, 0.0)	(20.0, 0.0)	(21.0, 0.0)	(22.0, 0.0)	(23.0, 0.0)	(24.0, 0.0)	(25.0, 0.0)	(26.0, 0.0)	(27.0, 0.0)	(28.0, 0.25)	(29.0, 0.25)	(30.0, 0.25)	(31.0, 0.0)	(32.0, 0.0)	(33.0, 0.0)	(34.0, 0.0)	(35.0, 0.25)	(36.0, 0.25)	(37.0, 2.1666666666666665)	(38.0, 2.6666666666666665)	(39.0, 2.75)	(40.0, 4.416666666666667)	(41.0, 4.333333333333334)	(42.0, 4.083333333333333)	(43.0, 6.666666666666666)	(44.0, 6.666666666666666)	(45.0, 15.333333333333336)	(46.0, 25.83333333333333)	(47.0, 68.50000000000001)	(48.0, 473.0833333333332)	(49.0, 793.8333333333336)	(50.0, 522.4166666666652)	(51.0, 545.4166666666653)	(52.0, 1075.0833333333405)	(53.0, 2483.916666666662)	(54.0, 2230.916666666653)	(55.0, 1481.0833333333233)	(56.0, 1168.9166666666683)	(57.0, 1158.500000000001)	(58.0, 1570.333333333329)	(59.0, 1274.5)	(60.0, 956.0833333333389)	(61.0, 442.58333333333195)	(62.0, 147.83333333333331)	(63.0, 50.4166666666667)	(64.0, 20.416666666666668)	(65.0, 7.749999999999999)	(66.0, 3.166666666666667)	(67.0, 3.0)	(68.0, 2.6666666666666665)	(69.0, 3.0833333333333335)	(70.0, 2.1666666666666665)	(71.0, 1.9166666666666665)	(72.0, 1.0833333333333333)	(73.0, 0.5)	(74.0, 0.0)	(75.0, 0.0)	(76.0, 0.25)	(77.0, 0.5833333333333333)	(78.0, 0.5833333333333333)	(79.0, 0.0)	(80.0, 0.25)	(81.0, 0.25)	(82.0, 0.0)	(83.0, 0.0)	(84.0, 0.0)	(85.0, 0.0)	(86.0, 0.0)	(87.0, 0.0)	(88.0, 0.0)	(89.0, 0.25)	(90.0, 0.25)	(91.0, 0.0)	(92.0, 0.0)	(93.0, 0.0)	(94.0, 0.0)	(95.0, 0.0)	(96.0, 0.0)	(97.0, 0.0)	(98.0, 0.0)	(99.0, 0.0)	(100.0, 0.6666666666666666)
SRR6808086_1	(0.0, 60.0)	(1.0, 30.0)	(2.0, 0.0)	(3.0, 0.0)	(4.0, 0.0)	(5.0, 0.0)	(6.0, 0.0)	(7.0, 0.0)	(8.0, 0.0)	(9.0, 0.0)	(10.0, 0.0)	(11.0, 0.0)	(12.0, 0.0)	(13.0, 0.0)	(14.0, 0.0)	(15.0, 0.0)	(16.0, 0.0)	(17.0, 0.0)	(18.0, 0.0)	(19.0, 0.0)	(20.0, 0.25)	(21.0, 0.0)	(22.0, 0.0)	(23.0, 0.0)	(24.0, 0.5)	(25.0, 0.5)	(26.0, 0.5)	(27.0, 0.25)	(28.0, 0.25)	(29.0, 0.25)	(30.0, 1.0)	(31.0, 0.75)	(32.0, 2.5)	(33.0, 3.5)	(34.0, 5.5)	(35.0, 8.25)	(36.0, 8.583333333333332)	(37.0, 12.000000000000002)	(38.0, 17.000000000000004)	(39.0, 18.916666666666664)	(40.0, 17.916666666666668)	(41.0, 16.75)	(42.0, 17.75)	(43.0, 18.25)	(44.0, 19.250000000000004)	(45.0, 31.499999999999993)	(46.0, 37.74999999999999)	(47.0, 55.33333333333335)	(48.0, 225.4166666666667)	(49.0, 966.9166666666673)	(50.0, 553.4166666666663)	(51.0, 2294.9166666666665)	(52.0, 4794.583333333334)	(53.0, 3533.583333333338)	(54.0, 1344.416666666665)	(55.0, 1488.2499999999977)	(56.0, 798.833333333334)	(57.0, 953.7500000000001)	(58.0, 1879.0833333333328)	(59.0, 8756.666666666666)	(60.0, 2560.416666666667)	(61.0, 436.5833333333333)	(62.0, 109.25)	(63.0, 27.0)	(64.0, 9.25)	(65.0, 2.0)	(66.0, 0.75)	(67.0, 1.25)	(68.0, 0.5)	(69.0, 0.5)	(70.0, 0.0)	(71.0, 0.0)	(72.0, 0.0)	(73.0, 0.0)	(74.0, 0.0)	(75.0, 0.0)	(76.0, 0.0)	(77.0, 0.0)	(78.0, 0.0)	(79.0, 0.0)	(80.0, 0.0)	(81.0, 0.0)	(82.0, 0.0)	(83.0, 0.0)	(84.0, 0.0)	(85.0, 0.0)	(86.0, 0.0)	(87.0, 0.0)	(88.0, 0.0)	(89.0, 0.0)	(90.0, 0.0)	(91.0, 0.0)	(92.0, 0.0)	(93.0, 0.0)	(94.0, 0.0)	(95.0, 0.0)	(96.0, 0.0)	(97.0, 0.0)	(98.0, 0.0)	(99.0, 0.0)	(100.0, 0.0)
SRR6808086_2	(0.0, 64.0)	(1.0, 32.0)	(2.0, 0.0)	(3.0, 0.0)	(4.0, 0.0)	(5.0, 0.0)	(6.0, 0.0)	(7.0, 0.0)	(8.0, 0.0)	(9.0, 0.0)	(10.0, 0.0)	(11.0, 0.0)	(12.0, 0.0)	(13.0, 0.0)	(14.0, 0.0)	(15.0, 0.0)	(16.0, 0.0)	(17.0, 0.0)	(18.0, 0.0)	(19.0, 0.0)	(20.0, 0.0)	(21.0, 0.3333333333333333)	(22.0, 0.3333333333333333)	(23.0, 0.0)	(24.0, 0.0)	(25.0, 0.0)	(26.0, 0.0)	(27.0, 0.0)	(28.0, 0.0)	(29.0, 0.0)	(30.0, 0.5)	(31.0, 0.75)	(32.0, 1.5833333333333333)	(33.0, 2.083333333333333)	(34.0, 1.5833333333333333)	(35.0, 3.0833333333333335)	(36.0, 7.416666666666666)	(37.0, 6.583333333333333)	(38.0, 6.666666666666666)	(39.0, 13.666666666666668)	(40.0, 16.25)	(41.0, 13.25)	(42.0, 13.000000000000004)	(43.0, 18.333333333333336)	(44.0, 23.08333333333333)	(45.0, 25.999999999999996)	(46.0, 38.5)	(47.0, 57.250000000000014)	(48.0, 296.50000000000006)	(49.0, 507.0833333333329)	(50.0, 536.9999999999987)	(51.0, 850.5000000000045)	(52.0, 2171.249999999963)	(53.0, 5261.749999999887)	(54.0, 3253.916666666768)	(55.0, 1672.2499999999816)	(56.0, 1396.4166666666629)	(57.0, 1018.3333333333403)	(58.0, 1144.9166666666704)	(59.0, 2841.4166666666847)	(60.0, 6692.333333333043)	(61.0, 4246.500000000193)	(62.0, 1176.5833333333378)	(63.0, 365.8333333333323)	(64.0, 122.24999999999982)	(65.0, 44.33333333333334)	(66.0, 16.833333333333336)	(67.0, 12.083333333333334)	(68.0, 9.333333333333332)	(69.0, 5.999999999999999)	(70.0, 3.8333333333333335)	(71.0, 2.75)	(72.0, 2.1666666666666665)	(73.0, 2.4166666666666665)	(74.0, 1.1666666666666665)	(75.0, 0.8333333333333333)	(76.0, 0.3333333333333333)	(77.0, 0.25)	(78.0, 0.25)	(79.0, 0.0)	(80.0, 0.0)	(81.0, 0.25)	(82.0, 0.75)	(83.0, 0.25)	(84.0, 0.0)	(85.0, 0.0)	(86.0, 0.0)	(87.0, 0.0)	(88.0, 0.0)	(89.0, 0.25)	(90.0, 0.25)	(91.0, 0.25)	(92.0, 0.0)	(93.0, 0.0)	(94.0, 0.25)	(95.0, 0.25)	(96.0, 0.0)	(97.0, 0.0)	(98.0, 0.0)	(99.0, 0.0)	(100.0, 0.0)
SRR6808087_1	(0.0, 381.0)	(1.0, 190.5)	(2.0, 0.0)	(3.0, 0.0)	(4.0, 0.0)	(5.0, 0.0)	(6.0, 0.0)	(7.0, 0.0)	(8.0, 0.0)	(9.0, 0.0)	(10.0, 0.0)	(11.0, 0.0)	(12.0, 0.25)	(13.0, 0.0)	(14.0, 0.0)	(15.0, 0.0)	(16.0, 0.0)	(17.0, 0.0)	(18.0, 0.25)	(19.0, 0.25)	(20.0, 0.5)	(21.0, 0.25)	(22.0, 0.25)	(23.0, 0.0)	(24.0, 0.0)	(25.0, 0.25)	(26.0, 0.5)	(27.0, 0.25)	(28.0, 1.3333333333333333)	(29.0, 1.25)	(30.0, 2.333333333333333)	(31.0, 4.75)	(32.0, 10.583333333333336)	(33.0, 14.916666666666668)	(34.0, 20.75)	(35.0, 32.24999999999999)	(36.0, 41.33333333333334)	(37.0, 49.91666666666668)	(38.0, 52.33333333333335)	(39.0, 62.41666666666669)	(40.0, 66.75)	(41.0, 62.583333333333364)	(42.0, 61.50000000000002)	(43.0, 67.25)	(44.0, 71.49999999999999)	(45.0, 71.58333333333336)	(46.0, 95.24999999999994)	(47.0, 125.4999999999999)	(48.0, 423.58333333333275)	(49.0, 1954.4999999999973)	(50.0, 2658.0833333333403)	(51.0, 6588.999999999969)	(52.0, 7180.916666666629)	(53.0, 4224.500000000012)	(54.0, 2841.833333333338)	(55.0, 2745.6666666666715)	(56.0, 5595.916666666654)	(57.0, 6141.916666666632)	(58.0, 4852.583333333333)	(59.0, 8710.083333333328)	(60.0, 3994.3333333333344)	(61.0, 414.6666666666666)	(62.0, 86.08333333333331)	(63.0, 27.833333333333332)	(64.0, 11.5)	(65.0, 6.083333333333334)	(66.0, 3.333333333333333)	(67.0, 1.0)	(68.0, 0.8333333333333333)	(69.0, 0.25)	(70.0, 0.25)	(71.0, 0.0)	(72.0, 0.0)	(73.0, 0.0)	(74.0, 0.0)	(75.0, 0.0)	(76.0, 0.0)	(77.0, 0.0)	(78.0, 0.0)	(79.0, 0.0)	(80.0, 0.0)	(81.0, 0.0)	(82.0, 0.0)	(83.0, 0.0)	(84.0, 0.0)	(85.0, 0.0)	(86.0, 0.0)	(87.0, 0.0)	(88.0, 0.0)	(89.0, 0.0)	(90.0, 0.0)	(91.0, 0.0)	(92.0, 0.0)	(93.0, 0.0)	(94.0, 0.0)	(95.0, 0.0)	(96.0, 0.0)	(97.0, 0.0)	(98.0, 0.0)	(99.0, 0.0)	(100.0, 0.0)
SRR6808087_2	(0.0, 381.0)	(1.0, 190.5)	(2.0, 0.0)	(3.0, 0.0)	(4.0, 0.0)	(5.0, 0.0)	(6.0, 0.25)	(7.0, 0.0)	(8.0, 0.0)	(9.0, 0.0)	(10.0, 0.0)	(11.0, 0.0)	(12.0, 0.0)	(13.0, 0.25)	(14.0, 0.25)	(15.0, 0.0)	(16.0, 0.0)	(17.0, 0.0)	(18.0, 0.0)	(19.0, 0.25)	(20.0, 0.0)	(21.0, 0.0)	(22.0, 0.0)	(23.0, 0.25)	(24.0, 0.5833333333333333)	(25.0, 0.8333333333333333)	(26.0, 0.0)	(27.0, 0.3333333333333333)	(28.0, 0.0)	(29.0, 0.25)	(30.0, 0.75)	(31.0, 0.5)	(32.0, 3.3333333333333335)	(33.0, 4.166666666666667)	(34.0, 8.583333333333334)	(35.0, 11.833333333333334)	(36.0, 16.16666666666667)	(37.0, 20.666666666666664)	(38.0, 31.08333333333332)	(39.0, 39.24999999999999)	(40.0, 44.00000000000001)	(41.0, 53.08333333333335)	(42.0, 64.75000000000003)	(43.0, 72.91666666666667)	(44.0, 74.33333333333337)	(45.0, 81.83333333333333)	(46.0, 102.9166666666666)	(47.0, 160.4166666666667)	(48.0, 707.4166666666677)	(49.0, 1173.916666666666)	(50.0, 1428.333333333331)	(51.0, 3571.000000000028)	(52.0, 6699.333333333177)	(53.0, 6204.833333333142)	(54.0, 4324.416666666791)	(55.0, 3888.833333333517)	(56.0, 5504.3333333332375)	(57.0, 6372.749999999739)	(58.0, 5649.666666666532)	(59.0, 6921.833333333038)	(60.0, 6394.416666666605)	(61.0, 2018.9166666666579)	(62.0, 376.7499999999997)	(63.0, 93.49999999999999)	(64.0, 38.83333333333333)	(65.0, 25.58333333333333)	(66.0, 15.583333333333334)	(67.0, 9.0)	(68.0, 8.166666666666664)	(69.0, 6.583333333333332)	(70.0, 2.75)	(71.0, 3.25)	(72.0, 1.8333333333333333)	(73.0, 1.5833333333333333)	(74.0, 0.5833333333333333)	(75.0, 0.8333333333333333)	(76.0, 0.5833333333333333)	(77.0, 0.8333333333333333)	(78.0, 0.0)	(79.0, 0.25)	(80.0, 0.25)	(81.0, 0.25)	(82.0, 0.0)	(83.0, 0.25)	(84.0, 0.0)	(85.0, 0.25)	(86.0, 0.25)	(87.0, 0.0)	(88.0, 0.5)	(89.0, 0.0)	(90.0, 0.0)	(91.0, 0.0)	(92.0, 0.0)	(93.0, 0.0)	(94.0, 0.0)	(95.0, 0.0)	(96.0, 0.0)	(97.0, 0.25)	(98.0, 0.0)	(99.0, 0.0)	(100.0, 0.0)
SRR6808088_1	(0.0, 102.0)	(1.0, 51.0)	(2.0, 0.0)	(3.0, 0.0)	(4.0, 0.0)	(5.0, 0.0)	(6.0, 0.0)	(7.0, 0.0)	(8.0, 0.0)	(9.0, 0.0)	(10.0, 0.0)	(11.0, 0.0)	(12.0, 0.0)	(13.0, 0.0)	(14.0, 0.0)	(15.0, 0.0)	(16.0, 0.0)	(17.0, 0.0)	(18.0, 0.0)	(19.0, 0.0)	(20.0, 0.0)	(21.0, 0.0)	(22.0, 0.0)	(23.0, 0.0)	(24.0, 0.25)	(25.0, 0.0)	(26.0, 0.0)	(27.0, 0.25)	(28.0, 0.25)	(29.0, 0.5833333333333333)	(30.0, 0.5833333333333333)	(31.0, 0.5833333333333333)	(32.0, 1.5833333333333333)	(33.0, 3.416666666666667)	(34.0, 3.8333333333333335)	(35.0, 5.833333333333333)	(36.0, 9.166666666666666)	(37.0, 8.75)	(38.0, 10.666666666666666)	(39.0, 14.41666666666667)	(40.0, 16.666666666666668)	(41.0, 17.25)	(42.0, 16.0)	(43.0, 14.5)	(44.0, 19.666666666666668)	(45.0, 26.749999999999993)	(46.0, 25.583333333333336)	(47.0, 37.666666666666664)	(48.0, 64.50000000000001)	(49.0, 179.25000000000009)	(50.0, 973.3333333333351)	(51.0, 1863.4999999999955)	(52.0, 1728.166666666663)	(53.0, 2955.2500000000077)	(54.0, 4493.916666666692)	(55.0, 9421.249999999924)	(56.0, 28021.74999999974)	(57.0, 14458.416666666728)	(58.0, 4478.666666666669)	(59.0, 815.8333333333333)	(60.0, 181.83333333333334)	(61.0, 56.166666666666664)	(62.0, 20.999999999999996)	(63.0, 11.416666666666668)	(64.0, 3.3333333333333335)	(65.0, 0.75)	(66.0, 2.0)	(67.0, 1.75)	(68.0, 0.25)	(69.0, 0.25)	(70.0, 0.25)	(71.0, 0.0)	(72.0, 0.0)	(73.0, 0.25)	(74.0, 0.0)	(75.0, 0.0)	(76.0, 0.0)	(77.0, 0.0)	(78.0, 0.0)	(79.0, 0.5)	(80.0, 0.5)	(81.0, 0.0)	(82.0, 0.0)	(83.0, 0.0)	(84.0, 0.0)	(85.0, 0.0)	(86.0, 0.0)	(87.0, 0.0)	(88.0, 0.0)	(89.0, 0.0)	(90.0, 0.0)	(91.0, 0.0)	(92.0, 0.0)	(93.0, 0.0)	(94.0, 0.0)	(95.0, 0.0)	(96.0, 0.0)	(97.0, 0.0)	(98.0, 0.0)	(99.0, 0.0)	(100.0, 0.0)
SRR6808088_2	(0.0, 106.0)	(1.0, 53.0)	(2.0, 0.0)	(3.0, 0.0)	(4.0, 0.0)	(5.0, 0.0)	(6.0, 0.0)	(7.0, 0.0)	(8.0, 0.0)	(9.0, 0.0)	(10.0, 0.0)	(11.0, 0.0)	(12.0, 0.0)	(13.0, 0.0)	(14.0, 0.0)	(15.0, 0.25)	(16.0, 0.0)	(17.0, 0.0)	(18.0, 0.0)	(19.0, 0.0)	(20.0, 0.0)	(21.0, 0.25)	(22.0, 0.0)	(23.0, 0.0)	(24.0, 0.0)	(25.0, 0.0)	(26.0, 0.0)	(27.0, 0.0)	(28.0, 0.3333333333333333)	(29.0, 0.8333333333333333)	(30.0, 0.25)	(31.0, 0.25)	(32.0, 0.3333333333333333)	(33.0, 0.5833333333333333)	(34.0, 1.0833333333333333)	(35.0, 1.8333333333333333)	(36.0, 3.1666666666666665)	(37.0, 4.5)	(38.0, 6.0)	(39.0, 8.833333333333332)	(40.0, 9.25)	(41.0, 10.333333333333334)	(42.0, 13.0)	(43.0, 16.666666666666664)	(44.0, 18.916666666666664)	(45.0, 26.583333333333325)	(46.0, 38.58333333333333)	(47.0, 43.58333333333334)	(48.0, 60.833333333333385)	(49.0, 122.41666666666656)	(50.0, 413.16666666666566)	(51.0, 1280.5833333333337)	(52.0, 1786.9166666666536)	(53.0, 2591.666666666675)	(54.0, 3511.5000000001005)	(55.0, 9453.999999999614)	(56.0, 25870.666666662444)	(57.0, 18452.500000000233)	(58.0, 6688.83333333321)	(59.0, 2128.5833333333235)	(60.0, 541.2499999999994)	(61.0, 160.33333333333337)	(62.0, 65.33333333333336)	(63.0, 34.99999999999999)	(64.0, 21.83333333333333)	(65.0, 14.500000000000002)	(66.0, 10.5)	(67.0, 7.666666666666666)	(68.0, 5.083333333333333)	(69.0, 3.4166666666666665)	(70.0, 2.25)	(71.0, 1.9166666666666665)	(72.0, 0.75)	(73.0, 0.25)	(74.0, 0.0)	(75.0, 0.25)	(76.0, 0.0)	(77.0, 0.25)	(78.0, 0.25)	(79.0, 0.25)	(80.0, 0.5)	(81.0, 0.0)	(82.0, 0.0)	(83.0, 0.5)	(84.0, 0.0)	(85.0, 0.5)	(86.0, 0.25)	(87.0, 0.0)	(88.0, 0.0)	(89.0, 0.25)	(90.0, 0.0)	(91.0, 0.0)	(92.0, 0.0)	(93.0, 0.0)	(94.0, 0.25)	(95.0, 0.3333333333333333)	(96.0, 0.0)	(97.0, 0.0)	(98.0, 0.0)	(99.0, 0.0)	(100.0, 0.0)
SRR6808089_1	(0.0, 488.0)	(1.0, 244.0)	(2.0, 0.0)	(3.0, 0.0)	(4.0, 0.0)	(5.0, 0.0)	(6.0, 0.0)	(7.0, 0.0)	(8.0, 0.0)	(9.0, 0.0)	(10.0, 0.0)	(11.0, 0.0)	(12.0, 0.25)	(13.0, 0.75)	(14.0, 0.75)	(15.0, 0.75)	(16.0, 0.25)	(17.0, 0.5)	(18.0, 0.75)	(19.0, 0.5)	(20.0, 0.25)	(21.0, 0.25)	(22.0, 0.75)	(23.0, 0.8333333333333333)	(24.0, 0.5)	(25.0, 1.0)	(26.0, 1.0833333333333333)	(27.0, 0.8333333333333333)	(28.0, 1.4166666666666665)	(29.0, 2.25)	(30.0, 5.666666666666666)	(31.0, 12.583333333333336)	(32.0, 17.416666666666668)	(33.0, 28.166666666666664)	(34.0, 41.49999999999999)	(35.0, 60.000000000000014)	(36.0, 69.66666666666666)	(37.0, 81.91666666666664)	(38.0, 89.24999999999996)	(39.0, 95.99999999999996)	(40.0, 102.41666666666664)	(41.0, 101.16666666666661)	(42.0, 103.5833333333333)	(43.0, 112.58333333333327)	(44.0, 113.33333333333327)	(45.0, 120.5833333333332)	(46.0, 124.66666666666654)	(47.0, 144.41666666666669)	(48.0, 297.1666666666667)	(49.0, 592.4999999999994)	(50.0, 1965.4999999999936)	(51.0, 10348.08333333335)	(52.0, 6590.6666666666415)	(53.0, 4113.500000000023)	(54.0, 8446.416666666602)	(55.0, 9960.833333333332)	(56.0, 8025.249999999907)	(57.0, 15064.083333333381)	(58.0, 14782.250000000007)	(59.0, 5761.749999999996)	(60.0, 1353.0833333333333)	(61.0, 299.5833333333333)	(62.0, 101.25)	(63.0, 31.25)	(64.0, 11.5)	(65.0, 6.0)	(66.0, 4.166666666666666)	(67.0, 3.833333333333333)	(68.0, 3.5)	(69.0, 2.0)	(70.0, 0.75)	(71.0, 0.75)	(72.0, 1.0)	(73.0, 0.5)	(74.0, 0.0)	(75.0, 0.0)	(76.0, 0.0)	(77.0, 0.0)	(78.0, 0.25)	(79.0, 0.0)	(80.0, 0.0)	(81.0, 0.0)	(82.0, 0.0)	(83.0, 0.0)	(84.0, 0.0)	(85.0, 0.0)	(86.0, 0.0)	(87.0, 0.0)	(88.0, 0.0)	(89.0, 0.0)	(90.0, 0.0)	(91.0, 0.0)	(92.0, 0.0)	(93.0, 0.0)	(94.0, 0.0)	(95.0, 0.0)	(96.0, 0.0)	(97.0, 0.0)	(98.0, 0.0)	(99.0, 0.0)	(100.0, 0.0)
SRR6808089_2	(0.0, 528.0)	(1.0, 264.0)	(2.0, 0.0)	(3.0, 0.0)	(4.0, 0.0)	(5.0, 0.3333333333333333)	(6.0, 0.0)	(7.0, 0.0)	(8.0, 0.0)	(9.0, 0.5833333333333333)	(10.0, 0.8333333333333333)	(11.0, 0.25)	(12.0, 0.25)	(13.0, 0.0)	(14.0, 0.0)	(15.0, 0.0)	(16.0, 0.5)	(17.0, 0.0)	(18.0, 0.5)	(19.0, 0.8333333333333333)	(20.0, 0.25)	(21.0, 1.0)	(22.0, 0.25)	(23.0, 0.0)	(24.0, 0.25)	(25.0, 0.25)	(26.0, 0.3333333333333333)	(27.0, 0.25)	(28.0, 0.25)	(29.0, 2.083333333333333)	(30.0, 1.833333333333333)	(31.0, 3.7500000000000004)	(32.0, 6.083333333333332)	(33.0, 6.416666666666665)	(34.0, 10.916666666666666)	(35.0, 19.416666666666664)	(36.0, 29.66666666666666)	(37.0, 45.16666666666668)	(38.0, 62.25000000000004)	(39.0, 74.33333333333333)	(40.0, 87.41666666666661)	(41.0, 96.66666666666664)	(42.0, 92.5833333333333)	(43.0, 100.33333333333321)	(44.0, 106.2499999999999)	(45.0, 119.83333333333321)	(46.0, 120.41666666666647)	(47.0, 153.66666666666669)	(48.0, 246.33333333333385)	(49.0, 417.4166666666658)	(50.0, 1002.5833333333385)	(51.0, 4749.833333333341)	(52.0, 8827.166666666422)	(53.0, 6860.999999999493)	(54.0, 5375.749999999943)	(55.0, 8906.749999999685)	(56.0, 12032.9166666671)	(57.0, 12719.41666666703)	(58.0, 15766.666666667878)	(59.0, 10112.250000000005)	(60.0, 3916.250000000051)	(61.0, 1185.6666666666677)	(62.0, 371.166666666666)	(63.0, 139.3333333333333)	(64.0, 60.00000000000002)	(65.0, 41.66666666666667)	(66.0, 27.583333333333325)	(67.0, 19.249999999999996)	(68.0, 15.66666666666667)	(69.0, 7.583333333333333)	(70.0, 4.833333333333334)	(71.0, 3.8333333333333335)	(72.0, 3.8333333333333335)	(73.0, 2.75)	(74.0, 2.5)	(75.0, 1.5)	(76.0, 1.5)	(77.0, 0.75)	(78.0, 0.75)	(79.0, 0.5)	(80.0, 0.5)	(81.0, 0.75)	(82.0, 0.25)	(83.0, 0.25)	(84.0, 0.25)	(85.0, 0.0)	(86.0, 0.25)	(87.0, 0.25)	(88.0, 0.5833333333333333)	(89.0, 0.3333333333333333)	(90.0, 0.0)	(91.0, 0.0)	(92.0, 0.0)	(93.0, 0.0)	(94.0, 0.0)	(95.0, 0.25)	(96.0, 0.25)	(97.0, 0.25)	(98.0, 0.25)	(99.0, 0.25)	(100.0, 0.3333333333333333)
SRR6808090_1	(0.0, 339.0)	(1.0, 169.5)	(2.0, 0.0)	(3.0, 0.0)	(4.0, 0.0)	(5.0, 0.0)	(6.0, 0.0)	(7.0, 0.0)	(8.0, 0.0)	(9.0, 0.0)	(10.0, 0.0)	(11.0, 0.0)	(12.0, 0.0)	(13.0, 0.0)	(14.0, 0.0)	(15.0, 0.0)	(16.0, 0.25)	(17.0, 0.5)	(18.0, 0.0)	(19.0, 0.25)	(20.0, 0.0)	(21.0, 0.25)	(22.0, 0.25)	(23.0, 0.5)	(24.0, 0.25)	(25.0, 0.25)	(26.0, 0.75)	(27.0, 0.3333333333333333)	(28.0, 0.5)	(29.0, 0.25)	(30.0, 2.75)	(31.0, 6.75)	(32.0, 8.916666666666666)	(33.0, 18.749999999999996)	(34.0, 25.5)	(35.0, 34.41666666666667)	(36.0, 47.58333333333335)	(37.0, 48.666666666666686)	(38.0, 64.25000000000003)	(39.0, 65.75000000000001)	(40.0, 61.83333333333337)	(41.0, 64.58333333333337)	(42.0, 68.75000000000003)	(43.0, 76.66666666666667)	(44.0, 77.58333333333333)	(45.0, 85.49999999999997)	(46.0, 90.66666666666667)	(47.0, 111.08333333333329)	(48.0, 395.4999999999998)	(49.0, 1029.666666666668)	(50.0, 1068.4166666666683)	(51.0, 4817.083333333332)	(52.0, 13094.083333333392)	(53.0, 17320.916666666708)	(54.0, 6581.333333333307)	(55.0, 4257.833333333351)	(56.0, 7753.499999999979)	(57.0, 7978.249999999992)	(58.0, 5179.833333333332)	(59.0, 2076.499999999999)	(60.0, 542.0)	(61.0, 309.0)	(62.0, 118.25)	(63.0, 36.25)	(64.0, 10.0)	(65.0, 5.5)	(66.0, 3.0)	(67.0, 2.75)	(68.0, 1.0)	(69.0, 0.0)	(70.0, 0.25)	(71.0, 0.0)	(72.0, 0.0)	(73.0, 0.0)	(74.0, 0.0)	(75.0, 0.0)	(76.0, 0.0)	(77.0, 0.0)	(78.0, 0.0)	(79.0, 0.0)	(80.0, 0.0)	(81.0, 0.0)	(82.0, 0.0)	(83.0, 0.0)	(84.0, 0.0)	(85.0, 0.0)	(86.0, 0.0)	(87.0, 0.0)	(88.0, 0.0)	(89.0, 0.0)	(90.0, 0.0)	(91.0, 0.0)	(92.0, 0.0)	(93.0, 0.0)	(94.0, 0.0)	(95.0, 0.0)	(96.0, 0.0)	(97.0, 0.0)	(98.0, 0.0)	(99.0, 0.0)	(100.0, 0.0)
SRR6808090_2	(0.0, 334.0)	(1.0, 167.0)	(2.0, 0.0)	(3.0, 0.0)	(4.0, 0.0)	(5.0, 0.0)	(6.0, 0.0)	(7.0, 0.0)	(8.0, 0.0)	(9.0, 0.0)	(10.0, 0.0)	(11.0, 0.0)	(12.0, 0.0)	(13.0, 0.0)	(14.0, 0.0)	(15.0, 0.0)	(16.0, 0.0)	(17.0, 0.0)	(18.0, 0.0)	(19.0, 0.0)	(20.0, 0.0)	(21.0, 0.0)	(22.0, 0.0)	(23.0, 0.25)	(24.0, 0.5833333333333333)	(25.0, 0.8333333333333333)	(26.0, 0.75)	(27.0, 0.0)	(28.0, 0.6666666666666666)	(29.0, 0.25)	(30.0, 1.1666666666666665)	(31.0, 0.75)	(32.0, 3.0)	(33.0, 3.3333333333333335)	(34.0, 5.833333333333333)	(35.0, 16.333333333333332)	(36.0, 17.166666666666668)	(37.0, 28.416666666666654)	(38.0, 36.58333333333333)	(39.0, 42.91666666666667)	(40.0, 46.166666666666686)	(41.0, 50.33333333333336)	(42.0, 69.50000000000003)	(43.0, 71.25000000000004)	(44.0, 78.08333333333336)	(45.0, 86.5)	(46.0, 93.91666666666661)	(47.0, 121.66666666666647)	(48.0, 166.41666666666683)	(49.0, 319.8333333333332)	(50.0, 976.8333333333388)	(51.0, 2424.7499999999923)	(52.0, 5908.249999999681)	(53.0, 16077.250000006201)	(54.0, 14090.583333335158)	(55.0, 8841.499999999602)	(56.0, 7974.916666666163)	(57.0, 6776.999999999892)	(58.0, 5504.749999999976)	(59.0, 4102.750000000068)	(60.0, 2198.1666666666483)	(61.0, 810.0833333333363)	(62.0, 358.58333333333303)	(63.0, 161.3333333333333)	(64.0, 61.666666666666686)	(65.0, 29.499999999999996)	(66.0, 18.916666666666668)	(67.0, 11.166666666666668)	(68.0, 7.499999999999999)	(69.0, 3.166666666666667)	(70.0, 6.166666666666667)	(71.0, 2.8333333333333335)	(72.0, 2.3333333333333335)	(73.0, 1.5)	(74.0, 0.8333333333333333)	(75.0, 1.0833333333333333)	(76.0, 0.0)	(77.0, 0.25)	(78.0, 0.5)	(79.0, 0.5)	(80.0, 0.0)	(81.0, 0.0)	(82.0, 0.0)	(83.0, 0.0)	(84.0, 0.5833333333333333)	(85.0, 0.8333333333333333)	(86.0, 0.0)	(87.0, 0.0)	(88.0, 0.0)	(89.0, 0.0)	(90.0, 0.0)	(91.0, 0.0)	(92.0, 0.0)	(93.0, 0.0)	(94.0, 0.25)	(95.0, 0.0)	(96.0, 0.0)	(97.0, 0.0)	(98.0, 0.0)	(99.0, 0.25)	(100.0, 0.0)
SRR6808091_1	(0.0, 53.0)	(1.0, 26.5)	(2.0, 0.0)	(3.0, 0.0)	(4.0, 0.0)	(5.0, 0.0)	(6.0, 0.0)	(7.0, 0.0)	(8.0, 0.0)	(9.0, 0.0)	(10.0, 0.0)	(11.0, 0.0)	(12.0, 0.0)	(13.0, 0.25)	(14.0, 0.25)	(15.0, 0.0)	(16.0, 0.0)	(17.0, 0.0)	(18.0, 0.0)	(19.0, 0.0)	(20.0, 0.0)	(21.0, 0.5833333333333333)	(22.0, 0.5833333333333333)	(23.0, 0.0)	(24.0, 0.25)	(25.0, 0.0)	(26.0, 0.3333333333333333)	(27.0, 0.3333333333333333)	(28.0, 0.25)	(29.0, 0.8333333333333333)	(30.0, 0.5833333333333333)	(31.0, 1.3333333333333333)	(32.0, 0.75)	(33.0, 7.25)	(34.0, 9.416666666666666)	(35.0, 9.0)	(36.0, 9.583333333333334)	(37.0, 16.916666666666668)	(38.0, 16.083333333333332)	(39.0, 20.75)	(40.0, 22.166666666666668)	(41.0, 22.666666666666664)	(42.0, 29.499999999999993)	(43.0, 31.33333333333333)	(44.0, 37.16666666666666)	(45.0, 42.41666666666667)	(46.0, 67.91666666666669)	(47.0, 124.49999999999993)	(48.0, 817.833333333334)	(49.0, 2625.500000000002)	(50.0, 1182.8333333333335)	(51.0, 2783.250000000002)	(52.0, 3423.33333333334)	(53.0, 3075.416666666674)	(54.0, 2204.0833333333276)	(55.0, 2423.0833333333335)	(56.0, 1094.3333333333353)	(57.0, 938.8333333333336)	(58.0, 4085.0)	(59.0, 14953.583333333334)	(60.0, 3204.0)	(61.0, 512.8333333333333)	(62.0, 113.5)	(63.0, 35.0)	(64.0, 12.5)	(65.0, 4.583333333333334)	(66.0, 2.0)	(67.0, 1.25)	(68.0, 0.25)	(69.0, 0.25)	(70.0, 0.0)	(71.0, 0.0)	(72.0, 0.0)	(73.0, 0.0)	(74.0, 0.25)	(75.0, 0.25)	(76.0, 0.0)	(77.0, 0.0)	(78.0, 0.0)	(79.0, 0.25)	(80.0, 0.0)	(81.0, 0.0)	(82.0, 0.0)	(83.0, 0.0)	(84.0, 0.0)	(85.0, 0.0)	(86.0, 0.0)	(87.0, 0.0)	(88.0, 0.0)	(89.0, 0.0)	(90.0, 0.0)	(91.0, 0.0)	(92.0, 0.0)	(93.0, 0.0)	(94.0, 0.0)	(95.0, 0.0)	(96.0, 0.0)	(97.0, 0.0)	(98.0, 0.0)	(99.0, 0.0)	(100.0, 0.0)
SRR6808091_2	(0.0, 63.0)	(1.0, 31.5)	(2.0, 0.0)	(3.0, 0.0)	(4.0, 0.0)	(5.0, 0.0)	(6.0, 0.0)	(7.0, 0.0)	(8.0, 0.0)	(9.0, 0.0)	(10.0, 0.0)	(11.0, 0.0)	(12.0, 0.0)	(13.0, 0.0)	(14.0, 0.0)	(15.0, 0.0)	(16.0, 0.0)	(17.0, 0.0)	(18.0, 0.0)	(19.0, 0.0)	(20.0, 0.0)	(21.0, 0.25)	(22.0, 0.25)	(23.0, 0.3333333333333333)	(24.0, 0.0)	(25.0, 0.25)	(26.0, 0.0)	(27.0, 0.25)	(28.0, 0.25)	(29.0, 0.25)	(30.0, 0.5)	(31.0, 1.3333333333333333)	(32.0, 2.25)	(33.0, 2.333333333333333)	(34.0, 2.75)	(35.0, 3.6666666666666665)	(36.0, 5.0)	(37.0, 8.666666666666666)	(38.0, 12.083333333333336)	(39.0, 13.333333333333334)	(40.0, 19.0)	(41.0, 26.33333333333333)	(42.0, 21.499999999999996)	(43.0, 25.66666666666666)	(44.0, 31.499999999999982)	(45.0, 47.16666666666668)	(46.0, 58.166666666666686)	(47.0, 101.58333333333326)	(48.0, 261.0833333333336)	(49.0, 950.9166666666681)	(50.0, 1670.9166666666626)	(51.0, 1967.3333333333221)	(52.0, 2733.0000000000236)	(53.0, 4058.0833333336313)	(54.0, 3083.9166666667265)	(55.0, 2097.2499999999777)	(56.0, 2079.8333333333094)	(57.0, 1368.4999999999964)	(58.0, 1409.3333333333276)	(59.0, 5093.9166666666615)	(60.0, 11449.750000000513)	(61.0, 6260.583333332995)	(62.0, 1609.3333333333094)	(63.0, 483.74999999999727)	(64.0, 148.08333333333331)	(65.0, 56.50000000000003)	(66.0, 29.74999999999999)	(67.0, 21.083333333333332)	(68.0, 15.250000000000005)	(69.0, 10.5)	(70.0, 10.75)	(71.0, 4.833333333333334)	(72.0, 3.0)	(73.0, 1.6666666666666665)	(74.0, 1.4166666666666665)	(75.0, 2.1666666666666665)	(76.0, 1.3333333333333333)	(77.0, 0.3333333333333333)	(78.0, 0.5833333333333333)	(79.0, 0.0)	(80.0, 0.0)	(81.0, 0.0)	(82.0, 0.0)	(83.0, 0.25)	(84.0, 0.5)	(85.0, 0.25)	(86.0, 0.5)	(87.0, 0.5)	(88.0, 0.25)	(89.0, 0.25)	(90.0, 0.0)	(91.0, 0.0)	(92.0, 0.25)	(93.0, 0.25)	(94.0, 0.0)	(95.0, 0.0)	(96.0, 0.0)	(97.0, 0.0)	(98.0, 0.0)	(99.0, 0.0)	(100.0, 0.0)
SRR6808092_1	(0.0, 371.0)	(1.0, 185.5)	(2.0, 0.0)	(3.0, 0.0)	(4.0, 0.0)	(5.0, 0.0)	(6.0, 0.0)	(7.0, 0.0)	(8.0, 0.0)	(9.0, 0.0)	(10.0, 0.0)	(11.0, 0.0)	(12.0, 0.0)	(13.0, 0.0)	(14.0, 0.0)	(15.0, 0.25)	(16.0, 0.25)	(17.0, 0.0)	(18.0, 0.25)	(19.0, 0.0)	(20.0, 0.5833333333333333)	(21.0, 0.5)	(22.0, 0.5)	(23.0, 0.5)	(24.0, 0.5)	(25.0, 0.25)	(26.0, 0.5833333333333333)	(27.0, 1.0833333333333333)	(28.0, 0.75)	(29.0, 1.1666666666666665)	(30.0, 1.75)	(31.0, 6.666666666666667)	(32.0, 13.833333333333334)	(33.0, 20.33333333333333)	(34.0, 30.33333333333332)	(35.0, 42.58333333333334)	(36.0, 46.66666666666668)	(37.0, 58.41666666666669)	(38.0, 59.916666666666686)	(39.0, 59.500000000000014)	(40.0, 71.91666666666666)	(41.0, 75.08333333333333)	(42.0, 72.25000000000001)	(43.0, 73.16666666666667)	(44.0, 74.25000000000003)	(45.0, 85.08333333333334)	(46.0, 108.33333333333333)	(47.0, 99.91666666666664)	(48.0, 151.50000000000003)	(49.0, 314.49999999999994)	(50.0, 599.5000000000002)	(51.0, 2357.9166666666674)	(52.0, 4741.583333333333)	(53.0, 4885.916666666666)	(54.0, 2510.333333333336)	(55.0, 2303.3333333333267)	(56.0, 5552.499999999969)	(57.0, 5078.416666666653)	(58.0, 7482.999999999958)	(59.0, 24792.833333333307)	(60.0, 8931.83333333333)	(61.0, 1021.3333333333337)	(62.0, 243.58333333333334)	(63.0, 72.0)	(64.0, 29.5)	(65.0, 14.75)	(66.0, 5.5)	(67.0, 2.833333333333333)	(68.0, 1.5)	(69.0, 0.75)	(70.0, 0.75)	(71.0, 0.25)	(72.0, 0.0)	(73.0, 0.0)	(74.0, 0.0)	(75.0, 0.0)	(76.0, 0.0)	(77.0, 0.0)	(78.0, 0.0)	(79.0, 0.0)	(80.0, 0.0)	(81.0, 0.0)	(82.0, 0.25)	(83.0, 0.25)	(84.0, 0.0)	(85.0, 0.0)	(86.0, 0.0)	(87.0, 0.0)	(88.0, 0.0)	(89.0, 0.0)	(90.0, 0.0)	(91.0, 0.0)	(92.0, 0.0)	(93.0, 0.0)	(94.0, 0.0)	(95.0, 0.0)	(96.0, 0.0)	(97.0, 0.0)	(98.0, 0.0)	(99.0, 0.0)	(100.0, 0.0)
SRR6808092_2	(0.0, 392.0)	(1.0, 196.0)	(2.0, 0.0)	(3.0, 0.0)	(4.0, 0.0)	(5.0, 0.0)	(6.0, 0.0)	(7.0, 0.0)	(8.0, 0.0)	(9.0, 0.0)	(10.0, 0.0)	(11.0, 0.0)	(12.0, 0.0)	(13.0, 0.0)	(14.0, 0.0)	(15.0, 0.0)	(16.0, 0.0)	(17.0, 0.25)	(18.0, 0.5)	(19.0, 0.8333333333333333)	(20.0, 0.0)	(21.0, 0.0)	(22.0, 0.0)	(23.0, 0.0)	(24.0, 0.3333333333333333)	(25.0, 0.5833333333333333)	(26.0, 0.5)	(27.0, 0.8333333333333333)	(28.0, 1.1666666666666665)	(29.0, 1.6666666666666665)	(30.0, 1.5833333333333333)	(31.0, 2.1666666666666665)	(32.0, 3.1666666666666665)	(33.0, 3.75)	(34.0, 5.583333333333333)	(35.0, 12.16666666666667)	(36.0, 16.75)	(37.0, 24.41666666666666)	(38.0, 33.75)	(39.0, 43.666666666666664)	(40.0, 53.33333333333334)	(41.0, 64.25000000000003)	(42.0, 64.33333333333336)	(43.0, 69.16666666666669)	(44.0, 74.74999999999999)	(45.0, 76.58333333333331)	(46.0, 87.08333333333329)	(47.0, 127.0833333333332)	(48.0, 164.33333333333337)	(49.0, 237.16666666666723)	(50.0, 416.4166666666657)	(51.0, 985.0833333333406)	(52.0, 3357.666666666786)	(53.0, 5359.833333333204)	(54.0, 4025.7500000001432)	(55.0, 3350.666666666746)	(56.0, 5003.583333333337)	(57.0, 5614.499999999889)	(58.0, 7840.166666665763)	(59.0, 17525.333333334675)	(60.0, 16456.083333333696)	(61.0, 5024.583333333336)	(62.0, 939.6666666666687)	(63.0, 234.0833333333335)	(64.0, 84.24999999999997)	(65.0, 45.666666666666686)	(66.0, 36.99999999999999)	(67.0, 28.99999999999999)	(68.0, 22.249999999999996)	(69.0, 11.250000000000004)	(70.0, 8.5)	(71.0, 5.749999999999999)	(72.0, 3.333333333333333)	(73.0, 2.5)	(74.0, 1.25)	(75.0, 0.5833333333333333)	(76.0, 0.5)	(77.0, 1.3333333333333333)	(78.0, 0.8333333333333333)	(79.0, 0.75)	(80.0, 0.75)	(81.0, 0.25)	(82.0, 0.25)	(83.0, 0.25)	(84.0, 0.25)	(85.0, 0.0)	(86.0, 0.0)	(87.0, 0.25)	(88.0, 0.25)	(89.0, 0.25)	(90.0, 0.0)	(91.0, 0.0)	(92.0, 0.0)	(93.0, 0.25)	(94.0, 0.25)	(95.0, 0.25)	(96.0, 0.25)	(97.0, 0.25)	(98.0, 0.0)	(99.0, 0.0)	(100.0, 0.0)
SRR6808093_1	(0.0, 26.0)	(1.0, 13.0)	(2.0, 0.0)	(3.0, 0.0)	(4.0, 0.0)	(5.0, 0.0)	(6.0, 0.0)	(7.0, 0.0)	(8.0, 0.0)	(9.0, 0.0)	(10.0, 0.0)	(11.0, 0.0)	(12.0, 0.0)	(13.0, 0.0)	(14.0, 0.0)	(15.0, 0.25)	(16.0, 0.0)	(17.0, 0.0)	(18.0, 0.0)	(19.0, 0.0)	(20.0, 0.0)	(21.0, 0.0)	(22.0, 0.0)	(23.0, 0.0)	(24.0, 0.0)	(25.0, 0.0)	(26.0, 0.0)	(27.0, 0.0)	(28.0, 0.0)	(29.0, 0.0)	(30.0, 0.0)	(31.0, 0.5)	(32.0, 1.5833333333333333)	(33.0, 1.3333333333333333)	(34.0, 3.25)	(35.0, 3.5)	(36.0, 3.5)	(37.0, 4.916666666666666)	(38.0, 7.166666666666666)	(39.0, 8.416666666666668)	(40.0, 8.083333333333334)	(41.0, 7.583333333333333)	(42.0, 8.333333333333332)	(43.0, 8.916666666666668)	(44.0, 10.750000000000002)	(45.0, 14.000000000000002)	(46.0, 26.999999999999996)	(47.0, 56.16666666666668)	(48.0, 246.08333333333334)	(49.0, 1983.8333333333328)	(50.0, 695.5000000000001)	(51.0, 1073.0833333333348)	(52.0, 2204.4166666666656)	(53.0, 1361.9166666666663)	(54.0, 995.0000000000009)	(55.0, 570.4999999999993)	(56.0, 529.4166666666662)	(57.0, 341.9166666666667)	(58.0, 242.91666666666666)	(59.0, 235.25)	(60.0, 374.9166666666667)	(61.0, 276.08333333333337)	(62.0, 32.75)	(63.0, 7.0)	(64.0, 2.75)	(65.0, 1.25)	(66.0, 0.25)	(67.0, 0.0)	(68.0, 0.0)	(69.0, 0.0)	(70.0, 0.0)	(71.0, 0.0)	(72.0, 0.0)	(73.0, 0.0)	(74.0, 0.25)	(75.0, 0.25)	(76.0, 0.0)	(77.0, 0.0)	(78.0, 0.0)	(79.0, 0.0)	(80.0, 0.0)	(81.0, 0.0)	(82.0, 0.0)	(83.0, 0.0)	(84.0, 0.0)	(85.0, 0.0)	(86.0, 0.0)	(87.0, 0.0)	(88.0, 0.0)	(89.0, 0.0)	(90.0, 0.0)	(91.0, 0.0)	(92.0, 0.0)	(93.0, 0.0)	(94.0, 0.0)	(95.0, 0.0)	(96.0, 0.0)	(97.0, 0.0)	(98.0, 0.0)	(99.0, 0.0)	(100.0, 0.0)
SRR6808093_2	(0.0, 24.0)	(1.0, 12.0)	(2.0, 0.0)	(3.0, 0.0)	(4.0, 0.0)	(5.0, 0.0)	(6.0, 0.0)	(7.0, 0.0)	(8.0, 0.0)	(9.0, 0.0)	(10.0, 0.0)	(11.0, 0.0)	(12.0, 0.0)	(13.0, 0.0)	(14.0, 0.0)	(15.0, 0.0)	(16.0, 0.0)	(17.0, 0.0)	(18.0, 0.0)	(19.0, 0.0)	(20.0, 0.0)	(21.0, 0.0)	(22.0, 0.0)	(23.0, 0.0)	(24.0, 0.0)	(25.0, 0.0)	(26.0, 0.0)	(27.0, 0.25)	(28.0, 0.0)	(29.0, 0.0)	(30.0, 0.0)	(31.0, 0.0)	(32.0, 0.25)	(33.0, 0.75)	(34.0, 0.5)	(35.0, 2.0)	(36.0, 2.0)	(37.0, 4.333333333333333)	(38.0, 4.25)	(39.0, 3.8333333333333335)	(40.0, 6.666666666666665)	(41.0, 8.416666666666666)	(42.0, 8.916666666666666)	(43.0, 8.5)	(44.0, 13.333333333333337)	(45.0, 22.166666666666664)	(46.0, 35.50000000000001)	(47.0, 97.99999999999996)	(48.0, 838.0833333333336)	(49.0, 1295.8333333333333)	(50.0, 640.0833333333343)	(51.0, 690.4166666666695)	(52.0, 1461.9999999999884)	(53.0, 1913.9166666666295)	(54.0, 1319.83333333333)	(55.0, 1014.0833333333399)	(56.0, 695.0833333333342)	(57.0, 498.41666666666487)	(58.0, 397.91666666666555)	(59.0, 343.58333333333303)	(60.0, 369.6666666666663)	(61.0, 293.0833333333334)	(62.0, 147.5833333333333)	(63.0, 49.91666666666667)	(64.0, 15.916666666666668)	(65.0, 5.333333333333333)	(66.0, 3.5833333333333335)	(67.0, 1.5833333333333333)	(68.0, 1.3333333333333333)	(69.0, 1.3333333333333333)	(70.0, 0.8333333333333333)	(71.0, 0.75)	(72.0, 0.8333333333333333)	(73.0, 0.0)	(74.0, 0.3333333333333333)	(75.0, 0.3333333333333333)	(76.0, 0.0)	(77.0, 0.0)	(78.0, 0.0)	(79.0, 0.0)	(80.0, 0.25)	(81.0, 0.0)	(82.0, 0.0)	(83.0, 0.0)	(84.0, 0.25)	(85.0, 0.25)	(86.0, 0.0)	(87.0, 0.0)	(88.0, 0.0)	(89.0, 0.0)	(90.0, 0.0)	(91.0, 0.0)	(92.0, 0.0)	(93.0, 0.0)	(94.0, 0.0)	(95.0, 0.25)	(96.0, 0.0)	(97.0, 0.0)	(98.0, 0.0)	(99.0, 0.0)	(100.0, 0.0)
SRR6808094_1	(0.0, 307.0)	(1.0, 153.5)	(2.0, 0.0)	(3.0, 0.0)	(4.0, 0.0)	(5.0, 0.0)	(6.0, 0.0)	(7.0, 0.0)	(8.0, 0.0)	(9.0, 0.0)	(10.0, 0.0)	(11.0, 0.0)	(12.0, 0.25)	(13.0, 0.25)	(14.0, 0.0)	(15.0, 0.25)	(16.0, 0.25)	(17.0, 0.25)	(18.0, 0.0)	(19.0, 0.0)	(20.0, 0.25)	(21.0, 0.25)	(22.0, 0.0)	(23.0, 0.5)	(24.0, 0.8333333333333333)	(25.0, 0.3333333333333333)	(26.0, 0.0)	(27.0, 0.25)	(28.0, 0.25)	(29.0, 1.3333333333333333)	(30.0, 2.083333333333333)	(31.0, 2.5)	(32.0, 4.0)	(33.0, 7.916666666666666)	(34.0, 11.5)	(35.0, 13.333333333333334)	(36.0, 19.91666666666666)	(37.0, 23.499999999999996)	(38.0, 26.16666666666666)	(39.0, 35.166666666666664)	(40.0, 31.83333333333333)	(41.0, 32.66666666666666)	(42.0, 35.583333333333336)	(43.0, 46.58333333333334)	(44.0, 64.66666666666671)	(45.0, 81.33333333333331)	(46.0, 94.41666666666663)	(47.0, 134.0833333333333)	(48.0, 526.8333333333328)	(49.0, 2881.8333333333367)	(50.0, 7052.416666666623)	(51.0, 11284.916666666706)	(52.0, 6231.499999999969)	(53.0, 5226.833333333327)	(54.0, 5012.999999999998)	(55.0, 9633.166666666637)	(56.0, 23666.4166666664)	(57.0, 19758.333333333296)	(58.0, 10393.083333333334)	(59.0, 6485.083333333329)	(60.0, 1387.4166666666665)	(61.0, 219.25)	(62.0, 56.08333333333333)	(63.0, 23.666666666666664)	(64.0, 9.666666666666668)	(65.0, 3.6666666666666665)	(66.0, 2.75)	(67.0, 2.75)	(68.0, 1.0)	(69.0, 0.5)	(70.0, 0.25)	(71.0, 0.0)	(72.0, 0.0)	(73.0, 0.0)	(74.0, 0.0)	(75.0, 0.0)	(76.0, 0.0)	(77.0, 0.25)	(78.0, 0.0)	(79.0, 0.0)	(80.0, 0.25)	(81.0, 0.0)	(82.0, 0.0)	(83.0, 0.0)	(84.0, 0.0)	(85.0, 0.0)	(86.0, 0.0)	(87.0, 0.0)	(88.0, 0.0)	(89.0, 0.0)	(90.0, 0.0)	(91.0, 0.0)	(92.0, 0.0)	(93.0, 0.0)	(94.0, 0.0)	(95.0, 0.0)	(96.0, 0.0)	(97.0, 0.0)	(98.0, 0.0)	(99.0, 0.0)	(100.0, 0.0)
SRR6808094_2	(0.0, 317.0)	(1.0, 158.5)	(2.0, 0.0)	(3.0, 0.0)	(4.0, 0.0)	(5.0, 0.0)	(6.0, 0.0)	(7.0, 0.0)	(8.0, 0.0)	(9.0, 0.0)	(10.0, 0.0)	(11.0, 0.25)	(12.0, 0.25)	(13.0, 0.25)	(14.0, 0.0)	(15.0, 0.0)	(16.0, 0.0)	(17.0, 0.0)	(18.0, 0.0)	(19.0, 0.0)	(20.0, 0.0)	(21.0, 0.0)	(22.0, 0.0)	(23.0, 0.25)	(24.0, 0.25)	(25.0, 0.5)	(26.0, 0.0)	(27.0, 0.0)	(28.0, 0.75)	(29.0, 0.5)	(30.0, 0.5833333333333333)	(31.0, 0.9166666666666666)	(32.0, 0.9166666666666665)	(33.0, 1.1666666666666665)	(34.0, 3.1666666666666665)	(35.0, 6.083333333333333)	(36.0, 12.5)	(37.0, 13.583333333333336)	(38.0, 12.916666666666668)	(39.0, 20.499999999999996)	(40.0, 30.083333333333325)	(41.0, 32.33333333333333)	(42.0, 39.25)	(43.0, 45.50000000000001)	(44.0, 57.333333333333364)	(45.0, 60.00000000000003)	(46.0, 89.83333333333329)	(47.0, 148.08333333333331)	(48.0, 323.24999999999983)	(49.0, 1299.3333333333326)	(50.0, 3641.0000000000355)	(51.0, 7603.1666666665915)	(52.0, 8889.999999999818)	(53.0, 6880.999999999653)	(54.0, 6290.499999999721)	(55.0, 10885.166666667137)	(56.0, 22356.499999998538)	(57.0, 20135.083333333285)	(58.0, 12763.666666667343)	(59.0, 7485.083333333113)	(60.0, 3649.083333333363)	(61.0, 927.5000000000028)	(62.0, 237.91666666666697)	(63.0, 97.49999999999994)	(64.0, 44.16666666666668)	(65.0, 28.91666666666666)	(66.0, 16.583333333333336)	(67.0, 14.166666666666668)	(68.0, 11.333333333333334)	(69.0, 5.25)	(70.0, 4.916666666666667)	(71.0, 2.5)	(72.0, 1.8333333333333333)	(73.0, 1.3333333333333333)	(74.0, 0.5)	(75.0, 0.75)	(76.0, 0.5)	(77.0, 1.25)	(78.0, 1.25)	(79.0, 0.25)	(80.0, 0.5)	(81.0, 0.0)	(82.0, 0.25)	(83.0, 0.0)	(84.0, 0.25)	(85.0, 0.25)	(86.0, 0.25)	(87.0, 0.5)	(88.0, 0.25)	(89.0, 0.75)	(90.0, 0.0)	(91.0, 0.5)	(92.0, 0.25)	(93.0, 0.0)	(94.0, 0.25)	(95.0, 0.5)	(96.0, 0.25)	(97.0, 0.25)	(98.0, 0.0)	(99.0, 0.25)	(100.0, 0.3333333333333333)
SRR6808095_1	(0.0, 129.0)	(1.0, 64.5)	(2.0, 0.0)	(3.0, 0.0)	(4.0, 0.0)	(5.0, 0.0)	(6.0, 0.0)	(7.0, 0.0)	(8.0, 0.0)	(9.0, 0.0)	(10.0, 0.0)	(11.0, 0.0)	(12.0, 0.0)	(13.0, 0.0)	(14.0, 0.0)	(15.0, 0.0)	(16.0, 0.0)	(17.0, 0.25)	(18.0, 0.0)	(19.0, 0.25)	(20.0, 0.25)	(21.0, 0.0)	(22.0, 0.25)	(23.0, 0.25)	(24.0, 0.0)	(25.0, 0.25)	(26.0, 0.25)	(27.0, 0.0)	(28.0, 0.25)	(29.0, 1.5)	(30.0, 1.0)	(31.0, 4.0)	(32.0, 5.166666666666667)	(33.0, 5.333333333333333)	(34.0, 9.583333333333334)	(35.0, 14.75)	(36.0, 18.916666666666668)	(37.0, 20.166666666666668)	(38.0, 19.0)	(39.0, 23.33333333333333)	(40.0, 22.083333333333332)	(41.0, 29.16666666666666)	(42.0, 24.41666666666666)	(43.0, 23.916666666666664)	(44.0, 32.91666666666666)	(45.0, 41.583333333333336)	(46.0, 60.250000000000014)	(47.0, 94.58333333333329)	(48.0, 798.5833333333335)	(49.0, 2566.0)	(50.0, 1013.0000000000008)	(51.0, 1877.083333333331)	(52.0, 4624.750000000002)	(53.0, 6379.083333333327)	(54.0, 5340.833333333327)	(55.0, 2488.75)	(56.0, 2528.0000000000014)	(57.0, 4353.500000000003)	(58.0, 4041.666666666668)	(59.0, 3771.166666666667)	(60.0, 1094.5)	(61.0, 186.25)	(62.0, 50.5)	(63.0, 15.75)	(64.0, 3.75)	(65.0, 1.75)	(66.0, 2.25)	(67.0, 0.75)	(68.0, 0.25)	(69.0, 0.0)	(70.0, 0.0)	(71.0, 0.0)	(72.0, 0.0)	(73.0, 0.0)	(74.0, 0.0)	(75.0, 0.0)	(76.0, 0.0)	(77.0, 0.0)	(78.0, 0.0)	(79.0, 0.0)	(80.0, 0.0)	(81.0, 0.0)	(82.0, 0.0)	(83.0, 0.0)	(84.0, 0.0)	(85.0, 0.0)	(86.0, 0.0)	(87.0, 0.0)	(88.0, 0.0)	(89.0, 0.0)	(90.0, 0.0)	(91.0, 0.0)	(92.0, 0.0)	(93.0, 0.0)	(94.0, 0.0)	(95.0, 0.0)	(96.0, 0.0)	(97.0, 0.0)	(98.0, 0.0)	(99.0, 0.0)	(100.0, 0.0)
SRR6808095_2	(0.0, 132.0)	(1.0, 66.0)	(2.0, 0.0)	(3.0, 0.0)	(4.0, 0.0)	(5.0, 0.0)	(6.0, 0.0)	(7.0, 0.0)	(8.0, 0.0)	(9.0, 0.0)	(10.0, 0.0)	(11.0, 0.0)	(12.0, 0.0)	(13.0, 0.0)	(14.0, 0.0)	(15.0, 0.25)	(16.0, 0.25)	(17.0, 0.0)	(18.0, 0.25)	(19.0, 0.0)	(20.0, 0.0)	(21.0, 0.0)	(22.0, 0.0)	(23.0, 0.0)	(24.0, 0.0)	(25.0, 0.0)	(26.0, 0.0)	(27.0, 0.0)	(28.0, 0.25)	(29.0, 1.1666666666666665)	(30.0, 1.3333333333333333)	(31.0, 1.0)	(32.0, 2.083333333333333)	(33.0, 2.5)	(34.0, 2.75)	(35.0, 5.916666666666667)	(36.0, 7.333333333333334)	(37.0, 10.416666666666666)	(38.0, 11.250000000000002)	(39.0, 17.916666666666668)	(40.0, 18.166666666666664)	(41.0, 24.583333333333325)	(42.0, 27.41666666666666)	(43.0, 31.99999999999999)	(44.0, 30.25)	(45.0, 37.83333333333333)	(46.0, 49.50000000000001)	(47.0, 86.41666666666666)	(48.0, 202.83333333333346)	(49.0, 478.24999999999943)	(50.0, 1554.999999999996)	(51.0, 2136.083333333319)	(52.0, 2795.5000000000264)	(53.0, 5112.499999999979)	(54.0, 6094.666666666486)	(55.0, 5389.4999999999045)	(56.0, 3616.4166666667506)	(57.0, 3344.333333333368)	(58.0, 3967.9166666667297)	(59.0, 3438.1666666667033)	(60.0, 2935.0833333333535)	(61.0, 1291.499999999999)	(62.0, 360.33333333333303)	(63.0, 114.7499999999999)	(64.0, 43.166666666666686)	(65.0, 17.833333333333336)	(66.0, 7.999999999999999)	(67.0, 5.5)	(68.0, 6.249999999999999)	(69.0, 2.25)	(70.0, 1.5833333333333333)	(71.0, 1.0)	(72.0, 1.5833333333333333)	(73.0, 0.5833333333333333)	(74.0, 0.5833333333333333)	(75.0, 0.3333333333333333)	(76.0, 0.25)	(77.0, 0.0)	(78.0, 0.0)	(79.0, 0.0)	(80.0, 0.0)	(81.0, 0.0)	(82.0, 0.25)	(83.0, 0.25)	(84.0, 0.25)	(85.0, 0.25)	(86.0, 0.25)	(87.0, 0.25)	(88.0, 0.0)	(89.0, 0.25)	(90.0, 0.25)	(91.0, 0.0)	(92.0, 0.25)	(93.0, 0.25)	(94.0, 0.0)	(95.0, 0.0)	(96.0, 0.0)	(97.0, 0.0)	(98.0, 0.0)	(99.0, 0.25)	(100.0, 0.0)
SRR6808096_1	(0.0, 69.0)	(1.0, 34.5)	(2.0, 0.0)	(3.0, 0.0)	(4.0, 0.0)	(5.0, 0.0)	(6.0, 0.0)	(7.0, 0.0)	(8.0, 0.0)	(9.0, 0.0)	(10.0, 0.0)	(11.0, 0.0)	(12.0, 0.0)	(13.0, 0.0)	(14.0, 0.0)	(15.0, 0.0)	(16.0, 0.0)	(17.0, 0.0)	(18.0, 0.0)	(19.0, 0.0)	(20.0, 0.25)	(21.0, 0.25)	(22.0, 0.0)	(23.0, 0.0)	(24.0, 0.0)	(25.0, 0.0)	(26.0, 0.0)	(27.0, 0.0)	(28.0, 0.0)	(29.0, 0.0)	(30.0, 0.25)	(31.0, 0.5)	(32.0, 2.333333333333333)	(33.0, 3.9166666666666665)	(34.0, 5.5)	(35.0, 6.666666666666666)	(36.0, 11.916666666666666)	(37.0, 11.166666666666666)	(38.0, 16.666666666666668)	(39.0, 16.416666666666668)	(40.0, 18.25)	(41.0, 17.583333333333336)	(42.0, 16.5)	(43.0, 14.583333333333336)	(44.0, 16.916666666666668)	(45.0, 21.25)	(46.0, 29.16666666666666)	(47.0, 47.91666666666668)	(48.0, 167.0)	(49.0, 968.6666666666672)	(50.0, 656.5)	(51.0, 1931.333333333331)	(52.0, 4144.166666666673)	(53.0, 3845.83333333334)	(54.0, 2238.3333333333308)	(55.0, 1292.4999999999995)	(56.0, 1650.6666666666645)	(57.0, 1492.3333333333328)	(58.0, 1288.2500000000005)	(59.0, 655.9166666666666)	(60.0, 502.16666666666663)	(61.0, 278.5833333333333)	(62.0, 47.666666666666664)	(63.0, 10.75)	(64.0, 1.75)	(65.0, 1.25)	(66.0, 0.5)	(67.0, 0.0)	(68.0, 0.25)	(69.0, 0.25)	(70.0, 0.0)	(71.0, 0.0)	(72.0, 0.0)	(73.0, 0.0)	(74.0, 0.0)	(75.0, 0.0)	(76.0, 0.0)	(77.0, 0.0)	(78.0, 0.0)	(79.0, 0.0)	(80.0, 0.0)	(81.0, 0.0)	(82.0, 0.0)	(83.0, 0.0)	(84.0, 0.0)	(85.0, 0.0)	(86.0, 0.0)	(87.0, 0.0)	(88.0, 0.0)	(89.0, 0.0)	(90.0, 0.0)	(91.0, 0.0)	(92.0, 0.0)	(93.0, 0.0)	(94.0, 0.0)	(95.0, 0.0)	(96.0, 0.0)	(97.0, 0.0)	(98.0, 0.0)	(99.0, 0.0)	(100.0, 0.0)
SRR6808096_2	(0.0, 74.0)	(1.0, 37.0)	(2.0, 0.0)	(3.0, 0.0)	(4.0, 0.0)	(5.0, 0.0)	(6.0, 0.0)	(7.0, 0.0)	(8.0, 0.0)	(9.0, 0.0)	(10.0, 0.0)	(11.0, 0.0)	(12.0, 0.0)	(13.0, 0.0)	(14.0, 0.0)	(15.0, 0.0)	(16.0, 0.0)	(17.0, 0.0)	(18.0, 0.25)	(19.0, 0.25)	(20.0, 0.0)	(21.0, 0.0)	(22.0, 0.0)	(23.0, 0.0)	(24.0, 0.0)	(25.0, 0.0)	(26.0, 0.0)	(27.0, 0.0)	(28.0, 0.0)	(29.0, 0.0)	(30.0, 0.0)	(31.0, 0.25)	(32.0, 0.5)	(33.0, 1.3333333333333333)	(34.0, 1.0833333333333333)	(35.0, 3.25)	(36.0, 2.8333333333333335)	(37.0, 4.083333333333334)	(38.0, 8.166666666666666)	(39.0, 9.250000000000002)	(40.0, 12.166666666666666)	(41.0, 16.000000000000004)	(42.0, 18.083333333333332)	(43.0, 20.166666666666664)	(44.0, 22.750000000000004)	(45.0, 25.499999999999996)	(46.0, 33.83333333333332)	(47.0, 58.58333333333336)	(48.0, 392.66666666666663)	(49.0, 618.5833333333334)	(50.0, 444.58333333333206)	(51.0, 838.0833333333409)	(52.0, 2612.5833333333576)	(53.0, 4610.333333333458)	(54.0, 3249.1666666667224)	(55.0, 2231.249999999988)	(56.0, 1703.6666666666486)	(57.0, 1730.8333333333137)	(58.0, 1692.6666666666415)	(59.0, 1150.3333333333367)	(60.0, 747.6666666666686)	(61.0, 365.8333333333328)	(62.0, 167.83333333333343)	(63.0, 65.08333333333339)	(64.0, 20.666666666666664)	(65.0, 9.25)	(66.0, 4.25)	(67.0, 2.6666666666666665)	(68.0, 3.0)	(69.0, 2.4166666666666665)	(70.0, 1.8333333333333333)	(71.0, 0.5)	(72.0, 0.25)	(73.0, 0.25)	(74.0, 0.8333333333333333)	(75.0, 0.5833333333333333)	(76.0, 1.0)	(77.0, 0.75)	(78.0, 0.5)	(79.0, 0.25)	(80.0, 0.0)	(81.0, 0.0)	(82.0, 0.0)	(83.0, 0.0)	(84.0, 0.0)	(85.0, 0.0)	(86.0, 0.0)	(87.0, 0.0)	(88.0, 0.25)	(89.0, 0.25)	(90.0, 0.0)	(91.0, 0.0)	(92.0, 0.0)	(93.0, 0.0)	(94.0, 0.0)	(95.0, 0.0)	(96.0, 0.0)	(97.0, 0.0)	(98.0, 0.0)	(99.0, 0.0)	(100.0, 0.0)
SRR6808097_1	(0.0, 97.0)	(1.0, 48.5)	(2.0, 0.0)	(3.0, 0.0)	(4.0, 0.0)	(5.0, 0.0)	(6.0, 0.0)	(7.0, 0.0)	(8.0, 0.0)	(9.0, 0.0)	(10.0, 0.0)	(11.0, 0.0)	(12.0, 0.0)	(13.0, 0.25)	(14.0, 0.25)	(15.0, 0.0)	(16.0, 0.0)	(17.0, 0.25)	(18.0, 0.0)	(19.0, 0.25)	(20.0, 0.0)	(21.0, 0.25)	(22.0, 0.5)	(23.0, 0.25)	(24.0, 0.0)	(25.0, 0.5)	(26.0, 0.75)	(27.0, 0.5)	(28.0, 0.8333333333333333)	(29.0, 0.5833333333333333)	(30.0, 1.1666666666666665)	(31.0, 2.333333333333333)	(32.0, 2.6666666666666665)	(33.0, 6.583333333333333)	(34.0, 8.166666666666664)	(35.0, 11.333333333333334)	(36.0, 15.166666666666668)	(37.0, 12.916666666666666)	(38.0, 18.0)	(39.0, 17.916666666666668)	(40.0, 23.249999999999996)	(41.0, 25.999999999999996)	(42.0, 23.25)	(43.0, 26.08333333333333)	(44.0, 29.16666666666666)	(45.0, 35.08333333333333)	(46.0, 40.75000000000001)	(47.0, 71.83333333333334)	(48.0, 205.41666666666674)	(49.0, 572.2499999999998)	(50.0, 1748.166666666661)	(51.0, 6759.583333333296)	(52.0, 4015.58333333335)	(53.0, 6825.166666666645)	(54.0, 7670.916666666608)	(55.0, 6024.166666666602)	(56.0, 17100.66666666675)	(57.0, 10010.916666666675)	(58.0, 3210.75)	(59.0, 1693.2499999999998)	(60.0, 368.8333333333333)	(61.0, 63.41666666666667)	(62.0, 17.333333333333336)	(63.0, 8.75)	(64.0, 4.75)	(65.0, 2.25)	(66.0, 1.0)	(67.0, 0.75)	(68.0, 0.25)	(69.0, 0.25)	(70.0, 0.0)	(71.0, 0.0)	(72.0, 0.25)	(73.0, 0.0)	(74.0, 0.0)	(75.0, 0.0)	(76.0, 0.0)	(77.0, 0.0)	(78.0, 0.0)	(79.0, 0.0)	(80.0, 0.0)	(81.0, 0.25)	(82.0, 0.25)	(83.0, 0.25)	(84.0, 0.0)	(85.0, 0.0)	(86.0, 0.0)	(87.0, 0.0)	(88.0, 0.0)	(89.0, 0.0)	(90.0, 0.0)	(91.0, 0.0)	(92.0, 0.0)	(93.0, 0.0)	(94.0, 0.0)	(95.0, 0.0)	(96.0, 0.0)	(97.0, 0.0)	(98.0, 0.0)	(99.0, 0.0)	(100.0, 0.0)
SRR6808097_2	(0.0, 98.0)	(1.0, 49.0)	(2.0, 0.0)	(3.0, 0.0)	(4.0, 0.25)	(5.0, 0.25)	(6.0, 0.0)	(7.0, 0.0)	(8.0, 0.0)	(9.0, 0.0)	(10.0, 0.0)	(11.0, 0.0)	(12.0, 0.0)	(13.0, 0.0)	(14.0, 0.0)	(15.0, 0.0)	(16.0, 0.0)	(17.0, 0.0)	(18.0, 0.0)	(19.0, 0.0)	(20.0, 0.25)	(21.0, 0.25)	(22.0, 0.0)	(23.0, 0.25)	(24.0, 0.0)	(25.0, 0.25)	(26.0, 0.25)	(27.0, 0.0)	(28.0, 0.25)	(29.0, 0.5)	(30.0, 0.5)	(31.0, 1.0)	(32.0, 1.0)	(33.0, 1.6666666666666665)	(34.0, 4.083333333333333)	(35.0, 5.416666666666666)	(36.0, 4.25)	(37.0, 6.916666666666666)	(38.0, 12.0)	(39.0, 17.500000000000004)	(40.0, 17.333333333333336)	(41.0, 23.833333333333332)	(42.0, 24.999999999999993)	(43.0, 29.749999999999993)	(44.0, 39.25000000000001)	(45.0, 45.25000000000003)	(46.0, 57.833333333333364)	(47.0, 92.1666666666666)	(48.0, 179.08333333333348)	(49.0, 395.66666666666595)	(50.0, 1043.000000000004)	(51.0, 3475.6666666666843)	(52.0, 5386.499999999957)	(53.0, 4610.666666666719)	(54.0, 4901.083333333318)	(55.0, 11967.750000001704)	(56.0, 18109.500000002452)	(57.0, 11854.166666667184)	(58.0, 5706.66666666656)	(59.0, 2862.75000000003)	(60.0, 1317.6666666666636)	(61.0, 409.3333333333326)	(62.0, 131.41666666666657)	(63.0, 51.91666666666669)	(64.0, 27.74999999999999)	(65.0, 20.416666666666664)	(66.0, 12.500000000000002)	(67.0, 5.666666666666666)	(68.0, 4.666666666666666)	(69.0, 3.5833333333333335)	(70.0, 1.8333333333333333)	(71.0, 2.4166666666666665)	(72.0, 1.4166666666666665)	(73.0, 1.0833333333333333)	(74.0, 1.6666666666666665)	(75.0, 1.0833333333333333)	(76.0, 1.25)	(77.0, 0.75)	(78.0, 0.0)	(79.0, 0.75)	(80.0, 0.5)	(81.0, 0.5)	(82.0, 0.25)	(83.0, 0.0)	(84.0, 0.25)	(85.0, 0.5)	(86.0, 0.25)	(87.0, 0.25)	(88.0, 1.0)	(89.0, 0.0)	(90.0, 0.25)	(91.0, 0.25)	(92.0, 0.0)	(93.0, 0.25)	(94.0, 0.25)	(95.0, 0.25)	(96.0, 0.25)	(97.0, 0.0)	(98.0, 0.0)	(99.0, 0.25)	(100.0, 0.3333333333333333)
SRR6808098_1	(0.0, 257.0)	(1.0, 128.5)	(2.0, 0.0)	(3.0, 0.0)	(4.0, 0.0)	(5.0, 0.0)	(6.0, 0.0)	(7.0, 0.0)	(8.0, 0.0)	(9.0, 0.0)	(10.0, 0.0)	(11.0, 0.0)	(12.0, 0.0)	(13.0, 0.0)	(14.0, 0.0)	(15.0, 0.25)	(16.0, 0.0)	(17.0, 0.25)	(18.0, 0.0)	(19.0, 0.0)	(20.0, 0.25)	(21.0, 0.0)	(22.0, 0.25)	(23.0, 0.5)	(24.0, 0.5833333333333333)	(25.0, 0.0)	(26.0, 0.5833333333333333)	(27.0, 0.5833333333333333)	(28.0, 0.5)	(29.0, 1.3333333333333333)	(30.0, 1.0)	(31.0, 1.25)	(32.0, 3.25)	(33.0, 11.916666666666668)	(34.0, 13.25)	(35.0, 20.5)	(36.0, 22.249999999999996)	(37.0, 29.083333333333325)	(38.0, 40.41666666666667)	(39.0, 43.50000000000001)	(40.0, 43.08333333333334)	(41.0, 45.33333333333334)	(42.0, 50.1666666666667)	(43.0, 48.83333333333335)	(44.0, 44.16666666666668)	(45.0, 49.666666666666686)	(46.0, 60.58333333333336)	(47.0, 79.41666666666666)	(48.0, 128.9166666666666)	(49.0, 434.16666666666634)	(50.0, 1202.499999999999)	(51.0, 3403.9166666666715)	(52.0, 5357.999999999993)	(53.0, 8361.249999999982)	(54.0, 8172.416666666628)	(55.0, 6297.3333333333085)	(56.0, 8053.833333333291)	(57.0, 8225.916666666644)	(58.0, 3173.8333333333353)	(59.0, 1836.3333333333328)	(60.0, 452.4166666666666)	(61.0, 109.49999999999999)	(62.0, 36.33333333333333)	(63.0, 15.333333333333334)	(64.0, 5.166666666666667)	(65.0, 2.5833333333333335)	(66.0, 1.75)	(67.0, 2.083333333333333)	(68.0, 1.25)	(69.0, 0.25)	(70.0, 0.0)	(71.0, 0.0)	(72.0, 0.25)	(73.0, 0.0)	(74.0, 0.0)	(75.0, 0.0)	(76.0, 0.0)	(77.0, 0.0)	(78.0, 0.0)	(79.0, 0.0)	(80.0, 0.0)	(81.0, 0.0)	(82.0, 0.0)	(83.0, 0.0)	(84.0, 0.0)	(85.0, 0.0)	(86.0, 0.0)	(87.0, 0.0)	(88.0, 0.0)	(89.0, 0.0)	(90.0, 0.0)	(91.0, 0.0)	(92.0, 0.0)	(93.0, 0.0)	(94.0, 0.0)	(95.0, 0.0)	(96.0, 0.0)	(97.0, 0.0)	(98.0, 0.0)	(99.0, 0.0)	(100.0, 0.0)
SRR6808098_2	(0.0, 269.0)	(1.0, 134.5)	(2.0, 0.0)	(3.0, 0.0)	(4.0, 0.0)	(5.0, 0.0)	(6.0, 0.0)	(7.0, 0.0)	(8.0, 0.0)	(9.0, 0.0)	(10.0, 0.0)	(11.0, 0.25)	(12.0, 0.0)	(13.0, 0.0)	(14.0, 0.0)	(15.0, 0.0)	(16.0, 0.25)	(17.0, 0.0)	(18.0, 0.0)	(19.0, 0.0)	(20.0, 0.0)	(21.0, 0.25)	(22.0, 0.0)	(23.0, 0.0)	(24.0, 0.5)	(25.0, 0.5)	(26.0, 0.0)	(27.0, 0.25)	(28.0, 0.0)	(29.0, 0.75)	(30.0, 1.0833333333333333)	(31.0, 0.8333333333333333)	(32.0, 0.6666666666666666)	(33.0, 2.6666666666666665)	(34.0, 3.3333333333333335)	(35.0, 6.0)	(36.0, 9.916666666666668)	(37.0, 12.833333333333336)	(38.0, 17.833333333333336)	(39.0, 25.83333333333333)	(40.0, 30.16666666666666)	(41.0, 34.66666666666666)	(42.0, 46.000000000000014)	(43.0, 45.750000000000014)	(44.0, 50.25000000000003)	(45.0, 57.58333333333335)	(46.0, 63.916666666666714)	(47.0, 77.08333333333336)	(48.0, 127.74999999999986)	(49.0, 267.8333333333336)	(50.0, 627.9166666666665)	(51.0, 1868.5833333333078)	(52.0, 4256.33333333355)	(53.0, 6501.749999999525)	(54.0, 6227.749999999771)	(55.0, 10939.333333334103)	(56.0, 12584.833333334796)	(57.0, 8297.833333332992)	(58.0, 4736.000000000047)	(59.0, 2411.1666666666583)	(60.0, 1159.0000000000027)	(61.0, 334.83333333333314)	(62.0, 114.7499999999999)	(63.0, 53.58333333333336)	(64.0, 30.08333333333332)	(65.0, 16.16666666666667)	(66.0, 8.833333333333332)	(67.0, 6.916666666666666)	(68.0, 4.833333333333334)	(69.0, 3.25)	(70.0, 2.5)	(71.0, 2.0)	(72.0, 2.083333333333333)	(73.0, 1.3333333333333333)	(74.0, 0.75)	(75.0, 0.5833333333333333)	(76.0, 1.3333333333333333)	(77.0, 0.25)	(78.0, 0.0)	(79.0, 0.25)	(80.0, 0.0)	(81.0, 0.0)	(82.0, 0.25)	(83.0, 0.25)	(84.0, 0.25)	(85.0, 0.25)	(86.0, 0.0)	(87.0, 0.0)	(88.0, 0.0)	(89.0, 0.5)	(90.0, 0.25)	(91.0, 0.25)	(92.0, 0.25)	(93.0, 0.25)	(94.0, 0.0)	(95.0, 0.25)	(96.0, 0.0)	(97.0, 0.0)	(98.0, 0.0)	(99.0, 0.0)	(100.0, 0.0)
SRR6808099_1	(0.0, 327.0)	(1.0, 163.5)	(2.0, 0.0)	(3.0, 0.0)	(4.0, 0.0)	(5.0, 0.0)	(6.0, 0.0)	(7.0, 0.0)	(8.0, 0.0)	(9.0, 0.0)	(10.0, 0.0)	(11.0, 0.0)	(12.0, 0.0)	(13.0, 0.0)	(14.0, 0.0)	(15.0, 0.25)	(16.0, 0.5)	(17.0, 0.0)	(18.0, 0.0)	(19.0, 0.25)	(20.0, 0.0)	(21.0, 0.0)	(22.0, 0.0)	(23.0, 0.75)	(24.0, 0.25)	(25.0, 0.0)	(26.0, 0.25)	(27.0, 0.25)	(28.0, 2.083333333333333)	(29.0, 2.0)	(30.0, 0.0)	(31.0, 2.75)	(32.0, 4.583333333333333)	(33.0, 6.416666666666666)	(34.0, 12.000000000000002)	(35.0, 23.416666666666664)	(36.0, 25.749999999999996)	(37.0, 34.58333333333333)	(38.0, 41.16666666666667)	(39.0, 51.75000000000002)	(40.0, 54.250000000000014)	(41.0, 63.500000000000036)	(42.0, 65.33333333333336)	(43.0, 57.00000000000002)	(44.0, 59.750000000000036)	(45.0, 61.333333333333385)	(46.0, 77.33333333333334)	(47.0, 94.99999999999996)	(48.0, 258.8333333333335)	(49.0, 1252.916666666666)	(50.0, 1311.666666666666)	(51.0, 3362.7500000000073)	(52.0, 8395.666666666648)	(53.0, 8391.666666666648)	(54.0, 5512.416666666653)	(55.0, 2841.833333333339)	(56.0, 1926.9999999999934)	(57.0, 4253.583333333336)	(58.0, 3808.833333333334)	(59.0, 7213.249999999999)	(60.0, 2230.666666666666)	(61.0, 516.5)	(62.0, 97.91666666666666)	(63.0, 29.249999999999996)	(64.0, 9.916666666666668)	(65.0, 2.333333333333333)	(66.0, 0.75)	(67.0, 0.25)	(68.0, 1.0)	(69.0, 0.5)	(70.0, 0.25)	(71.0, 0.5)	(72.0, 0.0)	(73.0, 0.0)	(74.0, 0.25)	(75.0, 0.25)	(76.0, 0.0)	(77.0, 0.0)	(78.0, 0.0)	(79.0, 0.0)	(80.0, 0.0)	(81.0, 0.0)	(82.0, 0.0)	(83.0, 0.0)	(84.0, 0.0)	(85.0, 0.0)	(86.0, 0.0)	(87.0, 0.0)	(88.0, 0.0)	(89.0, 0.0)	(90.0, 0.0)	(91.0, 0.0)	(92.0, 0.0)	(93.0, 0.0)	(94.0, 0.0)	(95.0, 0.0)	(96.0, 0.0)	(97.0, 0.0)	(98.0, 0.0)	(99.0, 0.0)	(100.0, 0.0)
SRR6808099_2	(0.0, 318.0)	(1.0, 159.0)	(2.0, 0.0)	(3.0, 0.0)	(4.0, 0.0)	(5.0, 0.0)	(6.0, 0.0)	(7.0, 0.0)	(8.0, 0.0)	(9.0, 0.0)	(10.0, 0.0)	(11.0, 0.0)	(12.0, 0.0)	(13.0, 0.5)	(14.0, 0.25)	(15.0, 0.0)	(16.0, 0.0)	(17.0, 0.0)	(18.0, 0.25)	(19.0, 0.0)	(20.0, 0.0)	(21.0, 0.0)	(22.0, 0.0)	(23.0, 0.0)	(24.0, 0.25)	(25.0, 0.5833333333333333)	(26.0, 0.0)	(27.0, 0.0)	(28.0, 1.3333333333333333)	(29.0, 1.6666666666666665)	(30.0, 0.8333333333333333)	(31.0, 0.5833333333333333)	(32.0, 2.1666666666666665)	(33.0, 3.5)	(34.0, 4.166666666666667)	(35.0, 8.416666666666664)	(36.0, 12.500000000000002)	(37.0, 18.583333333333336)	(38.0, 23.91666666666666)	(39.0, 33.16666666666666)	(40.0, 41.166666666666664)	(41.0, 44.833333333333336)	(42.0, 51.08333333333335)	(43.0, 57.666666666666686)	(44.0, 70.5)	(45.0, 75.33333333333334)	(46.0, 81.58333333333333)	(47.0, 107.74999999999994)	(48.0, 329.5)	(49.0, 611.7500000000002)	(50.0, 978.4166666666716)	(51.0, 1657.9999999999895)	(52.0, 4575.583333333415)	(53.0, 8047.249999999422)	(54.0, 7822.499999999512)	(55.0, 6192.83333333306)	(56.0, 3243.4166666667315)	(57.0, 3422.1666666667124)	(58.0, 4042.4166666667543)	(59.0, 4035.0833333334053)	(60.0, 5484.916666666609)	(61.0, 2869.0833333333703)	(62.0, 820.4166666666716)	(63.0, 232.58333333333383)	(64.0, 76.58333333333333)	(65.0, 28.58333333333333)	(66.0, 15.250000000000004)	(67.0, 12.833333333333334)	(68.0, 9.166666666666666)	(69.0, 5.083333333333333)	(70.0, 4.833333333333333)	(71.0, 4.583333333333333)	(72.0, 3.0)	(73.0, 1.75)	(74.0, 0.5833333333333333)	(75.0, 1.1666666666666665)	(76.0, 0.3333333333333333)	(77.0, 0.8333333333333333)	(78.0, 0.25)	(79.0, 0.5)	(80.0, 0.5)	(81.0, 0.0)	(82.0, 0.5)	(83.0, 0.5)	(84.0, 0.5)	(85.0, 0.0)	(86.0, 0.0)	(87.0, 0.25)	(88.0, 0.0)	(89.0, 0.0)	(90.0, 0.0)	(91.0, 0.0)	(92.0, 0.0)	(93.0, 0.25)	(94.0, 0.25)	(95.0, 0.0)	(96.0, 0.0)	(97.0, 0.0)	(98.0, 0.0)	(99.0, 0.25)	(100.0, 0.0)
SRR6808100_1	(0.0, 30.0)	(1.0, 15.0)	(2.0, 0.0)	(3.0, 0.0)	(4.0, 0.0)	(5.0, 0.0)	(6.0, 0.0)	(7.0, 0.0)	(8.0, 0.0)	(9.0, 0.0)	(10.0, 0.0)	(11.0, 0.0)	(12.0, 0.0)	(13.0, 0.0)	(14.0, 0.0)	(15.0, 0.0)	(16.0, 0.0)	(17.0, 0.0)	(18.0, 0.0)	(19.0, 0.0)	(20.0, 0.0)	(21.0, 0.0)	(22.0, 0.0)	(23.0, 0.0)	(24.0, 0.0)	(25.0, 0.0)	(26.0, 0.0)	(27.0, 0.0)	(28.0, 0.0)	(29.0, 0.0)	(30.0, 0.0)	(31.0, 0.25)	(32.0, 0.0)	(33.0, 0.5)	(34.0, 1.0833333333333333)	(35.0, 0.8333333333333333)	(36.0, 1.3333333333333333)	(37.0, 3.6666666666666665)	(38.0, 3.9166666666666665)	(39.0, 5.0)	(40.0, 6.166666666666666)	(41.0, 6.333333333333334)	(42.0, 6.833333333333333)	(43.0, 7.833333333333333)	(44.0, 10.083333333333334)	(45.0, 15.083333333333332)	(46.0, 17.249999999999996)	(47.0, 26.666666666666664)	(48.0, 64.66666666666669)	(49.0, 154.25)	(50.0, 574.9999999999989)	(51.0, 4327.250000000009)	(52.0, 3150.000000000003)	(53.0, 1750.3333333333317)	(54.0, 2055.6666666666597)	(55.0, 3275.0833333333526)	(56.0, 10800.833333333356)	(57.0, 6319.4999999999945)	(58.0, 2738.9166666666674)	(59.0, 653.9166666666666)	(60.0, 192.58333333333334)	(61.0, 50.33333333333333)	(62.0, 14.5)	(63.0, 7.5)	(64.0, 1.5)	(65.0, 1.5)	(66.0, 1.25)	(67.0, 0.5)	(68.0, 0.5)	(69.0, 0.0)	(70.0, 0.0)	(71.0, 0.0)	(72.0, 0.0)	(73.0, 0.0)	(74.0, 0.0)	(75.0, 0.0)	(76.0, 0.0)	(77.0, 0.0)	(78.0, 0.0)	(79.0, 0.0)	(80.0, 0.0)	(81.0, 0.0)	(82.0, 0.0)	(83.0, 0.0)	(84.0, 0.0)	(85.0, 0.0)	(86.0, 0.0)	(87.0, 0.0)	(88.0, 0.0)	(89.0, 0.0)	(90.0, 0.0)	(91.0, 0.0)	(92.0, 0.0)	(93.0, 0.0)	(94.0, 0.0)	(95.0, 0.0)	(96.0, 0.0)	(97.0, 0.0)	(98.0, 0.0)	(99.0, 0.0)	(100.0, 0.0)
SRR6808100_2	(0.0, 29.0)	(1.0, 14.5)	(2.0, 0.0)	(3.0, 0.0)	(4.0, 0.0)	(5.0, 0.0)	(6.0, 0.0)	(7.0, 0.0)	(8.0, 0.0)	(9.0, 0.0)	(10.0, 0.0)	(11.0, 0.0)	(12.0, 0.0)	(13.0, 0.0)	(14.0, 0.0)	(15.0, 0.0)	(16.0, 0.0)	(17.0, 0.0)	(18.0, 0.0)	(19.0, 0.0)	(20.0, 0.0)	(21.0, 0.0)	(22.0, 0.0)	(23.0, 0.0)	(24.0, 0.0)	(25.0, 0.0)	(26.0, 0.0)	(27.0, 0.0)	(28.0, 0.0)	(29.0, 0.0)	(30.0, 0.0)	(31.0, 0.0)	(32.0, 0.0)	(33.0, 0.25)	(34.0, 0.25)	(35.0, 0.8333333333333333)	(36.0, 0.8333333333333333)	(37.0, 1.0833333333333333)	(38.0, 1.9999999999999998)	(39.0, 2.1666666666666665)	(40.0, 3.7500000000000004)	(41.0, 4.499999999999999)	(42.0, 6.166666666666667)	(43.0, 8.333333333333334)	(44.0, 11.333333333333334)	(45.0, 13.5)	(46.0, 20.916666666666664)	(47.0, 30.33333333333332)	(48.0, 49.75000000000001)	(49.0, 111.99999999999994)	(50.0, 304.83333333333354)	(51.0, 1498.4999999999993)	(52.0, 3749.5833333333603)	(53.0, 2407.9166666666642)	(54.0, 1817.6666666666338)	(55.0, 4970.000000000012)	(56.0, 10848.833333333725)	(57.0, 7435.333333333193)	(58.0, 3520.083333333383)	(59.0, 1285.4999999999995)	(60.0, 420.33333333333275)	(61.0, 128.5833333333332)	(62.0, 54.166666666666686)	(63.0, 31.083333333333332)	(64.0, 14.166666666666666)	(65.0, 8.75)	(66.0, 5.083333333333334)	(67.0, 3.5)	(68.0, 4.416666666666667)	(69.0, 2.583333333333333)	(70.0, 1.25)	(71.0, 1.0)	(72.0, 1.25)	(73.0, 1.0)	(74.0, 0.5)	(75.0, 0.3333333333333333)	(76.0, 0.0)	(77.0, 0.0)	(78.0, 0.0)	(79.0, 0.25)	(80.0, 0.0)	(81.0, 0.25)	(82.0, 0.5)	(83.0, 0.5)	(84.0, 0.25)	(85.0, 0.25)	(86.0, 0.25)	(87.0, 0.25)	(88.0, 0.0)	(89.0, 0.0)	(90.0, 0.25)	(91.0, 0.0)	(92.0, 0.0)	(93.0, 0.0)	(94.0, 0.0)	(95.0, 0.0)	(96.0, 0.0)	(97.0, 0.0)	(98.0, 0.0)	(99.0, 0.0)	(100.0, 0.0)
SRR6808101_1	(0.0, 340.0)	(1.0, 170.0)	(2.0, 0.0)	(3.0, 0.0)	(4.0, 0.0)	(5.0, 0.0)	(6.0, 0.0)	(7.0, 0.0)	(8.0, 0.0)	(9.0, 0.0)	(10.0, 0.0)	(11.0, 0.0)	(12.0, 0.0)	(13.0, 0.0)	(14.0, 0.25)	(15.0, 0.25)	(16.0, 0.25)	(17.0, 0.5)	(18.0, 0.5)	(19.0, 0.5)	(20.0, 0.5)	(21.0, 0.5)	(22.0, 0.75)	(23.0, 0.0)	(24.0, 0.25)	(25.0, 0.25)	(26.0, 0.25)	(27.0, 0.5)	(28.0, 0.75)	(29.0, 2.583333333333333)	(30.0, 3.583333333333333)	(31.0, 8.833333333333334)	(32.0, 11.833333333333334)	(33.0, 23.749999999999996)	(34.0, 36.33333333333332)	(35.0, 43.25)	(36.0, 54.0)	(37.0, 56.75000000000001)	(38.0, 63.00000000000002)	(39.0, 64.33333333333334)	(40.0, 71.75)	(41.0, 72.00000000000001)	(42.0, 68.41666666666667)	(43.0, 75.25)	(44.0, 73.08333333333334)	(45.0, 83.5)	(46.0, 100.66666666666659)	(47.0, 135.1666666666666)	(48.0, 424.9999999999997)	(49.0, 2499.1666666666674)	(50.0, 1643.6666666666633)	(51.0, 4534.166666666671)	(52.0, 8840.833333333316)	(53.0, 14600.333333333387)	(54.0, 13036.00000000003)	(55.0, 4091.7500000000186)	(56.0, 4465.583333333343)	(57.0, 3908.750000000006)	(58.0, 2836.916666666668)	(59.0, 2437.0)	(60.0, 1051.4166666666667)	(61.0, 496.5)	(62.0, 100.91666666666667)	(63.0, 24.0)	(64.0, 5.833333333333334)	(65.0, 3.5)	(66.0, 2.25)	(67.0, 0.75)	(68.0, 0.75)	(69.0, 0.25)	(70.0, 0.5)	(71.0, 0.25)	(72.0, 0.0)	(73.0, 0.25)	(74.0, 0.0)	(75.0, 0.0)	(76.0, 0.0)	(77.0, 0.0)	(78.0, 0.0)	(79.0, 0.0)	(80.0, 0.0)	(81.0, 0.0)	(82.0, 0.0)	(83.0, 0.0)	(84.0, 0.0)	(85.0, 0.0)	(86.0, 0.0)	(87.0, 0.0)	(88.0, 0.0)	(89.0, 0.0)	(90.0, 0.0)	(91.0, 0.0)	(92.0, 0.0)	(93.0, 0.0)	(94.0, 0.0)	(95.0, 0.0)	(96.0, 0.0)	(97.0, 0.0)	(98.0, 0.0)	(99.0, 0.0)	(100.0, 0.0)
SRR6808101_2	(0.0, 339.0)	(1.0, 169.5)	(2.0, 0.0)	(3.0, 0.0)	(4.0, 0.0)	(5.0, 0.0)	(6.0, 0.0)	(7.0, 0.3333333333333333)	(8.0, 0.0)	(9.0, 0.0)	(10.0, 0.25)	(11.0, 0.0)	(12.0, 0.0)	(13.0, 0.0)	(14.0, 0.5)	(15.0, 0.0)	(16.0, 0.0)	(17.0, 0.0)	(18.0, 0.0)	(19.0, 0.0)	(20.0, 0.5)	(21.0, 0.3333333333333333)	(22.0, 0.9166666666666665)	(23.0, 0.25)	(24.0, 0.8333333333333333)	(25.0, 0.5833333333333333)	(26.0, 0.0)	(27.0, 1.0)	(28.0, 1.0833333333333333)	(29.0, 1.5833333333333333)	(30.0, 2.4166666666666665)	(31.0, 2.8333333333333335)	(32.0, 3.25)	(33.0, 8.583333333333332)	(34.0, 13.250000000000004)	(35.0, 19.749999999999996)	(36.0, 24.33333333333332)	(37.0, 36.75)	(38.0, 41.16666666666667)	(39.0, 52.25000000000002)	(40.0, 60.83333333333338)	(41.0, 74.50000000000001)	(42.0, 74.16666666666667)	(43.0, 81.33333333333333)	(44.0, 98.08333333333327)	(45.0, 100.91666666666656)	(46.0, 118.0833333333332)	(47.0, 195.08333333333343)	(48.0, 961.666666666668)	(49.0, 1514.0833333333305)	(50.0, 1232.9166666666658)	(51.0, 2202.2499999999723)	(52.0, 5879.833333333092)	(53.0, 10991.25000000061)	(54.0, 12955.166666667592)	(55.0, 10480.416666666817)	(56.0, 6266.3333333331575)	(57.0, 5049.583333333304)	(58.0, 4446.000000000135)	(59.0, 3232.833333333433)	(60.0, 2067.4166666666374)	(61.0, 929.0000000000061)	(62.0, 380.3333333333326)	(63.0, 135.16666666666652)	(64.0, 46.00000000000001)	(65.0, 21.166666666666668)	(66.0, 15.250000000000005)	(67.0, 6.083333333333333)	(68.0, 5.583333333333333)	(69.0, 4.916666666666666)	(70.0, 2.833333333333333)	(71.0, 3.6666666666666665)	(72.0, 1.3333333333333333)	(73.0, 1.25)	(74.0, 1.0)	(75.0, 0.5)	(76.0, 0.25)	(77.0, 0.5)	(78.0, 0.0)	(79.0, 0.0)	(80.0, 0.5)	(81.0, 0.25)	(82.0, 0.25)	(83.0, 0.3333333333333333)	(84.0, 0.5833333333333333)	(85.0, 0.25)	(86.0, 0.25)	(87.0, 0.0)	(88.0, 0.25)	(89.0, 0.5)	(90.0, 0.25)	(91.0, 0.0)	(92.0, 0.25)	(93.0, 0.0)	(94.0, 0.0)	(95.0, 0.5)	(96.0, 0.0)	(97.0, 0.0)	(98.0, 0.0)	(99.0, 0.0)	(100.0, 0.3333333333333333)
SRR6808102_1	(0.0, 144.0)	(1.0, 72.0)	(2.0, 0.0)	(3.0, 0.0)	(4.0, 0.0)	(5.0, 0.0)	(6.0, 0.0)	(7.0, 0.0)	(8.0, 0.0)	(9.0, 0.0)	(10.0, 0.0)	(11.0, 0.0)	(12.0, 0.0)	(13.0, 0.25)	(14.0, 0.0)	(15.0, 0.0)	(16.0, 0.0)	(17.0, 0.0)	(18.0, 0.25)	(19.0, 0.0)	(20.0, 0.5)	(21.0, 0.25)	(22.0, 0.25)	(23.0, 0.0)	(24.0, 0.0)	(25.0, 0.25)	(26.0, 0.0)	(27.0, 0.25)	(28.0, 1.25)	(29.0, 1.25)	(30.0, 2.0)	(31.0, 3.5833333333333335)	(32.0, 5.916666666666667)	(33.0, 9.5)	(34.0, 16.0)	(35.0, 18.083333333333336)	(36.0, 19.083333333333332)	(37.0, 21.333333333333332)	(38.0, 23.0)	(39.0, 25.999999999999996)	(40.0, 23.08333333333333)	(41.0, 23.666666666666668)	(42.0, 27.91666666666666)	(43.0, 29.666666666666657)	(44.0, 33.58333333333333)	(45.0, 44.16666666666667)	(46.0, 59.58333333333335)	(47.0, 80.99999999999999)	(48.0, 351.9166666666665)	(49.0, 1800.3333333333326)	(50.0, 764.8333333333335)	(51.0, 1638.9999999999975)	(52.0, 4600.166666666668)	(53.0, 5368.0833333333285)	(54.0, 2971.5833333333385)	(55.0, 2693.250000000008)	(56.0, 2873.9166666666715)	(57.0, 7023.749999999994)	(58.0, 4124.500000000002)	(59.0, 1204.9999999999998)	(60.0, 378.66666666666663)	(61.0, 182.58333333333337)	(62.0, 83.74999999999999)	(63.0, 21.0)	(64.0, 5.0)	(65.0, 2.5)	(66.0, 1.25)	(67.0, 1.0)	(68.0, 0.25)	(69.0, 0.5833333333333333)	(70.0, 0.3333333333333333)	(71.0, 0.0)	(72.0, 0.0)	(73.0, 0.0)	(74.0, 0.25)	(75.0, 0.0)	(76.0, 0.0)	(77.0, 0.0)	(78.0, 0.0)	(79.0, 0.0)	(80.0, 0.0)	(81.0, 0.0)	(82.0, 0.0)	(83.0, 0.0)	(84.0, 0.0)	(85.0, 0.0)	(86.0, 0.0)	(87.0, 0.0)	(88.0, 0.0)	(89.0, 0.0)	(90.0, 0.0)	(91.0, 0.0)	(92.0, 0.0)	(93.0, 0.0)	(94.0, 0.0)	(95.0, 0.0)	(96.0, 0.0)	(97.0, 0.0)	(98.0, 0.0)	(99.0, 0.0)	(100.0, 0.0)
SRR6808102_2	(0.0, 152.0)	(1.0, 76.0)	(2.0, 0.0)	(3.0, 0.0)	(4.0, 0.0)	(5.0, 0.0)	(6.0, 0.25)	(7.0, 0.25)	(8.0, 0.0)	(9.0, 0.0)	(10.0, 0.0)	(11.0, 0.0)	(12.0, 0.0)	(13.0, 0.0)	(14.0, 0.0)	(15.0, 0.25)	(16.0, 0.5)	(17.0, 0.25)	(18.0, 0.0)	(19.0, 0.0)	(20.0, 0.0)	(21.0, 0.0)	(22.0, 0.0)	(23.0, 0.0)	(24.0, 0.0)	(25.0, 0.0)	(26.0, 0.0)	(27.0, 0.0)	(28.0, 0.0)	(29.0, 1.0)	(30.0, 1.5)	(31.0, 1.5833333333333333)	(32.0, 1.3333333333333333)	(33.0, 2.6666666666666665)	(34.0, 5.250000000000001)	(35.0, 7.333333333333332)	(36.0, 7.583333333333333)	(37.0, 11.166666666666666)	(38.0, 14.750000000000002)	(39.0, 16.666666666666668)	(40.0, 19.583333333333336)	(41.0, 25.166666666666664)	(42.0, 21.249999999999996)	(43.0, 26.916666666666657)	(44.0, 34.75)	(45.0, 36.33333333333332)	(46.0, 54.83333333333335)	(47.0, 105.91666666666661)	(48.0, 644.3333333333336)	(49.0, 1029.5000000000016)	(50.0, 844.8333333333364)	(51.0, 1035.8333333333412)	(52.0, 2351.7499999999845)	(53.0, 4840.166666666694)	(54.0, 4302.41666666677)	(55.0, 3699.0833333334763)	(56.0, 3201.000000000042)	(57.0, 5469.499999999962)	(58.0, 5698.916666666621)	(59.0, 2546.6666666666697)	(60.0, 1020.5833333333405)	(61.0, 381.41666666666583)	(62.0, 186.08333333333346)	(63.0, 93.08333333333333)	(64.0, 35.583333333333336)	(65.0, 13.416666666666666)	(66.0, 8.333333333333334)	(67.0, 6.666666666666667)	(68.0, 4.333333333333333)	(69.0, 2.6666666666666665)	(70.0, 2.25)	(71.0, 2.083333333333333)	(72.0, 1.9166666666666665)	(73.0, 0.75)	(74.0, 0.5)	(75.0, 0.25)	(76.0, 0.25)	(77.0, 0.0)	(78.0, 0.25)	(79.0, 0.25)	(80.0, 0.0)	(81.0, 0.25)	(82.0, 0.0)	(83.0, 0.0)	(84.0, 0.0)	(85.0, 0.0)	(86.0, 0.0)	(87.0, 0.0)	(88.0, 0.0)	(89.0, 0.0)	(90.0, 0.0)	(91.0, 0.0)	(92.0, 0.25)	(93.0, 0.25)	(94.0, 0.25)	(95.0, 0.0)	(96.0, 0.0)	(97.0, 0.0)	(98.0, 0.0)	(99.0, 0.0)	(100.0, 0.0)
SRR6808103_1	(0.0, 695.0)	(1.0, 347.5)	(2.0, 0.0)	(3.0, 0.0)	(4.0, 0.0)	(5.0, 0.0)	(6.0, 0.0)	(7.0, 0.0)	(8.0, 0.0)	(9.0, 0.0)	(10.0, 0.0)	(11.0, 0.0)	(12.0, 0.25)	(13.0, 0.5)	(14.0, 0.0)	(15.0, 0.0)	(16.0, 0.0)	(17.0, 0.5)	(18.0, 0.25)	(19.0, 0.0)	(20.0, 0.8333333333333333)	(21.0, 0.25)	(22.0, 0.0)	(23.0, 1.0)	(24.0, 0.25)	(25.0, 0.0)	(26.0, 1.3333333333333333)	(27.0, 1.25)	(28.0, 1.3333333333333333)	(29.0, 3.166666666666667)	(30.0, 4.083333333333334)	(31.0, 4.583333333333334)	(32.0, 12.416666666666668)	(33.0, 15.583333333333336)	(34.0, 33.666666666666664)	(35.0, 46.66666666666667)	(36.0, 54.58333333333335)	(37.0, 61.75000000000002)	(38.0, 69.08333333333336)	(39.0, 82.41666666666667)	(40.0, 80.25000000000001)	(41.0, 81.24999999999997)	(42.0, 84.41666666666669)	(43.0, 99.41666666666657)	(44.0, 100.7499999999999)	(45.0, 114.99999999999984)	(46.0, 131.08333333333323)	(47.0, 172.5833333333334)	(48.0, 380.083333333333)	(49.0, 2504.6666666666674)	(50.0, 5507.583333333313)	(51.0, 8602.0833333333)	(52.0, 10420.833333333369)	(53.0, 8660.333333333296)	(54.0, 13602.41666666679)	(55.0, 12908.333333333496)	(56.0, 19674.166666666635)	(57.0, 18031.08333333336)	(58.0, 9890.25)	(59.0, 3901.5833333333344)	(60.0, 1021.2500000000005)	(61.0, 185.41666666666666)	(62.0, 56.583333333333336)	(63.0, 24.666666666666668)	(64.0, 11.5)	(65.0, 5.083333333333333)	(66.0, 3.083333333333333)	(67.0, 1.75)	(68.0, 0.75)	(69.0, 1.0)	(70.0, 0.5)	(71.0, 0.0)	(72.0, 0.25)	(73.0, 0.25)	(74.0, 0.25)	(75.0, 0.0)	(76.0, 0.5)	(77.0, 0.5)	(78.0, 0.0)	(79.0, 0.0)	(80.0, 0.0)	(81.0, 0.0)	(82.0, 0.0)	(83.0, 0.0)	(84.0, 0.0)	(85.0, 0.0)	(86.0, 0.0)	(87.0, 0.0)	(88.0, 0.0)	(89.0, 0.0)	(90.0, 0.0)	(91.0, 0.0)	(92.0, 0.0)	(93.0, 0.0)	(94.0, 0.0)	(95.0, 0.0)	(96.0, 0.0)	(97.0, 0.0)	(98.0, 0.0)	(99.0, 0.0)	(100.0, 0.0)
SRR6808103_2	(0.0, 713.0)	(1.0, 356.5)	(2.0, 0.0)	(3.0, 0.0)	(4.0, 0.0)	(5.0, 0.0)	(6.0, 0.0)	(7.0, 0.25)	(8.0, 0.75)	(9.0, 0.25)	(10.0, 0.0)	(11.0, 0.25)	(12.0, 0.5833333333333333)	(13.0, 0.0)	(14.0, 0.3333333333333333)	(15.0, 0.3333333333333333)	(16.0, 0.0)	(17.0, 0.0)	(18.0, 0.25)	(19.0, 0.0)	(20.0, 0.0)	(21.0, 0.25)	(22.0, 0.0)	(23.0, 0.25)	(24.0, 0.75)	(25.0, 0.5)	(26.0, 0.8333333333333333)	(27.0, 1.1666666666666665)	(28.0, 0.8333333333333333)	(29.0, 1.25)	(30.0, 2.9166666666666665)	(31.0, 1.5833333333333333)	(32.0, 1.4166666666666665)	(33.0, 4.0)	(34.0, 10.75)	(35.0, 18.25)	(36.0, 20.250000000000004)	(37.0, 31.749999999999996)	(38.0, 45.58333333333335)	(39.0, 49.08333333333335)	(40.0, 62.250000000000036)	(41.0, 85.91666666666664)	(42.0, 88.91666666666663)	(43.0, 93.91666666666663)	(44.0, 96.4166666666666)	(45.0, 110.08333333333321)	(46.0, 131.66666666666654)	(47.0, 168.00000000000006)	(48.0, 299.9166666666667)	(49.0, 1105.9166666666686)	(50.0, 3299.750000000019)	(51.0, 5884.499999999934)	(52.0, 9163.999999999653)	(53.0, 10705.083333333769)	(54.0, 10556.833333333616)	(55.0, 16894.083333336082)	(56.0, 22367.499999998567)	(57.0, 18676.666666667035)	(58.0, 12815.333333333834)	(59.0, 6205.749999999872)	(60.0, 2422.0833333333326)	(61.0, 697.0000000000009)	(62.0, 201.58333333333348)	(63.0, 83.66666666666664)	(64.0, 43.33333333333334)	(65.0, 30.666666666666647)	(66.0, 22.33333333333333)	(67.0, 17.91666666666667)	(68.0, 7.499999999999999)	(69.0, 6.583333333333333)	(70.0, 3.8333333333333335)	(71.0, 2.75)	(72.0, 1.5833333333333333)	(73.0, 1.5)	(74.0, 1.0)	(75.0, 1.5)	(76.0, 0.25)	(77.0, 0.25)	(78.0, 0.5)	(79.0, 0.5)	(80.0, 0.75)	(81.0, 0.5)	(82.0, 0.25)	(83.0, 0.75)	(84.0, 0.75)	(85.0, 0.25)	(86.0, 0.5)	(87.0, 0.0)	(88.0, 0.25)	(89.0, 0.0)	(90.0, 0.25)	(91.0, 0.5)	(92.0, 0.5)	(93.0, 0.0)	(94.0, 0.0)	(95.0, 0.0)	(96.0, 0.25)	(97.0, 0.25)	(98.0, 0.0)	(99.0, 0.0)	(100.0, 0.0)
SRR6808104_1	(0.0, 192.0)	(1.0, 96.0)	(2.0, 0.0)	(3.0, 0.0)	(4.0, 0.0)	(5.0, 0.0)	(6.0, 0.0)	(7.0, 0.0)	(8.0, 0.0)	(9.0, 0.0)	(10.0, 0.0)	(11.0, 0.0)	(12.0, 0.0)	(13.0, 0.0)	(14.0, 0.25)	(15.0, 0.25)	(16.0, 0.25)	(17.0, 0.25)	(18.0, 0.0)	(19.0, 0.0)	(20.0, 0.0)	(21.0, 0.0)	(22.0, 0.0)	(23.0, 0.0)	(24.0, 0.25)	(25.0, 0.25)	(26.0, 0.0)	(27.0, 0.0)	(28.0, 0.25)	(29.0, 0.8333333333333333)	(30.0, 2.5)	(31.0, 2.25)	(32.0, 3.0)	(33.0, 8.166666666666668)	(34.0, 10.0)	(35.0, 14.666666666666668)	(36.0, 20.666666666666664)	(37.0, 19.91666666666666)	(38.0, 25.249999999999993)	(39.0, 23.333333333333332)	(40.0, 28.749999999999993)	(41.0, 32.49999999999999)	(42.0, 29.83333333333333)	(43.0, 32.66666666666666)	(44.0, 30.24999999999999)	(45.0, 28.66666666666666)	(46.0, 39.25000000000001)	(47.0, 54.08333333333336)	(48.0, 134.6666666666666)	(49.0, 616.9166666666666)	(50.0, 1355.249999999999)	(51.0, 4140.083333333347)	(52.0, 4956.333333333333)	(53.0, 2892.0833333333458)	(54.0, 4059.4166666667174)	(55.0, 8232.666666666439)	(56.0, 39525.58333333331)	(57.0, 17753.083333333358)	(58.0, 5519.0833333333285)	(59.0, 2829.750000000001)	(60.0, 594.8333333333334)	(61.0, 139.08333333333334)	(62.0, 38.25)	(63.0, 15.083333333333334)	(64.0, 7.583333333333333)	(65.0, 2.0833333333333335)	(66.0, 4.083333333333334)	(67.0, 4.75)	(68.0, 1.0)	(69.0, 0.0)	(70.0, 0.25)	(71.0, 0.0)	(72.0, 0.0)	(73.0, 0.5)	(74.0, 0.25)	(75.0, 0.0)	(76.0, 0.0)	(77.0, 0.0)	(78.0, 0.0)	(79.0, 0.0)	(80.0, 0.0)	(81.0, 0.0)	(82.0, 0.0)	(83.0, 0.0)	(84.0, 0.0)	(85.0, 0.0)	(86.0, 0.0)	(87.0, 0.0)	(88.0, 0.0)	(89.0, 0.0)	(90.0, 0.0)	(91.0, 0.0)	(92.0, 0.0)	(93.0, 0.0)	(94.0, 0.0)	(95.0, 0.0)	(96.0, 0.0)	(97.0, 0.0)	(98.0, 0.0)	(99.0, 0.0)	(100.0, 0.0)
SRR6808104_2	(0.0, 194.0)	(1.0, 97.0)	(2.0, 0.0)	(3.0, 0.0)	(4.0, 0.0)	(5.0, 0.0)	(6.0, 0.0)	(7.0, 0.0)	(8.0, 0.0)	(9.0, 0.0)	(10.0, 0.0)	(11.0, 0.0)	(12.0, 0.3333333333333333)	(13.0, 0.0)	(14.0, 0.25)	(15.0, 0.0)	(16.0, 0.0)	(17.0, 0.0)	(18.0, 0.0)	(19.0, 0.0)	(20.0, 0.0)	(21.0, 0.0)	(22.0, 0.25)	(23.0, 0.25)	(24.0, 0.0)	(25.0, 0.0)	(26.0, 0.0)	(27.0, 0.3333333333333333)	(28.0, 0.0)	(29.0, 0.25)	(30.0, 0.5)	(31.0, 1.1666666666666665)	(32.0, 1.4999999999999998)	(33.0, 2.9166666666666665)	(34.0, 4.416666666666667)	(35.0, 7.666666666666666)	(36.0, 10.916666666666668)	(37.0, 8.833333333333334)	(38.0, 15.583333333333337)	(39.0, 22.749999999999996)	(40.0, 19.58333333333333)	(41.0, 27.74999999999999)	(42.0, 30.499999999999982)	(43.0, 44.08333333333335)	(44.0, 46.00000000000001)	(45.0, 50.08333333333334)	(46.0, 61.000000000000036)	(47.0, 83.66666666666663)	(48.0, 135.66666666666652)	(49.0, 367.4166666666663)	(50.0, 891.3333333333362)	(51.0, 2256.3333333333258)	(52.0, 4504.0000000000455)	(53.0, 4732.91666666671)	(54.0, 4415.500000000131)	(55.0, 12663.00000000188)	(56.0, 33633.333333324044)	(57.0, 23414.0833333322)	(58.0, 8102.333333333062)	(59.0, 3583.5000000000414)	(60.0, 1459.9166666666636)	(61.0, 362.41666666666646)	(62.0, 111.83333333333324)	(63.0, 49.08333333333334)	(64.0, 30.166666666666657)	(65.0, 18.750000000000004)	(66.0, 12.500000000000002)	(67.0, 8.666666666666666)	(68.0, 4.75)	(69.0, 3.5833333333333335)	(70.0, 1.8333333333333333)	(71.0, 1.0)	(72.0, 0.25)	(73.0, 0.8333333333333333)	(74.0, 0.5833333333333333)	(75.0, 0.75)	(76.0, 1.0)	(77.0, 0.25)	(78.0, 0.5)	(79.0, 0.0)	(80.0, 0.25)	(81.0, 0.3333333333333333)	(82.0, 0.5)	(83.0, 0.0)	(84.0, 0.25)	(85.0, 0.25)	(86.0, 0.5)	(87.0, 0.25)	(88.0, 0.0)	(89.0, 0.0)	(90.0, 0.0)	(91.0, 0.0)	(92.0, 0.25)	(93.0, 0.0)	(94.0, 0.0)	(95.0, 0.25)	(96.0, 0.25)	(97.0, 0.0)	(98.0, 0.0)	(99.0, 0.0)	(100.0, 0.0)
