Sample	0	1	2	3	4	5	6	7	8	9	10	11	12	13	14	15	16	17	18	19	20	21	22	23	24	25	26	27	28	29	30	31	32	33	34	35	36	37	38	39	40	41	42	43	44	45	46	47	48	49	50	51	52	53	54	55	56	57	58	59	60	61	62	63	64	65	66	67
SRR6808085_1	(1, 33.52673595105393)	(2, 33.714537149562084)	(3, 33.919121652767885)	(4, 33.91882831161212)	(5, 33.93422872228974)	(6, 37.924171311234964)	(7, 37.926811381636846)	(8, 37.9107823827683)	(9, 37.87306709131291)	(10, 37.916489963541885)	(15, 37.82753216276244)	(20, 37.89719230608055)	(25, 37.55582282194192)	(30, 37.81257176381847)	(35, 37.85219965408518)	(40, 37.13201559486879)	(45, 37.16639138090048)	(50, 37.09662530393226)	(55, 36.494520835080074)	(60, 36.43996394734636)	(65, 36.658204074788294)	(70, 36.56386350297644)	(75, 36.514961851261845)	(80, 36.42736647941645)	(85, 36.508463989268044)	(90, 36.6743258415842)	(95, 36.75410736369925)	(100, 36.55894103590668)	(105, 36.829324837026014)	(110, 36.69061563292598)	(115, 36.558396042509486)	(120, 36.59234493889785)	(125, 36.697025593728384)	(130, 36.79537174838074)	(135, 36.495201961976235)	(140, 36.77029785985286)	(145, 36.74249900433898)	(150, 36.52103884126019)	(155, 36.4622130924183)	(160, 36.1416982832708)	(165, 35.77210053032049)	(170, 36.29378078688662)	(175, 36.24822772339489)	(180, 35.99475548661623)	(185, 35.808384513803006)	(190, 35.947223116509136)	(195, 35.94020877876997)	(200, 35.695778308808116)	(205, 34.46164423762211)	(210, 34.868209449545134)	(215, 34.62209365698235)	(220, 34.40200813314887)	(225, 33.303605416509455)	(230, 33.33233136293129)	(235, 33.31355445801161)	(240, 33.335470076511896)	(245, 33.05926003563568)	(250, 32.08789435069699)	(255, 30.56991510323865)	(260, 30.00018027460434)	(265, 30.300249449743216)	(270, 29.76516926946861)	(275, 28.925718478146944)	(280, 26.848157103208706)	(285, 25.46030165188306)	(290, 23.94515418963963)	(295, 23.217383477764052)	(300, 18.410945459266017)
SRR6808085_2	(1, 33.64516196622386)	(2, 33.735301512802245)	(3, 33.73928257134476)	(4, 33.81584461299921)	(5, 33.79348782634204)	(6, 37.5490927377111)	(7, 37.689980304236684)	(8, 37.56575032477056)	(9, 37.6473410719524)	(10, 37.66767380463479)	(15, 37.04556845325399)	(20, 37.62103675145623)	(25, 37.3341616728827)	(30, 37.36670158823283)	(35, 37.55810532566283)	(40, 37.37410186543701)	(45, 37.53984908824146)	(50, 37.518796897924965)	(55, 37.52033116747013)	(60, 37.421655837350656)	(65, 37.5458310626703)	(70, 35.89630685390903)	(75, 35.57293649130161)	(80, 35.0021588765458)	(85, 35.58539090337456)	(90, 35.367683879333455)	(95, 35.15534595149762)	(100, 34.53451550022008)	(105, 34.9697080215473)	(110, 34.48973568928294)	(115, 34.47581378775493)	(120, 34.75627240143369)	(125, 34.7998993900522)	(130, 34.76810245446352)	(135, 34.77132616487455)	(140, 34.061904462470395)	(145, 33.42946613846444)	(150, 32.854161688570294)	(155, 34.47291705967427)	(160, 34.60066234882308)	(165, 32.207738581818944)	(170, 32.576704605001154)	(175, 31.53437296946069)	(180, 31.29625018340355)	(185, 33.711207528977766)	(190, 27.899526864575318)	(195, 28.37937872055001)	(200, 29.959763561666808)	(205, 29.204770688354152)	(210, 26.507923199463402)	(215, 23.928863083759538)	(220, 22.5319736731785)	(225, 23.909063469439083)	(230, 22.428800201224114)	(235, 21.365394636145606)	(240, 21.326220470790453)	(245, 20.516062632318107)	(250, 20.742096547676443)	(255, 18.22363175215377)	(260, 17.054864066069968)	(265, 15.669461504601003)	(270, 15.447007776636553)	(275, 16.468057098539)	(280, 15.4340538775195)	(285, 15.092700179124023)	(290, 14.039490360123262)	(295, 14.632214935580029)	(300, 15.032520502304958)
SRR6808086_1	(1, 33.427296252448954)	(2, 33.66455384550912)	(3, 33.90060660666953)	(4, 33.904577313539164)	(5, 33.92533185261239)	(6, 37.91551509182914)	(7, 37.91769426604784)	(8, 37.89459292396987)	(9, 37.85241333067921)	(10, 37.89888212553301)	(15, 37.825050026715836)	(20, 37.83960020534526)	(25, 37.5638906641243)	(30, 37.80817818939958)	(35, 37.82842469337123)	(40, 36.990109970751334)	(45, 37.160098124521696)	(50, 36.75439096751198)	(55, 36.483584061055254)	(60, 36.482097516485126)	(65, 36.734076256172095)	(70, 36.57772489490402)	(75, 36.581090062795504)	(80, 36.240467978488084)	(85, 36.40811623981801)	(90, 36.433831993206766)	(95, 36.6930526580633)	(100, 36.425531245741126)	(105, 36.71012171214711)	(110, 36.52877585465829)	(115, 36.45550535177012)	(120, 36.56440260407384)	(125, 36.48562832192391)	(130, 36.55612072670853)	(135, 36.20385788717777)	(140, 36.630898319667914)	(145, 36.55666450003145)	(150, 36.25255488226784)	(155, 36.16502841087791)	(160, 35.986436164636324)	(165, 35.670983163147625)	(170, 36.136825110603226)	(175, 35.94959428008303)	(180, 35.86734950621684)	(185, 35.45278133059359)	(190, 35.77479923678527)	(195, 35.58868806743128)	(200, 35.15067829660537)	(205, 33.64548256557566)	(210, 34.300050321850165)	(215, 33.745482565575664)	(220, 33.905858302056906)	(225, 32.927496697628584)	(230, 32.45791625605435)	(235, 31.846702870442204)	(240, 32.40133143228566)	(245, 31.590618844659986)	(250, 31.17869266656183)	(255, 29.535333647848194)	(260, 28.455186874246476)	(265, 28.83151858258636)	(270, 28.793365763650087)	(275, 26.72368741088652)	(280, 24.840445443863764)	(285, 23.8039756762424)	(290, 21.907502496810984)	(295, 22.264233145043494)	(300, 17.493334110524277)
SRR6808086_2	(1, 33.56175549246194)	(2, 33.65625622059948)	(3, 33.6363293486574)	(4, 33.75320851973305)	(5, 33.744051797294894)	(6, 37.42754769562803)	(7, 37.56516045217865)	(8, 37.42959067145806)	(9, 37.546375551341555)	(10, 37.59009313874425)	(15, 37.00190468208153)	(20, 37.35325042692956)	(25, 37.16552085406867)	(30, 37.26765707341094)	(35, 37.48718948791816)	(40, 37.285952717932595)	(45, 37.45325784976673)	(50, 37.412249305446345)	(55, 37.42721601929024)	(60, 37.32140273627929)	(65, 37.442451119148714)	(70, 35.24516223724905)	(75, 35.71995177438801)	(80, 34.94286523038214)	(85, 35.24887351260681)	(90, 35.561830476490016)	(95, 35.27904597158883)	(100, 33.822104104418926)	(105, 34.70820778948472)	(110, 34.27194212926561)	(115, 34.28624416837029)	(120, 33.903792000838706)	(125, 34.097937830895845)	(130, 33.78425538606699)	(135, 34.025509251978825)	(140, 32.92813086546388)	(145, 32.74541947117905)	(150, 31.381610786102197)	(155, 33.905397244763165)	(160, 33.50724665031138)	(165, 31.823981464007886)	(170, 31.7554989411)	(175, 30.12760898282695)	(180, 30.812828416263027)	(185, 31.855750560902475)	(190, 25.528753852928226)	(195, 27.255687655951856)	(200, 27.934555786207046)	(205, 27.328684657482547)	(210, 24.81138369923046)	(215, 22.16013084229729)	(220, 22.133138327986412)	(225, 22.005340630307607)	(230, 20.5608898953681)	(235, 21.047528883856494)	(240, 19.797074919796188)	(245, 19.974316850511645)	(250, 18.78541218901039)	(255, 18.097203845629632)	(260, 15.96518593849928)	(265, 14.73126933036978)	(270, 15.20080729712728)	(275, 15.099771440553576)	(280, 14.740162706967428)	(285, 14.704198489742506)	(290, 13.674305337114825)	(295, 14.018325971499252)	(300, 12.64028341902051)
SRR6808087_1	(1, 33.47940716927262)	(2, 33.6517709609613)	(3, 33.86640513471893)	(4, 33.87370592268696)	(5, 33.88077065746434)	(6, 37.86174027404651)	(7, 37.85889639513056)	(8, 37.84297966570372)	(9, 37.810179512831176)	(10, 37.84337083956252)	(15, 37.75493969403011)	(20, 37.819930757730745)	(25, 37.312696289468654)	(30, 37.72062880073739)	(35, 37.82542737977511)	(40, 36.966050469685385)	(45, 37.10705552244858)	(50, 37.18779112665664)	(55, 36.299921709107096)	(60, 36.26308999778514)	(65, 36.298366583681606)	(70, 36.46173412488313)	(75, 36.44252402248482)	(80, 36.070684119813905)	(85, 36.26807065370448)	(90, 36.281411722296696)	(95, 36.489505581777834)	(100, 36.27982111275079)	(105, 36.4809408477994)	(110, 36.36938282714134)	(115, 36.17416258779663)	(120, 36.25350651398831)	(125, 36.33480153879949)	(130, 36.38562472893585)	(135, 36.06293982798339)	(140, 36.49644368907876)	(145, 36.363152054524456)	(150, 36.09747599064973)	(155, 36.01611513222745)	(160, 35.846887655955165)	(165, 35.6278863322725)	(170, 36.01299582051889)	(175, 35.73649441797064)	(180, 35.668149199589934)	(185, 35.43396419840706)	(190, 35.613240280734956)	(195, 35.43164347041378)	(200, 35.16222518884026)	(205, 34.19272534194132)	(210, 34.6001944897202)	(215, 34.203371881460285)	(220, 33.92088583765509)	(225, 32.83870376651239)	(230, 33.16869565022535)	(235, 32.99627568212934)	(240, 33.536161559260925)	(245, 32.74927100530214)	(250, 31.4143194512271)	(255, 29.77562710729819)	(260, 29.322921670195758)	(265, 30.029371175681014)	(270, 30.126373005010368)	(275, 28.46530050765825)	(280, 26.100606520770345)	(285, 25.064627797435257)	(290, 23.64555709666345)	(295, 23.065373047621684)	(300, 19.095914669775254)
SRR6808087_2	(1, 33.44796151208929)	(2, 33.49137843822713)	(3, 33.47696233265515)	(4, 33.60613401076852)	(5, 33.60543709182469)	(6, 37.29760687027191)	(7, 37.3950069129863)	(8, 37.2896316446163)	(9, 37.35839618717894)	(10, 37.41006710654991)	(15, 36.80749862302306)	(20, 37.36975146971213)	(25, 37.06253273832942)	(30, 37.10623967267291)	(35, 37.33549315497425)	(40, 37.146053339739886)	(45, 37.30683244160424)	(50, 37.28884946182052)	(55, 37.29288904659716)	(60, 37.18009072043837)	(65, 37.36583794257133)	(70, 36.064291266291924)	(75, 35.28285701411497)	(80, 35.73029255049509)	(85, 35.83747620281398)	(90, 34.89733471516599)	(95, 35.24915231325546)	(100, 34.84464859019274)	(105, 35.05179844769125)	(110, 34.49600246264163)	(115, 34.912491832826404)	(120, 35.302556043708464)	(125, 35.087797679396196)	(130, 35.17763996845781)	(135, 35.29099132589839)	(140, 34.62994773715512)	(145, 34.14168440974686)	(150, 33.93500399923395)	(155, 35.14796940304392)	(160, 35.10981558462041)	(165, 32.878923473813465)	(170, 33.72462697076036)	(175, 32.63520134284893)	(180, 31.49289878501462)	(185, 34.78329099378707)	(190, 29.68782141911645)	(195, 29.89368752513056)	(200, 30.997237649974654)	(205, 31.25269903621531)	(210, 28.033825530673266)	(215, 25.20836046550928)	(220, 23.682335149774996)	(225, 25.06834388067355)	(230, 23.345451472556626)	(235, 22.65061936334293)	(240, 22.92516040355789)	(245, 21.60022958522506)	(250, 22.179449806370126)	(255, 19.297481917122962)	(260, 17.543535923654975)	(265, 16.980169420064474)	(270, 15.734051352802956)	(275, 16.734641060453274)	(280, 15.425938646645786)	(285, 15.274563380281688)	(290, 14.523621953931984)	(295, 14.930559548898305)	(300, 16.10883747459078)
SRR6808088_1	(1, 33.55884509667561)	(2, 33.72937926075212)	(3, 33.92162818092792)	(4, 33.92437209346334)	(5, 33.924069316907705)	(6, 37.91812732700341)	(7, 37.90911026270597)	(8, 37.89541908533095)	(9, 37.87448965592283)	(10, 37.90722642482389)	(15, 37.844797683759346)	(20, 37.90022471697488)	(25, 37.35764818310412)	(30, 37.805250334710024)	(35, 37.853184639895844)	(40, 37.13201277955271)	(45, 37.12075162702639)	(50, 37.34363649272275)	(55, 36.57683398414389)	(60, 36.59297029937285)	(65, 36.65480818838007)	(70, 36.617684061057865)	(75, 36.80447662998462)	(80, 36.48920506448941)	(85, 36.66944124955627)	(90, 36.605848301976096)	(95, 36.87393526889253)	(100, 36.48492160546609)	(105, 36.7312611897297)	(110, 36.643154795713585)	(115, 36.54703226172896)	(120, 36.68729315763565)	(125, 36.6789607709493)	(130, 36.688404521185966)	(135, 36.423199477450865)	(140, 36.821025404823224)	(145, 36.67659042714329)	(150, 36.40296595728567)	(155, 36.32787886246592)	(160, 36.06237219781884)	(165, 35.922747841563165)	(170, 36.3594355877007)	(175, 36.107490154498635)	(180, 36.119630415025746)	(185, 35.71183732202363)	(190, 35.88822137231142)	(195, 35.624579672826414)	(200, 35.47327325053014)	(205, 34.28924378976068)	(210, 35.12101120983468)	(215, 34.33907309846021)	(220, 34.221020244908004)	(225, 33.82365704941126)	(230, 34.01722600372997)	(235, 34.2224805963138)	(240, 33.552587557570966)	(245, 33.159634764580304)	(250, 31.688705012277183)	(255, 30.88731503659033)	(260, 30.712984965341303)	(265, 31.070916466673292)	(270, 31.263937384659137)	(275, 29.14857754172702)	(280, 26.849634089768717)	(285, 25.85934372840278)	(290, 24.43380111159051)	(295, 24.295127743992527)	(300, 20.217804337558203)
SRR6808088_2	(1, 33.703193819573556)	(2, 33.797735799069905)	(3, 33.78897893337496)	(4, 33.852547817406816)	(5, 33.835265899317335)	(6, 37.622863414657225)	(7, 37.723744778287134)	(8, 37.621534036342645)	(9, 37.68653637813007)	(10, 37.717208589392406)	(15, 37.23294114307612)	(20, 37.69818570610805)	(25, 37.38453757977452)	(30, 37.429632363029086)	(35, 37.627395612796796)	(40, 37.445657946428994)	(45, 37.60919766555751)	(50, 37.59084966701535)	(55, 37.55653544499719)	(60, 37.49781465511121)	(65, 37.65321885161711)	(70, 36.3133681385519)	(75, 35.75395487312504)	(80, 36.51552177061688)	(85, 36.47574063643377)	(90, 35.85839230183035)	(95, 35.886224262791686)	(100, 35.634104810851824)	(105, 35.94025441128455)	(110, 35.60660204100952)	(115, 35.82995531741675)	(120, 35.93977317909007)	(125, 35.80735463960467)	(130, 35.71609330329251)	(135, 36.008636423878684)	(140, 35.17101204223417)	(145, 34.762679339774024)	(150, 34.62418240943667)	(155, 35.82727715953253)	(160, 35.65453159835464)	(165, 33.70982150041891)	(170, 34.6094707494521)	(175, 33.27504271966903)	(180, 31.6103379232324)	(185, 35.8292425009822)	(190, 30.25590525463763)	(195, 30.94902797960816)	(200, 31.31748121991281)	(205, 32.44506747577641)	(210, 28.719257082296007)	(215, 25.57323487645555)	(220, 24.41071002556092)	(225, 25.775986306024027)	(230, 23.383299173052983)	(235, 23.54704816691814)	(240, 23.4921451495328)	(245, 22.92583760141628)	(250, 23.10439514776294)	(255, 20.071138334532513)	(260, 17.46134452985951)	(265, 18.255925512174805)	(270, 17.111273196072325)	(275, 18.39359157029723)	(280, 15.70487235684227)	(285, 16.089521095558403)	(290, 15.126275398453842)	(295, 15.893275885887647)	(300, 15.548096251362043)
SRR6808089_1	(1, 33.479838531298384)	(2, 33.665527538155274)	(3, 33.878581434785815)	(4, 33.884903782349035)	(5, 33.891119221411195)	(6, 37.872159551721595)	(7, 37.868856447688565)	(8, 37.8507299270073)	(9, 37.82460738774608)	(10, 37.854768856447684)	(15, 37.77311951633119)	(20, 37.82948388999484)	(25, 37.381497456314975)	(30, 37.73562928555629)	(35, 37.79677673636617)	(40, 37.038359948591435)	(45, 37.16771163830161)	(50, 37.198041595749004)	(55, 36.45206854525982)	(60, 36.533697404121014)	(65, 36.28991648177831)	(70, 36.480065483376876)	(75, 36.46761899131409)	(80, 36.08318714152229)	(85, 36.22563422624214)	(90, 36.257232339721455)	(95, 36.36875138887191)	(100, 36.099520560029205)	(105, 36.22768604903041)	(110, 36.18496869863899)	(115, 36.2628708611106)	(120, 36.199977239519455)	(125, 36.32234915217929)	(130, 36.397940246354615)	(135, 36.07427256763363)	(140, 36.38339945817931)	(145, 36.21189621353501)	(150, 36.031074437553784)	(155, 35.95828202277487)	(160, 35.523903271440545)	(165, 35.403878316884345)	(170, 35.85055179907899)	(175, 35.73195634107153)	(180, 35.409795592722006)	(185, 35.23776493817108)	(190, 35.3347908716061)	(195, 35.29443591691491)	(200, 35.25256093294964)	(205, 33.83009108073061)	(210, 34.63913415610667)	(215, 34.079763761428346)	(220, 33.84397227657974)	(225, 33.20901185896498)	(230, 32.93726814303754)	(235, 33.13433727022609)	(240, 32.7545368134996)	(245, 32.65356596650141)	(250, 31.483898713403356)	(255, 29.785902217457874)	(260, 29.18547805846999)	(265, 29.718495926785913)	(270, 29.844008276719553)	(275, 28.22947114861355)	(280, 25.771352472250452)	(285, 24.816812987671145)	(290, 23.33883578497969)	(295, 23.040922289791297)	(300, 18.850727318809327)
SRR6808089_2	(1, 33.377294846272946)	(2, 33.452890216028905)	(3, 33.45856742608567)	(4, 33.622568753225686)	(5, 33.612659441126596)	(6, 37.241727493917274)	(7, 37.378024773280245)	(8, 37.22246184472462)	(9, 37.35216397552164)	(10, 37.40379193393792)	(15, 36.84885939688859)	(20, 37.348849074688495)	(25, 37.084964240949645)	(30, 37.10147460001475)	(35, 37.325725025274366)	(40, 37.136579347842144)	(45, 37.288112686670026)	(50, 37.26365660492703)	(55, 37.21833339489528)	(60, 37.18100536161695)	(65, 37.33381267646772)	(70, 36.05510957020876)	(75, 35.45591390512332)	(80, 35.872758972237406)	(85, 35.86493772255138)	(90, 35.44123387656801)	(95, 35.22929440989549)	(100, 34.928667273390914)	(105, 34.95514551834587)	(110, 34.69862364987663)	(115, 34.77545250373085)	(120, 35.23390600004599)	(125, 35.09088262889987)	(130, 35.097082989739086)	(135, 35.23294024285989)	(140, 34.51824217976849)	(145, 33.991159147110764)	(150, 33.71763515061065)	(155, 35.10252753991533)	(160, 34.989688139550346)	(165, 32.735649083661805)	(170, 33.695292428666036)	(175, 32.3880508023761)	(180, 31.312112894586157)	(185, 34.68233702709615)	(190, 29.283877736484737)	(195, 29.745590561912007)	(200, 30.6725518537507)	(205, 30.90945680359285)	(210, 27.59410881812345)	(215, 24.99269705346095)	(220, 23.46603559149891)	(225, 24.69189272575385)	(230, 23.024417078943912)	(235, 22.391984469336805)	(240, 22.340714115115652)	(245, 21.139352947678628)	(250, 21.688505215576924)	(255, 18.969629929160124)	(260, 17.023333946335242)	(265, 16.36831424887027)	(270, 15.531092637105667)	(275, 16.89736572392252)	(280, 15.615356359987086)	(285, 15.36114015321068)	(290, 14.10564535249529)	(295, 14.659672292225588)	(300, 15.376848142849521)
SRR6808090_1	(1, 33.487115544472154)	(2, 33.691494100843656)	(3, 33.88937876303716)	(4, 33.89339726190968)	(5, 33.89741116821207)	(6, 37.881745911464435)	(7, 37.88031762215088)	(8, 37.86387622104959)	(9, 37.82707595651755)	(10, 37.86386979145139)	(15, 37.7680651042743)	(20, 37.83745516503401)	(25, 37.3846148900309)	(30, 37.751250786477634)	(35, 37.8136790574531)	(40, 37.04505329029035)	(45, 37.227698917213274)	(50, 36.87723572000258)	(55, 36.35435552570814)	(60, 36.41606884941261)	(65, 36.49281589273012)	(70, 36.5003325651676)	(75, 36.50983206149006)	(80, 36.27527288282943)	(85, 36.33568658837817)	(90, 36.4026255628999)	(95, 36.486144037975905)	(100, 36.35184106788837)	(105, 36.55774260467983)	(110, 36.364561890576105)	(115, 36.34644158233671)	(120, 36.31182451269622)	(125, 36.452014517219645)	(130, 36.56815227441041)	(135, 36.25407894313169)	(140, 36.53010917366373)	(145, 36.55333817860659)	(150, 36.314467740600016)	(155, 36.154425605122505)	(160, 35.7144695805772)	(165, 35.37217770499645)	(170, 36.09121594892223)	(175, 36.057066678798506)	(180, 35.7003474530185)	(185, 35.62821078972547)	(190, 35.69885920365054)	(195, 35.557753735188044)	(200, 35.499712040921466)	(205, 34.154299799883326)	(210, 34.82856170275405)	(215, 34.43113865006969)	(220, 34.25349215487451)	(225, 32.987702631042744)	(230, 33.604505349930534)	(235, 33.44244572616604)	(240, 32.86476067805966)	(245, 32.78317295321813)	(250, 31.93760061172374)	(255, 30.412964497894546)	(260, 30.090195255375914)	(265, 30.187008745175433)	(270, 29.935731364660832)	(275, 28.6927944132896)	(280, 27.076259108028967)	(285, 25.148363697730666)	(290, 24.30294510525556)	(295, 23.43666244988076)	(300, 17.88085880996715)
SRR6808090_2	(1, 33.44496493572698)	(2, 33.538777365977325)	(3, 33.52535787602816)	(4, 33.68316317860965)	(5, 33.66603289198734)	(6, 37.313516393179114)	(7, 37.46833652516958)	(8, 37.30004179238827)	(9, 37.44206243139848)	(10, 37.479661803134896)	(15, 36.924865552509154)	(20, 37.433886738035206)	(25, 37.211791883091536)	(30, 37.20395879546071)	(35, 37.40379832646554)	(40, 37.23054739792303)	(45, 37.366759887031634)	(50, 37.34469002199915)	(55, 37.356560336698784)	(60, 37.26234355235621)	(65, 37.424633170941455)	(70, 36.043242994609116)	(75, 35.580221155084544)	(80, 35.775898327537675)	(85, 35.543233795146364)	(90, 35.23363875549668)	(95, 35.08453202332984)	(100, 34.65431178819157)	(105, 35.146927379441046)	(110, 34.73934486221533)	(115, 34.77819533309108)	(120, 34.625204464939614)	(125, 34.72508555657774)	(130, 34.85325758969641)	(135, 34.482148114075436)	(140, 34.37270789986223)	(145, 33.58112117462523)	(150, 33.3974617865012)	(155, 34.26329986154363)	(160, 34.638328955781354)	(165, 32.20691821874267)	(170, 32.4293049122113)	(175, 31.950094529203405)	(180, 31.184568044679253)	(185, 33.23831366866763)	(190, 28.32946847903586)	(195, 27.825736562478436)	(200, 30.278948457876215)	(205, 29.164829258252816)	(210, 27.016322587767718)	(215, 24.669394457937734)	(220, 23.10719297059327)	(225, 23.835442012609203)	(230, 23.14400176641872)	(235, 21.910720002563153)	(240, 20.942405284560326)	(245, 21.457098343383567)	(250, 20.52790970128367)	(255, 18.570131333808682)	(260, 16.724928626165724)	(265, 15.942120277860216)	(270, 15.118540838869828)	(275, 16.71324552969698)	(280, 16.317953554137464)	(285, 15.611403633718254)	(290, 14.13405359344235)	(295, 14.699948460468113)	(300, 15.032391756687844)
SRR6808091_1	(1, 33.550793426426715)	(2, 33.75656352991065)	(3, 33.91296487795442)	(4, 33.90960964758922)	(5, 33.926147734289565)	(6, 37.928491187870584)	(7, 37.92611797614885)	(8, 37.90384400782639)	(9, 37.86893770877196)	(10, 37.91114963137103)	(15, 37.80110700283446)	(20, 37.8372348735651)	(25, 37.58724268507704)	(30, 37.80628343141121)	(35, 37.836390608321395)	(40, 37.06983418177488)	(45, 37.123341073501834)	(50, 36.848176594921256)	(55, 36.59041112202673)	(60, 36.61310470066387)	(65, 36.79938525200202)	(70, 36.672988300437616)	(75, 36.69145753326784)	(80, 36.29166294543181)	(85, 36.45555059390908)	(90, 36.4743577148641)	(95, 36.7381396802715)	(100, 36.46586734541991)	(105, 36.73169450150338)	(110, 36.60060432854038)	(115, 36.49477836325205)	(120, 36.656989967550835)	(125, 36.53369801434908)	(130, 36.59113155309458)	(135, 36.270835938197735)	(140, 36.66292884848095)	(145, 36.591159768686325)	(150, 36.23566011476374)	(155, 36.17422504707397)	(160, 36.10680321219384)	(165, 35.77436794355589)	(170, 36.339533949078245)	(175, 35.989440545388234)	(180, 36.02754329688977)	(185, 35.58848343666039)	(190, 35.901094795442205)	(195, 35.70753257965362)	(200, 35.300713738157086)	(205, 33.80612370965222)	(210, 34.528274897107096)	(215, 33.92220626214062)	(220, 34.18955367176976)	(225, 33.40277010784219)	(230, 32.629725445249065)	(235, 32.25025047637618)	(240, 32.72862214481881)	(245, 31.75333620147349)	(250, 31.43543775922664)	(255, 29.947965150417748)	(260, 28.989876300629657)	(265, 29.44545021509698)	(270, 29.405514489739886)	(275, 27.10509549496628)	(280, 25.2187551016843)	(285, 24.136244743012394)	(290, 22.078933280162175)	(295, 23.04304836800935)	(300, 17.81800069458347)
SRR6808091_2	(1, 33.600705267934856)	(2, 33.69640000892744)	(3, 33.68890839700335)	(4, 33.7682659187454)	(5, 33.769262816459225)	(6, 37.485987635492535)	(7, 37.615033812687386)	(8, 37.45988230655349)	(9, 37.576199439059046)	(10, 37.61326022750099)	(15, 37.086105180148344)	(20, 37.35461883541517)	(25, 37.16466518371932)	(30, 37.30849818103365)	(35, 37.51476060326927)	(40, 37.30411152626643)	(45, 37.465602810485734)	(50, 37.4363814996204)	(55, 37.43940783303809)	(60, 37.34670646203314)	(65, 37.45694806258094)	(70, 35.27952870774224)	(75, 35.915636304092175)	(80, 34.70594995310895)	(85, 35.25332479866621)	(90, 35.76814683597065)	(95, 35.631726632627235)	(100, 33.838135075993264)	(105, 34.94729148369233)	(110, 34.43253196778659)	(115, 34.52210578025217)	(120, 34.21343614630007)	(125, 34.34858359259866)	(130, 33.9541658603391)	(135, 34.39472438483409)	(140, 33.08164088957422)	(145, 33.15671105222808)	(150, 31.631643506285677)	(155, 34.32442446391223)	(160, 33.71805021101129)	(165, 32.37615535194599)	(170, 32.30813602971277)	(175, 30.28551353523926)	(180, 31.1329676300492)	(185, 32.0256711796536)	(190, 25.75701175262183)	(195, 28.098653546999323)	(200, 28.048682202853676)	(205, 27.7388015154109)	(210, 24.848643498842602)	(215, 22.529600381085647)	(220, 22.7940886626176)	(225, 22.183171073002264)	(230, 20.435441229010358)	(235, 21.59890724189116)	(240, 20.309708969110535)	(245, 20.36973576479345)	(250, 18.9355655882975)	(255, 18.32783037002929)	(260, 16.353094947449907)	(265, 15.197683627594012)	(270, 15.728160123859288)	(275, 15.213108787084312)	(280, 14.600764546545097)	(285, 14.905811244352146)	(290, 13.943155866394083)	(295, 14.193737224600858)	(300, 12.565558038939507)
SRR6808092_1	(1, 33.50601841994391)	(2, 33.676613557187444)	(3, 33.88573383045135)	(4, 33.88949392721721)	(5, 33.89626210139576)	(6, 37.8797131453889)	(7, 37.87672318892448)	(8, 37.859254594792944)	(9, 37.82582597547329)	(10, 37.86153692822745)	(15, 37.787103321116795)	(20, 37.84096693379964)	(25, 37.29796275239083)	(30, 37.74678421121777)	(35, 37.822580747891664)	(40, 37.014985070292155)	(45, 37.219143674147105)	(50, 37.117119546673585)	(55, 36.360228530976016)	(60, 36.14057441585021)	(65, 36.22370543149259)	(70, 36.476041331918836)	(75, 36.39096940488832)	(80, 35.95951116798722)	(85, 36.229473321171525)	(90, 36.16305153815784)	(95, 36.48404118696139)	(100, 36.162926657175426)	(105, 36.35088418296831)	(110, 36.32643970266567)	(115, 36.05920728995544)	(120, 36.25569119342161)	(125, 36.260554189092296)	(130, 36.307880812132986)	(135, 35.95400993997619)	(140, 36.470831688317766)	(145, 36.320631174807474)	(150, 35.973002340223466)	(155, 35.82472350680058)	(160, 35.61676641658607)	(165, 35.36010220197143)	(170, 35.94066086672385)	(175, 35.59729063704067)	(180, 35.54049294975652)	(185, 35.18135290468923)	(190, 35.49711770178583)	(195, 35.29836353738468)	(200, 35.01278224032634)	(205, 33.76961697854053)	(210, 34.235001024152766)	(215, 34.03692681657007)	(220, 33.70204219401536)	(225, 32.609906148778535)	(230, 32.850839468120945)	(235, 32.45712667149756)	(240, 33.436790360699064)	(245, 32.29631283699145)	(250, 31.372359962712245)	(255, 28.61553464973257)	(260, 28.10973612439119)	(265, 28.86114335225807)	(270, 29.289148726817643)	(275, 26.997017598213965)	(280, 24.610899224065314)	(285, 24.052259349050995)	(290, 22.63333023996823)	(295, 22.008286193213404)	(300, 18.42458233773622)
SRR6808092_2	(1, 33.452008933627496)	(2, 33.53765759562198)	(3, 33.540140165534865)	(4, 33.6526486031014)	(5, 33.64388712461323)	(6, 37.338281862289854)	(7, 37.46866661532398)	(8, 37.32039648634813)	(9, 37.42511744639597)	(10, 37.46796714672079)	(15, 36.90295960387607)	(20, 37.43154857093672)	(25, 37.08454872043454)	(30, 37.14002237937111)	(35, 37.384695979832955)	(40, 37.18743878917153)	(45, 37.364793673076896)	(50, 37.34478942719792)	(55, 37.355386828717045)	(60, 37.24133483403073)	(65, 37.39786241388387)	(70, 36.01833833918801)	(75, 35.537523202672226)	(80, 35.98312343140859)	(85, 35.79367071947571)	(90, 34.65482163928475)	(95, 35.49917581918853)	(100, 34.79875632341641)	(105, 35.15448537109476)	(110, 34.24098721503878)	(115, 34.8179343460245)	(120, 35.06723428203161)	(125, 35.08680611971662)	(130, 34.954949009925706)	(135, 35.20505091507415)	(140, 34.36331376072826)	(145, 33.8081750473156)	(150, 33.56530575450019)	(155, 34.936193022189755)	(160, 34.862019061810415)	(165, 32.76678285812841)	(170, 33.47227141722455)	(175, 32.08154317485533)	(180, 30.8876831952797)	(185, 34.580180935462444)	(190, 28.71754832677478)	(195, 29.599480458940327)	(200, 30.144008987573567)	(205, 30.424796525159906)	(210, 27.060006899118548)	(215, 24.40066127319987)	(220, 23.379380656344757)	(225, 24.361200395700656)	(230, 22.00298457605885)	(235, 22.264366397788002)	(240, 22.33823491180533)	(245, 21.02535506624726)	(250, 21.339669653835227)	(255, 19.382086733906476)	(260, 17.07923742084837)	(265, 16.578360451127622)	(270, 14.512438813887394)	(275, 16.277468775234468)	(280, 14.27950406239159)	(285, 14.582757861622067)	(290, 13.697337221386125)	(295, 14.305474661934477)	(300, 14.66718474903487)
SRR6808093_1	(1, 33.53042007987639)	(2, 33.71888756085474)	(3, 33.91344780339912)	(4, 33.90994956709326)	(5, 33.92639127773081)	(6, 37.9012039763286)	(7, 37.90700521820249)	(8, 37.888872693350436)	(9, 37.861732210010786)	(10, 37.89480220388888)	(15, 37.80720053639624)	(20, 37.875282045302164)	(25, 37.505436842258696)	(30, 37.7874471620558)	(35, 37.83424488636108)	(40, 36.925460221139545)	(45, 36.89274440586983)	(50, 37.10666627767891)	(55, 36.47469731890189)	(60, 36.380272485923506)	(65, 36.73726405461388)	(70, 36.60037926306269)	(75, 36.3433439332497)	(80, 36.291711643376026)	(85, 36.489687997954704)	(90, 36.5653926945968)	(95, 36.741130820399114)	(100, 36.52982261640798)	(105, 36.737653168397706)	(110, 36.5467790874081)	(115, 36.32258723304936)	(120, 36.50114949235617)	(125, 36.60439957988096)	(130, 36.644509277628664)	(135, 36.3653926945968)	(140, 36.649165596919126)	(145, 36.64720504142841)	(150, 36.403746061384055)	(155, 36.31428404714669)	(160, 36.10497724355234)	(165, 35.8208950869413)	(170, 36.282617574979575)	(175, 36.11304119500525)	(180, 35.96055549072237)	(185, 35.784922394678496)	(190, 35.92042245302836)	(195, 35.87731940716536)	(200, 35.3694130003501)	(205, 34.33730306920294)	(210, 34.85833819582215)	(215, 34.63094876881784)	(220, 34.47875481386393)	(225, 33.360841405064775)	(230, 33.041218345197805)	(235, 33.093488154977244)	(240, 33.43729723421636)	(245, 32.8420469132921)	(250, 32.082885984362235)	(255, 30.37352666588867)	(260, 29.922949002217297)	(265, 30.185323212546983)	(270, 29.87022027716995)	(275, 29.08281838074398)	(280, 26.94386158458584)	(285, 25.49394531819906)	(290, 24.110313269803875)	(295, 23.507033394426447)	(300, 18.744819557310763)
SRR6808093_2	(1, 33.539282278517916)	(2, 33.61904206629158)	(3, 33.61650584496983)	(4, 33.727429087834885)	(5, 33.74043086610501)	(6, 37.41500743375215)	(7, 37.55304200798764)	(8, 37.44185639739965)	(9, 37.50514532256654)	(10, 37.540728216191)	(15, 36.7392123137918)	(20, 37.49411421741539)	(25, 37.157729644637485)	(30, 37.23280762615515)	(35, 37.4342394486929)	(40, 37.24456956153914)	(45, 37.40210624580647)	(50, 37.38217567606989)	(55, 37.38697161527466)	(60, 37.29014848741212)	(65, 37.43680387409201)	(70, 35.957081595145716)	(75, 35.4003208961755)	(80, 34.99978995886695)	(85, 35.540036590085606)	(90, 35.31102748118327)	(95, 35.0270669233911)	(100, 34.52059046618823)	(105, 35.00078184258125)	(110, 34.62709609662174)	(115, 34.45384211447576)	(120, 34.75086644495011)	(125, 34.49269502304685)	(130, 34.800589299259)	(135, 34.639278837738495)	(140, 34.159075792053216)	(145, 33.34280701643833)	(150, 32.85140473203606)	(155, 34.1972109577851)	(160, 34.67123143799049)	(165, 31.82912156839863)	(170, 31.838690667211257)	(175, 31.747311608367124)	(180, 31.43352685474225)	(185, 33.622668261516466)	(190, 28.49346208828077)	(195, 28.03484552323716)	(200, 30.567745135221866)	(205, 29.19097353910786)	(210, 27.128955276132682)	(215, 23.946167984362692)	(220, 22.791271114741665)	(225, 24.29574933628964)	(230, 23.074026315021733)	(235, 21.82239402514806)	(240, 21.3654695568457)	(245, 20.565603757621727)	(250, 21.50728476821192)	(255, 18.921049099979577)	(260, 17.033398488782563)	(265, 16.38541295912711)	(270, 16.3544067450477)	(275, 16.94703153718237)	(280, 15.94944663450173)	(285, 15.35672064186725)	(290, 14.409409784757907)	(295, 15.136512069645567)	(300, 14.379909975803939)
SRR6808094_1	(1, 33.518406753701406)	(2, 33.7048294556682)	(3, 33.91201407628911)	(4, 33.91485242992245)	(5, 33.91989400238251)	(6, 37.90508229402183)	(7, 37.896500376826395)	(8, 37.88383110884205)	(9, 37.85676342595969)	(10, 37.890063938929806)	(15, 37.818293097999174)	(20, 37.88149296185544)	(25, 37.39185872656991)	(30, 37.79124547200545)	(35, 37.84809522223292)	(40, 37.09879575976031)	(45, 37.15236452677526)	(50, 37.27282322702317)	(55, 36.478738270140376)	(60, 36.51759942814557)	(65, 36.49192985658012)	(70, 36.54157172297546)	(75, 36.72415630223976)	(80, 36.44782549879122)	(85, 36.577654008541494)	(90, 36.54364558871841)	(95, 36.70509630476839)	(100, 36.47964824120603)	(105, 36.66312616350517)	(110, 36.564984729945124)	(115, 36.534729945125136)	(120, 36.56297650480003)	(125, 36.66155900568217)	(130, 36.63270052654473)	(135, 36.36091766616882)	(140, 36.76425446749278)	(145, 36.607860458607874)	(150, 36.38841920823523)	(155, 36.29397887537252)	(160, 36.048368275677454)	(165, 35.922965388296724)	(170, 36.22655248988532)	(175, 36.00176650666846)	(180, 35.950207617825015)	(185, 35.75666156621412)	(190, 35.779289323424464)	(195, 35.62600592196134)	(200, 35.41643308885489)	(205, 34.29653012656139)	(210, 35.065261832186465)	(215, 34.38412762151605)	(220, 34.219946893483844)	(225, 33.632113773314)	(230, 33.824711071529144)	(235, 33.83561903449109)	(240, 33.36420776795431)	(245, 33.05863868810141)	(250, 31.351451171280804)	(255, 30.60653976154331)	(260, 30.127128267426265)	(265, 30.838322509963042)	(270, 31.08131854969422)	(275, 29.106389499890337)	(280, 26.6292953815266)	(285, 25.77189159205771)	(290, 24.019084640468712)	(295, 23.851815580552007)	(300, 19.478660570360546)
SRR6808094_2	(1, 33.609768920331604)	(2, 33.69006333114531)	(3, 33.68551406413342)	(4, 33.790046920963704)	(5, 33.78657343252377)	(6, 37.55289852429922)	(7, 37.63454829455668)	(8, 37.52279799674228)	(9, 37.592170520020424)	(10, 37.6368110762648)	(15, 37.105925898913284)	(20, 37.60308572192643)	(25, 37.295636107261814)	(30, 37.320771035421686)	(35, 37.53934165056766)	(40, 37.35415960699022)	(45, 37.52788574731174)	(50, 37.507058662489165)	(55, 37.49489117705212)	(60, 37.405194907907344)	(65, 37.56055301221311)	(70, 36.207152049124765)	(75, 35.47002774455321)	(80, 36.09794602515651)	(85, 36.14921305112278)	(90, 35.4778474043159)	(95, 35.56701932846217)	(100, 35.18651509712902)	(105, 35.44369072026964)	(110, 35.18168754448832)	(115, 35.307633434528405)	(120, 35.598923154609444)	(125, 35.36874714818488)	(130, 35.41888987245123)	(135, 35.624224227878216)	(140, 34.83104774655251)	(145, 34.401331816356574)	(150, 34.187974105936895)	(155, 35.4822537997499)	(160, 35.29366942279494)	(165, 33.17766298942456)	(170, 34.1089048430275)	(175, 32.80719061038989)	(180, 31.45240159528351)	(185, 35.11934631098294)	(190, 29.76917914693097)	(195, 30.272473157328374)	(200, 30.98457335641296)	(205, 31.668716730951168)	(210, 28.11846297062474)	(215, 25.182907834213538)	(220, 23.744490146546344)	(225, 25.011432065639006)	(230, 23.173160078959302)	(235, 22.82488749066709)	(240, 22.83472620681053)	(245, 21.908243637598986)	(250, 22.254999650129452)	(255, 19.410306944820515)	(260, 17.27972438789849)	(265, 17.09667157512991)	(270, 15.969717934909927)	(275, 16.774625849280415)	(280, 15.49527373114677)	(285, 15.548370480606962)	(290, 14.690277473937758)	(295, 15.180285029412314)	(300, 15.629138181551522)
SRR6808095_1	(1, 33.51345363992109)	(2, 33.68365350409107)	(3, 33.89616280197924)	(4, 33.89767471944633)	(5, 33.914928365835515)	(6, 37.897205782477926)	(7, 37.89488535299635)	(8, 37.87837553766049)	(9, 37.84794314543514)	(10, 37.883564567769476)	(15, 37.70321626079364)	(20, 37.85722001228938)	(25, 37.429494518288536)	(30, 37.73689563726917)	(35, 37.82889920181283)	(40, 37.05200598923557)	(45, 37.003530411557605)	(50, 36.95728703816114)	(55, 36.37280077698191)	(60, 36.33513334142689)	(65, 36.355240985795795)	(70, 36.52297357452147)	(75, 36.57764558293877)	(80, 36.259604224839144)	(85, 36.29631338270406)	(90, 36.35357047468739)	(95, 36.43926024847234)	(100, 36.234224434462384)	(105, 36.49535024887702)	(110, 36.4681591194205)	(115, 36.30061592003561)	(120, 36.38976064828756)	(125, 36.51174061543941)	(130, 36.59018404907975)	(135, 36.30207844343364)	(140, 36.479827904505136)	(145, 36.43912814743471)	(150, 36.21714108176704)	(155, 36.11513532763532)	(160, 35.91932951307952)	(165, 35.61876942501942)	(170, 36.04805264180264)	(175, 35.980456811706816)	(180, 35.737767094017094)	(185, 35.60655594405594)	(190, 35.66849861679992)	(195, 35.534836626170566)	(200, 35.5000121407354)	(205, 34.205968385525004)	(210, 34.790429862971564)	(215, 34.255558040244026)	(220, 34.033307972480785)	(225, 33.18735896398219)	(230, 33.48564467826791)	(235, 33.41181545932821)	(240, 32.97940590853906)	(245, 32.65389073249696)	(250, 31.764804092235323)	(255, 30.29978113740459)	(260, 29.911160934705016)	(265, 30.224524741380964)	(270, 29.85192063701868)	(275, 28.776477919231194)	(280, 26.710509319109708)	(285, 25.160042261817544)	(290, 24.12378609061907)	(295, 23.311832233900304)	(300, 18.600762778066212)
SRR6808095_2	(1, 33.55224604637625)	(2, 33.614444875650854)	(3, 33.62864234662527)	(4, 33.734719122926165)	(5, 33.71821739271046)	(6, 37.41797645613014)	(7, 37.53042430710521)	(8, 37.398256848096764)	(9, 37.50712299084764)	(10, 37.55910707933119)	(15, 37.00522945570971)	(20, 37.50344102713366)	(25, 37.25788946023737)	(30, 37.25777141748326)	(35, 37.46277420995938)	(40, 37.273539886039885)	(45, 37.43565947940948)	(50, 37.40991323491323)	(55, 37.39745532245532)	(60, 37.32002072002072)	(65, 37.46577959077958)	(70, 35.953103146853145)	(75, 35.36690624190624)	(80, 34.9321047008547)	(85, 35.57246827246827)	(90, 35.0531160968661)	(95, 35.10305296555296)	(100, 34.65937419062419)	(105, 34.92625777000777)	(110, 34.570765345765345)	(115, 34.525216912716914)	(120, 34.71569644064317)	(125, 34.89321009137926)	(130, 34.733493051452434)	(135, 34.932288690500286)	(140, 34.087368287516696)	(145, 33.51310076891947)	(150, 33.007199318231564)	(155, 34.47873960938575)	(160, 34.678723421476505)	(165, 31.978248306339992)	(170, 32.50577989299792)	(175, 31.677232515034525)	(180, 31.12210701826806)	(185, 34.05389926264073)	(190, 28.226086171113014)	(195, 28.67501052222618)	(200, 30.32957069317188)	(205, 29.614946417586687)	(210, 26.7905575161071)	(215, 24.282590493131075)	(220, 22.590644780081917)	(225, 23.802815873617035)	(230, 22.64941519284471)	(235, 21.637576591525352)	(240, 21.484422679995145)	(245, 20.40618883807519)	(250, 20.65925875610811)	(255, 18.449791865259062)	(260, 17.114720499910963)	(265, 16.396235210677503)	(270, 15.76343137795212)	(275, 16.921952410183543)	(280, 15.234728530712255)	(285, 15.402493180180835)	(290, 13.952148922600404)	(295, 14.266916945278254)	(300, 14.726209120488317)
SRR6808096_1	(1, 33.512360677838565)	(2, 33.689721120534244)	(3, 33.896082519477666)	(4, 33.897650138734306)	(5, 33.91606966499977)	(6, 37.8994215484943)	(7, 37.89305701431236)	(8, 37.87578185010425)	(9, 37.84792525591384)	(10, 37.88457932937248)	(15, 37.803295135677445)	(20, 37.86709096894546)	(25, 37.43259393958395)	(30, 37.768854540609176)	(35, 37.822671997295735)	(40, 36.97122814726468)	(45, 37.112083738740154)	(50, 37.04913530648755)	(55, 36.43827249615517)	(60, 36.40845861711811)	(65, 36.64597784124793)	(70, 36.58290386365776)	(75, 36.533071780546756)	(80, 36.24422020652208)	(85, 36.380917108690866)	(90, 36.43248171746022)	(95, 36.60128056244311)	(100, 36.47918772166599)	(105, 36.6528169235115)	(110, 36.48835880857475)	(115, 36.30771476099306)	(120, 36.476344119770246)	(125, 36.49448855968112)	(130, 36.55345720473306)	(135, 36.2248673927372)	(140, 36.5782166099302)	(145, 36.57559046468197)	(150, 36.305224337345614)	(155, 36.16491580483671)	(160, 35.893520189576435)	(165, 35.599365986095634)	(170, 36.19338993424459)	(175, 35.99102650617536)	(180, 35.827931137301675)	(185, 35.66797758980556)	(190, 35.83183879725679)	(195, 35.68805260432197)	(200, 35.397699345584655)	(205, 34.019611720576926)	(210, 34.75816356856784)	(215, 34.25710339632118)	(220, 34.22503295875447)	(225, 33.163723503004164)	(230, 33.29164247037589)	(235, 33.08280310758848)	(240, 33.08569724554658)	(245, 32.35035851367216)	(250, 31.7231534670559)	(255, 30.17904385221458)	(260, 29.88267256803842)	(265, 30.171306149354926)	(270, 29.861838842326648)	(275, 28.314107016448997)	(280, 26.732199675735266)	(285, 25.190715739995664)	(290, 23.773730809079773)	(295, 23.38566892306112)	(300, 18.2157091903412)
SRR6808096_2	(1, 33.56180338919283)	(2, 33.59243466946748)	(3, 33.569045790158484)	(4, 33.69382828298663)	(5, 33.67509523286984)	(6, 37.39538492890847)	(7, 37.50281387656566)	(8, 37.37845464093681)	(9, 37.471555548588356)	(10, 37.51107523004812)	(15, 36.90373250145005)	(20, 37.41707137370476)	(25, 37.204919189227326)	(30, 37.22947124202473)	(35, 37.41986557023601)	(40, 37.23518056405669)	(45, 37.38854622785128)	(50, 37.36037164336049)	(55, 37.37176577679426)	(60, 37.28450492019398)	(65, 37.43021171743804)	(70, 36.07595775067879)	(75, 35.49485066779666)	(80, 35.314537721487206)	(85, 35.45959163174663)	(90, 35.32985231570852)	(95, 35.062134124331024)	(100, 34.54600499081878)	(105, 35.03557606290315)	(110, 34.694762779164115)	(115, 34.458709606541426)	(120, 34.519996233344315)	(125, 34.56666195834707)	(130, 34.630597799645315)	(135, 34.45001804855847)	(140, 34.00904742401442)	(145, 33.41406240190847)	(150, 32.781678071442016)	(155, 34.147532801808026)	(160, 34.45263356142884)	(165, 32.0150072195367)	(170, 32.07785485592316)	(175, 31.674979596961514)	(180, 31.498370895850336)	(185, 33.16269696779459)	(190, 27.883304036662686)	(195, 28.005511959319485)	(200, 30.1574361227949)	(205, 28.68909781516826)	(210, 26.674455681176575)	(215, 23.843662789785125)	(220, 22.926185431087255)	(225, 23.673451425256435)	(230, 22.851376549992153)	(235, 21.890629414534608)	(240, 21.011834876785436)	(245, 20.90177016125296)	(250, 20.474884239275454)	(255, 19.063677031502614)	(260, 16.89717622313959)	(265, 16.430595363292472)	(270, 15.831725501891412)	(275, 16.741387432152244)	(280, 16.243052677842655)	(285, 15.6422081999121)	(290, 14.462107509233604)	(295, 14.982002471807363)	(300, 13.948439259941615)
SRR6808097_1	(1, 33.52461087095459)	(2, 33.70672276096682)	(3, 33.92314040852888)	(4, 33.928580414970334)	(5, 33.929647280248396)	(6, 37.91470613397211)	(7, 37.908596820540176)	(8, 37.891778595260504)	(9, 37.87059729358421)	(10, 37.89877461464524)	(15, 37.83689139613413)	(20, 37.89244890872767)	(25, 37.38659373065677)	(30, 37.804430510334)	(35, 37.839658523357464)	(40, 37.0976185201595)	(45, 37.149007129335)	(50, 37.2284196640754)	(55, 36.477643291577714)	(60, 36.5040711725138)	(65, 36.597334555121435)	(70, 36.62016476198411)	(75, 36.67348991767993)	(80, 36.40829041109684)	(85, 36.6244905973869)	(90, 36.582234977217226)	(95, 36.721101628779294)	(100, 36.57270800292022)	(105, 36.693681746091684)	(110, 36.63213755255142)	(115, 36.51880722459333)	(120, 36.53986123838199)	(125, 36.636432477066066)	(130, 36.6223367939823)	(135, 36.28962852501272)	(140, 36.73058082319412)	(145, 36.620826850746944)	(150, 36.42833607741844)	(155, 36.27343876662186)	(160, 36.146457612696295)	(165, 35.8803740011782)	(170, 36.274932153124986)	(175, 35.97214829136645)	(180, 35.89364429607923)	(185, 35.66465366624875)	(190, 35.83095630107397)	(195, 35.55026207271574)	(200, 35.51644990911792)	(205, 34.227895150245715)	(210, 34.883426649480384)	(215, 34.327301560589845)	(220, 34.232907148340054)	(225, 33.524881423521954)	(230, 33.57502466636199)	(235, 33.762647466075876)	(240, 33.166379327707396)	(245, 32.96790566056736)	(250, 31.572084732705274)	(255, 30.544766642665444)	(260, 30.289735146022156)	(265, 30.592713997985904)	(270, 30.40913196944597)	(275, 28.882640136106442)	(280, 26.439730428682775)	(285, 25.37578257520129)	(290, 24.054051138243285)	(295, 23.229203300000385)	(300, 18.695428392704038)
SRR6808097_2	(1, 33.46393542445637)	(2, 33.61483144031845)	(3, 33.57939842888991)	(4, 33.76728749503052)	(5, 33.75230608968714)	(6, 37.34094397447575)	(7, 37.52654833855863)	(8, 37.36572343027381)	(9, 37.51833548887088)	(10, 37.55894782928143)	(15, 36.839071424617416)	(20, 37.504863798543624)	(25, 37.090462123766436)	(30, 37.10937985939521)	(35, 37.37877672138237)	(40, 37.132658661229016)	(45, 37.35660952093245)	(50, 37.31927195831131)	(55, 37.291534879037336)	(60, 37.17858268509428)	(65, 37.39192306724064)	(70, 35.64534214206254)	(75, 34.630741035375145)	(80, 35.549018699588146)	(85, 35.49696093930942)	(90, 34.84552851259227)	(95, 34.57767025486622)	(100, 34.10328274945371)	(105, 34.578641988983655)	(110, 34.23509420282558)	(115, 34.4615588060676)	(120, 34.619113552486496)	(125, 34.44627491654625)	(130, 34.29864208284453)	(135, 34.752674219619976)	(140, 33.7271294902572)	(145, 33.052066906337174)	(150, 32.58881604785354)	(155, 34.19119059847134)	(160, 34.26639074348206)	(165, 31.52133570989799)	(170, 32.74784951109231)	(175, 31.111762988026545)	(180, 29.22346152684209)	(185, 34.09349465776462)	(190, 27.380710552551285)	(195, 28.07793319436472)	(200, 28.70737439956497)	(205, 29.76678029254047)	(210, 25.71608368369376)	(215, 22.628546094411636)	(220, 21.08608890052567)	(225, 22.801058387545062)	(230, 20.216270537678735)	(235, 19.97903757747869)	(240, 20.483022326059153)	(245, 19.61698581578139)	(250, 19.927028197381674)	(255, 17.081470292044308)	(260, 15.128948640483383)	(265, 14.989630412890232)	(270, 14.6734390735146)	(275, 16.000929152362858)	(280, 14.163702737677431)	(285, 13.944736686307616)	(290, 13.393321477416816)	(295, 13.64146260057279)	(300, 14.873505440965282)
SRR6808098_1	(1, 33.49038254116632)	(2, 33.68558999065219)	(3, 33.89240430478656)	(4, 33.89890582680185)	(5, 33.90285467750054)	(6, 37.8826070803672)	(7, 37.87748376117543)	(8, 37.8591716401812)	(9, 37.83555643440953)	(10, 37.86479470770116)	(15, 37.79964406414036)	(20, 37.85249394789195)	(25, 37.38754464178711)	(30, 37.76657438699935)	(35, 37.83488351014907)	(40, 37.11533134084716)	(45, 37.211680049932184)	(50, 37.13270503081822)	(55, 36.46816504126031)	(60, 36.56583748482733)	(65, 36.40489464083166)	(70, 36.612947792321584)	(75, 36.561322266433805)	(80, 36.32872969955948)	(85, 36.512494756751046)	(90, 36.45017254727795)	(95, 36.52606454168442)	(100, 36.45699641701826)	(105, 36.480730520162524)	(110, 36.474331081804635)	(115, 36.38442207525727)	(120, 36.45243099526465)	(125, 36.53167765981071)	(130, 36.5426153553541)	(135, 36.1685976305081)	(140, 36.57891524260418)	(145, 36.569770303281295)	(150, 36.34728199218539)	(155, 36.11125435895589)	(160, 35.86666066466199)	(165, 35.60050296799132)	(170, 36.154930946936275)	(175, 35.85932945489133)	(180, 35.716254223961485)	(185, 35.60883025526832)	(190, 35.72310499432804)	(195, 35.49820958051486)	(200, 35.466339753554735)	(205, 34.247406245495256)	(210, 34.81959449726303)	(215, 34.37282196027186)	(220, 34.27394862172222)	(225, 33.44566959381996)	(230, 33.71421020181111)	(235, 33.526535914593545)	(240, 33.25774766947773)	(245, 32.99799753894174)	(250, 31.88204087757736)	(255, 30.609811819082203)	(260, 30.281903097051025)	(265, 30.587246089169035)	(270, 30.08807169827178)	(275, 28.86921691435748)	(280, 26.839629847913336)	(285, 25.30504168508248)	(290, 24.146320960429485)	(295, 23.276585127165596)	(300, 18.184414475044722)
SRR6808098_2	(1, 33.56321756429616)	(2, 33.600153399966445)	(3, 33.590476019270874)	(4, 33.69653172263369)	(5, 33.69004817717696)	(6, 37.3782208000767)	(7, 37.5146029577431)	(8, 37.34843963471633)	(9, 37.46978140504782)	(10, 37.5127501737734)	(15, 36.96873996308813)	(20, 37.4683684475444)	(25, 37.20763644207953)	(30, 37.228867956185134)	(35, 37.4447767211302)	(40, 37.26437994406233)	(45, 37.41458220797772)	(50, 37.389896977803836)	(55, 37.39656209299394)	(60, 37.30783196507812)	(65, 37.46353423939907)	(70, 36.19591261028749)	(75, 35.58211151791609)	(80, 36.157167980121116)	(85, 36.01577703793758)	(90, 35.517513669893816)	(95, 35.48426776786089)	(100, 35.07600520986513)	(105, 35.367390325736615)	(110, 35.0798422506878)	(115, 35.15799818116418)	(120, 35.25446295129198)	(125, 35.16960355331473)	(130, 35.245090270682574)	(135, 35.20640320760606)	(140, 34.698738797335224)	(145, 34.202210137098135)	(150, 33.911844221950105)	(155, 35.02476890201446)	(160, 35.13022521549137)	(165, 32.95106124996998)	(170, 33.580892698504165)	(175, 32.76380443590743)	(180, 31.575846814130074)	(185, 34.44874215912843)	(190, 29.439252078393714)	(195, 29.630553137849272)	(200, 30.956188360995224)	(205, 30.8574266725801)	(210, 27.914414684802573)	(215, 25.240597967793605)	(220, 23.832318525177822)	(225, 24.824920311909093)	(230, 23.391621194931176)	(235, 22.807040409876002)	(240, 22.402190545915396)	(245, 21.99025710906875)	(250, 21.829736527736923)	(255, 19.242392080824573)	(260, 17.237590187279658)	(265, 16.752837075279146)	(270, 15.964166166406532)	(275, 17.370154701372922)	(280, 16.39472685612322)	(285, 15.630052133979074)	(290, 14.606428328431909)	(295, 14.840262021266952)	(300, 15.188404524878205)
SRR6808099_1	(1, 33.463566701941836)	(2, 33.66956305542451)	(3, 33.86951588020043)	(4, 33.87293927146154)	(5, 33.884121074575106)	(6, 37.86618173936326)	(7, 37.8640779793704)	(8, 37.84657852124798)	(9, 37.81747013298313)	(10, 37.84924583391771)	(15, 37.745932093177444)	(20, 37.810784001224)	(25, 37.41866863867603)	(30, 37.71184990628706)	(35, 37.81988106841901)	(40, 37.03751621043217)	(45, 37.08712045229501)	(50, 36.896708084453955)	(55, 36.45519660139905)	(60, 36.431627463863805)	(65, 36.46015983850051)	(70, 36.6236716858426)	(75, 36.56844627011557)	(80, 36.218790925875055)	(85, 36.277690966122165)	(90, 36.34737307148198)	(95, 36.52410704588868)	(100, 36.24196101730647)	(105, 36.51897962703873)	(110, 36.449536513534056)	(115, 36.31178999686963)	(120, 36.364436437510776)	(125, 36.46448818444909)	(130, 36.54695108317202)	(135, 36.26104477707291)	(140, 36.53750951477032)	(145, 36.477164760748735)	(150, 36.22068868587491)	(155, 36.15076289699631)	(160, 35.87881529183277)	(165, 35.58390831033425)	(170, 36.074741899212924)	(175, 35.984372125114994)	(180, 35.754280384340184)	(185, 35.54603649187366)	(190, 35.694278339977515)	(195, 35.614659358070114)	(200, 35.43555020894949)	(205, 34.15651068246997)	(210, 34.711745163680966)	(215, 34.282298263274946)	(220, 34.16389029088377)	(225, 33.336215124933716)	(230, 33.477931038888855)	(235, 33.20565923218952)	(240, 32.97858972802719)	(245, 32.66656317262709)	(250, 31.757770990527735)	(255, 30.42302084589941)	(260, 29.68989484851607)	(265, 30.075335471277505)	(270, 29.74557397687576)	(275, 28.6799873830716)	(280, 26.42755816065739)	(285, 25.069334822774543)	(290, 23.72012773633819)	(295, 22.854271729857253)	(300, 18.49991228420958)
SRR6808099_2	(1, 33.42258800729304)	(2, 33.52337086101159)	(3, 33.52031084647652)	(4, 33.62776835689969)	(5, 33.638376407287936)	(6, 37.2943542731828)	(7, 37.46269969782357)	(8, 37.302590812306356)	(9, 37.41472759495608)	(10, 37.44215425023269)	(15, 36.89924264640257)	(20, 37.35871020387347)	(25, 37.13799645548316)	(30, 37.16707679361476)	(35, 37.37783104063597)	(40, 37.19693249182338)	(45, 37.337543438266565)	(50, 37.32070855478331)	(55, 37.31465785977106)	(60, 37.226208197291)	(65, 37.36911755311674)	(70, 35.7674579346118)	(75, 35.46279337174688)	(80, 35.115562596619434)	(85, 35.61817914681045)	(90, 35.10805185661355)	(95, 35.207295259997444)	(100, 34.78318896128785)	(105, 34.929994889485116)	(110, 34.73512329117159)	(115, 34.592131084706786)	(120, 34.736321706911966)	(125, 34.84882585920532)	(130, 34.67400664366935)	(135, 34.82867126613006)	(140, 34.06480889381496)	(145, 33.59075885242655)	(150, 32.87179424935639)	(155, 34.520778643964995)	(160, 34.60360809265541)	(165, 32.05324108677182)	(170, 32.525465544887155)	(175, 31.688146572375864)	(180, 30.9826865213975)	(185, 33.7722570382721)	(190, 28.173814497530934)	(195, 28.457518669707486)	(200, 30.158809095389604)	(205, 29.41562801212276)	(210, 26.75110966307639)	(215, 24.077621528384398)	(220, 22.53392958673251)	(225, 23.66186682680329)	(230, 22.475233976222267)	(235, 21.546397138331436)	(240, 21.147066076368258)	(245, 20.476812899681214)	(250, 20.361726600066795)	(255, 18.50255367188298)	(260, 16.90962269257518)	(265, 15.87552364973963)	(270, 15.71684705698932)	(275, 16.580617909490723)	(280, 15.0576896608929)	(285, 15.088046665857382)	(290, 13.979436324287525)	(295, 14.212252465863074)	(300, 14.449045745167473)
SRR6808100_1	(1, 33.56263211852336)	(2, 33.733113778431)	(3, 33.930740408081796)	(4, 33.94032098563821)	(5, 33.93836132204712)	(6, 37.92576866897109)	(7, 37.92020721627972)	(8, 37.90398555655353)	(9, 37.88428912295982)	(10, 37.91450060332236)	(15, 37.858871560382134)	(20, 37.90956152527149)	(25, 37.412726926322094)	(30, 37.82646634549958)	(35, 37.859370266130995)	(40, 37.13609031426679)	(45, 37.15142885664243)	(50, 37.33182144056338)	(55, 36.493254562449515)	(60, 36.56146216184331)	(65, 36.62833573820478)	(70, 36.61942228635213)	(75, 36.78759531260984)	(80, 36.53205677363148)	(85, 36.70257913460142)	(90, 36.65090024684188)	(95, 36.84056918832583)	(100, 36.59191048351967)	(105, 36.77653005662843)	(110, 36.69688180630173)	(115, 36.629419558588644)	(120, 36.6644692899666)	(125, 36.70680497773026)	(130, 36.72356181539327)	(135, 36.429817317203764)	(140, 36.86253363941048)	(145, 36.67972700706079)	(150, 36.47827673207122)	(155, 36.40331984099613)	(160, 36.18437188027517)	(165, 35.96539850797742)	(170, 36.35337701704391)	(175, 36.12644074564827)	(180, 36.101457535440076)	(185, 35.84007224148259)	(190, 36.000749641515256)	(195, 35.79592685029723)	(200, 35.592223986931074)	(205, 34.52588827880383)	(210, 35.23333303081182)	(215, 34.51541679901983)	(220, 34.25171112092192)	(225, 33.64174471792637)	(230, 33.825944623861766)	(235, 34.25347648911357)	(240, 33.62158590708186)	(245, 33.34294038100252)	(250, 31.383741763462304)	(255, 30.73099961881251)	(260, 30.713570520965693)	(265, 30.92434129915864)	(270, 30.65151798437089)	(275, 29.31659569287346)	(280, 26.804320444260735)	(285, 26.065677331518042)	(290, 24.313019214884754)	(295, 23.581767775682223)	(300, 19.35176211742174)
SRR6808100_2	(1, 33.66960616205329)	(2, 33.76839679558713)	(3, 33.78485434074558)	(4, 33.84270977926567)	(5, 33.831287480834305)	(6, 37.59200892735636)	(7, 37.73098173702403)	(8, 37.62185750705388)	(9, 37.69089935857308)	(10, 37.70793935929888)	(15, 37.196131478910935)	(20, 37.688763688159455)	(25, 37.384926920878584)	(30, 37.418647650671815)	(35, 37.613668626658104)	(40, 37.42131332014448)	(45, 37.59338620977549)	(50, 37.572588344192965)	(55, 37.566537198032556)	(60, 37.480946331016206)	(65, 37.63376953373142)	(70, 36.34899177813675)	(75, 35.56057061695465)	(80, 36.228820342489996)	(85, 36.32560144473787)	(90, 35.594976087410274)	(95, 35.69887016416651)	(100, 35.29739638634033)	(105, 35.65780403473905)	(110, 35.430094470610655)	(115, 35.598215857631615)	(120, 35.826733095568684)	(125, 35.61101808041393)	(130, 35.62172753012923)	(135, 35.866607376216066)	(140, 35.05604279966094)	(145, 34.650641182716654)	(150, 34.478041874268285)	(155, 35.709326871591024)	(160, 35.565186455752496)	(165, 33.45027997858186)	(170, 34.42028551462514)	(175, 33.0704329911877)	(180, 31.577850381623968)	(185, 35.4826068410974)	(190, 30.11420766515106)	(195, 30.613366489390664)	(200, 31.21547383515147)	(205, 32.083506071551746)	(210, 28.469952625560417)	(215, 25.449895631023903)	(220, 23.902492851351845)	(225, 25.385232109633797)	(230, 23.25185475900792)	(235, 22.987586219414794)	(240, 23.07069810498802)	(245, 22.392861032454803)	(250, 22.59077666405292)	(255, 19.448905911075208)	(260, 17.213421308187286)	(265, 17.273989635424705)	(270, 16.692413530217912)	(275, 17.524719784358744)	(280, 15.728874690287975)	(285, 15.682820398791103)	(290, 14.93126408779365)	(295, 15.393638779042965)	(300, 16.454016393616058)
SRR6808101_1	(1, 33.46743676050592)	(2, 33.68328233374133)	(3, 33.878697470420235)	(4, 33.87881476948184)	(5, 33.89048857609139)	(6, 37.87542839657283)	(7, 37.871312729498165)	(8, 37.85976642186863)	(9, 37.82851387188902)	(10, 37.863169114647086)	(15, 37.767818237454094)	(20, 37.83672072623419)	(25, 37.40390554875562)	(30, 37.7068737250102)	(35, 37.79453721447575)	(40, 37.08823643608869)	(45, 37.14361193419843)	(50, 37.08888842120083)	(55, 36.51977173685366)	(60, 36.53447601142337)	(65, 36.63426862706335)	(70, 36.76008574216474)	(75, 36.670909434598464)	(80, 36.36016593694601)	(85, 36.39446502194271)	(90, 36.42845881171458)	(95, 36.59998876037112)	(100, 36.44658213103364)	(105, 36.62915232587096)	(110, 36.54101106087312)	(115, 36.28998288502312)	(120, 36.51321225125808)	(125, 36.5349116658322)	(130, 36.570461953467465)	(135, 36.25852432382724)	(140, 36.58111081131074)	(145, 36.56992591835692)	(150, 36.329864609410926)	(155, 36.22738452699202)	(160, 36.11049267602324)	(165, 35.91045078093467)	(170, 36.2843522422501)	(175, 35.9996822088021)	(180, 35.933226016934235)	(185, 35.76213580543879)	(190, 35.96647115325663)	(195, 35.811523602802424)	(200, 35.54181879492957)	(205, 34.199761903545394)	(210, 34.88646883350887)	(215, 34.54838083364841)	(220, 34.29626094687254)	(225, 33.734901235451005)	(230, 33.86432213695214)	(235, 33.82178591768214)	(240, 33.56081975924299)	(245, 32.88800139263223)	(250, 32.3377814529219)	(255, 31.129525699425358)	(260, 30.789492616626642)	(265, 30.813496431128367)	(270, 30.117628361701314)	(275, 29.105775602722865)	(280, 27.12285978002226)	(285, 25.467954320629573)	(290, 24.18126492666904)	(295, 23.135356760512092)	(300, 19.074229527491415)
SRR6808101_2	(1, 33.38914218686251)	(2, 33.4484802121583)	(3, 33.443461852305184)	(4, 33.634587923296614)	(5, 33.63422582619339)	(6, 37.192416360669114)	(7, 37.408358833129334)	(8, 37.17359751121991)	(9, 37.35376886984904)	(10, 37.401622807017546)	(15, 36.77735516115871)	(20, 37.3103335373317)	(25, 37.09673806609547)	(30, 37.059398204814364)	(35, 37.30260726724854)	(40, 37.084572391948505)	(45, 37.26253601716563)	(50, 37.240929796094385)	(55, 37.20472874593209)	(60, 37.134510019941175)	(65, 37.31747774910613)	(70, 35.818785423021794)	(75, 35.243980667838315)	(80, 34.448019781746844)	(85, 35.163056361629955)	(90, 34.89008971267421)	(95, 34.81007070748355)	(100, 34.7478644705113)	(105, 34.75236682805124)	(110, 34.57283061281835)	(115, 34.081774848647406)	(120, 34.18060234500728)	(125, 34.49083654347227)	(130, 34.172879520165125)	(135, 34.28636619085085)	(140, 33.550902657661155)	(145, 32.908719153936545)	(150, 31.88035048280795)	(155, 33.646312912821074)	(160, 34.21246633373776)	(165, 31.17160126093998)	(170, 30.960141294392052)	(175, 30.946030675536207)	(180, 30.583893732397648)	(185, 33.17069446904333)	(190, 27.45076127608265)	(195, 27.199693631955505)	(200, 29.962066798485615)	(205, 27.977724980456475)	(210, 25.992807090960564)	(215, 22.95941670583907)	(220, 21.455197326738745)	(225, 22.505179954628133)	(230, 22.162591714525128)	(235, 21.173495717303233)	(240, 20.249889123925726)	(245, 19.455172591189694)	(250, 19.437517994746045)	(255, 18.372678081456844)	(260, 16.41064125491799)	(265, 16.44503391104859)	(270, 15.505156124654459)	(275, 15.547439671785835)	(280, 15.195994808886837)	(285, 14.909049937916127)	(290, 13.86297199860456)	(295, 14.104631354742043)	(300, 13.024103839105518)
SRR6808102_1	(1, 33.534844161545216)	(2, 33.68052202224173)	(3, 33.89189164471759)	(4, 33.88545324846356)	(5, 33.903451492537314)	(6, 37.886687884108866)	(7, 37.88440152180275)	(8, 37.86540642376354)	(9, 37.828861208662566)	(10, 37.87215576529119)	(15, 37.77660594088381)	(20, 37.85068407960199)	(25, 37.347956906643255)	(30, 37.71727758267486)	(35, 37.82238301302151)	(40, 36.962274725274725)	(45, 36.876423076923075)	(50, 37.11598091557615)	(55, 36.35565344004982)	(60, 36.25204809567854)	(65, 36.16817736426158)	(70, 36.42678412805978)	(75, 36.406622771270804)	(80, 36.03898936803451)	(85, 36.1388364362311)	(90, 36.198891931244795)	(95, 36.3819906775703)	(100, 36.03103867581815)	(105, 36.270592868001245)	(110, 36.20688474147878)	(115, 36.109342645231074)	(120, 36.26712821780818)	(125, 36.332855298222476)	(130, 36.41936500086998)	(135, 36.103432360159715)	(140, 36.44396326987684)	(145, 36.258857159223524)	(150, 36.0053210488236)	(155, 35.956656806088525)	(160, 35.56719083424154)	(165, 35.55323520652344)	(170, 35.92661281459501)	(175, 35.65581250515171)	(180, 35.433692655719085)	(185, 35.29232051434694)	(190, 35.46822973430903)	(195, 35.420324763937096)	(200, 35.09303854854516)	(205, 33.79745003573689)	(210, 34.48306925796347)	(215, 33.968413532870514)	(220, 33.86321689593904)	(225, 33.245340977781034)	(230, 33.191508068800026)	(235, 33.12983532687341)	(240, 32.923752129393876)	(245, 32.45502903302621)	(250, 31.52105709220384)	(255, 30.101836491269296)	(260, 29.401899563118803)	(265, 29.663491569200335)	(270, 29.634020778875215)	(275, 28.193370203044765)	(280, 25.867069060267447)	(285, 24.825139014212255)	(290, 23.398549331561497)	(295, 22.78016075046304)	(300, 19.885105952812033)
SRR6808102_2	(1, 33.5492665349722)	(2, 33.57863257243196)	(3, 33.562609745390695)	(4, 33.69463345039508)	(5, 33.68541483757682)	(6, 37.39030033655253)	(7, 37.495088893766464)	(8, 37.39012657301727)	(9, 37.46717698273339)	(10, 37.51365415569212)	(15, 36.88300775534094)	(20, 37.456648741586186)	(25, 37.15806262803629)	(30, 37.17278314310799)	(35, 37.41616355251557)	(40, 37.194466627591765)	(45, 37.39255073631769)	(50, 37.36987846983726)	(55, 37.34513467227153)	(60, 37.25488730756198)	(65, 37.41967927759613)	(70, 35.95387715104725)	(75, 35.36358674249709)	(80, 35.18331547471861)	(85, 35.618464891795114)	(90, 35.17196838567281)	(95, 35.174047311591615)	(100, 35.0493131251454)	(105, 35.05393351039472)	(110, 34.758877186555544)	(115, 34.5318204591985)	(120, 34.841872349778825)	(125, 34.95946111787818)	(130, 34.73513265988332)	(135, 34.94153386819064)	(140, 34.18304494205872)	(145, 33.59420724099995)	(150, 32.94545204751743)	(155, 34.4619851439353)	(160, 34.78947252727123)	(165, 32.24079413956143)	(170, 32.459258105880195)	(175, 31.905311460995243)	(180, 31.252638327883563)	(185, 34.29616318156421)	(190, 28.626517920112843)	(195, 28.794456809459696)	(200, 30.581849989466843)	(205, 29.77354811309529)	(210, 27.084896224514097)	(215, 24.327776658301122)	(220, 22.70984264229057)	(225, 24.0703621608749)	(230, 22.815025005037647)	(235, 22.183042371173684)	(240, 21.757857810181537)	(245, 20.630784590302074)	(250, 21.082310738011152)	(255, 19.246182610304068)	(260, 17.25940004579803)	(265, 16.593630409892377)	(270, 15.76939592397527)	(275, 16.607395465994962)	(280, 14.918773700697965)	(285, 15.217229172894628)	(290, 14.191511275177215)	(295, 14.92018671661017)	(300, 13.845486561557387)
SRR6808103_1	(1, 33.466806511063545)	(2, 33.66311999908424)	(3, 33.876718483499126)	(4, 33.882092858205795)	(5, 33.8841647683696)	(6, 37.86635893268009)	(7, 37.859919985347815)	(8, 37.84436062683868)	(9, 37.81562002770178)	(10, 37.849351526459785)	(15, 37.78283290788585)	(20, 37.83310420220012)	(25, 37.37462081754599)	(30, 37.74279295779485)	(35, 37.82221401338546)	(40, 37.05565234845443)	(45, 37.17216991113144)	(50, 37.16879786889335)	(55, 36.48023732057557)	(60, 36.51504772937773)	(65, 36.34950693502553)	(70, 36.5491834821083)	(75, 36.555634634795375)	(80, 36.31840475316572)	(85, 36.45690378968618)	(90, 36.44108269616591)	(95, 36.50183950564182)	(100, 36.45408232612156)	(105, 36.478245085810144)	(110, 36.47051772836108)	(115, 36.408373717503885)	(120, 36.399670809270106)	(125, 36.521560272299226)	(130, 36.53810309516432)	(135, 36.2070822293337)	(140, 36.60670626716168)	(145, 36.534158644057584)	(150, 36.315566167616986)	(155, 36.12647946845664)	(160, 35.84721384246568)	(165, 35.60541918537296)	(170, 36.158503495575786)	(175, 35.89888765581851)	(180, 35.70649541326497)	(185, 35.62205647462313)	(190, 35.68529595921338)	(195, 35.499600540259976)	(200, 35.46065866869505)	(205, 34.191382516568254)	(210, 34.84602787370116)	(215, 34.357729014200835)	(220, 34.1575697547578)	(225, 33.37191755876677)	(230, 33.563909730479885)	(235, 33.453441585462826)	(240, 33.20006647630394)	(245, 32.99651107365657)	(250, 31.563272465381498)	(255, 30.362616773792098)	(260, 29.97972189943254)	(265, 30.448876741244657)	(270, 30.380025222070923)	(275, 28.923436715826277)	(280, 26.767424516698952)	(285, 25.369710580112727)	(290, 24.038621947837708)	(295, 23.307091826586866)	(300, 18.187637956783174)
SRR6808103_2	(1, 33.4807575636168)	(2, 33.56151341018098)	(3, 33.5561304502112)	(4, 33.702317448688746)	(5, 33.679660939342256)	(6, 37.32885850341693)	(7, 37.493941665998925)	(8, 37.31806682768804)	(9, 37.460728144781875)	(10, 37.502627662862444)	(15, 36.96127016105953)	(20, 37.466394990785155)	(25, 37.19668093728179)	(30, 37.21626678418938)	(35, 37.439916024185315)	(40, 37.2707147814018)	(45, 37.41866227570773)	(50, 37.39725511225306)	(55, 37.39983048960592)	(60, 37.30673874760724)	(65, 37.463293549515654)	(70, 36.20980046914699)	(75, 35.48154061889727)	(80, 36.0727357714135)	(85, 35.882919387354214)	(90, 35.2642296210642)	(95, 35.31316200002294)	(100, 34.95182268665619)	(105, 35.26226728914073)	(110, 34.93856777434932)	(115, 34.94541100899015)	(120, 35.15248039229744)	(125, 35.031434839338715)	(130, 35.128798398659605)	(135, 35.10086976969599)	(140, 34.59794807494912)	(145, 34.07448366153389)	(150, 33.782871957941815)	(155, 34.958265006629105)	(160, 35.00669503822704)	(165, 32.77582490694166)	(170, 33.474179492573015)	(175, 32.49105977832265)	(180, 31.344344359845714)	(185, 34.27922226523852)	(190, 29.13524124172186)	(195, 29.320503695121637)	(200, 30.665501184675463)	(205, 30.527294197853536)	(210, 27.63151637823289)	(215, 24.875659956925354)	(220, 23.258234179483757)	(225, 24.509886863878172)	(230, 23.057430014243145)	(235, 22.371613708633124)	(240, 22.104390346254554)	(245, 21.51484546609256)	(250, 21.500130082748363)	(255, 19.051706116170877)	(260, 17.179135868478724)	(265, 16.66495312226642)	(270, 15.811749000043)	(275, 16.85725087167444)	(280, 15.961322935355033)	(285, 15.468403337972035)	(290, 14.418573674740557)	(295, 14.613703086814269)	(300, 15.57194288718189)
SRR6808104_1	(1, 33.527613974576504)	(2, 33.71570331840561)	(3, 33.9202838585853)	(4, 33.926810102639706)	(5, 33.926257266835414)	(6, 37.91167144168452)	(7, 37.89949166921643)	(8, 37.89404328113265)	(9, 37.87127618146922)	(10, 37.90201802453339)	(15, 37.84755987316069)	(20, 37.89572473644683)	(25, 37.372060582459454)	(30, 37.807414953686965)	(35, 37.85564778556874)	(40, 37.15023032816545)	(45, 37.11598519219528)	(50, 37.329794029247914)	(55, 36.49985734863298)	(60, 36.57159601376609)	(65, 36.65324115471464)	(70, 36.678818981744044)	(75, 36.818317195116435)	(80, 36.52410381176609)	(85, 36.74231138574589)	(90, 36.64623536943482)	(95, 36.91500354891237)	(100, 36.61923788846673)	(105, 36.86784337466772)	(110, 36.77251193408765)	(115, 36.58387337475704)	(120, 36.71731770878637)	(125, 36.71127270702931)	(130, 36.71931276116781)	(135, 36.42677628900773)	(140, 36.87804698499631)	(145, 36.75316680758378)	(150, 36.496818056874844)	(155, 36.38928751613588)	(160, 36.31788185927078)	(165, 36.07279743078534)	(170, 36.39943911511015)	(175, 36.11112751366336)	(180, 36.182981270072126)	(185, 35.83632276853595)	(190, 36.08986259616355)	(195, 35.79242116107261)	(200, 35.56942936673626)	(205, 34.448651356993736)	(210, 35.16399373695198)	(215, 34.4185201364341)	(220, 34.33564309278497)	(225, 33.89296863582906)	(230, 34.08447518771878)	(235, 34.25581617066288)	(240, 33.59134646499441)	(245, 33.27990132116897)	(250, 31.275808772662913)	(255, 30.92463620863635)	(260, 30.89721020099398)	(265, 30.953717226444525)	(270, 31.002661925076374)	(275, 29.32110655804642)	(280, 26.76328547749599)	(285, 26.024091812336444)	(290, 24.443277396584865)	(295, 23.684653092554004)	(300, 19.96346235411246)
SRR6808104_2	(1, 33.63440168562766)	(2, 33.743244276932494)	(3, 33.724002809379435)	(4, 33.81623598787238)	(5, 33.8161664487775)	(6, 37.528017301326805)	(7, 37.6557223721176)	(8, 37.52233595727518)	(9, 37.62618911852243)	(10, 37.6698235097772)	(15, 37.1399050095964)	(20, 37.64361144335346)	(25, 37.295048816444606)	(30, 37.353332313426606)	(35, 37.56924550057087)	(40, 37.372897631987314)	(45, 37.55419429812048)	(50, 37.534604201663804)	(55, 37.55076684341641)	(60, 37.433866629735526)	(65, 37.59676421570503)	(70, 36.213687019633895)	(75, 35.55785130005462)	(80, 36.367463793691314)	(85, 36.305502244180786)	(90, 35.685738839984694)	(95, 35.635259037611775)	(100, 35.3190362200341)	(105, 35.762148150725444)	(110, 35.443100100901155)	(115, 35.585300976581365)	(120, 35.67823415411486)	(125, 35.55290196201232)	(130, 35.454490290839885)	(135, 35.783857847179455)	(140, 34.894014254323324)	(145, 34.459020671466)	(150, 34.29301916138079)	(155, 35.57191589451672)	(160, 35.393979840014474)	(165, 33.36166401647871)	(170, 34.15258819558735)	(175, 32.799938201496005)	(180, 31.018249193629764)	(185, 35.46625631961141)	(190, 29.69311653833173)	(195, 30.36312782433397)	(200, 30.66730944543803)	(205, 31.887960946144375)	(210, 28.10100000695899)	(215, 24.84276072359807)	(220, 23.69949694208187)	(225, 24.973119319684336)	(230, 22.694280365767096)	(235, 22.962677021788902)	(240, 22.925485570332018)	(245, 22.391989394350613)	(250, 22.34911665844384)	(255, 19.319440481575562)	(260, 16.982465256313194)	(265, 17.769986916642313)	(270, 17.14689061477863)	(275, 18.266173758428472)	(280, 15.404827322029712)	(285, 15.63778897504098)	(290, 14.962217671407334)	(295, 15.559026283766496)	(300, 15.512594133047322)
