Sample	0	1	2	3	4	5	6	7	8	9	10	11	12	13	14	15	16	17	18	19	20	21	22	23	24	25	26	27	28	29	30	31	32	33	34	35
SRR6808085_1	(2.0, 18.0)	(3.0, 0.0)	(4.0, 0.0)	(5.0, 0.0)	(6.0, 0.0)	(7.0, 0.0)	(8.0, 0.0)	(9.0, 0.0)	(10.0, 0.0)	(11.0, 0.0)	(12.0, 1.0)	(13.0, 0.0)	(14.0, 3.0)	(15.0, 2.0)	(16.0, 13.0)	(17.0, 18.0)	(18.0, 107.0)	(19.0, 181.0)	(20.0, 255.0)	(21.0, 270.0)	(22.0, 294.0)	(23.0, 328.0)	(24.0, 380.0)	(25.0, 387.0)	(26.0, 423.0)	(27.0, 488.0)	(28.0, 610.0)	(29.0, 766.0)	(30.0, 1033.0)	(31.0, 1286.0)	(32.0, 1756.0)	(33.0, 2678.0)	(34.0, 4357.0)	(35.0, 7917.0)	(36.0, 15456.0)	(37.0, 8699.0)
SRR6808085_2	(2.0, 16.0)	(3.0, 0.0)	(4.0, 0.0)	(5.0, 0.0)	(6.0, 0.0)	(7.0, 0.0)	(8.0, 0.0)	(9.0, 0.0)	(10.0, 0.0)	(11.0, 10.0)	(12.0, 79.0)	(13.0, 78.0)	(14.0, 86.0)	(15.0, 92.0)	(16.0, 96.0)	(17.0, 101.0)	(18.0, 123.0)	(19.0, 315.0)	(20.0, 624.0)	(21.0, 885.0)	(22.0, 906.0)	(23.0, 962.0)	(24.0, 1071.0)	(25.0, 1332.0)	(26.0, 1622.0)	(27.0, 2218.0)	(28.0, 3228.0)	(29.0, 4354.0)	(30.0, 5759.0)	(31.0, 7366.0)	(32.0, 7826.0)	(33.0, 5870.0)	(34.0, 2384.0)	(35.0, 314.0)	(36.0, 8.0)	(37.0, 1.0)
SRR6808086_1	(2.0, 60.0)	(3.0, 0.0)	(4.0, 0.0)	(5.0, 0.0)	(6.0, 0.0)	(7.0, 0.0)	(8.0, 0.0)	(9.0, 0.0)	(10.0, 0.0)	(11.0, 0.0)	(12.0, 0.0)	(13.0, 0.0)	(14.0, 1.0)	(15.0, 15.0)	(16.0, 47.0)	(17.0, 71.0)	(18.0, 275.0)	(19.0, 577.0)	(20.0, 642.0)	(21.0, 657.0)	(22.0, 662.0)	(23.0, 709.0)	(24.0, 768.0)	(25.0, 839.0)	(26.0, 976.0)	(27.0, 1154.0)	(28.0, 1541.0)	(29.0, 1929.0)	(30.0, 2425.0)	(31.0, 3114.0)	(32.0, 4530.0)	(33.0, 6642.0)	(34.0, 10433.0)	(35.0, 18132.0)	(36.0, 27275.0)	(37.0, 11975.0)
SRR6808086_2	(2.0, 64.0)	(3.0, 0.0)	(4.0, 0.0)	(5.0, 0.0)	(6.0, 0.0)	(7.0, 0.0)	(8.0, 0.0)	(9.0, 0.0)	(10.0, 1.0)	(11.0, 27.0)	(12.0, 207.0)	(13.0, 236.0)	(14.0, 265.0)	(15.0, 266.0)	(16.0, 227.0)	(17.0, 240.0)	(18.0, 313.0)	(19.0, 976.0)	(20.0, 1776.0)	(21.0, 2079.0)	(22.0, 2195.0)	(23.0, 2428.0)	(24.0, 2664.0)	(25.0, 3246.0)	(26.0, 3961.0)	(27.0, 5409.0)	(28.0, 7434.0)	(29.0, 10067.0)	(30.0, 12732.0)	(31.0, 14323.0)	(32.0, 12724.0)	(33.0, 8066.0)	(34.0, 3115.0)	(35.0, 404.0)	(36.0, 2.0)	(37.0, 2.0)
SRR6808087_1	(2.0, 381.0)	(3.0, 0.0)	(4.0, 0.0)	(5.0, 0.0)	(6.0, 0.0)	(7.0, 0.0)	(8.0, 0.0)	(9.0, 0.0)	(10.0, 0.0)	(11.0, 0.0)	(12.0, 1.0)	(13.0, 4.0)	(14.0, 3.0)	(15.0, 16.0)	(16.0, 60.0)	(17.0, 123.0)	(18.0, 867.0)	(19.0, 1629.0)	(20.0, 1703.0)	(21.0, 1520.0)	(22.0, 1267.0)	(23.0, 1384.0)	(24.0, 1322.0)	(25.0, 1406.0)	(26.0, 1687.0)	(27.0, 1905.0)	(28.0, 2428.0)	(29.0, 2884.0)	(30.0, 3559.0)	(31.0, 4665.0)	(32.0, 6346.0)	(33.0, 9704.0)	(34.0, 16161.0)	(35.0, 29668.0)	(36.0, 56203.0)	(37.0, 31030.0)
SRR6808087_2	(2.0, 381.0)	(3.0, 0.0)	(4.0, 0.0)	(5.0, 0.0)	(6.0, 0.0)	(7.0, 0.0)	(8.0, 0.0)	(9.0, 1.0)	(10.0, 6.0)	(11.0, 98.0)	(12.0, 658.0)	(13.0, 603.0)	(14.0, 618.0)	(15.0, 571.0)	(16.0, 558.0)	(17.0, 547.0)	(18.0, 528.0)	(19.0, 897.0)	(20.0, 1883.0)	(21.0, 2509.0)	(22.0, 2589.0)	(23.0, 2760.0)	(24.0, 3085.0)	(25.0, 3670.0)	(26.0, 4627.0)	(27.0, 6175.0)	(28.0, 8894.0)	(29.0, 12938.0)	(30.0, 18304.0)	(31.0, 25534.0)	(32.0, 32025.0)	(33.0, 29672.0)	(34.0, 14977.0)	(35.0, 2734.0)	(36.0, 74.0)	(37.0, 10.0)
SRR6808088_1	(2.0, 102.0)	(3.0, 0.0)	(4.0, 0.0)	(5.0, 0.0)	(6.0, 0.0)	(7.0, 0.0)	(8.0, 0.0)	(9.0, 0.0)	(10.0, 0.0)	(11.0, 0.0)	(12.0, 0.0)	(13.0, 0.0)	(14.0, 5.0)	(15.0, 24.0)	(16.0, 74.0)	(17.0, 139.0)	(18.0, 468.0)	(19.0, 1090.0)	(20.0, 1322.0)	(21.0, 1355.0)	(22.0, 1355.0)	(23.0, 1316.0)	(24.0, 1429.0)	(25.0, 1581.0)	(26.0, 1901.0)	(27.0, 2089.0)	(28.0, 2561.0)	(29.0, 2950.0)	(30.0, 3783.0)	(31.0, 5038.0)	(32.0, 6937.0)	(33.0, 10434.0)	(34.0, 17820.0)	(35.0, 33310.0)	(36.0, 68533.0)	(37.0, 45761.0)
SRR6808088_2	(2.0, 106.0)	(3.0, 0.0)	(4.0, 0.0)	(5.0, 0.0)	(6.0, 0.0)	(7.0, 0.0)	(8.0, 0.0)	(9.0, 1.0)	(10.0, 3.0)	(11.0, 36.0)	(12.0, 231.0)	(13.0, 268.0)	(14.0, 334.0)	(15.0, 314.0)	(16.0, 310.0)	(17.0, 356.0)	(18.0, 395.0)	(19.0, 634.0)	(20.0, 1429.0)	(21.0, 2182.0)	(22.0, 2501.0)	(23.0, 2794.0)	(24.0, 3312.0)	(25.0, 3874.0)	(26.0, 4809.0)	(27.0, 6552.0)	(28.0, 9302.0)	(29.0, 14111.0)	(30.0, 20255.0)	(31.0, 28645.0)	(32.0, 39046.0)	(33.0, 40309.0)	(34.0, 23876.0)	(35.0, 5199.0)	(36.0, 184.0)	(37.0, 9.0)
SRR6808089_1	(2.0, 488.0)	(3.0, 0.0)	(4.0, 0.0)	(5.0, 0.0)	(6.0, 0.0)	(7.0, 0.0)	(8.0, 0.0)	(9.0, 0.0)	(10.0, 0.0)	(11.0, 0.0)	(12.0, 4.0)	(13.0, 4.0)	(14.0, 14.0)	(15.0, 38.0)	(16.0, 83.0)	(17.0, 175.0)	(18.0, 1531.0)	(19.0, 2461.0)	(20.0, 2525.0)	(21.0, 2286.0)	(22.0, 2205.0)	(23.0, 2167.0)	(24.0, 2234.0)	(25.0, 2365.0)	(26.0, 2666.0)	(27.0, 3004.0)	(28.0, 3436.0)	(29.0, 4255.0)	(30.0, 5449.0)	(31.0, 7301.0)	(32.0, 10214.0)	(33.0, 15733.0)	(34.0, 26024.0)	(35.0, 46244.0)	(36.0, 83251.0)	(37.0, 45103.0)
SRR6808089_2	(2.0, 528.0)	(3.0, 0.0)	(4.0, 0.0)	(5.0, 0.0)	(6.0, 0.0)	(7.0, 0.0)	(8.0, 0.0)	(9.0, 3.0)	(10.0, 14.0)	(11.0, 144.0)	(12.0, 1125.0)	(13.0, 960.0)	(14.0, 990.0)	(15.0, 902.0)	(16.0, 802.0)	(17.0, 842.0)	(18.0, 851.0)	(19.0, 1363.0)	(20.0, 2806.0)	(21.0, 3765.0)	(22.0, 3892.0)	(23.0, 4186.0)	(24.0, 4817.0)	(25.0, 5598.0)	(26.0, 7292.0)	(27.0, 10134.0)	(28.0, 14476.0)	(29.0, 21242.0)	(30.0, 29746.0)	(31.0, 40923.0)	(32.0, 49099.0)	(33.0, 41801.0)	(34.0, 19642.0)	(35.0, 3179.0)	(36.0, 106.0)	(37.0, 32.0)
SRR6808090_1	(2.0, 339.0)	(3.0, 0.0)	(4.0, 0.0)	(5.0, 0.0)	(6.0, 0.0)	(7.0, 0.0)	(8.0, 0.0)	(9.0, 0.0)	(10.0, 0.0)	(11.0, 0.0)	(12.0, 1.0)	(13.0, 1.0)	(14.0, 5.0)	(15.0, 18.0)	(16.0, 62.0)	(17.0, 154.0)	(18.0, 1076.0)	(19.0, 1651.0)	(20.0, 1647.0)	(21.0, 1589.0)	(22.0, 1569.0)	(23.0, 1513.0)	(24.0, 1563.0)	(25.0, 1748.0)	(26.0, 1981.0)	(27.0, 2352.0)	(28.0, 2882.0)	(29.0, 3497.0)	(30.0, 4302.0)	(31.0, 5507.0)	(32.0, 7729.0)	(33.0, 11713.0)	(34.0, 19002.0)	(35.0, 34612.0)	(36.0, 70714.0)	(37.0, 40516.0)
SRR6808090_2	(2.0, 334.0)	(3.0, 0.0)	(4.0, 0.0)	(5.0, 0.0)	(6.0, 0.0)	(7.0, 0.0)	(8.0, 0.0)	(9.0, 0.0)	(10.0, 7.0)	(11.0, 109.0)	(12.0, 721.0)	(13.0, 655.0)	(14.0, 710.0)	(15.0, 635.0)	(16.0, 578.0)	(17.0, 562.0)	(18.0, 670.0)	(19.0, 1340.0)	(20.0, 2675.0)	(21.0, 3659.0)	(22.0, 3811.0)	(23.0, 4061.0)	(24.0, 4577.0)	(25.0, 5411.0)	(26.0, 6721.0)	(27.0, 9100.0)	(28.0, 12783.0)	(29.0, 18026.0)	(30.0, 24983.0)	(31.0, 33516.0)	(32.0, 38426.0)	(33.0, 30035.0)	(34.0, 11950.0)	(35.0, 1649.0)	(36.0, 29.0)	(37.0, 10.0)
SRR6808091_1	(2.0, 53.0)	(3.0, 0.0)	(4.0, 0.0)	(5.0, 0.0)	(6.0, 0.0)	(7.0, 0.0)	(8.0, 0.0)	(9.0, 0.0)	(10.0, 0.0)	(11.0, 0.0)	(12.0, 1.0)	(13.0, 0.0)	(14.0, 4.0)	(15.0, 39.0)	(16.0, 73.0)	(17.0, 106.0)	(18.0, 385.0)	(19.0, 735.0)	(20.0, 820.0)	(21.0, 851.0)	(22.0, 924.0)	(23.0, 994.0)	(24.0, 1025.0)	(25.0, 1194.0)	(26.0, 1346.0)	(27.0, 1478.0)	(28.0, 1903.0)	(29.0, 2455.0)	(30.0, 3086.0)	(31.0, 4046.0)	(32.0, 5710.0)	(33.0, 8746.0)	(34.0, 13921.0)	(35.0, 24617.0)	(36.0, 40792.0)	(37.0, 19113.0)
SRR6808091_2	(2.0, 63.0)	(3.0, 0.0)	(4.0, 0.0)	(5.0, 0.0)	(6.0, 0.0)	(7.0, 0.0)	(8.0, 0.0)	(9.0, 0.0)	(10.0, 5.0)	(11.0, 48.0)	(12.0, 273.0)	(13.0, 337.0)	(14.0, 354.0)	(15.0, 377.0)	(16.0, 355.0)	(17.0, 328.0)	(18.0, 426.0)	(19.0, 1180.0)	(20.0, 2269.0)	(21.0, 2651.0)	(22.0, 2846.0)	(23.0, 3162.0)	(24.0, 3450.0)	(25.0, 4152.0)	(26.0, 5291.0)	(27.0, 7280.0)	(28.0, 10088.0)	(29.0, 13707.0)	(30.0, 18146.0)	(31.0, 20830.0)	(32.0, 18838.0)	(33.0, 12136.0)	(34.0, 4967.0)	(35.0, 831.0)	(36.0, 26.0)	(37.0, 1.0)
SRR6808092_1	(2.0, 371.0)	(3.0, 0.0)	(4.0, 0.0)	(5.0, 0.0)	(6.0, 0.0)	(7.0, 0.0)	(8.0, 0.0)	(9.0, 0.0)	(10.0, 0.0)	(11.0, 0.0)	(12.0, 0.0)	(13.0, 2.0)	(14.0, 6.0)	(15.0, 39.0)	(16.0, 82.0)	(17.0, 186.0)	(18.0, 1317.0)	(19.0, 2272.0)	(20.0, 2174.0)	(21.0, 1881.0)	(22.0, 1712.0)	(23.0, 1722.0)	(24.0, 1749.0)	(25.0, 1953.0)	(26.0, 2191.0)	(27.0, 2658.0)	(28.0, 3029.0)	(29.0, 3764.0)	(30.0, 4744.0)	(31.0, 6304.0)	(32.0, 9003.0)	(33.0, 14213.0)	(34.0, 23615.0)	(35.0, 41608.0)	(36.0, 68015.0)	(37.0, 26129.0)
SRR6808092_2	(2.0, 392.0)	(3.0, 0.0)	(4.0, 0.0)	(5.0, 0.0)	(6.0, 0.0)	(7.0, 0.0)	(8.0, 0.0)	(9.0, 0.0)	(10.0, 5.0)	(11.0, 132.0)	(12.0, 781.0)	(13.0, 679.0)	(14.0, 681.0)	(15.0, 684.0)	(16.0, 636.0)	(17.0, 600.0)	(18.0, 684.0)	(19.0, 1241.0)	(20.0, 2739.0)	(21.0, 3389.0)	(22.0, 3432.0)	(23.0, 3643.0)	(24.0, 4170.0)	(25.0, 5042.0)	(26.0, 6453.0)	(27.0, 8639.0)	(28.0, 12224.0)	(29.0, 17749.0)	(30.0, 25103.0)	(31.0, 34731.0)	(32.0, 41263.0)	(33.0, 32139.0)	(34.0, 12014.0)	(35.0, 1439.0)	(36.0, 38.0)	(37.0, 17.0)
SRR6808093_1	(2.0, 26.0)	(3.0, 0.0)	(4.0, 0.0)	(5.0, 0.0)	(6.0, 0.0)	(7.0, 0.0)	(8.0, 0.0)	(9.0, 0.0)	(10.0, 0.0)	(11.0, 0.0)	(12.0, 0.0)	(13.0, 0.0)	(14.0, 0.0)	(15.0, 1.0)	(16.0, 8.0)	(17.0, 18.0)	(18.0, 105.0)	(19.0, 192.0)	(20.0, 225.0)	(21.0, 205.0)	(22.0, 231.0)	(23.0, 235.0)	(24.0, 242.0)	(25.0, 279.0)	(26.0, 318.0)	(27.0, 387.0)	(28.0, 444.0)	(29.0, 583.0)	(30.0, 675.0)	(31.0, 922.0)	(32.0, 1214.0)	(33.0, 1938.0)	(34.0, 3053.0)	(35.0, 5508.0)	(36.0, 10978.0)	(37.0, 6516.0)
SRR6808093_2	(2.0, 24.0)	(3.0, 0.0)	(4.0, 0.0)	(5.0, 0.0)	(6.0, 0.0)	(7.0, 0.0)	(8.0, 0.0)	(9.0, 0.0)	(10.0, 0.0)	(11.0, 12.0)	(12.0, 84.0)	(13.0, 98.0)	(14.0, 75.0)	(15.0, 89.0)	(16.0, 93.0)	(17.0, 86.0)	(18.0, 96.0)	(19.0, 214.0)	(20.0, 447.0)	(21.0, 590.0)	(22.0, 654.0)	(23.0, 711.0)	(24.0, 812.0)	(25.0, 908.0)	(26.0, 1127.0)	(27.0, 1511.0)	(28.0, 2063.0)	(29.0, 2958.0)	(30.0, 3788.0)	(31.0, 4890.0)	(32.0, 5706.0)	(33.0, 4620.0)	(34.0, 2270.0)	(35.0, 362.0)	(36.0, 14.0)	(37.0, 1.0)
SRR6808094_1	(2.0, 307.0)	(3.0, 0.0)	(4.0, 0.0)	(5.0, 0.0)	(6.0, 0.0)	(7.0, 0.0)	(8.0, 0.0)	(9.0, 0.0)	(10.0, 0.0)	(11.0, 0.0)	(12.0, 2.0)	(13.0, 4.0)	(14.0, 6.0)	(15.0, 29.0)	(16.0, 93.0)	(17.0, 143.0)	(18.0, 790.0)	(19.0, 1768.0)	(20.0, 2012.0)	(21.0, 2169.0)	(22.0, 2139.0)	(23.0, 2206.0)	(24.0, 2406.0)	(25.0, 2599.0)	(26.0, 2990.0)	(27.0, 3363.0)	(28.0, 4053.0)	(29.0, 4949.0)	(30.0, 6397.0)	(31.0, 8128.0)	(32.0, 11560.0)	(33.0, 17528.0)	(34.0, 28889.0)	(35.0, 53148.0)	(36.0, 106843.0)	(37.0, 64543.0)
SRR6808094_2	(2.0, 317.0)	(3.0, 0.0)	(4.0, 0.0)	(5.0, 0.0)	(6.0, 0.0)	(7.0, 0.0)	(8.0, 0.0)	(9.0, 1.0)	(10.0, 5.0)	(11.0, 88.0)	(12.0, 478.0)	(13.0, 606.0)	(14.0, 681.0)	(15.0, 664.0)	(16.0, 592.0)	(17.0, 602.0)	(18.0, 755.0)	(19.0, 1269.0)	(20.0, 2944.0)	(21.0, 4207.0)	(22.0, 4582.0)	(23.0, 5021.0)	(24.0, 5684.0)	(25.0, 6795.0)	(26.0, 8502.0)	(27.0, 11883.0)	(28.0, 17222.0)	(29.0, 24791.0)	(30.0, 34829.0)	(31.0, 48549.0)	(32.0, 60276.0)	(33.0, 55022.0)	(34.0, 27550.0)	(35.0, 4965.0)	(36.0, 159.0)	(37.0, 25.0)
SRR6808095_1	(2.0, 129.0)	(3.0, 0.0)	(4.0, 0.0)	(5.0, 0.0)	(6.0, 0.0)	(7.0, 0.0)	(8.0, 0.0)	(9.0, 0.0)	(10.0, 0.0)	(11.0, 0.0)	(12.0, 0.0)	(13.0, 3.0)	(14.0, 2.0)	(15.0, 12.0)	(16.0, 28.0)	(17.0, 76.0)	(18.0, 440.0)	(19.0, 689.0)	(20.0, 818.0)	(21.0, 888.0)	(22.0, 916.0)	(23.0, 963.0)	(24.0, 982.0)	(25.0, 1064.0)	(26.0, 1195.0)	(27.0, 1425.0)	(28.0, 1739.0)	(29.0, 2063.0)	(30.0, 2549.0)	(31.0, 3357.0)	(32.0, 4619.0)	(33.0, 6758.0)	(34.0, 11440.0)	(35.0, 20364.0)	(36.0, 39484.0)	(37.0, 21681.0)
SRR6808095_2	(2.0, 132.0)	(3.0, 0.0)	(4.0, 0.0)	(5.0, 0.0)	(6.0, 0.0)	(7.0, 0.0)	(8.0, 0.0)	(9.0, 1.0)	(10.0, 3.0)	(11.0, 43.0)	(12.0, 284.0)	(13.0, 303.0)	(14.0, 313.0)	(15.0, 268.0)	(16.0, 320.0)	(17.0, 328.0)	(18.0, 384.0)	(19.0, 756.0)	(20.0, 1632.0)	(21.0, 2250.0)	(22.0, 2261.0)	(23.0, 2383.0)	(24.0, 2770.0)	(25.0, 3244.0)	(26.0, 4028.0)	(27.0, 5480.0)	(28.0, 7638.0)	(29.0, 10556.0)	(30.0, 14465.0)	(31.0, 18904.0)	(32.0, 21085.0)	(33.0, 16067.0)	(34.0, 6745.0)	(35.0, 1002.0)	(36.0, 34.0)	(37.0, 5.0)
SRR6808096_1	(2.0, 69.0)	(3.0, 0.0)	(4.0, 0.0)	(5.0, 0.0)	(6.0, 0.0)	(7.0, 0.0)	(8.0, 0.0)	(9.0, 0.0)	(10.0, 0.0)	(11.0, 0.0)	(12.0, 0.0)	(13.0, 0.0)	(14.0, 0.0)	(15.0, 2.0)	(16.0, 11.0)	(17.0, 43.0)	(18.0, 243.0)	(19.0, 438.0)	(20.0, 432.0)	(21.0, 443.0)	(22.0, 405.0)	(23.0, 480.0)	(24.0, 501.0)	(25.0, 520.0)	(26.0, 582.0)	(27.0, 677.0)	(28.0, 877.0)	(29.0, 1111.0)	(30.0, 1337.0)	(31.0, 1762.0)	(32.0, 2505.0)	(33.0, 3582.0)	(34.0, 5743.0)	(35.0, 10388.0)	(36.0, 20006.0)	(37.0, 11634.0)
SRR6808096_2	(2.0, 74.0)	(3.0, 0.0)	(4.0, 0.0)	(5.0, 0.0)	(6.0, 0.0)	(7.0, 0.0)	(8.0, 0.0)	(9.0, 0.0)	(10.0, 0.0)	(11.0, 28.0)	(12.0, 195.0)	(13.0, 173.0)	(14.0, 161.0)	(15.0, 175.0)	(16.0, 192.0)	(17.0, 160.0)	(18.0, 228.0)	(19.0, 489.0)	(20.0, 836.0)	(21.0, 1125.0)	(22.0, 1125.0)	(23.0, 1290.0)	(24.0, 1467.0)	(25.0, 1746.0)	(26.0, 2159.0)	(27.0, 2757.0)	(28.0, 3818.0)	(29.0, 5377.0)	(30.0, 7329.0)	(31.0, 9261.0)	(32.0, 10632.0)	(33.0, 8525.0)	(34.0, 3859.0)	(35.0, 589.0)	(36.0, 19.0)	(37.0, 2.0)
SRR6808097_1	(2.0, 97.0)	(3.0, 0.0)	(4.0, 0.0)	(5.0, 0.0)	(6.0, 0.0)	(7.0, 0.0)	(8.0, 0.0)	(9.0, 0.0)	(10.0, 0.0)	(11.0, 0.0)	(12.0, 0.0)	(13.0, 2.0)	(14.0, 5.0)	(15.0, 13.0)	(16.0, 45.0)	(17.0, 95.0)	(18.0, 496.0)	(19.0, 1155.0)	(20.0, 1240.0)	(21.0, 1239.0)	(22.0, 1257.0)	(23.0, 1333.0)	(24.0, 1403.0)	(25.0, 1551.0)	(26.0, 1723.0)	(27.0, 2081.0)	(28.0, 2441.0)	(29.0, 3025.0)	(30.0, 3870.0)	(31.0, 5227.0)	(32.0, 7283.0)	(33.0, 11152.0)	(34.0, 18480.0)	(35.0, 33658.0)	(36.0, 64160.0)	(37.0, 35682.0)
SRR6808097_2	(2.0, 98.0)	(3.0, 0.0)	(4.0, 0.0)	(5.0, 0.0)	(6.0, 0.0)	(7.0, 0.0)	(8.0, 0.0)	(9.0, 0.0)	(10.0, 3.0)	(11.0, 44.0)	(12.0, 339.0)	(13.0, 367.0)	(14.0, 434.0)	(15.0, 444.0)	(16.0, 487.0)	(17.0, 514.0)	(18.0, 656.0)	(19.0, 1418.0)	(20.0, 2942.0)	(21.0, 3720.0)	(22.0, 3809.0)	(23.0, 4325.0)	(24.0, 5046.0)	(25.0, 6544.0)	(26.0, 8674.0)	(27.0, 11948.0)	(28.0, 16706.0)	(29.0, 22029.0)	(30.0, 27051.0)	(31.0, 30067.0)	(32.0, 27429.0)	(33.0, 17297.0)	(34.0, 5664.0)	(35.0, 641.0)	(36.0, 11.0)	(37.0, 6.0)
SRR6808098_1	(2.0, 257.0)	(3.0, 0.0)	(4.0, 0.0)	(5.0, 0.0)	(6.0, 0.0)	(7.0, 0.0)	(8.0, 0.0)	(9.0, 0.0)	(10.0, 0.0)	(11.0, 0.0)	(12.0, 2.0)	(13.0, 1.0)	(14.0, 6.0)	(15.0, 12.0)	(16.0, 44.0)	(17.0, 97.0)	(18.0, 673.0)	(19.0, 1042.0)	(20.0, 1218.0)	(21.0, 1158.0)	(22.0, 1182.0)	(23.0, 1177.0)	(24.0, 1259.0)	(25.0, 1344.0)	(26.0, 1504.0)	(27.0, 1739.0)	(28.0, 2080.0)	(29.0, 2632.0)	(30.0, 3294.0)	(31.0, 4232.0)	(32.0, 5795.0)	(33.0, 8829.0)	(34.0, 14550.0)	(35.0, 26824.0)	(36.0, 54242.0)	(37.0, 31691.0)
SRR6808098_2	(2.0, 269.0)	(3.0, 0.0)	(4.0, 0.0)	(5.0, 0.0)	(6.0, 0.0)	(7.0, 0.0)	(8.0, 0.0)	(9.0, 1.0)	(10.0, 5.0)	(11.0, 74.0)	(12.0, 437.0)	(13.0, 447.0)	(14.0, 476.0)	(15.0, 433.0)	(16.0, 380.0)	(17.0, 391.0)	(18.0, 486.0)	(19.0, 782.0)	(20.0, 1440.0)	(21.0, 2205.0)	(22.0, 2486.0)	(23.0, 2676.0)	(24.0, 3007.0)	(25.0, 3537.0)	(26.0, 4370.0)	(27.0, 5987.0)	(28.0, 8641.0)	(29.0, 12099.0)	(30.0, 17355.0)	(31.0, 24254.0)	(32.0, 30562.0)	(33.0, 27822.0)	(34.0, 13724.0)	(35.0, 2452.0)	(36.0, 67.0)	(37.0, 19.0)
SRR6808099_1	(2.0, 327.0)	(3.0, 0.0)	(4.0, 0.0)	(5.0, 0.0)	(6.0, 0.0)	(7.0, 0.0)	(8.0, 0.0)	(9.0, 0.0)	(10.0, 0.0)	(11.0, 0.0)	(12.0, 1.0)	(13.0, 0.0)	(14.0, 6.0)	(15.0, 24.0)	(16.0, 48.0)	(17.0, 104.0)	(18.0, 797.0)	(19.0, 1175.0)	(20.0, 1195.0)	(21.0, 1061.0)	(22.0, 1157.0)	(23.0, 1130.0)	(24.0, 1145.0)	(25.0, 1246.0)	(26.0, 1489.0)	(27.0, 1700.0)	(28.0, 2024.0)	(29.0, 2612.0)	(30.0, 3212.0)	(31.0, 3992.0)	(32.0, 5655.0)	(33.0, 8564.0)	(34.0, 14186.0)	(35.0, 26082.0)	(36.0, 50880.0)	(37.0, 27050.0)
SRR6808099_2	(2.0, 318.0)	(3.0, 0.0)	(4.0, 0.0)	(5.0, 0.0)	(6.0, 0.0)	(7.0, 0.0)	(8.0, 0.0)	(9.0, 0.0)	(10.0, 4.0)	(11.0, 97.0)	(12.0, 540.0)	(13.0, 502.0)	(14.0, 523.0)	(15.0, 493.0)	(16.0, 451.0)	(17.0, 439.0)	(18.0, 494.0)	(19.0, 907.0)	(20.0, 1820.0)	(21.0, 2507.0)	(22.0, 2811.0)	(23.0, 3104.0)	(24.0, 3426.0)	(25.0, 4046.0)	(26.0, 4995.0)	(27.0, 7297.0)	(28.0, 9861.0)	(29.0, 13841.0)	(30.0, 19078.0)	(31.0, 24458.0)	(32.0, 25849.0)	(33.0, 19893.0)	(34.0, 7965.0)	(35.0, 1114.0)	(36.0, 24.0)	(37.0, 5.0)
SRR6808100_1	(2.0, 30.0)	(3.0, 0.0)	(4.0, 0.0)	(5.0, 0.0)	(6.0, 0.0)	(7.0, 0.0)	(8.0, 0.0)	(9.0, 0.0)	(10.0, 0.0)	(11.0, 0.0)	(12.0, 0.0)	(13.0, 1.0)	(14.0, 0.0)	(15.0, 14.0)	(16.0, 25.0)	(17.0, 55.0)	(18.0, 195.0)	(19.0, 496.0)	(20.0, 650.0)	(21.0, 688.0)	(22.0, 615.0)	(23.0, 763.0)	(24.0, 783.0)	(25.0, 807.0)	(26.0, 967.0)	(27.0, 1028.0)	(28.0, 1212.0)	(29.0, 1594.0)	(30.0, 2085.0)	(31.0, 2670.0)	(32.0, 3678.0)	(33.0, 5802.0)	(34.0, 9759.0)	(35.0, 17779.0)	(36.0, 36692.0)	(37.0, 21835.0)
SRR6808100_2	(2.0, 29.0)	(3.0, 0.0)	(4.0, 0.0)	(5.0, 0.0)	(6.0, 0.0)	(7.0, 0.0)	(8.0, 0.0)	(9.0, 0.0)	(10.0, 1.0)	(11.0, 15.0)	(12.0, 118.0)	(13.0, 135.0)	(14.0, 193.0)	(15.0, 160.0)	(16.0, 154.0)	(17.0, 162.0)	(18.0, 210.0)	(19.0, 382.0)	(20.0, 887.0)	(21.0, 1308.0)	(22.0, 1330.0)	(23.0, 1515.0)	(24.0, 1773.0)	(25.0, 2136.0)	(26.0, 2662.0)	(27.0, 3799.0)	(28.0, 5435.0)	(29.0, 8120.0)	(30.0, 11430.0)	(31.0, 15768.0)	(32.0, 20727.0)	(33.0, 19644.0)	(34.0, 10204.0)	(35.0, 1861.0)	(36.0, 59.0)	(37.0, 6.0)
SRR6808101_1	(2.0, 340.0)	(3.0, 0.0)	(4.0, 0.0)	(5.0, 0.0)	(6.0, 0.0)	(7.0, 0.0)	(8.0, 0.0)	(9.0, 0.0)	(10.0, 0.0)	(11.0, 0.0)	(12.0, 1.0)	(13.0, 1.0)	(14.0, 7.0)	(15.0, 20.0)	(16.0, 45.0)	(17.0, 136.0)	(18.0, 948.0)	(19.0, 1294.0)	(20.0, 1313.0)	(21.0, 1194.0)	(22.0, 1173.0)	(23.0, 1317.0)	(24.0, 1397.0)	(25.0, 1550.0)	(26.0, 1711.0)	(27.0, 1945.0)	(28.0, 2453.0)	(29.0, 3013.0)	(30.0, 3737.0)	(31.0, 4852.0)	(32.0, 6560.0)	(33.0, 9788.0)	(34.0, 15971.0)	(35.0, 29682.0)	(36.0, 63793.0)	(37.0, 41839.0)
SRR6808101_2	(2.0, 339.0)	(3.0, 0.0)	(4.0, 0.0)	(5.0, 0.0)	(6.0, 0.0)	(7.0, 0.0)	(8.0, 0.0)	(9.0, 3.0)	(10.0, 3.0)	(11.0, 101.0)	(12.0, 768.0)	(13.0, 645.0)	(14.0, 725.0)	(15.0, 691.0)	(16.0, 646.0)	(17.0, 641.0)	(18.0, 713.0)	(19.0, 1354.0)	(20.0, 2694.0)	(21.0, 3905.0)	(22.0, 4212.0)	(23.0, 4652.0)	(24.0, 5071.0)	(25.0, 6135.0)	(26.0, 7506.0)	(27.0, 9873.0)	(28.0, 13644.0)	(29.0, 18537.0)	(30.0, 24596.0)	(31.0, 30148.0)	(32.0, 30200.0)	(33.0, 19975.0)	(34.0, 7301.0)	(35.0, 965.0)	(36.0, 25.0)	(37.0, 12.0)
SRR6808102_1	(2.0, 144.0)	(3.0, 0.0)	(4.0, 0.0)	(5.0, 0.0)	(6.0, 0.0)	(7.0, 0.0)	(8.0, 0.0)	(9.0, 0.0)	(10.0, 0.0)	(11.0, 0.0)	(12.0, 0.0)	(13.0, 0.0)	(14.0, 1.0)	(15.0, 13.0)	(16.0, 37.0)	(17.0, 69.0)	(18.0, 467.0)	(19.0, 856.0)	(20.0, 974.0)	(21.0, 909.0)	(22.0, 925.0)	(23.0, 922.0)	(24.0, 920.0)	(25.0, 1006.0)	(26.0, 1122.0)	(27.0, 1318.0)	(28.0, 1618.0)	(29.0, 1953.0)	(30.0, 2302.0)	(31.0, 3015.0)	(32.0, 4124.0)	(33.0, 6203.0)	(34.0, 10283.0)	(35.0, 18193.0)	(36.0, 34323.0)	(37.0, 17647.0)
SRR6808102_2	(2.0, 152.0)	(3.0, 0.0)	(4.0, 0.0)	(5.0, 0.0)	(6.0, 0.0)	(7.0, 0.0)	(8.0, 0.0)	(9.0, 0.0)	(10.0, 3.0)	(11.0, 52.0)	(12.0, 319.0)	(13.0, 294.0)	(14.0, 305.0)	(15.0, 321.0)	(16.0, 327.0)	(17.0, 291.0)	(18.0, 332.0)	(19.0, 715.0)	(20.0, 1469.0)	(21.0, 1830.0)	(22.0, 2066.0)	(23.0, 2050.0)	(24.0, 2251.0)	(25.0, 2670.0)	(26.0, 3223.0)	(27.0, 4419.0)	(28.0, 6177.0)	(29.0, 8785.0)	(30.0, 12429.0)	(31.0, 16383.0)	(32.0, 18871.0)	(33.0, 15545.0)	(34.0, 6938.0)	(35.0, 1086.0)	(36.0, 36.0)	(37.0, 5.0)
SRR6808103_1	(2.0, 695.0)	(3.0, 0.0)	(4.0, 0.0)	(5.0, 0.0)	(6.0, 0.0)	(7.0, 0.0)	(8.0, 0.0)	(9.0, 0.0)	(10.0, 0.0)	(11.0, 0.0)	(12.0, 1.0)	(13.0, 4.0)	(14.0, 13.0)	(15.0, 29.0)	(16.0, 87.0)	(17.0, 200.0)	(18.0, 1414.0)	(19.0, 2433.0)	(20.0, 2456.0)	(21.0, 2438.0)	(22.0, 2391.0)	(23.0, 2482.0)	(24.0, 2546.0)	(25.0, 2837.0)	(26.0, 3156.0)	(27.0, 3699.0)	(28.0, 4495.0)	(29.0, 5491.0)	(30.0, 6902.0)	(31.0, 9113.0)	(32.0, 12269.0)	(33.0, 18845.0)	(34.0, 30969.0)	(35.0, 57229.0)	(36.0, 113215.0)	(37.0, 64027.0)
SRR6808103_2	(2.0, 713.0)	(3.0, 0.0)	(4.0, 0.0)	(5.0, 0.0)	(6.0, 0.0)	(7.0, 0.0)	(8.0, 0.0)	(9.0, 4.0)	(10.0, 9.0)	(11.0, 143.0)	(12.0, 874.0)	(13.0, 879.0)	(14.0, 998.0)	(15.0, 868.0)	(16.0, 867.0)	(17.0, 861.0)	(18.0, 955.0)	(19.0, 1775.0)	(20.0, 3645.0)	(21.0, 5085.0)	(22.0, 5241.0)	(23.0, 5842.0)	(24.0, 6657.0)	(25.0, 7618.0)	(26.0, 9736.0)	(27.0, 13295.0)	(28.0, 19059.0)	(29.0, 27608.0)	(30.0, 38508.0)	(31.0, 52433.0)	(32.0, 63076.0)	(33.0, 53755.0)	(34.0, 24758.0)	(35.0, 4052.0)	(36.0, 106.0)	(37.0, 16.0)
SRR6808104_1	(2.0, 192.0)	(3.0, 0.0)	(4.0, 0.0)	(5.0, 0.0)	(6.0, 0.0)	(7.0, 0.0)	(8.0, 0.0)	(9.0, 0.0)	(10.0, 0.0)	(11.0, 0.0)	(12.0, 1.0)	(13.0, 0.0)	(14.0, 8.0)	(15.0, 20.0)	(16.0, 72.0)	(17.0, 132.0)	(18.0, 732.0)	(19.0, 1524.0)	(20.0, 1647.0)	(21.0, 1541.0)	(22.0, 1679.0)	(23.0, 1758.0)	(24.0, 1890.0)	(25.0, 2086.0)	(26.0, 2454.0)	(27.0, 2720.0)	(28.0, 3291.0)	(29.0, 4079.0)	(30.0, 5289.0)	(31.0, 6741.0)	(32.0, 9699.0)	(33.0, 14513.0)	(34.0, 24586.0)	(35.0, 45635.0)	(36.0, 95227.0)	(37.0, 60092.0)
SRR6808104_2	(2.0, 194.0)	(3.0, 0.0)	(4.0, 0.0)	(5.0, 0.0)	(6.0, 0.0)	(7.0, 0.0)	(8.0, 0.0)	(9.0, 1.0)	(10.0, 2.0)	(11.0, 61.0)	(12.0, 389.0)	(13.0, 449.0)	(14.0, 511.0)	(15.0, 519.0)	(16.0, 534.0)	(17.0, 508.0)	(18.0, 577.0)	(19.0, 1048.0)	(20.0, 2242.0)	(21.0, 3417.0)	(22.0, 3832.0)	(23.0, 4108.0)	(24.0, 4957.0)	(25.0, 5987.0)	(26.0, 7456.0)	(27.0, 9925.0)	(28.0, 14560.0)	(29.0, 21152.0)	(30.0, 29695.0)	(31.0, 41456.0)	(32.0, 52701.0)	(33.0, 49816.0)	(34.0, 26213.0)	(35.0, 5147.0)	(36.0, 138.0)	(37.0, 13.0)
