Sample	0	1	2	3	4	5	6	7	8	9	10	11	12	13	14	15	16	17	18	19	20	21	22	23	24	25	26	27	28	29	30	31	32	33	34	35	36	37	38	39	40	41	42	43	44	45	46	47	48	49	50	51	52	53	54	55	56	57	58	59	60	61	62	63	64	65
SRR6808085_1 - polya	(1, 0.0)	(2, 0.0)	(3, 0.0)	(4, 0.0)	(5, 0.0)	(6, 0.0)	(7, 0.0)	(8, 0.0)	(9, 0.0)	(10, 0.0)	(15, 0.0)	(20, 0.002095293969743955)	(25, 0.002095293969743955)	(30, 0.002095293969743955)	(35, 0.002095293969743955)	(40, 0.002095293969743955)	(45, 0.002095293969743955)	(50, 0.002095293969743955)	(55, 0.002095293969743955)	(60, 0.002095293969743955)	(65, 0.06579223064996019)	(70, 0.11566022712986632)	(75, 0.11943175627540543)	(80, 0.12278422662699577)	(85, 0.1257176381846373)	(90, 0.1257176381846373)	(95, 0.1257176381846373)	(100, 0.1257176381846373)	(105, 0.1257176381846373)	(110, 0.1257176381846373)	(115, 0.1257176381846373)	(120, 0.1257176381846373)	(125, 0.1257176381846373)	(130, 0.1257176381846373)	(135, 0.1257176381846373)	(140, 0.1257176381846373)	(145, 0.1257176381846373)	(150, 0.1257176381846373)	(155, 0.1257176381846373)	(160, 0.1257176381846373)	(165, 0.1257176381846373)	(170, 0.1257176381846373)	(175, 0.1257176381846373)	(180, 0.1257176381846373)	(185, 0.1257176381846373)	(190, 0.1257176381846373)	(195, 0.1257176381846373)	(200, 0.1257176381846373)	(205, 0.1257176381846373)	(210, 0.1257176381846373)	(215, 0.1257176381846373)	(220, 0.1257176381846373)	(225, 0.1257176381846373)	(230, 0.1257176381846373)	(235, 0.1257176381846373)	(240, 0.1257176381846373)	(245, 0.1257176381846373)	(250, 0.1257176381846373)	(255, 0.1257176381846373)	(260, 0.1257176381846373)	(265, 0.1257176381846373)	(270, 0.1257176381846373)	(275, 0.1257176381846373)	(280, 0.1257176381846373)	(285, 0.1257176381846373)	(290, 0.1257176381846373)
SRR6808086_1 - polya	(1, 0.0)	(2, 0.0)	(3, 0.0)	(4, 0.0)	(5, 0.0)	(6, 0.0)	(7, 0.0)	(8, 0.0)	(9, 0.0)	(10, 0.0)	(15, 0.0)	(20, 0.0)	(25, 0.0)	(30, 0.0)	(35, 0.0)	(40, 0.0)	(45, 0.0)	(50, 0.000838143930266425)	(55, 0.0010476799128330313)	(60, 0.0018858238430994566)	(65, 0.16280945845425304)	(70, 0.2778447128833199)	(75, 0.28392125637775145)	(80, 0.29020733585474967)	(85, 0.2971220232794477)	(90, 0.2975410952445809)	(95, 0.2975410952445809)	(100, 0.2975410952445809)	(105, 0.2975410952445809)	(110, 0.2975410952445809)	(115, 0.2975410952445809)	(120, 0.2985887751574139)	(125, 0.29963645507024694)	(130, 0.29963645507024694)	(135, 0.29963645507024694)	(140, 0.29963645507024694)	(145, 0.29963645507024694)	(150, 0.29963645507024694)	(155, 0.29963645507024694)	(160, 0.29963645507024694)	(165, 0.29963645507024694)	(170, 0.29963645507024694)	(175, 0.29963645507024694)	(180, 0.29963645507024694)	(185, 0.29963645507024694)	(190, 0.29963645507024694)	(195, 0.29963645507024694)	(200, 0.29963645507024694)	(205, 0.30005552703538013)	(210, 0.30110320694821313)	(215, 0.301731814895913)	(220, 0.301731814895913)	(225, 0.301731814895913)	(230, 0.301731814895913)	(235, 0.301731814895913)	(240, 0.301731814895913)	(245, 0.301731814895913)	(250, 0.301731814895913)	(255, 0.301731814895913)	(260, 0.301731814895913)	(265, 0.301731814895913)	(270, 0.301731814895913)	(275, 0.301731814895913)	(280, 0.301731814895913)	(285, 0.301731814895913)	(290, 0.301731814895913)
SRR6808087_1 - polya	(1, 0.0)	(2, 0.0)	(3, 0.0)	(4, 0.0)	(5, 0.0005620314063149849)	(6, 0.0005620314063149849)	(7, 0.0005620314063149849)	(8, 0.0005620314063149849)	(9, 0.0005620314063149849)	(10, 0.0005620314063149849)	(15, 0.0005620314063149849)	(20, 0.0005620314063149849)	(25, 0.0005620314063149849)	(30, 0.0010116565313669729)	(35, 0.0011240628126299697)	(40, 0.0011240628126299697)	(45, 0.0011240628126299697)	(50, 0.0022481256252599394)	(55, 0.0022481256252599394)	(60, 0.00820565853219878)	(65, 0.29911311444083494)	(70, 0.5340422422804986)	(75, 0.553488528938997)	(80, 0.5783303170981194)	(85, 0.5910322268808381)	(90, 0.594067196474939)	(95, 0.59485404044378)	(100, 0.595191259287569)	(105, 0.595191259287569)	(110, 0.5955284781313579)	(115, 0.5957532906938839)	(120, 0.596315322100199)	(125, 0.596315322100199)	(130, 0.596315322100199)	(135, 0.596315322100199)	(140, 0.596315322100199)	(145, 0.596315322100199)	(150, 0.596315322100199)	(155, 0.596315322100199)	(160, 0.596315322100199)	(165, 0.596315322100199)	(170, 0.596315322100199)	(175, 0.5965401346627249)	(180, 0.5972145723503028)	(185, 0.5974393849128289)	(190, 0.5974393849128289)	(195, 0.5974393849128289)	(200, 0.5974393849128289)	(205, 0.5974393849128289)	(210, 0.5974393849128289)	(215, 0.5974393849128289)	(220, 0.5974393849128289)	(225, 0.5974393849128289)	(230, 0.5974393849128289)	(235, 0.5974393849128289)	(240, 0.5974393849128289)	(245, 0.5974393849128289)	(250, 0.597551791194092)	(255, 0.5980014163191439)	(260, 0.5980014163191439)	(265, 0.5985634477254589)	(270, 0.5985634477254589)	(275, 0.5985634477254589)	(280, 0.5990130728505108)	(285, 0.5991254791317738)	(290, 0.5991254791317738)
SRR6808088_1 - polya	(1, 0.0)	(2, 0.0)	(3, 0.0)	(4, 0.0)	(5, 0.0)	(6, 0.0)	(7, 0.0)	(8, 0.0)	(9, 0.0)	(10, 0.0)	(15, 0.0)	(20, 0.0)	(25, 0.0)	(30, 0.0)	(35, 0.0)	(40, 0.0)	(45, 0.0)	(50, 0.0)	(55, 0.0)	(60, 0.00056770604181155)	(65, 0.05866295765386016)	(70, 0.10417405867241943)	(75, 0.10672873586057138)	(80, 0.10786414794419448)	(85, 0.11041882513234647)	(90, 0.11098653117415802)	(95, 0.11117576652142853)	(100, 0.11117576652142853)	(105, 0.11117576652142853)	(110, 0.11145961954233433)	(115, 0.11164885488960483)	(120, 0.11164885488960483)	(125, 0.11164885488960483)	(130, 0.11164885488960483)	(135, 0.11164885488960483)	(140, 0.11164885488960483)	(145, 0.11164885488960483)	(150, 0.11164885488960483)	(155, 0.11164885488960483)	(160, 0.11164885488960483)	(165, 0.11164885488960483)	(170, 0.11164885488960483)	(175, 0.11164885488960483)	(180, 0.11164885488960483)	(185, 0.11164885488960483)	(190, 0.11164885488960483)	(195, 0.11164885488960483)	(200, 0.11164885488960483)	(205, 0.11164885488960483)	(210, 0.11164885488960483)	(215, 0.11164885488960483)	(220, 0.11164885488960483)	(225, 0.11164885488960483)	(230, 0.11164885488960483)	(235, 0.11164885488960483)	(240, 0.11164885488960483)	(245, 0.11164885488960483)	(250, 0.11164885488960483)	(255, 0.11164885488960483)	(260, 0.11164885488960483)	(265, 0.11164885488960483)	(270, 0.11164885488960483)	(275, 0.11164885488960483)	(280, 0.11164885488960483)	(285, 0.11164885488960483)	(290, 0.11164885488960483)
SRR6808089_1 - polya	(1, 0.0)	(2, 0.0)	(3, 0.0)	(4, 0.0)	(5, 0.0)	(6, 0.0)	(7, 0.0)	(8, 0.0)	(9, 0.0)	(10, 0.00022119000221190003)	(15, 0.00036865000368650004)	(20, 0.0005161100051611)	(25, 0.0007373000073730001)	(30, 0.0007373000073730001)	(35, 0.0007373000073730001)	(40, 0.0007373000073730001)	(45, 0.0010322200103222)	(50, 0.003244120032441201)	(55, 0.0036865000368650003)	(60, 0.007889110078891102)	(65, 0.359065103590651)	(70, 0.6391653763916538)	(75, 0.6615792966157931)	(80, 0.6873847968738479)	(85, 0.6996977069969772)	(90, 0.7024257170242573)	(95, 0.7043426970434268)	(100, 0.7044901570449016)	(105, 0.7044901570449016)	(110, 0.7046376170463763)	(115, 0.704858807048588)	(120, 0.704858807048588)	(125, 0.704858807048588)	(130, 0.704858807048588)	(135, 0.7052274570522745)	(140, 0.7052274570522745)	(145, 0.7052274570522745)	(150, 0.7054486470544866)	(155, 0.7055961070559611)	(160, 0.7055961070559611)	(165, 0.7055961070559611)	(170, 0.7055961070559611)	(175, 0.7055961070559611)	(180, 0.7055961070559611)	(185, 0.7059647570596476)	(190, 0.7059647570596476)	(195, 0.7059647570596476)	(200, 0.7059647570596476)	(205, 0.7065545970655459)	(210, 0.7072181670721817)	(215, 0.7074393570743935)	(220, 0.7074393570743935)	(225, 0.7074393570743935)	(230, 0.7074393570743935)	(235, 0.7074393570743935)	(240, 0.7074393570743935)	(245, 0.7074393570743935)	(250, 0.7074393570743935)	(255, 0.7074393570743935)	(260, 0.7074393570743935)	(265, 0.7074393570743935)	(270, 0.7074393570743935)	(275, 0.7074393570743935)	(280, 0.7077342770773429)	(285, 0.7078080070780801)	(290, 0.7078080070780801)
SRR6808090_1 - polya	(1, 0.0)	(2, 0.0)	(3, 0.0)	(4, 0.0)	(5, 0.0)	(6, 0.0)	(7, 0.0)	(8, 0.0)	(9, 0.0)	(10, 0.0)	(15, 0.0)	(20, 0.00018370280560109855)	(25, 0.00045925701400274636)	(30, 0.00045925701400274636)	(35, 0.00045925701400274636)	(40, 0.00045925701400274636)	(45, 0.00045925701400274636)	(50, 0.0008266626252049434)	(55, 0.0009185140280054927)	(60, 0.002939244889617577)	(65, 0.2840045374592984)	(70, 0.515378221113882)	(75, 0.5286048231171611)	(80, 0.5404536540784319)	(85, 0.5473425092884731)	(90, 0.5483528747192792)	(95, 0.5483528747192792)	(100, 0.5484447261220797)	(105, 0.5488121317332819)	(110, 0.5492713887472847)	(115, 0.550006199969689)	(120, 0.5501899027752901)	(125, 0.5501899027752901)	(130, 0.5501899027752901)	(135, 0.5501899027752901)	(140, 0.5501899027752901)	(145, 0.5501899027752901)	(150, 0.5501899027752901)	(155, 0.5501899027752901)	(160, 0.5501899027752901)	(165, 0.5501899027752901)	(170, 0.5501899027752901)	(175, 0.5501899027752901)	(180, 0.5501899027752901)	(185, 0.5506491597892929)	(190, 0.5506491597892929)	(195, 0.5506491597892929)	(200, 0.5506491597892929)	(205, 0.5506491597892929)	(210, 0.5506491597892929)	(215, 0.5506491597892929)	(220, 0.5506491597892929)	(225, 0.5506491597892929)	(230, 0.5506491597892929)	(235, 0.5506491597892929)	(240, 0.5506491597892929)	(245, 0.5506491597892929)	(250, 0.5506491597892929)	(255, 0.5506491597892929)	(260, 0.5506491597892929)	(265, 0.5506491597892929)	(270, 0.5506491597892929)	(275, 0.5506491597892929)	(280, 0.5506491597892929)	(285, 0.5506491597892929)	(290, 0.5506491597892929)
SRR6808091_1 - polya	(1, 0.0)	(2, 0.0)	(3, 0.0)	(4, 0.0)	(5, 0.0)	(6, 0.0)	(7, 0.0)	(8, 0.0)	(9, 0.0)	(10, 0.0)	(15, 0.0)	(20, 0.0)	(25, 0.0)	(30, 0.0)	(35, 0.0)	(40, 0.0)	(45, 0.0)	(50, 0.0007439535177842088)	(55, 0.0007439535177842088)	(60, 0.0007439535177842088)	(65, 0.14045842415765863)	(70, 0.2526466146395173)	(75, 0.26380591740628045)	(80, 0.2746676387659299)	(85, 0.2782386156512941)	(90, 0.2797265226868625)	(95, 0.28061926690820355)	(100, 0.28121442972243094)	(105, 0.28121442972243094)	(110, 0.28121442972243094)	(115, 0.28121442972243094)	(120, 0.2822559646473288)	(125, 0.2827023367579994)	(130, 0.2827023367579994)	(135, 0.2827023367579994)	(140, 0.2827023367579994)	(145, 0.2827023367579994)	(150, 0.2827023367579994)	(155, 0.2827023367579994)	(160, 0.2827023367579994)	(165, 0.2827023367579994)	(170, 0.2827023367579994)	(175, 0.2827023367579994)	(180, 0.2827023367579994)	(185, 0.2827023367579994)	(190, 0.2827023367579994)	(195, 0.2827023367579994)	(200, 0.2827023367579994)	(205, 0.2827023367579994)	(210, 0.2827023367579994)	(215, 0.2827023367579994)	(220, 0.2827023367579994)	(225, 0.2827023367579994)	(230, 0.28314870886866983)	(235, 0.28344629027578355)	(240, 0.28344629027578355)	(245, 0.28344629027578355)	(250, 0.28344629027578355)	(255, 0.28344629027578355)	(260, 0.28344629027578355)	(265, 0.28344629027578355)	(270, 0.28344629027578355)	(275, 0.28344629027578355)	(280, 0.28344629027578355)	(285, 0.28344629027578355)	(290, 0.28344629027578355)
SRR6808092_1 - polya	(1, 0.0)	(2, 0.0)	(3, 0.0)	(4, 0.0)	(5, 0.0)	(6, 0.0)	(7, 0.0)	(8, 0.0)	(9, 0.0)	(10, 0.0)	(15, 0.0)	(20, 0.0)	(25, 0.0)	(30, 0.0)	(35, 0.0)	(40, 0.0)	(45, 0.0)	(50, 0.0009060474134611463)	(55, 0.0010872568961533757)	(60, 0.005617493963459108)	(65, 0.29609629471910265)	(70, 0.5317592269603468)	(75, 0.5499707799709158)	(80, 0.5736186174622517)	(85, 0.5882059808189762)	(90, 0.5911053325420519)	(95, 0.5913771467660902)	(100, 0.5921019846968592)	(105, 0.5921019846968592)	(110, 0.5924644036622436)	(115, 0.5930080321103204)	(120, 0.593461055817051)	(125, 0.5941858937478198)	(130, 0.594367103230512)	(135, 0.594367103230512)	(140, 0.594367103230512)	(145, 0.594367103230512)	(150, 0.594457707971858)	(155, 0.5948201269372426)	(160, 0.5948201269372426)	(165, 0.5948201269372426)	(170, 0.5948201269372426)	(175, 0.5948201269372426)	(180, 0.5948201269372426)	(185, 0.5948201269372426)	(190, 0.5950013364199348)	(195, 0.5952731506439732)	(200, 0.5952731506439732)	(205, 0.5954543601266654)	(210, 0.5957261743507037)	(215, 0.5957261743507037)	(220, 0.5957261743507037)	(225, 0.5957261743507037)	(230, 0.5957261743507037)	(235, 0.5957261743507037)	(240, 0.5957261743507037)	(245, 0.5957261743507037)	(250, 0.5957261743507037)	(255, 0.5957261743507037)	(260, 0.5957261743507037)	(265, 0.5957261743507037)	(270, 0.5957261743507037)	(275, 0.5957261743507037)	(280, 0.5960885933160882)	(285, 0.5961791980574344)	(290, 0.5961791980574344)
SRR6808093_1 - polya	(1, 0.0)	(2, 0.0)	(3, 0.0)	(4, 0.0)	(5, 0.0)	(6, 0.0)	(7, 0.0)	(8, 0.0)	(9, 0.0)	(10, 0.0)	(15, 0.0)	(20, 0.0)	(25, 0.0)	(30, 0.0)	(35, 0.0)	(40, 0.0)	(45, 0.0)	(50, 0.0)	(55, 0.0)	(60, 0.0)	(65, 0.17549485467743345)	(70, 0.31134303122175905)	(75, 0.3154243069119319)	(80, 0.32300381890796726)	(85, 0.3265020552138297)	(90, 0.3265020552138297)	(95, 0.3265020552138297)	(100, 0.3265020552138297)	(105, 0.3265020552138297)	(110, 0.3265020552138297)	(115, 0.3265020552138297)	(120, 0.3265020552138297)	(125, 0.3265020552138297)	(130, 0.3265020552138297)	(135, 0.3265020552138297)	(140, 0.3265020552138297)	(145, 0.3265020552138297)	(150, 0.3265020552138297)	(155, 0.3265020552138297)	(160, 0.3265020552138297)	(165, 0.3265020552138297)	(170, 0.3265020552138297)	(175, 0.3265020552138297)	(180, 0.3265020552138297)	(185, 0.3265020552138297)	(190, 0.3265020552138297)	(195, 0.3265020552138297)	(200, 0.3265020552138297)	(205, 0.3265020552138297)	(210, 0.3265020552138297)	(215, 0.3265020552138297)	(220, 0.3265020552138297)	(225, 0.3265020552138297)	(230, 0.3265020552138297)	(235, 0.3265020552138297)	(240, 0.3265020552138297)	(245, 0.3265020552138297)	(250, 0.3265020552138297)	(255, 0.3265020552138297)	(260, 0.3265020552138297)	(265, 0.3265020552138297)	(270, 0.3265020552138297)	(275, 0.3265020552138297)	(280, 0.3265020552138297)	(285, 0.3265020552138297)	(290, 0.3265020552138297)
SRR6808094_1 - polya	(1, 0.0)	(2, 0.0)	(3, 0.0)	(4, 0.0)	(5, 0.0)	(6, 0.0)	(7, 0.0)	(8, 0.0)	(9, 0.0)	(10, 0.0)	(15, 0.0)	(20, 0.00018233535117788635)	(25, 0.0003038922519631439)	(30, 0.0003038922519631439)	(35, 0.0003038922519631439)	(40, 0.0003038922519631439)	(45, 0.0003038922519631439)	(50, 0.0006077845039262878)	(55, 0.0006077845039262878)	(60, 0.0014586828094230908)	(65, 0.08150390197651522)	(70, 0.148177862057229)	(75, 0.15462037779884766)	(80, 0.16112367199085892)	(85, 0.164709600564024)	(90, 0.16537816351834295)	(95, 0.16562127731991344)	(100, 0.16562127731991344)	(105, 0.16586439112148396)	(110, 0.16592516957187659)	(115, 0.16592516957187659)	(120, 0.16610750492305448)	(125, 0.16641139717501763)	(130, 0.16653295407580287)	(135, 0.16653295407580287)	(140, 0.16653295407580287)	(145, 0.16653295407580287)	(150, 0.16653295407580287)	(155, 0.16653295407580287)	(160, 0.16653295407580287)	(165, 0.16653295407580287)	(170, 0.16653295407580287)	(175, 0.16653295407580287)	(180, 0.16653295407580287)	(185, 0.16653295407580287)	(190, 0.16653295407580287)	(195, 0.16653295407580287)	(200, 0.16653295407580287)	(205, 0.16653295407580287)	(210, 0.16653295407580287)	(215, 0.16653295407580287)	(220, 0.16653295407580287)	(225, 0.16653295407580287)	(230, 0.16653295407580287)	(235, 0.16653295407580287)	(240, 0.16653295407580287)	(245, 0.16653295407580287)	(250, 0.16653295407580287)	(255, 0.16653295407580287)	(260, 0.16653295407580287)	(265, 0.16653295407580287)	(270, 0.16653295407580287)	(275, 0.16653295407580287)	(280, 0.16653295407580287)	(285, 0.16653295407580287)	(290, 0.16653295407580287)
SRR6808095_1 - polya	(1, 0.0)	(2, 0.0)	(3, 0.0)	(4, 0.0)	(5, 0.0)	(6, 0.0)	(7, 0.0)	(8, 0.0)	(9, 0.0)	(10, 0.0)	(15, 0.0)	(20, 0.0)	(25, 0.0)	(30, 0.0)	(35, 0.0)	(40, 0.0)	(45, 0.0)	(50, 0.0008085120144885353)	(55, 0.0008085120144885353)	(60, 0.0008085120144885353)	(65, 0.182723715274409)	(70, 0.33181333074609487)	(75, 0.3462048446039908)	(80, 0.3538048575401831)	(85, 0.3580091200155235)	(90, 0.35817082241842113)	(95, 0.35817082241842113)	(100, 0.358817632030012)	(105, 0.3589793344329097)	(110, 0.3589793344329097)	(115, 0.3589793344329097)	(120, 0.3602729536560913)	(125, 0.36140487047637526)	(130, 0.36140487047637526)	(135, 0.36140487047637526)	(140, 0.36140487047637526)	(145, 0.36140487047637526)	(150, 0.36140487047637526)	(155, 0.36140487047637526)	(160, 0.36140487047637526)	(165, 0.36140487047637526)	(170, 0.36140487047637526)	(175, 0.36140487047637526)	(180, 0.36140487047637526)	(185, 0.36140487047637526)	(190, 0.36140487047637526)	(195, 0.36140487047637526)	(200, 0.36140487047637526)	(205, 0.36140487047637526)	(210, 0.36140487047637526)	(215, 0.36140487047637526)	(220, 0.36140487047637526)	(225, 0.36140487047637526)	(230, 0.36140487047637526)	(235, 0.36188997768506836)	(240, 0.3622133824908638)	(245, 0.3622133824908638)	(250, 0.3622133824908638)	(255, 0.3622133824908638)	(260, 0.3622133824908638)	(265, 0.3622133824908638)	(270, 0.3622133824908638)	(275, 0.3622133824908638)	(280, 0.3622133824908638)	(285, 0.3622133824908638)	(290, 0.3622133824908638)
SRR6808096_1 - polya	(1, 0.0)	(2, 0.0)	(3, 0.0)	(4, 0.0)	(5, 0.0)	(6, 0.0)	(7, 0.0)	(8, 0.0)	(9, 0.0)	(10, 0.0)	(15, 0.0)	(20, 0.0)	(25, 0.0)	(30, 0.0)	(35, 0.0)	(40, 0.0)	(45, 0.0)	(50, 0.0)	(55, 0.0)	(60, 0.0)	(65, 0.2548948911288426)	(70, 0.4505337743568842)	(75, 0.46432882381527174)	(80, 0.47843739712498634)	(85, 0.48125911178692926)	(90, 0.4825132071922372)	(95, 0.4828267310435642)	(100, 0.4828267310435642)	(105, 0.4828267310435642)	(110, 0.4828267310435642)	(115, 0.4828267310435642)	(120, 0.4828267310435642)	(125, 0.4828267310435642)	(130, 0.4828267310435642)	(135, 0.4828267310435642)	(140, 0.4828267310435642)	(145, 0.4828267310435642)	(150, 0.4828267310435642)	(155, 0.4828267310435642)	(160, 0.4828267310435642)	(165, 0.4828267310435642)	(170, 0.4828267310435642)	(175, 0.4828267310435642)	(180, 0.4828267310435642)	(185, 0.4828267310435642)	(190, 0.4828267310435642)	(195, 0.4828267310435642)	(200, 0.4828267310435642)	(205, 0.4828267310435642)	(210, 0.4828267310435642)	(215, 0.4828267310435642)	(220, 0.4828267310435642)	(225, 0.4828267310435642)	(230, 0.4828267310435642)	(235, 0.4828267310435642)	(240, 0.4828267310435642)	(245, 0.4828267310435642)	(250, 0.4828267310435642)	(255, 0.4828267310435642)	(260, 0.4828267310435642)	(265, 0.4828267310435642)	(270, 0.4828267310435642)	(275, 0.4828267310435642)	(280, 0.4828267310435642)	(285, 0.4828267310435642)	(290, 0.48282673104356416)
SRR6808097_1 - polya	(1, 0.0)	(2, 0.0)	(3, 0.0)	(4, 0.0)	(5, 0.0)	(6, 0.0)	(7, 0.0)	(8, 0.0)	(9, 0.0)	(10, 0.0)	(15, 0.0)	(20, 0.0)	(25, 0.0)	(30, 0.0)	(35, 0.0)	(40, 0.0)	(45, 0.0)	(50, 0.0)	(55, 0.00020129533548383848)	(60, 0.002616839361289901)	(65, 0.09954054339675814)	(70, 0.17703924755803596)	(75, 0.18428587963545415)	(80, 0.18891567235158244)	(85, 0.19072733037093698)	(90, 0.19072733037093698)	(95, 0.19072733037093698)	(100, 0.1914318640451304)	(105, 0.19173380704835616)	(110, 0.19173380704835616)	(115, 0.19193510238383998)	(120, 0.19284093139351727)	(125, 0.19324352206448497)	(130, 0.19324352206448497)	(135, 0.19324352206448497)	(140, 0.19324352206448497)	(145, 0.19324352206448497)	(150, 0.19324352206448497)	(155, 0.19324352206448497)	(160, 0.19324352206448497)	(165, 0.19324352206448497)	(170, 0.19324352206448497)	(175, 0.19324352206448497)	(180, 0.19324352206448497)	(185, 0.19324352206448497)	(190, 0.19324352206448497)	(195, 0.19324352206448497)	(200, 0.19324352206448497)	(205, 0.19324352206448497)	(210, 0.19374676040319455)	(215, 0.19374676040319455)	(220, 0.1939480557386784)	(225, 0.19424999874190416)	(230, 0.19424999874190416)	(235, 0.19465258941287183)	(240, 0.19475323708061376)	(245, 0.19475323708061376)	(250, 0.19475323708061376)	(255, 0.19475323708061376)	(260, 0.19475323708061376)	(265, 0.19475323708061376)	(270, 0.19475323708061376)	(275, 0.19475323708061376)	(280, 0.19475323708061376)	(285, 0.19475323708061376)	(290, 0.19475323708061376)
SRR6808098_1 - polya	(1, 0.0)	(2, 0.0)	(3, 0.0)	(4, 0.0)	(5, 0.0)	(6, 0.0)	(7, 0.0)	(8, 0.0)	(9, 0.0)	(10, 0.0)	(15, 0.0)	(20, 0.0)	(25, 0.0)	(30, 0.0)	(35, 0.0)	(40, 0.0)	(45, 0.00023968744756837083)	(50, 0.0023968744756837084)	(55, 0.0023968744756837084)	(60, 0.004314374056230675)	(65, 0.23944776012080243)	(70, 0.4383883416025503)	(75, 0.4558855252750414)	(80, 0.4711056781956329)	(85, 0.4790153639653892)	(90, 0.48057333237458355)	(95, 0.4809328635459361)	(100, 0.48141223844107284)	(105, 0.4817717696124254)	(110, 0.4822511445075621)	(115, 0.48237098823134633)	(120, 0.48237098823134633)	(125, 0.48237098823134633)	(130, 0.48237098823134633)	(135, 0.48237098823134633)	(140, 0.48237098823134633)	(145, 0.48237098823134633)	(150, 0.4829702068502673)	(155, 0.4829702068502673)	(160, 0.4829702068502673)	(165, 0.4829702068502673)	(170, 0.4829702068502673)	(175, 0.4829702068502673)	(180, 0.4829702068502673)	(185, 0.4829702068502673)	(190, 0.4829702068502673)	(195, 0.4829702068502673)	(200, 0.4829702068502673)	(205, 0.483449581745404)	(210, 0.4835694254691882)	(215, 0.4835694254691882)	(220, 0.4835694254691882)	(225, 0.4835694254691882)	(230, 0.4835694254691882)	(235, 0.4835694254691882)	(240, 0.4835694254691882)	(245, 0.4835694254691882)	(250, 0.4835694254691882)	(255, 0.4835694254691882)	(260, 0.4835694254691882)	(265, 0.4841686440881091)	(270, 0.4841686440881091)	(275, 0.4841686440881091)	(280, 0.4841686440881091)	(285, 0.4841686440881091)	(290, 0.4841686440881091)
SRR6808099_1 - polya	(1, 0.0)	(2, 0.0)	(3, 0.0)	(4, 0.0)	(5, 0.0)	(6, 0.0)	(7, 0.0)	(8, 0.0)	(9, 0.0)	(10, 0.0)	(15, 0.0)	(20, 0.0)	(25, 0.0)	(30, 0.0)	(35, 0.0)	(40, 0.0)	(45, 0.0)	(50, 0.0)	(55, 0.0)	(60, 0.003060014535069042)	(65, 0.329971567364945)	(70, 0.5889252973951626)	(75, 0.6038428682536242)	(80, 0.621692953041527)	(85, 0.6287054863510602)	(90, 0.6301079930129668)	(95, 0.6304904948298504)	(100, 0.6304904948298504)	(105, 0.6304904948298504)	(110, 0.6304904948298504)	(115, 0.6304904948298504)	(120, 0.631000497252362)	(125, 0.6317655008861293)	(130, 0.6317655008861293)	(135, 0.6317655008861293)	(140, 0.6317655008861293)	(145, 0.6317655008861293)	(150, 0.6317655008861293)	(155, 0.6317655008861293)	(160, 0.6317655008861293)	(165, 0.6317655008861293)	(170, 0.6317655008861293)	(175, 0.6317655008861293)	(180, 0.6317655008861293)	(185, 0.6317655008861293)	(190, 0.6317655008861293)	(195, 0.6317655008861293)	(200, 0.6317655008861293)	(205, 0.6317655008861293)	(210, 0.6317655008861293)	(215, 0.6317655008861293)	(220, 0.6317655008861293)	(225, 0.6317655008861293)	(230, 0.6317655008861293)	(235, 0.6317655008861293)	(240, 0.6317655008861293)	(245, 0.6317655008861293)	(250, 0.6317655008861293)	(255, 0.6317655008861293)	(260, 0.6317655008861293)	(265, 0.6317655008861293)	(270, 0.6317655008861293)	(275, 0.6317655008861293)	(280, 0.6317655008861293)	(285, 0.6317655008861293)	(290, 0.6317655008861293)
SRR6808101_1 - polya	(1, 0.0)	(2, 0.0)	(3, 0.0)	(4, 0.0)	(5, 0.0)	(6, 0.0)	(7, 0.0)	(8, 0.0)	(9, 0.0)	(10, 0.0)	(15, 0.0)	(20, 0.0)	(25, 0.0)	(30, 0.0)	(35, 0.0)	(40, 0.0)	(45, 0.0)	(50, 0.0005099959200326398)	(55, 0.0005099959200326398)	(60, 0.0025499796001631986)	(65, 0.35179518563851486)	(70, 0.6286209710322317)	(75, 0.6464708282333741)	(80, 0.6643206854345165)	(85, 0.6750305997552021)	(90, 0.6758465932272542)	(95, 0.6766625866993065)	(100, 0.6772745818033455)	(105, 0.6772745818033455)	(110, 0.677376580987352)	(115, 0.6777845777233782)	(120, 0.6782945736434108)	(125, 0.6788045695634435)	(130, 0.6788045695634435)	(135, 0.6788045695634435)	(140, 0.6788045695634435)	(145, 0.6788045695634435)	(150, 0.6788045695634435)	(155, 0.6788045695634435)	(160, 0.6788045695634435)	(165, 0.6788045695634435)	(170, 0.6788045695634435)	(175, 0.6788045695634435)	(180, 0.6788045695634435)	(185, 0.6788045695634435)	(190, 0.6788045695634435)	(195, 0.6788045695634435)	(200, 0.6788045695634435)	(205, 0.6788045695634435)	(210, 0.6788045695634435)	(215, 0.6788045695634435)	(220, 0.6788045695634435)	(225, 0.6788045695634435)	(230, 0.6788045695634435)	(235, 0.6788045695634435)	(240, 0.6788045695634435)	(245, 0.6788045695634435)	(250, 0.6788045695634435)	(255, 0.6788045695634435)	(260, 0.6788045695634435)	(265, 0.6788045695634435)	(270, 0.6791105671154631)	(275, 0.6793145654834761)	(280, 0.6793145654834761)	(285, 0.6793145654834761)	(290, 0.6793145654834761)
SRR6808102_1 - polya	(1, 0.0)	(2, 0.0)	(3, 0.0)	(4, 0.0)	(5, 0.0)	(6, 0.0)	(7, 0.0)	(8, 0.0)	(9, 0.0)	(10, 0.0)	(15, 0.0)	(20, 0.0)	(25, 0.0)	(30, 0.0)	(35, 0.0)	(40, 0.0)	(45, 0.0)	(50, 0.0021949078138718174)	(55, 0.0027436347673397716)	(60, 0.00585308750365818)	(65, 0.22296605209247877)	(70, 0.39416886157448056)	(75, 0.40715539947322216)	(80, 0.42178811823236756)	(85, 0.42837284167398304)	(90, 0.4294702955809189)	(95, 0.4303848405033655)	(100, 0.4307506584723441)	(105, 0.4307506584723441)	(110, 0.4307506584723441)	(115, 0.4307506584723441)	(120, 0.4307506584723441)	(125, 0.4307506584723441)	(130, 0.4307506584723441)	(135, 0.4307506584723441)	(140, 0.4307506584723441)	(145, 0.4307506584723441)	(150, 0.4307506584723441)	(155, 0.4307506584723441)	(160, 0.4307506584723441)	(165, 0.4307506584723441)	(170, 0.4307506584723441)	(175, 0.4307506584723441)	(180, 0.4307506584723441)	(185, 0.4307506584723441)	(190, 0.4307506584723441)	(195, 0.4307506584723441)	(200, 0.4307506584723441)	(205, 0.4307506584723441)	(210, 0.4307506584723441)	(215, 0.4307506584723441)	(220, 0.4307506584723441)	(225, 0.4307506584723441)	(230, 0.4307506584723441)	(235, 0.4307506584723441)	(240, 0.4307506584723441)	(245, 0.4307506584723441)	(250, 0.4307506584723441)	(255, 0.4307506584723441)	(260, 0.4307506584723441)	(265, 0.4307506584723441)	(270, 0.4307506584723441)	(275, 0.4307506584723441)	(280, 0.4307506584723441)	(285, 0.4307506584723441)	(290, 0.4307506584723442)
SRR6808103_1 - polya	(1, 0.0)	(2, 0.0)	(3, 0.0)	(4, 0.0)	(5, 0.0)	(6, 0.0)	(7, 0.0)	(8, 0.0)	(9, 0.0)	(10, 0.0)	(15, 0.0)	(20, 0.0001717052621939354)	(25, 0.0002861754369898923)	(30, 0.0002861754369898923)	(35, 0.0002861754369898923)	(40, 0.0002861754369898923)	(45, 0.0002861754369898923)	(50, 0.0013736420975514832)	(55, 0.0014308771849494614)	(60, 0.0037202806808685996)	(65, 0.22762394258176033)	(70, 0.40379354159273806)	(75, 0.4150688538101398)	(80, 0.43235385020432926)	(85, 0.4429423413729553)	(90, 0.4439725729461189)	(95, 0.4444876887327007)	(100, 0.4447166290822926)	(105, 0.4448310992570885)	(110, 0.44500280451928254)	(115, 0.44500280451928254)	(120, 0.44580409574285423)	(125, 0.4464336817042319)	(130, 0.4464336817042319)	(135, 0.4464336817042319)	(140, 0.4464336817042319)	(145, 0.4464336817042319)	(150, 0.4464336817042319)	(155, 0.4464336817042319)	(160, 0.4464336817042319)	(165, 0.4464336817042319)	(170, 0.4464336817042319)	(175, 0.4464336817042319)	(180, 0.4464336817042319)	(185, 0.4466626220538239)	(190, 0.44671985714122187)	(195, 0.44671985714122187)	(200, 0.44671985714122187)	(205, 0.44671985714122187)	(210, 0.44671985714122187)	(215, 0.44671985714122187)	(220, 0.44671985714122187)	(225, 0.44671985714122187)	(230, 0.44671985714122187)	(235, 0.44671985714122187)	(240, 0.44671985714122187)	(245, 0.44671985714122187)	(250, 0.44671985714122187)	(255, 0.44671985714122187)	(260, 0.44671985714122187)	(265, 0.4470060325782118)	(270, 0.4470060325782118)	(275, 0.4470060325782118)	(280, 0.4470060325782118)	(285, 0.4470060325782118)	(290, 0.44700603257821175)
SRR6808104_1 - polya	(1, 0.0)	(2, 0.0)	(3, 0.0)	(4, 0.0)	(5, 0.0)	(6, 0.0)	(7, 0.0)	(8, 0.0)	(9, 0.0)	(10, 0.0)	(15, 0.0)	(20, 0.0)	(25, 0.0)	(30, 0.0)	(35, 0.0)	(40, 0.0)	(45, 0.0)	(50, 0.0)	(55, 0.0)	(60, 0.0013907818975828208)	(65, 0.08692386859892631)	(70, 0.15514172067536372)	(75, 0.16070484826569498)	(80, 0.16425134210453116)	(85, 0.16793691413312564)	(90, 0.16828460960752134)	(95, 0.16828460960752134)	(100, 0.16828460960752134)	(105, 0.16828460960752134)	(110, 0.16828460960752134)	(115, 0.16828460960752134)	(120, 0.16891046146143357)	(125, 0.16932769603070846)	(130, 0.16932769603070846)	(135, 0.16932769603070846)	(140, 0.16932769603070846)	(145, 0.16932769603070846)	(150, 0.16932769603070846)	(155, 0.16932769603070846)	(160, 0.16932769603070846)	(165, 0.16932769603070846)	(170, 0.16932769603070846)	(175, 0.16932769603070846)	(180, 0.16932769603070846)	(185, 0.16932769603070846)	(190, 0.16932769603070846)	(195, 0.16932769603070846)	(200, 0.16932769603070846)	(205, 0.16946677422046674)	(210, 0.16967539150510416)	(215, 0.16967539150510416)	(220, 0.16967539150510416)	(225, 0.16967539150510416)	(230, 0.16967539150510416)	(235, 0.16967539150510416)	(240, 0.16967539150510416)	(245, 0.16967539150510416)	(250, 0.16967539150510416)	(255, 0.16967539150510416)	(260, 0.16967539150510416)	(265, 0.16967539150510416)	(270, 0.16967539150510416)	(275, 0.16967539150510416)	(280, 0.16967539150510416)	(285, 0.16967539150510416)	(290, 0.16967539150510416)
