Sample	0	1	2	3	4	5	6	7	8	9	10	11	12	13
ERR2835911_1	(246, 32.0)	(247, 2154.0)	(248, 326.0)	(249, 6627.0)	(250, 10184.0)	(251, 31300.0)								
ERR2835911_2	(245, 1.0)	(246, 1.0)	(247, 0.0)	(248, 1.0)	(249, 85.0)	(250, 754.0)	(251, 49781.0)							
ERR2835912_1	(241, 1.0)	(242, 0.0)	(243, 0.0)	(244, 0.0)	(245, 0.0)	(246, 65.0)	(247, 2157.0)	(248, 216.0)	(249, 6428.0)	(250, 12854.0)	(251, 29984.0)			
ERR2835912_2	(246, 3.0)	(247, 0.0)	(248, 0.0)	(249, 110.0)	(250, 50444.0)	(251, 1148.0)								
ERR2835913_1	(240, 1.0)	(241, 0.0)	(242, 0.0)	(243, 0.0)	(244, 0.0)	(245, 0.0)	(246, 25.0)	(247, 1216.0)	(248, 350.0)	(249, 6750.0)	(250, 13263.0)	(251, 20088.0)		
ERR2835913_2	(245, 1.0)	(246, 7.0)	(247, 10.0)	(248, 1.0)	(249, 437.0)	(250, 1787.0)	(251, 39450.0)							
ERR2835914_1	(247, 9.0)	(248, 5.0)	(249, 74.0)	(250, 147.0)	(251, 432.0)									
ERR2835914_2	(247, 1.0)	(248, 0.0)	(249, 158.0)	(250, 267.0)	(251, 241.0)									
ERR2835915_1	(246, 5.0)	(247, 915.0)	(248, 213.0)	(249, 6616.0)	(250, 10407.0)	(251, 28628.0)								
ERR2835915_2	(246, 1.0)	(247, 3.0)	(248, 0.0)	(249, 155.0)	(250, 744.0)	(251, 45881.0)								
ERR2835916_1	(246, 29.0)	(247, 1504.0)	(248, 478.0)	(249, 6877.0)	(250, 13598.0)	(251, 29970.0)								
ERR2835916_2	(245, 1.0)	(246, 4.0)	(247, 1.0)	(248, 1.0)	(249, 107.0)	(250, 51359.0)	(251, 983.0)							
ERR2835917_1	(243, 1.0)	(244, 0.0)	(245, 0.0)	(246, 49.0)	(247, 1080.0)	(248, 306.0)	(249, 9524.0)	(250, 11742.0)	(251, 25145.0)					
ERR2835917_2	(241, 1.0)	(242, 0.0)	(243, 0.0)	(244, 1.0)	(245, 0.0)	(246, 7.0)	(247, 8.0)	(248, 2.0)	(249, 382.0)	(250, 1748.0)	(251, 45698.0)			
ERR2835918_1	(243, 1.0)	(244, 0.0)	(245, 0.0)	(246, 19.0)	(247, 1482.0)	(248, 433.0)	(249, 11366.0)	(250, 12575.0)	(251, 26780.0)					
ERR2835918_2	(245, 2.0)	(246, 7.0)	(247, 2.0)	(248, 8.0)	(249, 23047.0)	(250, 22693.0)	(251, 6897.0)							
ERR2835919_1	(247, 2.0)	(248, 31.0)	(249, 7.0)	(250, 72.0)	(251, 1656.0)									
ERR2835919_2	(249, 23.0)	(250, 419.0)	(251, 1326.0)											
ERR2835920_1	(247, 19.0)	(248, 257.0)	(249, 74.0)	(250, 1543.0)	(251, 35696.0)									
ERR2835920_2	(244, 2.0)	(245, 1.0)	(246, 5.0)	(247, 1.0)	(248, 1.0)	(249, 114.0)	(250, 36480.0)	(251, 985.0)						
ERR2835921_1	(246, 1.0)	(247, 90.0)	(248, 1570.0)	(249, 155.0)	(250, 1535.0)	(251, 44126.0)								
ERR2835921_2	(245, 1.0)	(246, 15.0)	(247, 8.0)	(248, 1.0)	(249, 630.0)	(250, 1946.0)	(251, 44876.0)							
ERR2835922_1	(246, 3.0)	(247, 128.0)	(248, 1644.0)	(249, 236.0)	(250, 2361.0)	(251, 51639.0)								
ERR2835922_2	(246, 8.0)	(247, 9.0)	(248, 12.0)	(249, 16724.0)	(250, 27129.0)	(251, 12129.0)								
ERR2835923_1	(247, 83.0)	(248, 1121.0)	(249, 207.0)	(250, 1643.0)	(251, 48733.0)									
ERR2835923_2	(246, 1.0)	(247, 3.0)	(248, 1.0)	(249, 182.0)	(250, 1159.0)	(251, 50441.0)								
ERR2835924_1	(247, 131.0)	(248, 2513.0)	(249, 119.0)	(250, 1871.0)	(251, 45707.0)									
ERR2835924_2	(246, 5.0)	(247, 1.0)	(248, 2.0)	(249, 188.0)	(250, 48869.0)	(251, 1276.0)								
ERR2835925_1	(247, 26.0)	(248, 488.0)	(249, 86.0)	(250, 2519.0)	(251, 46987.0)									
ERR2835925_2	(244, 1.0)	(245, 0.0)	(246, 12.0)	(247, 19.0)	(248, 2.0)	(249, 563.0)	(250, 1481.0)	(251, 48028.0)						
ERR2835926_1	(247, 40.0)	(248, 631.0)	(249, 155.0)	(250, 1739.0)	(251, 58556.0)									
ERR2835926_2	(242, 1.0)	(243, 0.0)	(244, 0.0)	(245, 0.0)	(246, 7.0)	(247, 11.0)	(248, 3.0)	(249, 25294.0)	(250, 25750.0)	(251, 10055.0)				
ERR2835927_1	(240, 1.0)	(241, 0.0)	(242, 0.0)	(243, 0.0)	(244, 0.0)	(245, 0.0)	(246, 6.0)	(247, 16.0)	(248, 19.0)	(249, 108.0)	(250, 1168.0)	(251, 67586.0)		
ERR2835927_2	(245, 2.0)	(246, 1.0)	(247, 2.0)	(248, 1.0)	(249, 181.0)	(250, 1036.0)	(251, 67681.0)							
ERR2835928_1	(246, 6.0)	(247, 14.0)	(248, 97.0)	(249, 169.0)	(250, 2679.0)	(251, 63670.0)								
ERR2835928_2	(242, 1.0)	(243, 0.0)	(244, 0.0)	(245, 1.0)	(246, 5.0)	(247, 1.0)	(248, 2.0)	(249, 150.0)	(250, 64783.0)	(251, 1692.0)				
ERR2835929_1	(245, 1.0)	(246, 15.0)	(247, 22.0)	(248, 32.0)	(249, 152.0)	(250, 2668.0)	(251, 49730.0)							
ERR2835929_2	(246, 9.0)	(247, 9.0)	(248, 4.0)	(249, 646.0)	(250, 2087.0)	(251, 49865.0)								
ERR2835930_1	(246, 4.0)	(247, 10.0)	(248, 38.0)	(249, 125.0)	(250, 1917.0)	(251, 46397.0)								
ERR2835930_2	(246, 3.0)	(247, 3.0)	(248, 1.0)	(249, 20867.0)	(250, 21579.0)	(251, 6038.0)								
ERR2835931_1	(245, 2.0)	(246, 14.0)	(247, 7.0)	(248, 26.0)	(249, 81.0)	(250, 1961.0)	(251, 42523.0)							
ERR2835931_2	(244, 1.0)	(245, 2.0)	(246, 0.0)	(247, 5.0)	(248, 1.0)	(249, 131.0)	(250, 829.0)	(251, 43645.0)						
ERR2835932_1	(246, 4.0)	(247, 10.0)	(248, 32.0)	(249, 83.0)	(250, 1791.0)	(251, 51856.0)								
ERR2835932_2	(245, 2.0)	(246, 2.0)	(247, 1.0)	(248, 1.0)	(249, 142.0)	(250, 52439.0)	(251, 1189.0)							
ERR2835933_1	(245, 1.0)	(246, 22.0)	(247, 31.0)	(248, 61.0)	(249, 92.0)	(250, 3052.0)	(251, 34583.0)							
ERR2835933_2	(246, 7.0)	(247, 0.0)	(248, 0.0)	(249, 388.0)	(250, 1089.0)	(251, 36358.0)								
ERR2835934_1	(246, 9.0)	(247, 13.0)	(248, 47.0)	(249, 187.0)	(250, 2043.0)	(251, 45151.0)								
ERR2835934_2	(246, 4.0)	(247, 2.0)	(248, 5.0)	(249, 17759.0)	(250, 21322.0)	(251, 8358.0)								
ERR2835935_1	(240, 3.0)	(241, 0.0)	(242, 0.0)	(243, 0.0)	(244, 0.0)	(245, 0.0)	(246, 3.0)	(247, 53.0)	(248, 269.0)	(249, 283.0)	(250, 2018.0)	(251, 60407.0)		
ERR2835935_2	(244, 1.0)	(245, 1.0)	(246, 0.0)	(247, 4.0)	(248, 0.0)	(249, 79.0)	(250, 926.0)	(251, 62025.0)						
ERR2835936_1	(246, 3.0)	(247, 82.0)	(248, 305.0)	(249, 290.0)	(250, 2178.0)	(251, 56643.0)								
ERR2835936_2	(246, 4.0)	(247, 1.0)	(248, 0.0)	(249, 132.0)	(250, 57909.0)	(251, 1455.0)								
ERR2835937_1	(240, 9.0)	(241, 0.0)	(242, 0.0)	(243, 0.0)	(244, 0.0)	(245, 0.0)	(246, 5.0)	(247, 52.0)	(248, 180.0)	(249, 424.0)	(250, 2316.0)	(251, 55971.0)		
ERR2835937_2	(246, 10.0)	(247, 6.0)	(248, 3.0)	(249, 545.0)	(250, 2813.0)	(251, 55580.0)								
ERR2835938_1	(240, 1.0)	(241, 0.0)	(242, 0.0)	(243, 0.0)	(244, 0.0)	(245, 1.0)	(246, 6.0)	(247, 40.0)	(248, 258.0)	(249, 292.0)	(250, 2500.0)	(251, 45802.0)		
ERR2835938_2	(246, 2.0)	(247, 3.0)	(248, 5.0)	(249, 20558.0)	(250, 22646.0)	(251, 5686.0)								
ERR2835939_1	(245, 1.0)	(246, 2.0)	(247, 36.0)	(248, 160.0)	(249, 142.0)	(250, 1131.0)	(251, 34739.0)							
ERR2835939_2	(249, 92.0)	(250, 495.0)	(251, 35624.0)											
ERR2835940_1	(244, 1.0)	(245, 0.0)	(246, 7.0)	(247, 29.0)	(248, 179.0)	(249, 315.0)	(250, 1689.0)	(251, 38969.0)						
ERR2835940_2	(245, 1.0)	(246, 2.0)	(247, 1.0)	(248, 0.0)	(249, 101.0)	(250, 40175.0)	(251, 909.0)							
ERR2835941_1	(246, 3.0)	(247, 35.0)	(248, 198.0)	(249, 237.0)	(250, 1891.0)	(251, 34546.0)								
ERR2835941_2	(246, 7.0)	(247, 2.0)	(248, 0.0)	(249, 344.0)	(250, 1289.0)	(251, 35268.0)								
ERR2835942_1	(240, 2.0)	(241, 2.0)	(242, 0.0)	(243, 0.0)	(244, 0.0)	(245, 2.0)	(246, 5.0)	(247, 28.0)	(248, 147.0)	(249, 171.0)	(250, 1419.0)	(251, 45030.0)		
ERR2835942_2	(240, 1.0)	(241, 0.0)	(242, 0.0)	(243, 0.0)	(244, 0.0)	(245, 0.0)	(246, 7.0)	(247, 4.0)	(248, 4.0)	(249, 21048.0)	(250, 20774.0)	(251, 4968.0)		
ERR2835943_1	(246, 93.0)	(247, 3551.0)	(248, 569.0)	(249, 8421.0)	(250, 13772.0)	(251, 39013.0)								
ERR2835943_2	(244, 1.0)	(245, 2.0)	(246, 1.0)	(247, 1.0)	(248, 3.0)	(249, 126.0)	(250, 926.0)	(251, 64359.0)						
ERR2835944_1	(243, 1.0)	(244, 0.0)	(245, 0.0)	(246, 8.0)	(247, 1318.0)	(248, 765.0)	(249, 7826.0)	(250, 13200.0)	(251, 30083.0)					
ERR2835944_2	(246, 2.0)	(247, 0.0)	(248, 2.0)	(249, 115.0)	(250, 51740.0)	(251, 1342.0)								
ERR2835945_1	(246, 43.0)	(247, 1498.0)	(248, 576.0)	(249, 3113.0)	(250, 11858.0)	(251, 30966.0)								
ERR2835945_2	(241, 1.0)	(242, 0.0)	(243, 0.0)	(244, 0.0)	(245, 2.0)	(246, 7.0)	(247, 8.0)	(248, 1.0)	(249, 674.0)	(250, 2406.0)	(251, 44955.0)			
ERR2835946_1	(246, 7.0)	(247, 1013.0)	(248, 289.0)	(249, 1825.0)	(250, 7343.0)	(251, 46249.0)								
ERR2835946_2	(243, 2.0)	(244, 1.0)	(245, 0.0)	(246, 2.0)	(247, 8.0)	(248, 7.0)	(249, 24851.0)	(250, 27026.0)	(251, 4829.0)					
ERR2835947_1	(245, 1.0)	(246, 5.0)	(247, 814.0)	(248, 312.0)	(249, 1837.0)	(250, 7944.0)	(251, 39435.0)							
ERR2835947_2	(245, 3.0)	(246, 0.0)	(247, 4.0)	(248, 5.0)	(249, 463.0)	(250, 1152.0)	(251, 48721.0)							
ERR2835948_1	(246, 3.0)	(247, 1666.0)	(248, 523.0)	(249, 3875.0)	(250, 12170.0)	(251, 38628.0)								
ERR2835948_2	(246, 2.0)	(247, 2.0)	(248, 0.0)	(249, 146.0)	(250, 55386.0)	(251, 1329.0)								
ERR2835949_1	(246, 10.0)	(247, 1209.0)	(248, 347.0)	(249, 1727.0)	(250, 9337.0)	(251, 43147.0)								
ERR2835949_2	(241, 1.0)	(242, 0.0)	(243, 0.0)	(244, 0.0)	(245, 0.0)	(246, 17.0)	(247, 9.0)	(248, 1.0)	(249, 474.0)	(250, 2283.0)	(251, 52992.0)			
ERR2835950_1	(246, 92.0)	(247, 2077.0)	(248, 398.0)	(249, 1553.0)	(250, 8203.0)	(251, 44293.0)								
ERR2835950_2	(245, 1.0)	(246, 7.0)	(247, 5.0)	(248, 5.0)	(249, 21070.0)	(250, 26458.0)	(251, 9070.0)							
ERR2835951_1	(243, 1.0)	(244, 0.0)	(245, 0.0)	(246, 1.0)	(247, 24.0)	(248, 204.0)	(249, 105.0)	(250, 16924.0)	(251, 35804.0)					
ERR2835951_2	(247, 3.0)	(248, 5.0)	(249, 317.0)	(250, 1182.0)	(251, 51556.0)									
ERR2835952_1	(246, 1.0)	(247, 81.0)	(248, 1344.0)	(249, 99.0)	(250, 5841.0)	(251, 48184.0)								
ERR2835952_2	(246, 3.0)	(247, 1.0)	(248, 2.0)	(249, 159.0)	(250, 53766.0)	(251, 1619.0)								
ERR2835953_1	(246, 6.0)	(247, 87.0)	(248, 2124.0)	(249, 146.0)	(250, 14415.0)	(251, 33085.0)								
ERR2835953_2	(242, 1.0)	(243, 0.0)	(244, 1.0)	(245, 0.0)	(246, 35.0)	(247, 9.0)	(248, 4.0)	(249, 601.0)	(250, 4858.0)	(251, 44354.0)				
ERR2835954_1	(246, 20.0)	(247, 174.0)	(248, 4347.0)	(249, 147.0)	(250, 11705.0)	(251, 36748.0)								
ERR2835954_2	(243, 2.0)	(244, 2.0)	(245, 0.0)	(246, 10.0)	(247, 6.0)	(248, 7.0)	(249, 21176.0)	(250, 27431.0)	(251, 4507.0)					
ERR2835955_1	(246, 1.0)	(247, 46.0)	(248, 345.0)	(249, 197.0)	(250, 5922.0)	(251, 42950.0)								
ERR2835955_2	(246, 5.0)	(247, 2.0)	(248, 0.0)	(249, 791.0)	(250, 1467.0)	(251, 47196.0)								
ERR2835956_1	(246, 1.0)	(247, 50.0)	(248, 490.0)	(249, 216.0)	(250, 11558.0)	(251, 43706.0)								
ERR2835956_2	(245, 2.0)	(246, 1.0)	(247, 1.0)	(248, 1.0)	(249, 171.0)	(250, 54255.0)	(251, 1590.0)							
ERR2835957_1	(246, 1.0)	(247, 30.0)	(248, 434.0)	(249, 71.0)	(250, 7293.0)	(251, 42623.0)								
ERR2835957_2	(243, 1.0)	(244, 0.0)	(245, 1.0)	(246, 14.0)	(247, 8.0)	(248, 1.0)	(249, 417.0)	(250, 2212.0)	(251, 47798.0)					
ERR2835958_1	(247, 25.0)	(248, 276.0)	(249, 82.0)	(250, 10608.0)	(251, 43692.0)									
ERR2835958_2	(241, 1.0)	(242, 0.0)	(243, 0.0)	(244, 0.0)	(245, 1.0)	(246, 3.0)	(247, 5.0)	(248, 0.0)	(249, 16230.0)	(250, 30096.0)	(251, 8347.0)			
ERR2835959_1	(246, 9.0)	(247, 16.0)	(248, 37.0)	(249, 83.0)	(250, 1518.0)	(251, 37003.0)								
ERR2835959_2	(245, 2.0)	(246, 2.0)	(247, 4.0)	(248, 2.0)	(249, 134.0)	(250, 764.0)	(251, 37758.0)							
ERR2835960_1	(246, 3.0)	(247, 8.0)	(248, 81.0)	(249, 156.0)	(250, 1074.0)	(251, 46226.0)								
ERR2835960_2	(241, 1.0)	(242, 0.0)	(243, 0.0)	(244, 0.0)	(245, 0.0)	(246, 6.0)	(247, 1.0)	(248, 2.0)	(249, 117.0)	(250, 45960.0)	(251, 1461.0)			
ERR2835961_1	(241, 1.0)	(242, 0.0)	(243, 0.0)	(244, 0.0)	(245, 0.0)	(246, 5.0)	(247, 6.0)	(248, 54.0)	(249, 85.0)	(250, 889.0)	(251, 35452.0)			
ERR2835961_2	(241, 1.0)	(242, 0.0)	(243, 0.0)	(244, 0.0)	(245, 2.0)	(246, 30.0)	(247, 5.0)	(248, 0.0)	(249, 401.0)	(250, 3619.0)	(251, 32434.0)			
ERR2835962_1	(246, 10.0)	(247, 9.0)	(248, 89.0)	(249, 137.0)	(250, 1251.0)	(251, 41413.0)								
ERR2835962_2	(246, 11.0)	(247, 8.0)	(248, 5.0)	(249, 10147.0)	(250, 26972.0)	(251, 5766.0)								
ERR2835963_1	(246, 1.0)	(247, 7.0)	(248, 39.0)	(249, 54.0)	(250, 891.0)	(251, 28363.0)								
ERR2835963_2	(247, 3.0)	(248, 2.0)	(249, 161.0)	(250, 689.0)	(251, 28500.0)									
ERR2835964_1	(246, 13.0)	(247, 8.0)	(248, 104.0)	(249, 171.0)	(250, 1637.0)	(251, 45588.0)								
ERR2835964_2	(249, 180.0)	(250, 45832.0)	(251, 1509.0)											
ERR2835965_1	(246, 5.0)	(247, 5.0)	(248, 19.0)	(249, 60.0)	(250, 494.0)	(251, 40670.0)								
ERR2835965_2	(242, 1.0)	(243, 0.0)	(244, 0.0)	(245, 0.0)	(246, 29.0)	(247, 5.0)	(248, 0.0)	(249, 420.0)	(250, 3128.0)	(251, 37670.0)				
ERR2835966_1	(241, 1.0)	(242, 0.0)	(243, 0.0)	(244, 0.0)	(245, 1.0)	(246, 16.0)	(247, 10.0)	(248, 106.0)	(249, 79.0)	(250, 655.0)	(251, 44805.0)			
ERR2835966_2	(244, 2.0)	(245, 1.0)	(246, 8.0)	(247, 5.0)	(248, 10.0)	(249, 18396.0)	(250, 22471.0)	(251, 4780.0)						
ERR2835967_1	(246, 4.0)	(247, 43.0)	(248, 160.0)	(249, 126.0)	(250, 1383.0)	(251, 32211.0)								
ERR2835967_2	(247, 1.0)	(248, 1.0)	(249, 61.0)	(250, 682.0)	(251, 33182.0)									
ERR2835968_1	(246, 4.0)	(247, 32.0)	(248, 141.0)	(249, 163.0)	(250, 2532.0)	(251, 36370.0)								
ERR2835968_2	(245, 2.0)	(246, 4.0)	(247, 1.0)	(248, 1.0)	(249, 97.0)	(250, 37985.0)	(251, 1152.0)							
ERR2835969_1	(246, 2.0)	(247, 12.0)	(248, 97.0)	(249, 210.0)	(250, 1191.0)	(251, 30874.0)								
ERR2835969_2	(242, 2.0)	(243, 0.0)	(244, 0.0)	(245, 0.0)	(246, 8.0)	(247, 7.0)	(248, 1.0)	(249, 313.0)	(250, 1807.0)	(251, 30248.0)				
ERR2835970_1	(241, 1.0)	(242, 0.0)	(243, 0.0)	(244, 0.0)	(245, 0.0)	(246, 4.0)	(247, 35.0)	(248, 136.0)	(249, 289.0)	(250, 1650.0)	(251, 29499.0)			
ERR2835970_2	(246, 2.0)	(247, 3.0)	(248, 4.0)	(249, 8112.0)	(250, 16798.0)	(251, 6695.0)								
ERR2835971_1	(246, 2.0)	(247, 11.0)	(248, 76.0)	(249, 108.0)	(250, 893.0)	(251, 23614.0)								
ERR2835971_2	(246, 1.0)	(247, 6.0)	(248, 0.0)	(249, 86.0)	(250, 402.0)	(251, 24209.0)								
ERR2835972_1	(241, 2.0)	(242, 0.0)	(243, 0.0)	(244, 0.0)	(245, 2.0)	(246, 11.0)	(247, 28.0)	(248, 169.0)	(249, 247.0)	(250, 2227.0)	(251, 35727.0)			
ERR2835972_2	(246, 1.0)	(247, 0.0)	(248, 1.0)	(249, 91.0)	(250, 37583.0)	(251, 737.0)								
ERR2835973_1	(240, 1.0)	(241, 0.0)	(242, 0.0)	(243, 0.0)	(244, 0.0)	(245, 1.0)	(246, 3.0)	(247, 27.0)	(248, 116.0)	(249, 174.0)	(250, 2133.0)	(251, 31456.0)		
ERR2835973_2	(246, 4.0)	(247, 1.0)	(248, 1.0)	(249, 246.0)	(250, 1318.0)	(251, 32341.0)								
ERR2835974_1	(246, 4.0)	(247, 30.0)	(248, 126.0)	(249, 198.0)	(250, 2065.0)	(251, 32909.0)								
ERR2835974_2	(246, 1.0)	(247, 3.0)	(248, 5.0)	(249, 10498.0)	(250, 19030.0)	(251, 5795.0)								
ERR2835975_1	(246, 8.0)	(247, 375.0)	(248, 411.0)	(249, 3271.0)	(250, 11251.0)	(251, 40212.0)								
ERR2835975_2	(245, 1.0)	(246, 0.0)	(247, 5.0)	(248, 6.0)	(249, 340.0)	(250, 945.0)	(251, 54231.0)							
ERR2835976_1	(243, 1.0)	(244, 0.0)	(245, 0.0)	(246, 37.0)	(247, 1847.0)	(248, 375.0)	(249, 2214.0)	(250, 9827.0)	(251, 39457.0)					
ERR2835976_2	(246, 6.0)	(247, 1.0)	(248, 0.0)	(249, 111.0)	(250, 52449.0)	(251, 1191.0)								
ERR2835977_1	(241, 1.0)	(242, 0.0)	(243, 0.0)	(244, 0.0)	(245, 0.0)	(246, 10.0)	(247, 1203.0)	(248, 356.0)	(249, 2685.0)	(250, 7122.0)	(251, 26467.0)			
ERR2835977_2	(244, 2.0)	(245, 0.0)	(246, 13.0)	(247, 3.0)	(248, 5.0)	(249, 419.0)	(250, 1858.0)	(251, 35544.0)						
ERR2835978_1	(246, 19.0)	(247, 1127.0)	(248, 566.0)	(249, 3635.0)	(250, 10743.0)	(251, 31113.0)								
ERR2835978_2	(246, 3.0)	(247, 4.0)	(248, 8.0)	(249, 17079.0)	(250, 21988.0)	(251, 8121.0)								
ERR2835979_1	(243, 1.0)	(244, 0.0)	(245, 1.0)	(246, 27.0)	(247, 1249.0)	(248, 300.0)	(249, 2274.0)	(250, 9642.0)	(251, 26445.0)					
ERR2835979_2	(245, 1.0)	(246, 2.0)	(247, 1.0)	(248, 3.0)	(249, 108.0)	(250, 664.0)	(251, 39160.0)							
ERR2835980_1	(247, 4.0)	(248, 4.0)	(249, 18.0)	(250, 41.0)	(251, 239.0)									
ERR2835980_2	(249, 16.0)	(250, 193.0)	(251, 97.0)											
ERR2835981_1	(245, 2.0)	(246, 14.0)	(247, 557.0)	(248, 151.0)	(249, 538.0)	(250, 2497.0)	(251, 24938.0)							
ERR2835981_2	(246, 12.0)	(247, 2.0)	(248, 0.0)	(249, 308.0)	(250, 2023.0)	(251, 26352.0)								
ERR2835982_1	(241, 1.0)	(242, 0.0)	(243, 0.0)	(244, 0.0)	(245, 2.0)	(246, 0.0)	(247, 569.0)	(248, 260.0)	(249, 2051.0)	(250, 8821.0)	(251, 39290.0)			
ERR2835982_2	(244, 1.0)	(245, 1.0)	(246, 9.0)	(247, 8.0)	(248, 4.0)	(249, 20822.0)	(250, 23386.0)	(251, 6763.0)						
ERR2835983_1	(245, 3.0)	(246, 41.0)	(247, 381.0)	(248, 9066.0)	(249, 133.0)	(250, 12973.0)	(251, 26020.0)							
ERR2835983_2	(246, 1.0)	(247, 40.0)	(248, 0.0)	(249, 285.0)	(250, 975.0)	(251, 47316.0)								
ERR2835984_1	(246, 1.0)	(247, 12.0)	(248, 284.0)	(249, 68.0)	(250, 11402.0)	(251, 50757.0)								
ERR2835984_2	(245, 2.0)	(246, 4.0)	(247, 1.0)	(248, 1.0)	(249, 146.0)	(250, 60511.0)	(251, 1859.0)							
ERR2835985_1	(247, 62.0)	(248, 970.0)	(249, 84.0)	(250, 5869.0)	(251, 41389.0)									
ERR2835985_2	(246, 18.0)	(247, 7.0)	(248, 3.0)	(249, 548.0)	(250, 2200.0)	(251, 45598.0)								
ERR2835986_1	(246, 23.0)	(247, 144.0)	(248, 2796.0)	(249, 261.0)	(250, 12990.0)	(251, 38878.0)								
ERR2835986_2	(243, 1.0)	(244, 0.0)	(245, 2.0)	(246, 5.0)	(247, 5.0)	(248, 8.0)	(249, 16887.0)	(250, 30272.0)	(251, 7912.0)					
ERR2835987_1	(246, 10.0)	(247, 97.0)	(248, 1240.0)	(249, 74.0)	(250, 7067.0)	(251, 39449.0)								
ERR2835987_2	(245, 1.0)	(246, 1.0)	(247, 9.0)	(248, 3.0)	(249, 372.0)	(250, 1074.0)	(251, 46477.0)							
ERR2835988_1	(246, 10.0)	(247, 80.0)	(248, 1365.0)	(249, 89.0)	(250, 8021.0)	(251, 46159.0)								
ERR2835988_2	(246, 1.0)	(247, 1.0)	(248, 1.0)	(249, 140.0)	(250, 54457.0)	(251, 1124.0)								
ERR2835989_1	(247, 34.0)	(248, 741.0)	(249, 84.0)	(250, 8114.0)	(251, 42602.0)									
ERR2835989_2	(243, 1.0)	(244, 0.0)	(245, 0.0)	(246, 14.0)	(247, 13.0)	(248, 4.0)	(249, 446.0)	(250, 2154.0)	(251, 48943.0)					
ERR2835990_1	(246, 6.0)	(247, 116.0)	(248, 1341.0)	(249, 171.0)	(250, 6217.0)	(251, 47473.0)								
ERR2835990_2	(245, 1.0)	(246, 6.0)	(247, 4.0)	(248, 5.0)	(249, 18715.0)	(250, 27680.0)	(251, 8913.0)							
ERR2835991_1	(246, 2.0)	(247, 17.0)	(248, 41.0)	(249, 77.0)	(250, 563.0)	(251, 57240.0)								
ERR2835991_2	(246, 1.0)	(247, 1.0)	(248, 1.0)	(249, 323.0)	(250, 1015.0)	(251, 56599.0)								
ERR2835992_1	(246, 6.0)	(247, 15.0)	(248, 43.0)	(249, 97.0)	(250, 1379.0)	(251, 66575.0)								
ERR2835992_2	(245, 2.0)	(246, 4.0)	(247, 0.0)	(248, 2.0)	(249, 177.0)	(250, 66190.0)	(251, 1740.0)							
ERR2835993_1	(241, 1.0)	(242, 0.0)	(243, 0.0)	(244, 0.0)	(245, 0.0)	(246, 7.0)	(247, 10.0)	(248, 49.0)	(249, 57.0)	(250, 1257.0)	(251, 46134.0)			
ERR2835993_2	(241, 1.0)	(242, 0.0)	(243, 1.0)	(244, 0.0)	(245, 0.0)	(246, 15.0)	(247, 7.0)	(248, 1.0)	(249, 466.0)	(250, 2432.0)	(251, 44592.0)			
ERR2835994_1	(246, 2.0)	(247, 1.0)	(248, 0.0)	(249, 20.0)	(250, 52.0)	(251, 684.0)								
ERR2835994_2	(246, 1.0)	(247, 0.0)	(248, 0.0)	(249, 186.0)	(250, 344.0)	(251, 228.0)								
ERR2835995_1	(246, 9.0)	(247, 10.0)	(248, 58.0)	(249, 107.0)	(250, 2100.0)	(251, 49103.0)								
ERR2835995_2	(246, 2.0)	(247, 17.0)	(248, 6.0)	(249, 896.0)	(250, 1535.0)	(251, 48931.0)								
ERR2835996_1	(241, 2.0)	(242, 0.0)	(243, 0.0)	(244, 0.0)	(245, 0.0)	(246, 11.0)	(247, 30.0)	(248, 39.0)	(249, 86.0)	(250, 2535.0)	(251, 51025.0)			
ERR2835996_2	(246, 4.0)	(247, 1.0)	(248, 0.0)	(249, 151.0)	(250, 52397.0)	(251, 1175.0)								
ERR2835997_1	(241, 1.0)	(242, 0.0)	(243, 0.0)	(244, 0.0)	(245, 0.0)	(246, 5.0)	(247, 14.0)	(248, 29.0)	(249, 109.0)	(250, 3715.0)	(251, 48995.0)			
ERR2835997_2	(246, 19.0)	(247, 13.0)	(248, 1.0)	(249, 505.0)	(250, 2143.0)	(251, 50187.0)								
ERR2835998_1	(246, 2.0)	(247, 10.0)	(248, 22.0)	(249, 49.0)	(250, 1121.0)	(251, 28848.0)								
ERR2835998_2	(245, 1.0)	(246, 2.0)	(247, 3.0)	(248, 5.0)	(249, 9454.0)	(250, 14161.0)	(251, 6426.0)							
ERR2835999_1	(246, 10.0)	(247, 31.0)	(248, 98.0)	(249, 235.0)	(250, 1181.0)	(251, 48745.0)								
ERR2835999_2	(245, 1.0)	(246, 0.0)	(247, 17.0)	(248, 0.0)	(249, 270.0)	(250, 534.0)	(251, 49478.0)							
ERR2836000_1	(247, 4.0)	(248, 27.0)	(249, 42.0)	(250, 416.0)	(251, 4151.0)									
ERR2836000_2	(247, 1.0)	(248, 0.0)	(249, 30.0)	(250, 4073.0)	(251, 536.0)									
ERR2836001_1	(244, 1.0)	(245, 0.0)	(246, 1.0)	(247, 39.0)	(248, 172.0)	(249, 227.0)	(250, 2534.0)	(251, 37677.0)						
ERR2836001_2	(241, 2.0)	(242, 0.0)	(243, 0.0)	(244, 0.0)	(245, 0.0)	(246, 12.0)	(247, 5.0)	(248, 2.0)	(249, 426.0)	(250, 1843.0)	(251, 38361.0)			
ERR2836002_1	(246, 7.0)	(247, 40.0)	(248, 181.0)	(249, 277.0)	(250, 1986.0)	(251, 35353.0)								
ERR2836002_2	(244, 1.0)	(245, 1.0)	(246, 2.0)	(247, 1.0)	(248, 2.0)	(249, 13074.0)	(250, 19194.0)	(251, 5569.0)						
ERR2836003_1	(246, 2.0)	(247, 12.0)	(248, 66.0)	(249, 113.0)	(250, 1421.0)	(251, 19746.0)								
ERR2836003_2	(241, 1.0)	(242, 0.0)	(243, 0.0)	(244, 0.0)	(245, 0.0)	(246, 1.0)	(247, 1.0)	(248, 0.0)	(249, 51.0)	(250, 20787.0)	(251, 519.0)			
ERR2836004_1	(245, 2.0)	(246, 1.0)	(247, 39.0)	(248, 112.0)	(249, 215.0)	(250, 2168.0)	(251, 30735.0)							
ERR2836004_2	(246, 2.0)	(247, 0.0)	(248, 3.0)	(249, 95.0)	(250, 32231.0)	(251, 941.0)								
ERR2836005_1	(244, 1.0)	(245, 0.0)	(246, 12.0)	(247, 86.0)	(248, 197.0)	(249, 341.0)	(250, 2921.0)	(251, 55216.0)						
ERR2836005_2	(246, 22.0)	(247, 6.0)	(248, 1.0)	(249, 525.0)	(250, 3393.0)	(251, 54827.0)								
ERR2836006_1	(240, 2.0)	(241, 0.0)	(242, 0.0)	(243, 0.0)	(244, 0.0)	(245, 0.0)	(246, 5.0)	(247, 59.0)	(248, 278.0)	(249, 419.0)	(250, 3798.0)	(251, 70350.0)		
ERR2836006_2	(244, 1.0)	(245, 0.0)	(246, 3.0)	(247, 3.0)	(248, 6.0)	(249, 22977.0)	(250, 38895.0)	(251, 13026.0)						
ERR2836007_1	(246, 30.0)	(247, 727.0)	(248, 383.0)	(249, 1744.0)	(250, 8088.0)	(251, 26099.0)								
ERR2836007_2	(241, 1.0)	(242, 0.0)	(243, 0.0)	(244, 0.0)	(245, 3.0)	(246, 1.0)	(247, 1.0)	(248, 2.0)	(249, 119.0)	(250, 678.0)	(251, 36266.0)			
ERR2836008_1	(246, 5.0)	(247, 271.0)	(248, 363.0)	(249, 2418.0)	(250, 8787.0)	(251, 34041.0)								
ERR2836008_2	(241, 1.0)	(242, 0.0)	(243, 0.0)	(244, 0.0)	(245, 1.0)	(246, 2.0)	(247, 1.0)	(248, 1.0)	(249, 136.0)	(250, 44593.0)	(251, 1150.0)			
ERR2836009_1	(246, 4.0)	(247, 483.0)	(248, 141.0)	(249, 1658.0)	(250, 6098.0)	(251, 33551.0)								
ERR2836009_2	(246, 27.0)	(247, 4.0)	(248, 2.0)	(249, 300.0)	(250, 3376.0)	(251, 38226.0)								
ERR2836010_1	(245, 1.0)	(246, 13.0)	(247, 1052.0)	(248, 508.0)	(249, 2406.0)	(250, 9035.0)	(251, 32635.0)							
ERR2836010_2	(245, 1.0)	(246, 1.0)	(247, 3.0)	(248, 5.0)	(249, 15024.0)	(250, 25186.0)	(251, 5430.0)							
ERR2836011_1	(245, 1.0)	(246, 80.0)	(247, 1796.0)	(248, 417.0)	(249, 4105.0)	(250, 8902.0)	(251, 30975.0)							
ERR2836011_2	(244, 1.0)	(245, 1.0)	(246, 1.0)	(247, 3.0)	(248, 1.0)	(249, 176.0)	(250, 746.0)	(251, 45347.0)						
ERR2836012_1	(245, 4.0)	(246, 115.0)	(247, 2239.0)	(248, 226.0)	(249, 2061.0)	(250, 9318.0)	(251, 36373.0)							
ERR2836012_2	(246, 6.0)	(247, 1.0)	(248, 2.0)	(249, 127.0)	(250, 49279.0)	(251, 921.0)								
ERR2836013_1	(245, 1.0)	(246, 39.0)	(247, 1265.0)	(248, 241.0)	(249, 1306.0)	(250, 2592.0)	(251, 42537.0)							
ERR2836013_2	(245, 2.0)	(246, 16.0)	(247, 7.0)	(248, 1.0)	(249, 466.0)	(250, 2640.0)	(251, 44849.0)							
ERR2836014_1	(246, 5.0)	(247, 1112.0)	(248, 399.0)	(249, 2204.0)	(250, 11578.0)	(251, 38853.0)								
ERR2836014_2	(245, 1.0)	(246, 5.0)	(247, 4.0)	(248, 8.0)	(249, 20851.0)	(250, 27776.0)	(251, 5506.0)							
ERR2836015_1	(246, 35.0)	(247, 295.0)	(248, 6647.0)	(249, 114.0)	(250, 19643.0)	(251, 34289.0)								
ERR2836015_2	(245, 2.0)	(246, 9.0)	(247, 97.0)	(248, 5.0)	(249, 692.0)	(250, 1647.0)	(251, 58571.0)							
ERR2836016_1	(246, 1.0)	(247, 55.0)	(248, 1027.0)	(249, 112.0)	(250, 10500.0)	(251, 48074.0)								
ERR2836016_2	(246, 4.0)	(247, 2.0)	(248, 3.0)	(249, 197.0)	(250, 58203.0)	(251, 1360.0)								
ERR2836017_1	(247, 73.0)	(248, 1191.0)	(249, 88.0)	(250, 6875.0)	(251, 37440.0)									
ERR2836017_2	(245, 1.0)	(246, 21.0)	(247, 6.0)	(248, 0.0)	(249, 487.0)	(250, 2267.0)	(251, 42885.0)							
ERR2836018_1	(246, 9.0)	(247, 56.0)	(248, 1366.0)	(249, 132.0)	(250, 20247.0)	(251, 38012.0)								
ERR2836018_2	(243, 2.0)	(244, 0.0)	(245, 1.0)	(246, 7.0)	(247, 6.0)	(248, 10.0)	(249, 15849.0)	(250, 37401.0)	(251, 6546.0)					
ERR2836019_1	(246, 29.0)	(247, 270.0)	(248, 6091.0)	(249, 128.0)	(250, 11438.0)	(251, 38908.0)								
ERR2836019_2	(244, 1.0)	(245, 2.0)	(246, 0.0)	(247, 5.0)	(248, 5.0)	(249, 354.0)	(250, 1101.0)	(251, 55396.0)						
ERR2836020_1	(246, 53.0)	(247, 413.0)	(248, 10609.0)	(249, 171.0)	(250, 13759.0)	(251, 38978.0)								
ERR2836020_2	(245, 1.0)	(246, 0.0)	(247, 1.0)	(248, 4.0)	(249, 164.0)	(250, 62424.0)	(251, 1389.0)							
ERR2836021_1	(246, 1.0)	(247, 77.0)	(248, 1331.0)	(249, 101.0)	(250, 7142.0)	(251, 39911.0)								
ERR2836021_2	(246, 20.0)	(247, 6.0)	(248, 1.0)	(249, 503.0)	(250, 2224.0)	(251, 45809.0)								
ERR2836022_1	(247, 74.0)	(248, 1091.0)	(249, 155.0)	(250, 4483.0)	(251, 40815.0)									
ERR2836022_2	(244, 1.0)	(245, 1.0)	(246, 8.0)	(247, 10.0)	(248, 13.0)	(249, 12579.0)	(250, 25612.0)	(251, 8394.0)						
ERR2836023_1	(245, 1.0)	(246, 5.0)	(247, 11.0)	(248, 45.0)	(249, 62.0)	(250, 1104.0)	(251, 44430.0)							
ERR2836023_2	(244, 1.0)	(245, 4.0)	(246, 4.0)	(247, 2.0)	(248, 2.0)	(249, 377.0)	(250, 1000.0)	(251, 44268.0)						
ERR2836024_1	(246, 9.0)	(247, 12.0)	(248, 84.0)	(249, 64.0)	(250, 869.0)	(251, 43167.0)								
ERR2836024_2	(246, 3.0)	(247, 1.0)	(248, 3.0)	(249, 144.0)	(250, 43191.0)	(251, 863.0)								
ERR2836025_1	(245, 1.0)	(246, 15.0)	(247, 5.0)	(248, 54.0)	(249, 73.0)	(250, 601.0)	(251, 41950.0)							
ERR2836025_2	(246, 20.0)	(247, 5.0)	(248, 1.0)	(249, 408.0)	(250, 2500.0)	(251, 39765.0)								
ERR2836026_1	(244, 1.0)	(245, 1.0)	(246, 1.0)	(247, 14.0)	(248, 104.0)	(249, 133.0)	(250, 997.0)	(251, 46844.0)						
ERR2836026_2	(246, 4.0)	(247, 6.0)	(248, 8.0)	(249, 13450.0)	(250, 29540.0)	(251, 5087.0)								
ERR2836027_1	(247, 10.0)	(248, 32.0)	(249, 76.0)	(250, 1494.0)	(251, 45967.0)									
ERR2836027_2	(245, 2.0)	(246, 3.0)	(247, 2.0)	(248, 6.0)	(249, 210.0)	(250, 799.0)	(251, 46557.0)							
ERR2836028_1	(246, 27.0)	(247, 29.0)	(248, 72.0)	(249, 114.0)	(250, 2636.0)	(251, 43252.0)								
ERR2836028_2	(238, 1.0)	(239, 0.0)	(240, 0.0)	(241, 0.0)	(242, 0.0)	(243, 0.0)	(244, 0.0)	(245, 0.0)	(246, 3.0)	(247, 2.0)	(248, 1.0)	(249, 112.0)	(250, 45122.0)	(251, 889.0)
ERR2836029_1	(245, 2.0)	(246, 0.0)	(247, 8.0)	(248, 62.0)	(249, 79.0)	(250, 1016.0)	(251, 46608.0)							
ERR2836029_2	(244, 2.0)	(245, 1.0)	(246, 20.0)	(247, 5.0)	(248, 1.0)	(249, 400.0)	(250, 2900.0)	(251, 44446.0)						
ERR2836030_1	(246, 7.0)	(247, 12.0)	(248, 59.0)	(249, 86.0)	(250, 667.0)	(251, 49050.0)								
ERR2836030_2	(243, 1.0)	(244, 1.0)	(245, 0.0)	(246, 6.0)	(247, 12.0)	(248, 4.0)	(249, 16401.0)	(250, 29422.0)	(251, 4034.0)					
ERR2836031_1	(246, 4.0)	(247, 40.0)	(248, 196.0)	(249, 187.0)	(250, 1392.0)	(251, 36185.0)								
ERR2836031_2	(246, 3.0)	(247, 2.0)	(248, 2.0)	(249, 128.0)	(250, 702.0)	(251, 37167.0)								
ERR2836032_1	(244, 1.0)	(245, 0.0)	(246, 2.0)	(247, 33.0)	(248, 275.0)	(249, 270.0)	(250, 1871.0)	(251, 51763.0)						
ERR2836032_2	(245, 2.0)	(246, 6.0)	(247, 1.0)	(248, 1.0)	(249, 161.0)	(250, 52989.0)	(251, 1055.0)							
ERR2836033_1	(240, 1.0)	(241, 0.0)	(242, 0.0)	(243, 0.0)	(244, 0.0)	(245, 0.0)	(246, 4.0)	(247, 35.0)	(248, 236.0)	(249, 292.0)	(250, 2381.0)	(251, 46204.0)		
ERR2836033_2	(244, 1.0)	(245, 0.0)	(246, 6.0)	(247, 5.0)	(248, 2.0)	(249, 421.0)	(250, 1719.0)	(251, 46999.0)						
ERR2836034_1	(247, 1.0)	(248, 1.0)	(249, 2.0)	(250, 7.0)	(251, 199.0)									
ERR2836034_2	(247, 1.0)	(248, 0.0)	(249, 50.0)	(250, 112.0)	(251, 47.0)									
ERR2836035_1	(240, 1.0)	(241, 1.0)	(242, 0.0)	(243, 0.0)	(244, 0.0)	(245, 0.0)	(246, 4.0)	(247, 20.0)	(248, 187.0)	(249, 272.0)	(250, 1825.0)	(251, 42084.0)		
ERR2836035_2	(243, 1.0)	(244, 0.0)	(245, 0.0)	(246, 2.0)	(247, 2.0)	(248, 1.0)	(249, 138.0)	(250, 652.0)	(251, 43598.0)					
ERR2836036_1	(240, 1.0)	(241, 0.0)	(242, 0.0)	(243, 0.0)	(244, 0.0)	(245, 1.0)	(246, 10.0)	(247, 48.0)	(248, 199.0)	(249, 211.0)	(250, 2019.0)	(251, 33791.0)		
ERR2836036_2	(245, 1.0)	(246, 3.0)	(247, 0.0)	(248, 0.0)	(249, 76.0)	(250, 35571.0)	(251, 629.0)							
ERR2836037_1	(241, 1.0)	(242, 0.0)	(243, 0.0)	(244, 0.0)	(245, 0.0)	(246, 2.0)	(247, 52.0)	(248, 181.0)	(249, 230.0)	(250, 1768.0)	(251, 40829.0)			
ERR2836037_2	(244, 2.0)	(245, 0.0)	(246, 5.0)	(247, 5.0)	(248, 0.0)	(249, 418.0)	(250, 1566.0)	(251, 41067.0)						
ERR2836038_1	(241, 2.0)	(242, 0.0)	(243, 0.0)	(244, 0.0)	(245, 1.0)	(246, 4.0)	(247, 38.0)	(248, 169.0)	(249, 187.0)	(250, 1926.0)	(251, 35875.0)			
ERR2836038_2	(244, 1.0)	(245, 0.0)	(246, 6.0)	(247, 2.0)	(248, 3.0)	(249, 12589.0)	(250, 19995.0)	(251, 5606.0)						
ERR2836039_1	(246, 103.0)	(247, 2644.0)	(248, 560.0)	(249, 3188.0)	(250, 8274.0)	(251, 56223.0)								
ERR2836039_2	(245, 1.0)	(246, 2.0)	(247, 10.0)	(248, 12.0)	(249, 630.0)	(250, 1599.0)	(251, 68738.0)							
ERR2836040_1	(245, 1.0)	(246, 51.0)	(247, 2376.0)	(248, 923.0)	(249, 4532.0)	(250, 10870.0)	(251, 48156.0)							
ERR2836040_2	(245, 2.0)	(246, 2.0)	(247, 0.0)	(248, 1.0)	(249, 206.0)	(250, 65308.0)	(251, 1390.0)							
ERR2836041_1	(246, 29.0)	(247, 1953.0)	(248, 321.0)	(249, 1629.0)	(250, 6807.0)	(251, 38314.0)								
ERR2836041_2	(246, 7.0)	(247, 9.0)	(248, 2.0)	(249, 501.0)	(250, 1514.0)	(251, 47020.0)								
ERR2836042_1	(246, 5.0)	(247, 22.0)	(248, 64.0)	(249, 20651.0)	(250, 4776.0)	(251, 12912.0)								
ERR2836042_2	(246, 2.0)	(247, 3.0)	(248, 3.0)	(249, 16777.0)	(250, 17882.0)	(251, 3763.0)								
ERR2836043_1	(246, 36.0)	(247, 1083.0)	(248, 297.0)	(249, 16521.0)	(250, 4608.0)	(251, 30660.0)								
ERR2836043_2	(241, 1.0)	(242, 0.0)	(243, 0.0)	(244, 0.0)	(245, 7.0)	(246, 2.0)	(247, 3.0)	(248, 0.0)	(249, 617.0)	(250, 1078.0)	(251, 51497.0)			
ERR2836044_1	(246, 3.0)	(247, 190.0)	(248, 136.0)	(249, 23222.0)	(250, 5996.0)	(251, 22919.0)								
ERR2836044_2	(245, 3.0)	(246, 5.0)	(247, 0.0)	(248, 0.0)	(249, 164.0)	(250, 50766.0)	(251, 1528.0)							
ERR2836045_1	(246, 37.0)	(247, 532.0)	(248, 231.0)	(249, 1395.0)	(250, 939.0)	(251, 42258.0)								
ERR2836045_2	(242, 2.0)	(243, 0.0)	(244, 0.0)	(245, 0.0)	(246, 12.0)	(247, 15.0)	(248, 3.0)	(249, 422.0)	(250, 1912.0)	(251, 43026.0)				
ERR2836046_1	(246, 6.0)	(247, 562.0)	(248, 153.0)	(249, 11105.0)	(250, 3896.0)	(251, 36253.0)								
ERR2836046_2	(244, 2.0)	(245, 0.0)	(246, 5.0)	(247, 12.0)	(248, 19.0)	(249, 8096.0)	(250, 25670.0)	(251, 18171.0)						
ERR2836047_1	(247, 5.0)	(248, 62.0)	(249, 46.0)	(250, 1392.0)	(251, 55624.0)									
ERR2836047_2	(245, 1.0)	(246, 3.0)	(247, 2.0)	(248, 0.0)	(249, 158.0)	(250, 764.0)	(251, 56201.0)							
ERR2836048_1	(241, 1.0)	(242, 0.0)	(243, 0.0)	(244, 0.0)	(245, 0.0)	(246, 0.0)	(247, 7.0)	(248, 89.0)	(249, 97.0)	(250, 7608.0)	(251, 47889.0)			
ERR2836048_2	(245, 1.0)	(246, 2.0)	(247, 1.0)	(248, 1.0)	(249, 224.0)	(250, 53920.0)	(251, 1542.0)							
ERR2836049_1	(247, 5.0)	(248, 42.0)	(249, 40.0)	(250, 2899.0)	(251, 26274.0)									
ERR2836049_2	(246, 12.0)	(247, 2.0)	(248, 1.0)	(249, 252.0)	(250, 2614.0)	(251, 26379.0)								
ERR2836050_1	(246, 5.0)	(247, 84.0)	(248, 1878.0)	(249, 76.0)	(250, 11104.0)	(251, 42320.0)								
ERR2836050_2	(243, 1.0)	(244, 2.0)	(245, 1.0)	(246, 8.0)	(247, 8.0)	(248, 21.0)	(249, 8221.0)	(250, 23865.0)	(251, 23340.0)					
ERR2836051_1	(246, 1.0)	(247, 60.0)	(248, 1686.0)	(249, 64.0)	(250, 3149.0)	(251, 41555.0)								
ERR2836051_2	(245, 11.0)	(246, 3.0)	(247, 8.0)	(248, 1.0)	(249, 654.0)	(250, 1176.0)	(251, 44662.0)							
ERR2836052_1	(246, 2.0)	(247, 40.0)	(248, 1057.0)	(249, 66.0)	(250, 6358.0)	(251, 48810.0)								
ERR2836052_2	(245, 3.0)	(246, 7.0)	(247, 1.0)	(248, 0.0)	(249, 184.0)	(250, 54894.0)	(251, 1244.0)							
ERR2836053_1	(246, 1.0)	(247, 1.0)	(248, 55.0)	(249, 80.0)	(250, 2281.0)	(251, 43383.0)								
ERR2836053_2	(241, 1.0)	(242, 1.0)	(243, 0.0)	(244, 1.0)	(245, 4.0)	(246, 6.0)	(247, 11.0)	(248, 2.0)	(249, 380.0)	(250, 1984.0)	(251, 43411.0)			
ERR2836054_1	(247, 7.0)	(248, 45.0)	(249, 65.0)	(250, 11224.0)	(251, 45722.0)									
ERR2836054_2	(245, 3.0)	(246, 5.0)	(247, 5.0)	(248, 16.0)	(249, 19299.0)	(250, 29323.0)	(251, 8412.0)							
ERR2836055_1	(247, 6.0)	(248, 40.0)	(249, 52.0)	(250, 310.0)	(251, 41228.0)									
ERR2836055_2	(245, 6.0)	(246, 2.0)	(247, 2.0)	(248, 4.0)	(249, 292.0)	(250, 1034.0)	(251, 40296.0)							
ERR2836056_1	(247, 6.0)	(248, 26.0)	(249, 32.0)	(250, 181.0)	(251, 40866.0)									
ERR2836056_2	(246, 7.0)	(247, 0.0)	(248, 1.0)	(249, 165.0)	(250, 39939.0)	(251, 999.0)								
ERR2836057_1	(247, 8.0)	(248, 30.0)	(249, 43.0)	(250, 306.0)	(251, 30199.0)									
ERR2836057_2	(241, 1.0)	(242, 0.0)	(243, 0.0)	(244, 0.0)	(245, 0.0)	(246, 24.0)	(247, 3.0)	(248, 1.0)	(249, 343.0)	(250, 2904.0)	(251, 27310.0)			
ERR2836058_1	(246, 3.0)	(247, 6.0)	(248, 21.0)	(249, 32.0)	(250, 255.0)	(251, 38717.0)								
ERR2836058_2	(243, 1.0)	(244, 0.0)	(245, 0.0)	(246, 1.0)	(247, 10.0)	(248, 7.0)	(249, 20912.0)	(250, 13901.0)	(251, 4202.0)					
ERR2836059_1	(246, 1.0)	(247, 1.0)	(248, 18.0)	(249, 35.0)	(250, 188.0)	(251, 43410.0)								
ERR2836059_2	(245, 7.0)	(246, 0.0)	(247, 1.0)	(248, 1.0)	(249, 517.0)	(250, 1073.0)	(251, 42054.0)							
ERR2836060_1	(246, 1.0)	(247, 3.0)	(248, 20.0)	(249, 28.0)	(250, 167.0)	(251, 43449.0)								
ERR2836060_2	(245, 2.0)	(246, 4.0)	(247, 0.0)	(248, 0.0)	(249, 156.0)	(250, 42572.0)	(251, 934.0)							
ERR2836061_1	(246, 1.0)	(247, 10.0)	(248, 53.0)	(249, 46.0)	(250, 223.0)	(251, 40191.0)								
ERR2836061_2	(240, 1.0)	(241, 0.0)	(242, 0.0)	(243, 0.0)	(244, 0.0)	(245, 1.0)	(246, 24.0)	(247, 11.0)	(248, 0.0)	(249, 417.0)	(250, 3167.0)	(251, 36903.0)		
ERR2836062_1	(247, 2.0)	(248, 26.0)	(249, 18.0)	(250, 247.0)	(251, 36215.0)									
ERR2836062_2	(242, 1.0)	(243, 0.0)	(244, 1.0)	(245, 1.0)	(246, 8.0)	(247, 8.0)	(248, 24.0)	(249, 12908.0)	(250, 9371.0)	(251, 14186.0)				
ERR2836063_1	(240, 1.0)	(241, 0.0)	(242, 0.0)	(243, 0.0)	(244, 0.0)	(245, 1.0)	(246, 0.0)	(247, 10.0)	(248, 54.0)	(249, 142.0)	(250, 346.0)	(251, 36697.0)		
ERR2836063_2	(246, 3.0)	(247, 0.0)	(248, 2.0)	(249, 88.0)	(250, 417.0)	(251, 36741.0)								
ERR2836064_1	(240, 2.0)	(241, 0.0)	(242, 0.0)	(243, 0.0)	(244, 0.0)	(245, 0.0)	(246, 0.0)	(247, 8.0)	(248, 63.0)	(249, 107.0)	(250, 336.0)	(251, 35034.0)		
ERR2836064_2	(245, 1.0)	(246, 2.0)	(247, 0.0)	(248, 0.0)	(249, 139.0)	(250, 34693.0)	(251, 715.0)							
ERR2836065_1	(240, 3.0)	(241, 0.0)	(242, 0.0)	(243, 0.0)	(244, 0.0)	(245, 0.0)	(246, 0.0)	(247, 8.0)	(248, 59.0)	(249, 124.0)	(250, 322.0)	(251, 30715.0)		
ERR2836065_2	(245, 1.0)	(246, 9.0)	(247, 4.0)	(248, 1.0)	(249, 229.0)	(250, 2649.0)	(251, 28338.0)							
ERR2836066_1	(247, 17.0)	(248, 75.0)	(249, 89.0)	(250, 280.0)	(251, 25124.0)									
ERR2836066_2	(244, 1.0)	(245, 2.0)	(246, 0.0)	(247, 3.0)	(248, 3.0)	(249, 17897.0)	(250, 6154.0)	(251, 1525.0)						
ERR2836067_1	(240, 1.0)	(241, 1.0)	(242, 0.0)	(243, 0.0)	(244, 0.0)	(245, 0.0)	(246, 1.0)	(247, 9.0)	(248, 65.0)	(249, 51.0)	(250, 315.0)	(251, 33083.0)		
ERR2836067_2	(245, 1.0)	(246, 1.0)	(247, 1.0)	(248, 0.0)	(249, 234.0)	(250, 582.0)	(251, 32707.0)							
ERR2836068_1	(240, 1.0)	(241, 0.0)	(242, 0.0)	(243, 0.0)	(244, 0.0)	(245, 1.0)	(246, 1.0)	(247, 13.0)	(248, 53.0)	(249, 171.0)	(250, 404.0)	(251, 32669.0)		
ERR2836068_2	(245, 1.0)	(246, 6.0)	(247, 0.0)	(248, 0.0)	(249, 128.0)	(250, 32439.0)	(251, 739.0)							
ERR2836069_1	(240, 1.0)	(241, 1.0)	(242, 0.0)	(243, 0.0)	(244, 0.0)	(245, 0.0)	(246, 0.0)	(247, 7.0)	(248, 42.0)	(249, 81.0)	(250, 221.0)	(251, 29438.0)		
ERR2836069_2	(246, 4.0)	(247, 3.0)	(248, 0.0)	(249, 206.0)	(250, 1460.0)	(251, 28118.0)								
ERR2836070_1	(240, 2.0)	(241, 0.0)	(242, 0.0)	(243, 0.0)	(244, 0.0)	(245, 1.0)	(246, 1.0)	(247, 27.0)	(248, 79.0)	(249, 275.0)	(250, 743.0)	(251, 37933.0)		
ERR2836070_2	(245, 2.0)	(246, 4.0)	(247, 7.0)	(248, 4.0)	(249, 13784.0)	(250, 20303.0)	(251, 4957.0)							
ERR2836071_1	(247, 15.0)	(248, 68.0)	(249, 5812.0)	(250, 4610.0)	(251, 34250.0)									
ERR2836071_2	(246, 3.0)	(247, 0.0)	(248, 0.0)	(249, 116.0)	(250, 368.0)	(251, 44268.0)								
ERR2836072_1	(243, 1.0)	(244, 0.0)	(245, 0.0)	(246, 24.0)	(247, 991.0)	(248, 388.0)	(249, 8401.0)	(250, 8396.0)	(251, 23076.0)					
ERR2836072_2	(245, 2.0)	(246, 4.0)	(247, 0.0)	(248, 2.0)	(249, 146.0)	(250, 40226.0)	(251, 897.0)							
ERR2836073_1	(243, 1.0)	(244, 0.0)	(245, 0.0)	(246, 37.0)	(247, 980.0)	(248, 267.0)	(249, 4110.0)	(250, 6655.0)	(251, 27920.0)					
ERR2836073_2	(246, 15.0)	(247, 9.0)	(248, 1.0)	(249, 358.0)	(250, 2347.0)	(251, 37240.0)								
ERR2836074_1	(246, 11.0)	(247, 1122.0)	(248, 200.0)	(249, 4075.0)	(250, 3916.0)	(251, 33236.0)								
ERR2836074_2	(243, 1.0)	(244, 0.0)	(245, 1.0)	(246, 1.0)	(247, 5.0)	(248, 5.0)	(249, 17028.0)	(250, 21793.0)	(251, 3726.0)					
ERR2836075_1	(241, 1.0)	(242, 0.0)	(243, 0.0)	(244, 0.0)	(245, 0.0)	(246, 1.0)	(247, 546.0)	(248, 173.0)	(249, 3127.0)	(250, 6024.0)	(251, 39073.0)			
ERR2836075_2	(245, 1.0)	(246, 1.0)	(247, 2.0)	(248, 1.0)	(249, 247.0)	(250, 660.0)	(251, 48033.0)							
ERR2836076_1	(246, 81.0)	(247, 2718.0)	(248, 105.0)	(249, 2206.0)	(250, 2401.0)	(251, 42912.0)								
ERR2836076_2	(245, 1.0)	(246, 2.0)	(247, 2.0)	(248, 0.0)	(249, 104.0)	(250, 49479.0)	(251, 835.0)							
ERR2836077_1	(246, 5.0)	(247, 856.0)	(248, 467.0)	(249, 5551.0)	(250, 11592.0)	(251, 29869.0)								
ERR2836077_2	(246, 12.0)	(247, 6.0)	(248, 3.0)	(249, 420.0)	(250, 1962.0)	(251, 45937.0)								
ERR2836078_1	(246, 51.0)	(247, 1884.0)	(248, 430.0)	(249, 6806.0)	(250, 9000.0)	(251, 28871.0)								
ERR2836078_2	(242, 1.0)	(243, 0.0)	(244, 0.0)	(245, 2.0)	(246, 4.0)	(247, 4.0)	(248, 1.0)	(249, 20425.0)	(250, 23137.0)	(251, 3468.0)				
ERR2836079_1	(247, 56.0)	(248, 1220.0)	(249, 118.0)	(250, 6685.0)	(251, 43245.0)									
ERR2836079_2	(245, 2.0)	(246, 5.0)	(247, 4.0)	(248, 2.0)	(249, 350.0)	(250, 993.0)	(251, 49968.0)							
ERR2836080_1	(246, 14.0)	(247, 143.0)	(248, 3592.0)	(249, 77.0)	(250, 12390.0)	(251, 40215.0)								
ERR2836080_2	(245, 1.0)	(246, 3.0)	(247, 0.0)	(248, 0.0)	(249, 147.0)	(250, 55081.0)	(251, 1199.0)							
ERR2836081_1	(246, 18.0)	(247, 204.0)	(248, 5078.0)	(249, 79.0)	(250, 7337.0)	(251, 45809.0)								
ERR2836081_2	(242, 1.0)	(243, 0.0)	(244, 0.0)	(245, 0.0)	(246, 33.0)	(247, 9.0)	(248, 1.0)	(249, 468.0)	(250, 3360.0)	(251, 54653.0)				
ERR2836082_1	(247, 70.0)	(248, 1891.0)	(249, 85.0)	(250, 2268.0)	(251, 51390.0)									
ERR2836082_2	(244, 3.0)	(245, 0.0)	(246, 4.0)	(247, 3.0)	(248, 3.0)	(249, 20309.0)	(250, 28985.0)	(251, 6397.0)						
ERR2836083_1	(246, 2.0)	(247, 77.0)	(248, 1145.0)	(249, 131.0)	(250, 2931.0)	(251, 56888.0)								
ERR2836083_2	(244, 1.0)	(245, 2.0)	(246, 2.0)	(247, 5.0)	(248, 4.0)	(249, 283.0)	(250, 933.0)	(251, 59944.0)						
ERR2836084_1	(246, 1.0)	(247, 15.0)	(248, 321.0)	(249, 72.0)	(250, 5712.0)	(251, 49741.0)								
ERR2836084_2	(245, 2.0)	(246, 4.0)	(247, 1.0)	(248, 0.0)	(249, 157.0)	(250, 54563.0)	(251, 1135.0)							
ERR2836085_1	(246, 4.0)	(247, 53.0)	(248, 1711.0)	(249, 72.0)	(250, 7790.0)	(251, 47442.0)								
ERR2836085_2	(246, 20.0)	(247, 15.0)	(248, 1.0)	(249, 397.0)	(250, 3237.0)	(251, 53402.0)								
ERR2836086_1	(246, 2.0)	(247, 42.0)	(248, 1144.0)	(249, 67.0)	(250, 7467.0)	(251, 50317.0)								
ERR2836086_2	(243, 1.0)	(244, 1.0)	(245, 0.0)	(246, 3.0)	(247, 5.0)	(248, 7.0)	(249, 25903.0)	(250, 28092.0)	(251, 5027.0)					
ERR2836087_1	(245, 1.0)	(246, 0.0)	(247, 5.0)	(248, 38.0)	(249, 53.0)	(250, 430.0)	(251, 46586.0)							
ERR2836087_2	(245, 2.0)	(246, 1.0)	(247, 8.0)	(248, 3.0)	(249, 475.0)	(250, 925.0)	(251, 45699.0)							
ERR2836088_1	(241, 1.0)	(242, 0.0)	(243, 0.0)	(244, 0.0)	(245, 0.0)	(246, 3.0)	(247, 6.0)	(248, 38.0)	(249, 66.0)	(250, 1052.0)	(251, 55853.0)			
ERR2836088_2	(245, 3.0)	(246, 1.0)	(247, 0.0)	(248, 0.0)	(249, 162.0)	(250, 55860.0)	(251, 993.0)							
ERR2836089_1	(241, 1.0)	(242, 0.0)	(243, 0.0)	(244, 0.0)	(245, 0.0)	(246, 10.0)	(247, 6.0)	(248, 35.0)	(249, 59.0)	(250, 1046.0)	(251, 40486.0)			
ERR2836089_2	(246, 15.0)	(247, 3.0)	(248, 0.0)	(249, 411.0)	(250, 2692.0)	(251, 38522.0)								
ERR2836090_1	(241, 1.0)	(242, 0.0)	(243, 0.0)	(244, 0.0)	(245, 0.0)	(246, 2.0)	(247, 8.0)	(248, 22.0)	(249, 60.0)	(250, 850.0)	(251, 51565.0)			
ERR2836090_2	(246, 4.0)	(247, 7.0)	(248, 5.0)	(249, 21407.0)	(250, 27167.0)	(251, 3918.0)								
ERR2836091_1	(241, 1.0)	(242, 0.0)	(243, 0.0)	(244, 0.0)	(245, 0.0)	(246, 9.0)	(247, 8.0)	(248, 31.0)	(249, 66.0)	(250, 544.0)	(251, 52056.0)			
ERR2836091_2	(245, 1.0)	(246, 0.0)	(247, 3.0)	(248, 0.0)	(249, 427.0)	(250, 740.0)	(251, 51544.0)							
ERR2836092_1	(246, 3.0)	(247, 11.0)	(248, 28.0)	(249, 69.0)	(250, 1871.0)	(251, 48237.0)								
ERR2836092_2	(245, 2.0)	(246, 3.0)	(247, 1.0)	(248, 0.0)	(249, 132.0)	(250, 49037.0)	(251, 1044.0)							
ERR2836093_1	(243, 1.0)	(244, 0.0)	(245, 0.0)	(246, 4.0)	(247, 11.0)	(248, 32.0)	(249, 95.0)	(250, 1628.0)	(251, 48502.0)					
ERR2836093_2	(242, 2.0)	(243, 0.0)	(244, 0.0)	(245, 0.0)	(246, 17.0)	(247, 9.0)	(248, 2.0)	(249, 441.0)	(250, 2301.0)	(251, 47501.0)				
ERR2836094_1	(246, 6.0)	(247, 21.0)	(248, 25.0)	(249, 95.0)	(250, 1588.0)	(251, 50418.0)								
ERR2836094_2	(240, 1.0)	(241, 0.0)	(242, 0.0)	(243, 0.0)	(244, 0.0)	(245, 1.0)	(246, 9.0)	(247, 13.0)	(248, 10.0)	(249, 17164.0)	(250, 28640.0)	(251, 6315.0)		
ERR2836095_1	(240, 2.0)	(241, 0.0)	(242, 0.0)	(243, 0.0)	(244, 0.0)	(245, 0.0)	(246, 2.0)	(247, 19.0)	(248, 132.0)	(249, 199.0)	(250, 849.0)	(251, 57486.0)		
ERR2836095_2	(243, 1.0)	(244, 0.0)	(245, 2.0)	(246, 3.0)	(247, 6.0)	(248, 6.0)	(249, 583.0)	(250, 1115.0)	(251, 56973.0)					
ERR2836096_1	(240, 3.0)	(241, 1.0)	(242, 0.0)	(243, 0.0)	(244, 0.0)	(245, 0.0)	(246, 4.0)	(247, 25.0)	(248, 150.0)	(249, 289.0)	(250, 1577.0)	(251, 58200.0)		
ERR2836096_2	(245, 2.0)	(246, 5.0)	(247, 0.0)	(248, 0.0)	(249, 175.0)	(250, 58935.0)	(251, 1132.0)							
ERR2836097_1	(241, 1.0)	(242, 0.0)	(243, 0.0)	(244, 0.0)	(245, 2.0)	(246, 3.0)	(247, 36.0)	(248, 115.0)	(249, 148.0)	(250, 941.0)	(251, 48894.0)			
ERR2836097_2	(239, 1.0)	(240, 0.0)	(241, 0.0)	(242, 0.0)	(243, 0.0)	(244, 1.0)	(245, 1.0)	(246, 14.0)	(247, 6.0)	(248, 4.0)	(249, 447.0)	(250, 2743.0)	(251, 46923.0)	
ERR2836098_1	(240, 3.0)	(241, 1.0)	(242, 0.0)	(243, 0.0)	(244, 0.0)	(245, 0.0)	(246, 1.0)	(247, 34.0)	(248, 224.0)	(249, 252.0)	(250, 1472.0)	(251, 53742.0)		
ERR2836098_2	(246, 3.0)	(247, 7.0)	(248, 1.0)	(249, 21857.0)	(250, 28016.0)	(251, 5845.0)								
ERR2836099_1	(240, 3.0)	(241, 1.0)	(242, 0.0)	(243, 0.0)	(244, 0.0)	(245, 0.0)	(246, 4.0)	(247, 40.0)	(248, 263.0)	(249, 278.0)	(250, 1986.0)	(251, 67301.0)		
ERR2836099_2	(245, 1.0)	(246, 1.0)	(247, 3.0)	(248, 6.0)	(249, 239.0)	(250, 1015.0)	(251, 68611.0)							
ERR2836100_1	(241, 1.0)	(242, 0.0)	(243, 0.0)	(244, 0.0)	(245, 1.0)	(246, 3.0)	(247, 20.0)	(248, 152.0)	(249, 226.0)	(250, 1138.0)	(251, 68236.0)			
ERR2836100_2	(245, 2.0)	(246, 2.0)	(247, 0.0)	(248, 2.0)	(249, 187.0)	(250, 68108.0)	(251, 1476.0)							
ERR2836101_1	(240, 3.0)	(241, 1.0)	(242, 0.0)	(243, 0.0)	(244, 0.0)	(245, 1.0)	(246, 2.0)	(247, 23.0)	(248, 206.0)	(249, 445.0)	(250, 1910.0)	(251, 60732.0)		
ERR2836101_2	(240, 1.0)	(241, 0.0)	(242, 0.0)	(243, 0.0)	(244, 0.0)	(245, 1.0)	(246, 20.0)	(247, 10.0)	(248, 3.0)	(249, 534.0)	(250, 3061.0)	(251, 59693.0)		
ERR2836102_1	(240, 1.0)	(241, 0.0)	(242, 0.0)	(243, 0.0)	(244, 0.0)	(245, 2.0)	(246, 4.0)	(247, 39.0)	(248, 298.0)	(249, 732.0)	(250, 2077.0)	(251, 70045.0)		
ERR2836102_2	(245, 1.0)	(246, 6.0)	(247, 7.0)	(248, 9.0)	(249, 33411.0)	(250, 31904.0)	(251, 7860.0)							
ERR2836103_1	(245, 1.0)	(246, 32.0)	(247, 743.0)	(248, 187.0)	(249, 7805.0)	(250, 6102.0)	(251, 15605.0)							
ERR2836103_2	(245, 2.0)	(246, 3.0)	(247, 2.0)	(248, 4.0)	(249, 171.0)	(250, 701.0)	(251, 29592.0)							
ERR2836104_1	(246, 50.0)	(247, 1390.0)	(248, 417.0)	(249, 5142.0)	(250, 6454.0)	(251, 34720.0)								
ERR2836104_2	(246, 2.0)	(247, 1.0)	(248, 0.0)	(249, 94.0)	(250, 47216.0)	(251, 860.0)								
ERR2836105_1	(245, 2.0)	(246, 25.0)	(247, 1130.0)	(248, 223.0)	(249, 3353.0)	(250, 3851.0)	(251, 34607.0)							
ERR2836105_2	(246, 12.0)	(247, 9.0)	(248, 1.0)	(249, 374.0)	(250, 2281.0)	(251, 40514.0)								
ERR2836106_1	(246, 6.0)	(247, 851.0)	(248, 326.0)	(249, 3932.0)	(250, 7046.0)	(251, 37220.0)								
ERR2836106_2	(244, 1.0)	(245, 0.0)	(246, 1.0)	(247, 7.0)	(248, 4.0)	(249, 23422.0)	(250, 22126.0)	(251, 3820.0)						
ERR2836107_1	(246, 77.0)	(247, 2721.0)	(248, 106.0)	(249, 1944.0)	(250, 2706.0)	(251, 41386.0)								
ERR2836107_2	(238, 1.0)	(239, 0.0)	(240, 0.0)	(241, 0.0)	(242, 0.0)	(243, 0.0)	(244, 0.0)	(245, 1.0)	(246, 4.0)	(247, 13.0)	(248, 6.0)	(249, 321.0)	(250, 776.0)	(251, 47818.0)
ERR2836108_1	(246, 14.0)	(247, 1772.0)	(248, 551.0)	(249, 4769.0)	(250, 12621.0)	(251, 37830.0)								
ERR2836108_2	(246, 4.0)	(247, 0.0)	(248, 0.0)	(249, 145.0)	(250, 56201.0)	(251, 1207.0)								
ERR2836109_1	(246, 61.0)	(247, 2345.0)	(248, 429.0)	(249, 7573.0)	(250, 9694.0)	(251, 30999.0)								
ERR2836109_2	(246, 11.0)	(247, 8.0)	(248, 0.0)	(249, 422.0)	(250, 2192.0)	(251, 48468.0)								
ERR2836110_1	(246, 2.0)	(247, 693.0)	(248, 445.0)	(249, 4516.0)	(250, 7392.0)	(251, 34404.0)								
ERR2836110_2	(244, 1.0)	(245, 0.0)	(246, 3.0)	(247, 2.0)	(248, 4.0)	(249, 17635.0)	(250, 25017.0)	(251, 4790.0)						
ERR2836111_1	(246, 17.0)	(247, 93.0)	(248, 2075.0)	(249, 32.0)	(250, 4843.0)	(251, 19002.0)								
ERR2836111_2	(245, 2.0)	(246, 0.0)	(247, 2.0)	(248, 0.0)	(249, 249.0)	(250, 732.0)	(251, 25077.0)							
ERR2836112_1	(246, 25.0)	(247, 335.0)	(248, 8063.0)	(249, 131.0)	(250, 8928.0)	(251, 47838.0)								
ERR2836112_2	(244, 1.0)	(245, 1.0)	(246, 3.0)	(247, 2.0)	(248, 1.0)	(249, 165.0)	(250, 63709.0)	(251, 1438.0)						
ERR2836113_1	(247, 51.0)	(248, 1083.0)	(249, 49.0)	(250, 1510.0)	(251, 33262.0)									
ERR2836113_2	(245, 1.0)	(246, 6.0)	(247, 18.0)	(248, 0.0)	(249, 471.0)	(250, 1522.0)	(251, 33937.0)							
ERR2836114_1	(247, 41.0)	(248, 749.0)	(249, 103.0)	(250, 1761.0)	(251, 40868.0)									
ERR2836114_2	(244, 1.0)	(245, 1.0)	(246, 7.0)	(247, 10.0)	(248, 10.0)	(249, 13927.0)	(250, 22725.0)	(251, 6841.0)						
ERR2836115_1	(247, 27.0)	(248, 358.0)	(249, 72.0)	(250, 4696.0)	(251, 47731.0)									
ERR2836115_2	(245, 6.0)	(246, 4.0)	(247, 3.0)	(248, 6.0)	(249, 420.0)	(250, 1002.0)	(251, 51443.0)							
ERR2836116_1	(246, 4.0)	(247, 77.0)	(248, 1942.0)	(249, 90.0)	(250, 8216.0)	(251, 39978.0)								
ERR2836116_2	(243, 1.0)	(244, 0.0)	(245, 0.0)	(246, 4.0)	(247, 0.0)	(248, 0.0)	(249, 179.0)	(250, 48920.0)	(251, 1203.0)					
ERR2836117_1	(246, 9.0)	(247, 96.0)	(248, 2234.0)	(249, 83.0)	(250, 8515.0)	(251, 44465.0)								
ERR2836117_2	(243, 1.0)	(244, 0.0)	(245, 1.0)	(246, 22.0)	(247, 9.0)	(248, 1.0)	(249, 492.0)	(250, 3190.0)	(251, 51686.0)					
ERR2836118_1	(246, 6.0)	(247, 48.0)	(248, 1189.0)	(249, 74.0)	(250, 11310.0)	(251, 43856.0)								
ERR2836118_2	(240, 1.0)	(241, 0.0)	(242, 0.0)	(243, 1.0)	(244, 0.0)	(245, 1.0)	(246, 7.0)	(247, 8.0)	(248, 4.0)	(249, 19941.0)	(250, 31875.0)	(251, 4645.0)		
ERR2836119_1	(241, 1.0)	(242, 0.0)	(243, 0.0)	(244, 0.0)	(245, 0.0)	(246, 2.0)	(247, 10.0)	(248, 26.0)	(249, 84.0)	(250, 1307.0)	(251, 54125.0)			
ERR2836119_2	(242, 1.0)	(243, 0.0)	(244, 0.0)	(245, 3.0)	(246, 2.0)	(247, 4.0)	(248, 4.0)	(249, 300.0)	(250, 969.0)	(251, 54272.0)				
ERR2836120_1	(246, 13.0)	(247, 13.0)	(248, 35.0)	(249, 53.0)	(250, 1207.0)	(251, 45467.0)								
ERR2836120_2	(245, 1.0)	(246, 1.0)	(247, 1.0)	(248, 1.0)	(249, 101.0)	(250, 45710.0)	(251, 973.0)							
ERR2836121_1	(246, 8.0)	(247, 4.0)	(248, 17.0)	(249, 44.0)	(250, 657.0)	(251, 41797.0)								
ERR2836121_2	(243, 1.0)	(244, 1.0)	(245, 0.0)	(246, 10.0)	(247, 6.0)	(248, 1.0)	(249, 336.0)	(250, 1929.0)	(251, 40243.0)					
ERR2836122_1	(246, 5.0)	(247, 6.0)	(248, 44.0)	(249, 60.0)	(250, 606.0)	(251, 47865.0)								
ERR2836122_2	(240, 1.0)	(241, 0.0)	(242, 0.0)	(243, 0.0)	(244, 0.0)	(245, 2.0)	(246, 10.0)	(247, 17.0)	(248, 7.0)	(249, 19331.0)	(250, 25055.0)	(251, 4163.0)		
ERR2836123_1	(246, 7.0)	(247, 17.0)	(248, 33.0)	(249, 107.0)	(250, 2028.0)	(251, 51464.0)								
ERR2836123_2	(245, 1.0)	(246, 3.0)	(247, 1.0)	(248, 4.0)	(249, 216.0)	(250, 874.0)	(251, 52557.0)							
ERR2836124_1	(241, 1.0)	(242, 0.0)	(243, 0.0)	(244, 0.0)	(245, 0.0)	(246, 1.0)	(247, 18.0)	(248, 24.0)	(249, 92.0)	(250, 1743.0)	(251, 46946.0)			
ERR2836124_2	(244, 1.0)	(245, 1.0)	(246, 4.0)	(247, 1.0)	(248, 1.0)	(249, 166.0)	(250, 47653.0)	(251, 998.0)						
ERR2836125_1	(245, 1.0)	(246, 3.0)	(247, 24.0)	(248, 24.0)	(249, 92.0)	(250, 1488.0)	(251, 44396.0)							
ERR2836125_2	(246, 15.0)	(247, 7.0)	(248, 0.0)	(249, 381.0)	(250, 2136.0)	(251, 43489.0)								
ERR2836126_1	(241, 1.0)	(242, 0.0)	(243, 0.0)	(244, 0.0)	(245, 0.0)	(246, 0.0)	(247, 26.0)	(248, 33.0)	(249, 104.0)	(250, 2121.0)	(251, 56120.0)			
ERR2836126_2	(242, 1.0)	(243, 0.0)	(244, 0.0)	(245, 0.0)	(246, 8.0)	(247, 4.0)	(248, 5.0)	(249, 20954.0)	(250, 31191.0)	(251, 6242.0)				
ERR2836127_1	(240, 1.0)	(241, 0.0)	(242, 0.0)	(243, 0.0)	(244, 1.0)	(245, 1.0)	(246, 5.0)	(247, 25.0)	(248, 158.0)	(249, 194.0)	(250, 1036.0)	(251, 43377.0)		
ERR2836127_2	(244, 1.0)	(245, 0.0)	(246, 1.0)	(247, 4.0)	(248, 0.0)	(249, 166.0)	(250, 637.0)	(251, 43989.0)						
ERR2836128_1	(241, 2.0)	(242, 0.0)	(243, 0.0)	(244, 0.0)	(245, 0.0)	(246, 2.0)	(247, 54.0)	(248, 186.0)	(249, 227.0)	(250, 1309.0)	(251, 42263.0)			
ERR2836128_2	(245, 1.0)	(246, 4.0)	(247, 3.0)	(248, 2.0)	(249, 82.0)	(250, 43042.0)	(251, 909.0)							
ERR2836129_1	(240, 1.0)	(241, 1.0)	(242, 0.0)	(243, 1.0)	(244, 0.0)	(245, 1.0)	(246, 4.0)	(247, 25.0)	(248, 115.0)	(249, 147.0)	(250, 704.0)	(251, 34815.0)		
ERR2836129_2	(246, 9.0)	(247, 5.0)	(248, 1.0)	(249, 278.0)	(250, 1440.0)	(251, 34081.0)								
ERR2836130_1	(240, 3.0)	(241, 1.0)	(242, 0.0)	(243, 0.0)	(244, 0.0)	(245, 1.0)	(246, 4.0)	(247, 23.0)	(248, 191.0)	(249, 200.0)	(250, 1237.0)	(251, 33103.0)		
ERR2836130_2	(242, 2.0)	(243, 0.0)	(244, 0.0)	(245, 0.0)	(246, 3.0)	(247, 5.0)	(248, 4.0)	(249, 12185.0)	(250, 18750.0)	(251, 3814.0)				
ERR2836131_1	(240, 2.0)	(241, 0.0)	(242, 0.0)	(243, 0.0)	(244, 0.0)	(245, 0.0)	(246, 1.0)	(247, 10.0)	(248, 96.0)	(249, 132.0)	(250, 669.0)	(251, 37916.0)		
ERR2836131_2	(245, 2.0)	(246, 2.0)	(247, 4.0)	(248, 3.0)	(249, 249.0)	(250, 571.0)	(251, 37995.0)							
ERR2836132_1	(246, 1.0)	(247, 14.0)	(248, 138.0)	(249, 276.0)	(250, 1091.0)	(251, 36554.0)								
ERR2836132_2	(243, 1.0)	(244, 0.0)	(245, 1.0)	(246, 3.0)	(247, 0.0)	(248, 0.0)	(249, 106.0)	(250, 37082.0)	(251, 881.0)					
ERR2836133_1	(240, 1.0)	(241, 1.0)	(242, 0.0)	(243, 0.0)	(244, 0.0)	(245, 0.0)	(246, 1.0)	(247, 13.0)	(248, 160.0)	(249, 278.0)	(250, 902.0)	(251, 34455.0)		
ERR2836133_2	(242, 1.0)	(243, 0.0)	(244, 0.0)	(245, 0.0)	(246, 13.0)	(247, 8.0)	(248, 0.0)	(249, 249.0)	(250, 1695.0)	(251, 33845.0)				
ERR2836134_1	(240, 2.0)	(241, 0.0)	(242, 0.0)	(243, 0.0)	(244, 0.0)	(245, 1.0)	(246, 3.0)	(247, 42.0)	(248, 205.0)	(249, 260.0)	(250, 1702.0)	(251, 33666.0)		
ERR2836134_2	(243, 1.0)	(244, 0.0)	(245, 1.0)	(246, 3.0)	(247, 1.0)	(248, 6.0)	(249, 9237.0)	(250, 21416.0)	(251, 5216.0)					
ERR2836135_1	(246, 94.0)	(247, 2116.0)	(248, 411.0)	(249, 4065.0)	(250, 9215.0)	(251, 40849.0)								
ERR2836135_2	(245, 1.0)	(246, 3.0)	(247, 6.0)	(248, 3.0)	(249, 308.0)	(250, 1080.0)	(251, 55349.0)							
ERR2836136_1	(246, 32.0)	(247, 787.0)	(248, 202.0)	(249, 1611.0)	(250, 4317.0)	(251, 42382.0)								
ERR2836136_2	(247, 3.0)	(248, 4.0)	(249, 123.0)	(250, 48082.0)	(251, 1119.0)									
ERR2836137_1	(247, 651.0)	(248, 335.0)	(249, 1726.0)	(250, 7535.0)	(251, 32856.0)									
ERR2836137_2	(246, 13.0)	(247, 9.0)	(248, 2.0)	(249, 357.0)	(250, 2102.0)	(251, 40620.0)								
ERR2836138_1	(246, 103.0)	(247, 2526.0)	(248, 140.0)	(249, 1734.0)	(250, 4872.0)	(251, 41462.0)								
ERR2836138_2	(243, 1.0)	(244, 0.0)	(245, 2.0)	(246, 6.0)	(247, 5.0)	(248, 2.0)	(249, 19443.0)	(250, 28564.0)	(251, 2814.0)					
ERR2836139_1	(246, 7.0)	(247, 721.0)	(248, 359.0)	(249, 2744.0)	(250, 8162.0)	(251, 31367.0)								
ERR2836139_2	(244, 1.0)	(245, 6.0)	(246, 1.0)	(247, 2.0)	(248, 2.0)	(249, 367.0)	(250, 840.0)	(251, 42141.0)						
ERR2836140_1	(246, 45.0)	(247, 1910.0)	(248, 585.0)	(249, 3156.0)	(250, 9183.0)	(251, 27014.0)								
ERR2836140_2	(245, 1.0)	(246, 4.0)	(247, 2.0)	(248, 2.0)	(249, 151.0)	(250, 40744.0)	(251, 989.0)							
ERR2836141_1	(247, 12.0)	(248, 1.0)	(249, 21.0)	(250, 22.0)	(251, 134.0)									
ERR2836141_2	(246, 2.0)	(247, 1.0)	(248, 0.0)	(249, 9.0)	(250, 48.0)	(251, 130.0)								
ERR2836142_1	(245, 1.0)	(246, 106.0)	(247, 2339.0)	(248, 192.0)	(249, 1032.0)	(250, 6120.0)	(251, 37659.0)							
ERR2836142_2	(243, 1.0)	(244, 1.0)	(245, 2.0)	(246, 3.0)	(247, 5.0)	(248, 8.0)	(249, 19802.0)	(250, 24594.0)	(251, 3033.0)					
ERR2836143_1	(246, 13.0)	(247, 167.0)	(248, 4491.0)	(249, 128.0)	(250, 8509.0)	(251, 38324.0)								
ERR2836143_2	(245, 1.0)	(246, 0.0)	(247, 4.0)	(248, 6.0)	(249, 403.0)	(250, 1166.0)	(251, 50052.0)							
ERR2836144_1	(247, 55.0)	(248, 1146.0)	(249, 86.0)	(250, 6899.0)	(251, 38914.0)									
ERR2836144_2	(245, 1.0)	(246, 2.0)	(247, 2.0)	(248, 2.0)	(249, 125.0)	(250, 45782.0)	(251, 1186.0)							
ERR2836145_1	(247, 70.0)	(248, 1074.0)	(249, 229.0)	(250, 3974.0)	(251, 38257.0)									
ERR2836145_2	(245, 1.0)	(246, 9.0)	(247, 18.0)	(248, 0.0)	(249, 454.0)	(250, 1537.0)	(251, 41585.0)							
ERR2836146_1	(247, 29.0)	(248, 495.0)	(249, 119.0)	(250, 8386.0)	(251, 34049.0)									
ERR2836146_2	(245, 1.0)	(246, 5.0)	(247, 4.0)	(248, 5.0)	(249, 13086.0)	(250, 24951.0)	(251, 5026.0)							
ERR2836147_1	(247, 108.0)	(248, 1993.0)	(249, 91.0)	(250, 9410.0)	(251, 35557.0)									
ERR2836147_2	(246, 2.0)	(247, 3.0)	(248, 3.0)	(249, 550.0)	(250, 990.0)	(251, 45611.0)								
ERR2836148_1	(246, 13.0)	(247, 52.0)	(248, 1550.0)	(249, 86.0)	(250, 11600.0)	(251, 36489.0)								
ERR2836148_2	(240, 1.0)	(241, 0.0)	(242, 0.0)	(243, 0.0)	(244, 0.0)	(245, 0.0)	(246, 5.0)	(247, 0.0)	(248, 0.0)	(249, 151.0)	(250, 48501.0)	(251, 1132.0)		
ERR2836149_1	(246, 1.0)	(247, 55.0)	(248, 1192.0)	(249, 78.0)	(250, 13472.0)	(251, 33297.0)								
ERR2836149_2	(245, 1.0)	(246, 24.0)	(247, 11.0)	(248, 2.0)	(249, 417.0)	(250, 3421.0)	(251, 44219.0)							
ERR2836150_1	(247, 52.0)	(248, 601.0)	(249, 145.0)	(250, 5768.0)	(251, 44187.0)									
ERR2836150_2	(246, 5.0)	(247, 3.0)	(248, 8.0)	(249, 15260.0)	(250, 27776.0)	(251, 7701.0)								
ERR2836151_1	(241, 1.0)	(242, 0.0)	(243, 0.0)	(244, 0.0)	(245, 0.0)	(246, 17.0)	(247, 16.0)	(248, 127.0)	(249, 133.0)	(250, 1203.0)	(251, 43426.0)			
ERR2836151_2	(245, 2.0)	(246, 3.0)	(247, 4.0)	(248, 5.0)	(249, 579.0)	(250, 1026.0)	(251, 43304.0)							
ERR2836152_1	(246, 3.0)	(247, 9.0)	(248, 30.0)	(249, 52.0)	(250, 1153.0)	(251, 31687.0)								
ERR2836152_2	(246, 2.0)	(247, 1.0)	(248, 0.0)	(249, 91.0)	(250, 32199.0)	(251, 641.0)								
ERR2836153_1	(246, 2.0)	(247, 6.0)	(248, 52.0)	(249, 79.0)	(250, 624.0)	(251, 35281.0)								
ERR2836153_2	(245, 1.0)	(246, 29.0)	(247, 6.0)	(248, 0.0)	(249, 366.0)	(250, 3351.0)	(251, 32291.0)							
ERR2836154_1	(246, 6.0)	(247, 6.0)	(248, 49.0)	(249, 70.0)	(250, 1558.0)	(251, 32852.0)								
ERR2836154_2	(246, 6.0)	(247, 7.0)	(248, 0.0)	(249, 7854.0)	(250, 20387.0)	(251, 6287.0)								
ERR2836155_1	(247, 14.0)	(248, 44.0)	(249, 63.0)	(250, 1356.0)	(251, 31601.0)									
ERR2836155_2	(244, 1.0)	(245, 0.0)	(246, 1.0)	(247, 5.0)	(248, 1.0)	(249, 136.0)	(250, 649.0)	(251, 32285.0)						
ERR2836156_1	(247, 1.0)	(248, 3.0)	(249, 9.0)	(250, 206.0)	(251, 4487.0)									
ERR2836156_2	(246, 1.0)	(247, 0.0)	(248, 0.0)	(249, 28.0)	(250, 4536.0)	(251, 141.0)								
ERR2836157_1	(246, 3.0)	(247, 5.0)	(248, 29.0)	(249, 53.0)	(250, 2174.0)	(251, 31896.0)								
ERR2836157_2	(246, 14.0)	(247, 3.0)	(248, 1.0)	(249, 380.0)	(250, 2118.0)	(251, 31644.0)								
ERR2836158_1	(246, 4.0)	(247, 5.0)	(248, 26.0)	(249, 50.0)	(250, 995.0)	(251, 33872.0)								
ERR2836158_2	(246, 2.0)	(247, 3.0)	(248, 10.0)	(249, 13111.0)	(250, 17646.0)	(251, 4180.0)								
ERR2836159_1	(241, 1.0)	(242, 0.0)	(243, 0.0)	(244, 0.0)	(245, 1.0)	(246, 4.0)	(247, 29.0)	(248, 167.0)	(249, 131.0)	(250, 1290.0)	(251, 31436.0)			
ERR2836159_2	(244, 1.0)	(245, 0.0)	(246, 1.0)	(247, 1.0)	(248, 1.0)	(249, 186.0)	(250, 670.0)	(251, 32199.0)						
ERR2836160_1	(247, 1.0)	(248, 3.0)	(249, 3.0)	(250, 21.0)	(251, 426.0)									
ERR2836160_2	(249, 6.0)	(250, 423.0)	(251, 25.0)											
ERR2836161_1	(245, 1.0)	(246, 2.0)	(247, 25.0)	(248, 122.0)	(249, 138.0)	(250, 1720.0)	(251, 30202.0)							
ERR2836161_2	(246, 4.0)	(247, 9.0)	(248, 2.0)	(249, 275.0)	(250, 1201.0)	(251, 30719.0)								
ERR2836162_1	(240, 2.0)	(241, 1.0)	(242, 0.0)	(243, 0.0)	(244, 0.0)	(245, 2.0)	(246, 3.0)	(247, 27.0)	(248, 254.0)	(249, 226.0)	(250, 1323.0)	(251, 32437.0)		
ERR2836162_2	(242, 1.0)	(243, 0.0)	(244, 0.0)	(245, 0.0)	(246, 9.0)	(247, 6.0)	(248, 9.0)	(249, 11501.0)	(250, 18021.0)	(251, 4728.0)				
ERR2836163_1	(247, 17.0)	(248, 138.0)	(249, 161.0)	(250, 956.0)	(251, 32369.0)									
ERR2836163_2	(244, 1.0)	(245, 0.0)	(246, 1.0)	(247, 1.0)	(248, 1.0)	(249, 166.0)	(250, 538.0)	(251, 32933.0)						
ERR2836164_1	(243, 1.0)	(244, 0.0)	(245, 0.0)	(246, 0.0)	(247, 28.0)	(248, 140.0)	(249, 252.0)	(250, 1384.0)	(251, 37932.0)					
ERR2836164_2	(248, 2.0)	(249, 103.0)	(250, 38929.0)	(251, 703.0)										
