.	Basic Statistics	Per Base Sequence Quality	Per Tile Sequence Quality	Per Sequence Quality Scores	Per Base Sequence Content	Per Sequence GC Content	Per Base N Content	Sequence Length Distribution	Sequence Duplication Levels	Overrepresented Sequences	Adapter Content
ERR2835911_1	1	1	1	1	0.25	0.25	1	0.5	0.25	0.25	1
ERR2835911_2	1	1	1	1	0.25	0.5	1	0.5	0.25	0.25	1
ERR2835912_1	1	1	1	1	0.25	0.25	1	0.5	0.25	0.25	1
ERR2835912_2	1	0.5	0.5	1	0.25	0.5	1	0.5	0.25	0.25	1
ERR2835913_1	1	1	1	1	0.25	0.25	1	0.5	0.25	0.25	1
ERR2835913_2	1	1	1	1	0.25	0.5	1	0.5	0.25	0.25	1
ERR2835914_1	1	1	0.5	1	0.25	0.25	1	0.5	0.5	0.25	1
ERR2835914_2	1	0.25	0.5	1	0.25	0.5	1	0.5	0.5	0.25	1
ERR2835915_1	1	1	1	1	0.25	0.25	1	0.5	0.25	0.25	1
ERR2835915_2	1	1	1	1	0.25	0.5	1	0.5	0.25	0.25	1
ERR2835916_1	1	1	1	1	0.25	0.25	1	0.5	0.25	0.25	1
ERR2835916_2	1	0.5	0.5	1	0.25	0.5	1	0.5	0.25	0.25	1
ERR2835917_1	1	1	1	1	0.25	0.25	1	0.5	0.25	0.25	1
ERR2835917_2	1	1	1	1	0.25	0.5	1	0.5	0.25	0.25	1
ERR2835918_1	1	1	1	1	0.25	0.25	1	0.5	0.25	0.25	1
ERR2835918_2	1	0.5	1	1	0.25	0.25	1	0.5	0.25	0.25	1
ERR2835919_1	1	1	1	1	0.25	0.5	1	0.5	0.25	0.25	1
ERR2835919_2	1	1	1	1	0.25	0.5	1	0.5	0.25	0.25	1
ERR2835920_1	1	1	1	1	0.25	0.25	1	0.5	0.25	0.25	1
ERR2835920_2	1	0.5	0.5	1	0.25	0.5	1	0.5	0.25	0.25	1
ERR2835921_1	1	1	1	1	0.25	0.5	1	0.5	0.25	0.25	1
ERR2835921_2	1	1	1	1	0.25	0.5	1	0.5	0.25	0.25	1
ERR2835922_1	1	1	1	1	0.25	1	1	0.5	0.25	0.25	1
ERR2835922_2	1	0.25	1	1	0.25	0.5	1	0.5	0.25	0.25	1
ERR2835923_1	1	1	1	1	0.25	1	1	0.5	0.25	0.25	1
ERR2835923_2	1	1	1	1	0.25	0.5	1	0.5	0.25	0.25	1
ERR2835924_1	1	1	1	1	0.25	1	1	0.5	0.25	0.25	1
ERR2835924_2	1	0.5	0.5	1	0.25	0.5	1	0.5	0.25	0.25	1
ERR2835925_1	1	1	1	1	0.25	0.25	1	0.5	0.25	0.25	1
ERR2835925_2	1	1	1	1	0.25	0.5	1	0.5	0.25	0.25	1
ERR2835926_1	1	1	1	1	0.25	0.25	1	0.5	0.25	0.25	1
ERR2835926_2	1	0.25	1	1	0.25	0.25	1	0.5	0.25	0.25	1
ERR2835927_1	1	1	0.5	1	0.25	0.25	1	0.5	0.25	0.25	1
ERR2835927_2	1	1	1	1	0.25	0.5	1	0.5	0.25	0.25	1
ERR2835928_1	1	1	0.5	1	0.25	0.25	1	0.5	0.25	0.25	1
ERR2835928_2	1	0.5	0.5	1	0.25	0.25	1	0.5	0.25	0.25	1
ERR2835929_1	1	1	0.5	1	0.25	0.5	1	0.5	0.25	0.25	1
ERR2835929_2	1	1	1	1	0.25	0.5	1	0.5	0.25	0.25	1
ERR2835930_1	1	1	0.5	1	0.25	0.25	1	0.5	0.25	0.25	1
ERR2835930_2	1	0.25	1	1	0.25	0.5	1	0.5	0.25	0.25	1
ERR2835931_1	1	1	0.5	1	0.25	0.5	1	0.5	0.25	0.25	1
ERR2835931_2	1	1	1	1	0.25	0.5	1	0.5	0.25	0.25	1
ERR2835932_1	1	1	0.5	1	0.25	0.25	1	0.5	0.25	0.25	1
ERR2835932_2	1	0.5	1	1	0.25	0.5	1	0.5	0.25	0.25	1
ERR2835933_1	1	1	0.5	1	0.25	1	1	0.5	0.25	0.25	1
ERR2835933_2	1	1	1	1	0.25	1	1	0.5	0.25	0.25	1
ERR2835934_1	1	1	0.5	1	0.25	0.5	1	0.5	0.25	0.25	1
ERR2835934_2	1	0.5	1	1	0.25	0.5	1	0.5	0.25	0.25	1
ERR2835935_1	1	0.5	0.5	1	0.25	1	1	0.5	0.25	0.25	1
ERR2835935_2	1	1	1	1	0.25	1	1	0.5	0.25	0.25	1
ERR2835936_1	1	0.5	0.5	1	0.25	1	1	0.5	0.25	0.25	1
ERR2835936_2	1	1	0.5	1	0.25	0.5	1	0.5	0.25	0.25	1
ERR2835937_1	1	0.25	0.25	1	0.25	0.25	1	0.5	0.25	0.25	1
ERR2835937_2	1	1	1	1	0.25	0.25	1	0.5	0.25	0.25	1
ERR2835938_1	1	0.5	0.25	1	0.25	1	1	0.5	0.25	0.25	1
ERR2835938_2	1	0.25	1	1	0.25	0.5	1	0.5	0.25	0.25	1
ERR2835939_1	1	0.5	0.25	1	0.25	0.5	1	0.5	0.25	0.25	1
ERR2835939_2	1	1	1	1	0.25	0.5	1	0.5	0.25	0.25	1
ERR2835940_1	1	0.25	0.25	1	0.25	0.25	1	0.5	0.25	0.25	1
ERR2835940_2	1	0.5	0.5	1	0.25	0.25	1	0.5	0.25	0.25	1
ERR2835941_1	1	0.25	0.25	1	0.25	1	1	0.5	0.25	0.25	1
ERR2835941_2	1	1	1	1	0.25	0.5	1	0.5	0.25	0.25	1
ERR2835942_1	1	0.5	0.25	1	0.25	0.5	1	0.5	0.25	0.25	1
ERR2835942_2	1	0.5	1	1	0.25	0.5	1	0.5	0.25	0.25	1
ERR2835943_1	1	1	1	1	0.25	0.5	1	0.5	0.25	0.25	1
ERR2835943_2	1	1	1	1	0.25	0.5	1	0.5	0.25	0.25	1
ERR2835944_1	1	1	1	1	0.25	0.25	1	0.5	0.25	0.25	1
ERR2835944_2	1	0.5	0.5	1	0.25	0.5	1	0.5	0.25	0.25	1
ERR2835945_1	1	1	1	1	0.25	0.5	1	0.5	0.25	0.25	1
ERR2835945_2	1	1	1	1	0.25	0.5	1	0.5	0.25	0.25	1
ERR2835946_1	1	1	1	1	0.25	0.25	1	0.5	0.25	0.25	1
ERR2835946_2	1	0.25	1	1	0.25	0.5	1	0.5	0.25	0.25	1
ERR2835947_1	1	1	1	1	0.25	0.25	1	0.5	0.25	0.25	1
ERR2835947_2	1	1	1	1	0.25	0.5	1	0.5	0.25	0.25	1
ERR2835948_1	1	1	1	1	0.25	0.25	1	0.5	0.25	0.25	1
ERR2835948_2	1	0.5	0.5	1	0.25	0.5	1	0.5	0.25	0.25	1
ERR2835949_1	1	1	1	1	0.25	0.5	1	0.5	0.25	0.25	1
ERR2835949_2	1	1	1	1	0.25	0.5	1	0.5	0.25	0.25	1
ERR2835950_1	1	1	1	1	0.25	0.5	1	0.5	0.25	0.25	1
ERR2835950_2	1	0.25	1	1	0.25	0.5	1	0.5	0.25	0.25	1
ERR2835951_1	1	1	1	1	0.25	0.5	1	0.5	0.25	0.25	1
ERR2835951_2	1	1	1	1	0.25	0.5	1	0.5	0.25	0.25	1
ERR2835952_1	1	1	1	1	0.25	1	1	0.5	0.25	0.25	1
ERR2835952_2	1	0.5	1	1	0.25	1	1	0.5	0.25	0.25	1
ERR2835953_1	1	1	1	1	0.25	0.25	1	0.5	0.25	0.25	1
ERR2835953_2	1	0.5	1	1	0.25	0.25	1	0.5	0.25	0.25	1
ERR2835954_1	1	1	1	1	0.25	0.25	1	0.5	0.25	0.25	1
ERR2835954_2	1	0.25	1	1	0.25	0.5	1	0.5	0.25	0.25	1
ERR2835955_1	1	1	1	1	0.25	1	1	0.5	0.25	0.25	1
ERR2835955_2	1	1	1	1	0.25	0.5	1	0.5	0.25	0.25	1
ERR2835956_1	1	1	1	1	0.25	0.5	1	0.5	0.25	0.25	1
ERR2835956_2	1	0.5	0.5	1	0.25	0.5	1	0.5	0.25	0.25	1
ERR2835957_1	1	1	1	1	0.25	0.5	1	0.5	0.25	0.25	1
ERR2835957_2	1	1	1	1	0.25	1	1	0.5	0.25	0.25	1
ERR2835958_1	1	1	1	1	0.25	0.5	1	0.5	0.25	0.25	1
ERR2835958_2	1	0.25	1	1	0.25	0.5	1	0.5	0.25	0.25	1
ERR2835959_1	1	1	0.5	1	0.25	1	1	0.5	0.25	0.25	1
ERR2835959_2	1	1	1	1	0.25	0.5	1	0.5	0.25	0.25	1
ERR2835960_1	1	1	0.5	1	0.25	0.5	1	0.5	0.25	0.25	1
ERR2835960_2	1	0.5	1	1	0.25	0.25	1	0.5	0.25	0.25	1
ERR2835961_1	1	1	0.5	1	0.25	0.25	1	0.5	0.25	0.25	1
ERR2835961_2	1	1	1	1	0.25	0.5	1	0.5	0.25	0.25	1
ERR2835962_1	1	1	0.5	1	0.25	0.5	1	0.5	0.25	0.25	1
ERR2835962_2	1	0.25	1	1	0.25	0.25	1	0.5	0.25	0.25	1
ERR2835963_1	1	1	0.5	1	0.25	0.5	1	0.5	0.25	0.25	1
ERR2835963_2	1	1	1	1	0.25	1	1	0.5	0.25	0.25	1
ERR2835964_1	1	1	0.5	1	0.25	0.5	1	0.5	0.25	0.25	1
ERR2835964_2	1	0.5	1	1	0.25	0.5	1	0.5	0.25	0.25	1
ERR2835965_1	1	1	0.5	1	0.25	0.25	1	0.5	0.25	0.25	1
ERR2835965_2	1	1	1	1	0.25	0.5	1	0.5	0.25	0.25	1
ERR2835966_1	1	1	0.5	1	0.25	0.25	1	0.5	0.25	0.25	1
ERR2835966_2	1	0.25	1	1	0.25	0.5	1	0.5	0.25	0.25	1
ERR2835967_1	1	1	0.25	1	0.25	1	1	0.5	0.25	0.25	1
ERR2835967_2	1	1	1	1	0.25	0.5	1	0.5	0.25	0.25	1
ERR2835968_1	1	0.5	0.5	1	0.25	0.5	1	0.5	0.25	0.25	1
ERR2835968_2	1	1	0.5	1	0.25	0.5	1	0.5	0.25	0.25	1
ERR2835969_1	1	0.5	0.5	1	0.25	1	1	0.5	0.25	0.25	1
ERR2835969_2	1	1	1	1	0.25	0.5	1	0.5	0.25	0.25	1
ERR2835970_1	1	0.5	0.5	1	0.25	0.5	1	0.5	0.25	0.25	1
ERR2835970_2	1	0.25	1	1	0.25	0.5	1	0.5	0.25	0.25	1
ERR2835971_1	1	0.5	0.5	1	0.25	1	1	0.5	0.25	0.25	1
ERR2835971_2	1	1	1	1	0.25	0.5	1	0.5	0.25	0.25	1
ERR2835972_1	1	0.5	0.25	1	0.25	0.25	1	0.5	0.25	0.25	1
ERR2835972_2	1	0.5	0.5	1	0.25	0.5	1	0.5	0.25	0.25	1
ERR2835973_1	1	0.5	0.25	1	0.25	1	1	0.5	0.25	0.25	1
ERR2835973_2	1	1	1	1	0.25	0.5	1	0.5	0.25	0.25	1
ERR2835974_1	1	0.5	0.5	1	0.25	0.5	1	0.5	0.25	0.25	1
ERR2835974_2	1	0.5	1	1	0.25	0.5	1	0.5	0.25	0.25	1
ERR2835975_1	1	1	1	1	0.25	0.25	1	0.5	0.25	0.25	1
ERR2835975_2	1	1	1	1	0.25	0.25	1	0.5	0.25	0.25	1
ERR2835976_1	1	1	1	1	0.25	0.5	1	0.5	0.25	0.25	1
ERR2835976_2	1	0.5	0.5	1	0.25	0.5	1	0.5	0.25	0.25	1
ERR2835977_1	1	1	1	1	0.25	0.5	1	0.5	0.25	0.25	1
ERR2835977_2	1	1	1	1	0.25	1	1	0.5	0.25	0.25	1
ERR2835978_1	1	1	1	1	0.25	0.5	1	0.5	0.25	0.25	1
ERR2835978_2	1	0.25	1	1	0.25	0.5	1	0.5	0.25	0.25	1
ERR2835979_1	1	1	1	1	0.25	0.5	1	0.5	0.25	0.25	1
ERR2835979_2	1	1	1	1	0.25	0.5	1	0.5	0.25	0.25	1
ERR2835980_1	1	1	0.5	1	0.25	0.5	1	0.5	1	0.25	1
ERR2835980_2	1	0.5	0.25	1	0.25	0.5	1	0.5	1	0.25	1
ERR2835981_1	1	1	1	1	0.25	0.25	1	0.5	0.25	0.25	1
ERR2835981_2	1	1	1	1	0.25	0.25	1	0.5	0.25	0.25	1
ERR2835982_1	1	1	1	1	0.25	0.25	1	0.5	0.25	0.25	1
ERR2835982_2	1	0.25	1	1	0.25	0.5	1	0.5	0.25	0.25	1
ERR2835983_1	1	1	1	1	0.25	0.25	1	0.5	0.25	0.25	1
ERR2835983_2	1	1	1	1	0.25	0.25	1	0.5	0.25	0.25	1
ERR2835984_1	1	1	1	1	0.25	1	1	0.5	0.25	0.25	1
ERR2835984_2	1	1	0.5	1	0.25	0.5	1	0.5	0.25	0.25	1
ERR2835985_1	1	1	1	1	0.25	1	1	0.5	0.25	0.25	1
ERR2835985_2	1	1	1	1	0.25	0.5	1	0.5	0.25	0.25	1
ERR2835986_1	1	1	1	1	0.25	0.25	1	0.5	0.25	0.25	1
ERR2835986_2	1	0.25	1	1	0.25	0.5	1	0.5	0.25	0.25	1
ERR2835987_1	1	1	1	1	0.25	0.5	1	0.5	0.25	0.25	1
ERR2835987_2	1	1	1	1	0.25	0.5	1	0.5	0.25	0.25	1
ERR2835988_1	1	1	1	1	0.25	0.25	1	0.5	0.25	0.25	1
ERR2835988_2	1	0.5	0.5	1	0.25	0.25	1	0.5	0.25	0.25	1
ERR2835989_1	1	1	1	1	0.25	1	1	0.5	0.25	0.25	1
ERR2835989_2	1	1	1	1	0.25	0.5	1	0.5	0.25	0.25	1
ERR2835990_1	1	1	1	1	0.25	1	1	0.5	0.25	0.25	1
ERR2835990_2	1	0.25	1	1	0.25	0.5	1	0.5	0.25	0.25	1
ERR2835991_1	1	1	0.5	1	0.25	0.25	1	0.5	0.25	0.25	1
ERR2835991_2	1	1	1	1	0.25	0.25	1	0.5	0.25	0.25	1
ERR2835992_1	1	1	0.5	1	0.25	0.5	1	0.5	0.25	0.25	1
ERR2835992_2	1	0.5	1	1	0.25	0.5	1	0.5	0.25	0.25	1
ERR2835993_1	1	1	0.5	1	0.25	0.5	1	0.5	0.25	0.25	1
ERR2835993_2	1	1	1	1	0.25	0.5	1	0.5	0.25	0.25	1
ERR2835994_1	1	1	0.5	1	0.25	1	1	0.5	0.5	0.25	1
ERR2835994_2	1	0.25	0.5	1	0.25	0.25	1	0.5	0.5	0.25	1
ERR2835995_1	1	1	0.5	1	0.25	1	1	0.5	0.25	0.25	1
ERR2835995_2	1	1	1	1	0.25	0.5	1	0.5	0.25	0.25	1
ERR2835996_1	1	1	0.5	1	0.25	1	1	0.5	0.25	0.25	1
ERR2835996_2	1	0.5	0.5	1	0.25	0.5	1	0.5	0.25	0.25	1
ERR2835997_1	1	1	0.5	1	0.25	1	1	0.5	0.25	0.25	1
ERR2835997_2	1	1	1	1	0.25	0.5	1	0.5	0.25	0.25	1
ERR2835998_1	1	1	0.5	1	0.25	1	1	0.5	0.25	0.25	1
ERR2835998_2	1	0.25	1	1	0.25	0.5	1	0.5	0.25	0.25	1
ERR2835999_1	1	1	0.5	1	0.25	0.25	1	0.5	0.25	0.25	1
ERR2835999_2	1	1	1	1	0.25	0.25	1	0.5	0.25	0.25	1
ERR2836000_1	1	0.5	0.5	1	0.25	0.5	1	0.5	0.25	0.25	1
ERR2836000_2	1	1	1	1	0.25	0.25	1	0.5	0.25	0.25	1
ERR2836001_1	1	0.5	0.5	1	0.25	0.5	1	0.5	0.25	0.25	1
ERR2836001_2	1	1	1	1	0.25	0.25	1	0.5	0.25	0.25	1
ERR2836002_1	1	0.5	0.5	1	0.25	1	1	0.5	0.25	0.25	1
ERR2836002_2	1	0.25	1	1	0.25	0.25	1	0.5	0.25	0.25	1
ERR2836003_1	1	0.5	0.5	1	0.25	1	1	0.5	0.25	0.25	1
ERR2836003_2	1	0.5	0.5	1	0.25	0.5	1	0.5	0.25	0.25	1
ERR2836004_1	1	0.5	0.5	1	0.25	1	1	0.5	0.25	0.25	1
ERR2836004_2	1	0.5	0.5	1	0.25	0.5	1	0.5	0.25	0.25	1
ERR2836005_1	1	0.5	0.5	1	0.25	0.25	1	0.5	0.25	0.25	1
ERR2836005_2	1	1	1	1	0.25	0.5	1	0.5	0.25	0.25	1
ERR2836006_1	1	0.5	0.5	1	0.25	0.5	1	0.5	0.25	0.25	1
ERR2836006_2	1	0.25	1	1	0.25	0.25	1	0.5	0.25	0.25	1
ERR2836007_1	1	1	1	1	0.25	0.5	1	0.5	0.25	0.25	1
ERR2836007_2	1	1	1	1	0.25	1	1	0.5	0.25	0.25	1
ERR2836008_1	1	1	1	1	0.25	0.25	1	0.5	0.25	0.25	1
ERR2836008_2	1	0.5	0.5	1	0.25	1	1	0.5	0.25	0.25	1
ERR2836009_1	1	1	1	1	0.25	0.5	1	0.5	0.25	0.25	1
ERR2836009_2	1	0.5	1	1	0.25	0.25	1	0.5	0.25	0.25	1
ERR2836010_1	1	1	1	1	0.25	1	1	0.5	0.25	0.25	1
ERR2836010_2	1	0.25	1	1	0.25	0.25	1	0.5	0.25	0.25	1
ERR2836011_1	1	1	1	1	0.25	0.5	1	0.5	0.25	0.25	1
ERR2836011_2	1	1	1	1	0.25	1	1	0.5	0.25	0.25	1
ERR2836012_1	1	1	1	1	0.25	0.5	1	0.5	0.25	0.25	1
ERR2836012_2	1	0.5	0.5	1	0.25	0.25	1	0.5	0.25	0.25	1
ERR2836013_1	1	1	1	1	0.25	0.25	1	0.5	0.25	0.25	1
ERR2836013_2	1	1	1	1	0.25	0.25	1	0.5	0.25	0.25	1
ERR2836014_1	1	1	1	1	0.25	0.5	1	0.5	0.25	0.25	1
ERR2836014_2	1	0.25	1	1	0.25	0.5	1	0.5	0.25	0.25	1
ERR2836015_1	1	1	1	1	0.25	0.25	1	0.5	0.25	0.25	1
ERR2836015_2	1	1	1	1	0.25	0.25	1	0.5	0.25	0.25	1
ERR2836016_1	1	1	1	1	0.25	0.5	1	0.5	0.25	0.25	1
ERR2836016_2	1	0.5	1	1	0.25	0.5	1	0.5	0.25	0.25	1
ERR2836017_1	1	1	1	1	0.25	1	1	0.5	0.25	0.25	1
ERR2836017_2	1	1	1	1	0.25	0.5	1	0.5	0.25	0.25	1
ERR2836018_1	1	1	1	1	0.25	0.25	1	0.5	0.25	0.25	1
ERR2836018_2	1	0.25	1	1	0.25	0.5	1	0.5	0.25	0.25	1
ERR2836019_1	1	1	1	1	0.25	0.25	1	0.5	0.25	0.25	1
ERR2836019_2	1	1	1	1	0.25	0.5	1	0.5	0.25	0.25	1
ERR2836020_1	1	1	1	1	0.25	0.25	1	0.5	0.25	0.25	1
ERR2836020_2	1	0.5	1	1	0.25	0.25	1	0.5	0.25	0.25	1
ERR2836021_1	1	1	1	1	0.25	1	1	0.5	0.25	0.25	1
ERR2836021_2	1	1	1	1	0.25	1	1	0.5	0.25	0.25	1
ERR2836022_1	1	1	1	1	0.25	1	1	0.5	0.25	0.25	1
ERR2836022_2	1	0.25	1	1	0.25	0.5	1	0.5	0.25	0.25	1
ERR2836023_1	1	1	0.5	1	0.25	0.5	1	0.5	0.25	0.25	1
ERR2836023_2	1	1	1	1	0.25	0.5	1	0.5	0.25	0.25	1
ERR2836024_1	1	1	0.5	1	0.25	0.25	1	0.5	0.25	0.25	1
ERR2836024_2	1	0.5	0.5	1	0.25	0.5	1	0.5	0.25	0.25	1
ERR2836025_1	1	1	0.5	1	0.25	0.5	1	0.5	0.25	0.25	1
ERR2836025_2	1	1	1	1	0.25	0.5	1	0.5	0.25	0.25	1
ERR2836026_1	1	1	0.5	1	0.25	0.5	1	0.5	0.25	0.25	1
ERR2836026_2	1	0.25	1	1	0.25	1	1	0.5	0.25	0.25	1
ERR2836027_1	1	1	0.5	1	0.25	1	1	0.5	0.25	0.25	1
ERR2836027_2	1	1	1	1	0.25	0.5	1	0.5	0.25	0.25	1
ERR2836028_1	1	1	0.5	1	0.25	0.5	1	0.5	0.25	0.25	1
ERR2836028_2	1	0.5	0.5	1	0.25	0.5	1	0.5	0.25	0.25	1
ERR2836029_1	1	1	0.5	1	0.25	0.5	1	0.5	0.25	0.25	1
ERR2836029_2	1	1	1	1	0.25	0.5	1	0.5	0.25	0.25	1
ERR2836030_1	1	1	0.5	1	0.25	0.5	1	0.5	0.25	0.25	1
ERR2836030_2	1	0.25	1	1	0.25	0.25	1	0.5	0.25	0.25	1
ERR2836031_1	1	0.5	0.25	1	0.25	1	1	0.5	0.25	0.25	1
ERR2836031_2	1	1	1	1	0.25	1	1	0.5	0.25	0.25	1
ERR2836032_1	1	0.5	0.25	1	0.25	1	1	0.5	0.25	0.25	1
ERR2836032_2	1	1	0.5	1	0.25	0.5	1	0.5	0.25	0.25	1
ERR2836033_1	1	0.5	0.25	1	0.25	1	1	0.5	0.25	0.25	1
ERR2836033_2	1	1	1	1	0.25	0.25	1	0.5	0.25	0.25	1
ERR2836034_1	1	0.25	0.25	0.5	0.25	0.5	1	0.5	1	0.25	1
ERR2836034_2	1	0.25	0.25	0.25	0.25	0.25	1	0.5	1	0.5	1
ERR2836035_1	1	0.5	0.5	1	0.25	1	1	0.5	0.25	0.25	1
ERR2836035_2	1	1	1	1	0.25	0.5	1	0.5	0.25	0.25	1
ERR2836036_1	1	0.5	0.5	1	0.25	1	1	0.5	0.25	0.25	1
ERR2836036_2	1	0.5	0.5	1	0.25	0.5	1	0.5	0.25	0.25	1
ERR2836037_1	1	0.5	0.5	1	0.25	1	1	0.5	0.25	0.25	1
ERR2836037_2	1	1	1	1	0.25	0.5	1	0.5	0.25	0.25	1
ERR2836038_1	1	0.5	0.25	1	0.25	1	1	0.5	0.25	0.25	1
ERR2836038_2	1	0.25	1	1	0.25	0.5	1	0.5	0.25	0.25	1
ERR2836039_1	1	1	1	1	0.25	0.25	1	0.5	0.25	0.25	1
ERR2836039_2	1	1	1	1	0.25	0.5	1	0.5	0.25	0.25	1
ERR2836040_1	1	1	1	1	0.25	0.5	1	0.5	0.25	0.25	1
ERR2836040_2	1	0.5	0.5	1	0.25	0.5	1	0.5	0.25	0.25	1
ERR2836041_1	1	1	1	1	0.25	0.25	1	0.5	0.25	0.25	1
ERR2836041_2	1	1	1	1	0.25	0.5	1	0.5	0.25	0.25	1
ERR2836042_1	1	1	1	1	0.25	0.25	1	0.5	0.25	0.25	1
ERR2836042_2	1	0.25	1	1	0.25	0.25	1	0.5	0.25	0.25	1
ERR2836043_1	1	1	1	1	0.25	0.25	1	0.5	0.25	0.25	1
ERR2836043_2	1	1	1	1	0.25	0.25	1	0.5	0.25	0.25	1
ERR2836044_1	1	1	1	1	0.25	0.25	1	0.5	0.25	0.25	1
ERR2836044_2	1	0.5	1	1	0.25	0.25	1	0.5	0.25	0.25	1
ERR2836045_1	1	1	1	1	0.25	0.25	1	0.5	0.25	0.25	1
ERR2836045_2	1	1	1	1	0.25	0.25	1	0.5	0.25	0.25	1
ERR2836046_1	1	1	1	1	0.25	0.25	1	0.5	0.25	0.25	1
ERR2836046_2	1	0.25	1	1	0.25	0.25	1	0.5	0.25	0.25	1
ERR2836047_1	1	1	1	1	0.25	0.25	1	0.5	0.25	0.25	1
ERR2836047_2	1	1	1	1	0.25	0.25	1	0.5	0.25	0.25	1
ERR2836048_1	1	1	1	1	0.25	0.25	1	0.5	0.25	0.25	1
ERR2836048_2	1	0.5	1	1	0.25	0.25	1	0.5	0.25	0.25	1
ERR2836049_1	1	1	1	1	0.25	0.25	1	0.5	0.25	0.25	1
ERR2836049_2	1	1	1	1	0.25	0.25	1	0.5	0.25	0.25	1
ERR2836050_1	1	1	1	1	0.25	0.25	1	0.5	0.25	0.25	1
ERR2836050_2	1	0.25	1	1	0.25	0.25	1	0.5	0.25	0.25	1
ERR2836051_1	1	1	1	1	0.25	0.25	1	0.5	0.25	0.25	1
ERR2836051_2	1	1	1	1	0.25	0.25	1	0.5	0.25	0.25	1
ERR2836052_1	1	1	1	1	0.25	0.25	1	0.5	0.25	0.25	1
ERR2836052_2	1	0.5	0.5	1	0.25	0.25	1	0.5	0.25	0.25	1
ERR2836053_1	1	1	1	1	0.25	0.25	1	0.5	0.25	0.25	1
ERR2836053_2	1	1	1	1	0.25	0.25	1	0.5	0.25	0.25	1
ERR2836054_1	1	1	1	1	0.25	0.25	1	0.5	0.25	0.25	1
ERR2836054_2	1	0.25	1	1	0.25	0.25	1	0.5	0.25	0.25	1
ERR2836055_1	1	1	0.5	1	0.25	0.25	1	0.5	0.25	0.25	1
ERR2836055_2	1	1	1	1	0.25	0.25	1	0.5	0.25	0.25	1
ERR2836056_1	1	1	0.5	1	0.25	0.25	1	0.5	0.25	0.25	1
ERR2836056_2	1	0.5	0.5	1	0.25	0.25	1	0.5	0.25	0.25	1
ERR2836057_1	1	1	0.5	1	0.25	0.25	1	0.5	0.25	0.25	1
ERR2836057_2	1	1	1	1	0.25	0.25	1	0.5	0.25	0.25	1
ERR2836058_1	1	1	0.5	1	0.25	0.25	1	0.5	0.25	0.25	1
ERR2836058_2	1	0.25	1	1	0.25	0.25	1	0.5	0.25	0.25	1
ERR2836059_1	1	1	0.5	1	0.25	0.25	1	0.5	0.25	0.25	1
ERR2836059_2	1	1	1	1	0.25	0.25	1	0.5	0.25	0.25	1
ERR2836060_1	1	1	0.5	1	0.25	0.25	1	0.5	0.25	0.25	1
ERR2836060_2	1	0.5	0.5	1	0.25	0.25	1	0.5	0.25	0.25	1
ERR2836061_1	1	1	0.5	1	0.25	0.25	1	0.5	0.25	0.25	1
ERR2836061_2	1	1	1	1	0.25	0.25	1	0.5	0.25	0.25	1
ERR2836062_1	1	1	0.5	1	0.25	0.25	1	0.5	0.25	0.25	1
ERR2836062_2	1	0.25	1	1	0.25	0.25	1	0.5	0.25	0.25	1
ERR2836063_1	1	0.25	0.25	1	0.25	0.25	1	0.5	0.25	0.25	1
ERR2836063_2	1	1	1	1	0.25	0.25	1	0.5	0.25	0.25	1
ERR2836064_1	1	0.25	0.25	1	0.25	0.25	1	0.5	0.25	0.25	1
ERR2836064_2	1	0.5	0.5	1	0.25	0.25	1	0.5	0.25	0.25	1
ERR2836065_1	1	0.25	0.25	1	0.25	0.25	1	0.5	0.25	0.25	1
ERR2836065_2	1	1	1	1	0.25	0.25	1	0.5	0.25	0.25	1
ERR2836066_1	1	0.5	0.25	1	0.25	0.25	1	0.5	0.25	0.25	1
ERR2836066_2	1	0.25	1	1	0.25	0.25	1	0.5	0.25	0.25	1
ERR2836067_1	1	0.5	0.5	1	0.25	0.25	1	0.5	0.25	0.25	1
ERR2836067_2	1	1	1	1	0.25	0.25	1	0.5	0.25	0.25	1
ERR2836068_1	1	0.25	0.25	1	0.25	0.25	1	0.5	0.25	0.25	1
ERR2836068_2	1	1	0.5	1	0.25	0.25	1	0.5	0.25	0.25	1
ERR2836069_1	1	0.5	0.25	1	0.25	0.25	1	0.5	0.25	0.25	1
ERR2836069_2	1	1	1	1	0.25	0.25	1	0.5	0.25	0.25	1
ERR2836070_1	1	0.5	0.5	1	0.25	0.25	1	0.5	0.25	0.25	1
ERR2836070_2	1	0.25	1	1	0.25	0.25	1	0.5	0.25	0.25	1
ERR2836071_1	1	1	1	1	0.25	0.25	1	0.5	0.25	0.25	1
ERR2836071_2	1	1	1	1	0.25	0.25	1	0.5	0.25	0.25	1
ERR2836072_1	1	1	1	1	0.25	0.25	1	0.5	0.25	0.25	1
ERR2836072_2	1	0.5	0.5	1	0.25	0.5	1	0.5	0.25	0.25	1
ERR2836073_1	1	1	1	1	0.25	0.5	1	0.5	0.25	0.25	1
ERR2836073_2	1	1	1	1	0.25	0.5	1	0.5	0.25	0.25	1
ERR2836074_1	1	1	1	1	0.25	0.25	1	0.5	0.25	0.25	1
ERR2836074_2	1	0.25	1	1	0.25	0.5	1	0.5	0.25	0.25	1
ERR2836075_1	1	1	1	1	0.25	0.25	1	0.5	0.25	0.25	1
ERR2836075_2	1	1	1	1	0.25	0.25	1	0.5	0.25	0.25	1
ERR2836076_1	1	1	1	1	0.25	0.25	1	0.5	0.25	0.25	1
ERR2836076_2	1	0.5	0.5	1	0.25	0.5	1	0.5	0.25	0.25	1
ERR2836077_1	1	1	1	1	0.25	0.25	1	0.5	0.25	0.25	1
ERR2836077_2	1	1	1	1	0.25	0.5	1	0.5	0.25	0.25	1
ERR2836078_1	1	1	1	1	0.25	0.5	1	0.5	0.25	0.25	1
ERR2836078_2	1	0.25	1	1	0.25	0.5	1	0.5	0.25	0.25	1
ERR2836079_1	1	1	1	1	0.25	0.25	1	0.5	0.25	0.25	1
ERR2836079_2	1	1	1	1	0.25	0.5	1	0.5	0.25	0.25	1
ERR2836080_1	1	1	1	1	0.25	0.5	1	0.5	0.25	0.25	1
ERR2836080_2	1	0.5	0.5	1	0.25	0.5	1	0.5	0.25	0.25	1
ERR2836081_1	1	1	1	1	0.25	0.25	1	0.5	0.25	0.25	1
ERR2836081_2	1	1	1	1	0.25	0.5	1	0.5	0.25	0.25	1
ERR2836082_1	1	1	1	1	0.25	0.5	1	0.5	0.25	0.25	1
ERR2836082_2	1	0.25	1	1	0.25	0.5	1	0.5	0.25	0.25	1
ERR2836083_1	1	1	1	1	0.25	1	1	0.5	0.25	0.25	1
ERR2836083_2	1	1	1	1	0.25	0.5	1	0.5	0.25	0.25	1
ERR2836084_1	1	1	1	1	0.25	0.25	1	0.5	0.25	0.25	1
ERR2836084_2	1	0.5	0.5	1	0.25	0.5	1	0.5	0.25	0.25	1
ERR2836085_1	1	1	1	1	0.25	0.25	1	0.5	0.25	0.25	1
ERR2836085_2	1	1	1	1	0.25	0.5	1	0.5	0.25	0.25	1
ERR2836086_1	1	1	1	1	0.25	0.25	1	0.5	0.25	0.25	1
ERR2836086_2	1	0.25	1	1	0.25	0.5	1	0.5	0.25	0.25	1
ERR2836087_1	1	1	0.5	1	0.25	0.25	1	0.5	0.25	0.25	1
ERR2836087_2	1	1	1	1	0.25	0.5	1	0.5	0.25	0.25	1
ERR2836088_1	1	1	0.5	1	0.25	0.5	1	0.5	0.25	0.25	1
ERR2836088_2	1	0.5	0.5	1	0.25	0.5	1	0.5	0.25	0.25	1
ERR2836089_1	1	1	0.5	1	0.25	0.25	1	0.5	0.25	0.25	1
ERR2836089_2	1	1	1	1	0.25	0.5	1	0.5	0.25	0.25	1
ERR2836090_1	1	1	0.5	1	0.25	0.5	1	0.5	0.25	0.25	1
ERR2836090_2	1	0.25	1	1	0.25	0.5	1	0.5	0.25	0.25	1
ERR2836091_1	1	1	0.5	1	0.25	0.25	1	0.5	0.25	0.25	1
ERR2836091_2	1	1	1	1	0.25	0.5	1	0.5	0.25	0.25	1
ERR2836092_1	1	1	0.5	1	0.25	0.5	1	0.5	0.25	0.25	1
ERR2836092_2	1	0.5	0.5	1	0.25	1	1	0.5	0.25	0.25	1
ERR2836093_1	1	1	0.5	1	0.25	0.5	1	0.5	0.25	0.25	1
ERR2836093_2	1	1	1	1	0.25	0.5	1	0.5	0.25	0.25	1
ERR2836094_1	1	1	0.5	1	0.25	0.5	1	0.5	0.25	0.25	1
ERR2836094_2	1	0.25	1	1	0.25	0.5	1	0.5	0.25	0.25	1
ERR2836095_1	1	1	0.5	1	0.25	0.25	1	0.5	0.25	0.25	1
ERR2836095_2	1	1	1	1	0.25	0.5	1	0.5	0.25	0.25	1
ERR2836096_1	1	0.5	0.5	1	0.25	0.25	1	0.5	0.25	0.25	1
ERR2836096_2	1	0.5	1	1	0.25	0.25	1	0.5	0.25	0.25	1
ERR2836097_1	1	1	0.5	1	0.25	0.25	1	0.5	0.25	0.25	1
ERR2836097_2	1	1	1	1	0.25	0.5	1	0.5	0.25	0.25	1
ERR2836098_1	1	0.5	0.5	1	0.25	1	1	0.5	0.25	0.25	1
ERR2836098_2	1	0.25	1	1	0.25	0.25	1	0.5	0.25	0.25	1
ERR2836099_1	1	0.5	0.5	1	0.25	1	1	0.5	0.25	0.25	1
ERR2836099_2	1	1	1	1	0.25	0.5	1	0.5	0.25	0.25	1
ERR2836100_1	1	1	0.5	1	0.25	0.25	1	0.5	0.25	0.25	1
ERR2836100_2	1	0.5	1	1	0.25	0.25	1	0.5	0.25	0.25	1
ERR2836101_1	1	0.5	0.5	1	0.25	1	1	0.5	0.25	0.25	1
ERR2836101_2	1	1	1	1	0.25	0.25	1	0.5	0.25	0.25	1
ERR2836102_1	1	0.5	0.5	1	0.25	0.25	1	0.5	0.25	0.25	1
ERR2836102_2	1	0.25	1	1	0.25	0.25	1	0.5	0.25	0.25	1
ERR2836103_1	1	1	1	1	0.25	0.25	1	0.5	0.25	0.25	1
ERR2836103_2	1	1	1	1	0.25	0.25	1	0.5	0.25	0.25	1
ERR2836104_1	1	1	1	1	0.25	0.5	1	0.5	0.25	0.25	1
ERR2836104_2	1	0.5	0.5	1	0.25	0.5	1	0.5	0.25	0.25	1
ERR2836105_1	1	1	1	1	0.25	0.25	1	0.5	0.25	0.25	1
ERR2836105_2	1	1	1	1	0.25	0.5	1	0.5	0.25	0.25	1
ERR2836106_1	1	1	1	1	0.25	0.25	1	0.5	0.25	0.25	1
ERR2836106_2	1	0.25	1	1	0.25	0.25	1	0.5	0.25	0.25	1
ERR2836107_1	1	1	1	1	0.25	0.25	1	0.5	0.25	0.25	1
ERR2836107_2	1	1	1	1	0.25	0.25	1	0.5	0.25	0.25	1
ERR2836108_1	1	1	1	1	0.25	0.25	1	0.5	0.25	0.25	1
ERR2836108_2	1	0.5	0.5	1	0.25	0.5	1	0.5	0.25	0.25	1
ERR2836109_1	1	1	1	1	0.25	0.5	1	0.5	0.25	0.25	1
ERR2836109_2	1	1	1	1	0.25	0.5	1	0.5	0.25	0.25	1
ERR2836110_1	1	1	1	1	0.25	0.25	1	0.5	0.25	0.25	1
ERR2836110_2	1	0.25	1	1	0.25	0.5	1	0.5	0.25	0.25	1
ERR2836111_1	1	1	1	1	0.25	0.25	1	0.5	0.25	0.25	1
ERR2836111_2	1	1	1	1	0.25	0.5	1	0.5	0.25	0.25	1
ERR2836112_1	1	1	1	1	0.25	0.25	1	0.5	0.25	0.25	1
ERR2836112_2	1	0.5	0.5	1	0.25	0.5	1	0.5	0.25	0.25	1
ERR2836113_1	1	1	1	1	0.25	1	1	0.5	0.25	0.25	1
ERR2836113_2	1	1	1	1	0.25	1	1	0.5	0.25	0.25	1
ERR2836114_1	1	1	1	1	0.25	1	1	0.5	0.25	0.25	1
ERR2836114_2	1	0.25	1	1	0.25	0.5	1	0.5	0.25	0.25	1
ERR2836115_1	1	1	1	1	0.25	0.25	1	0.5	0.25	0.25	1
ERR2836115_2	1	1	1	1	0.25	0.5	1	0.5	0.25	0.25	1
ERR2836116_1	1	1	1	1	0.25	0.25	1	0.5	0.25	0.25	1
ERR2836116_2	1	0.5	0.5	1	0.25	0.5	1	0.5	0.25	0.25	1
ERR2836117_1	1	1	1	1	0.25	0.25	1	0.5	0.25	0.25	1
ERR2836117_2	1	1	1	1	0.25	0.5	1	0.5	0.25	0.25	1
ERR2836118_1	1	1	1	1	0.25	0.25	1	0.5	0.25	0.25	1
ERR2836118_2	1	0.25	1	1	0.25	0.5	1	0.5	0.25	0.25	1
ERR2836119_1	1	1	0.5	1	0.25	0.5	1	0.5	0.25	0.25	1
ERR2836119_2	1	1	1	1	0.25	0.5	1	0.5	0.25	0.25	1
ERR2836120_1	1	1	0.5	1	0.25	0.5	1	0.5	0.25	0.25	1
ERR2836120_2	1	0.5	0.5	1	0.25	0.5	1	0.5	0.25	0.25	1
ERR2836121_1	1	1	0.5	1	0.25	0.5	1	0.5	0.25	0.25	1
ERR2836121_2	1	1	1	1	0.25	0.5	1	0.5	0.25	0.25	1
ERR2836122_1	1	1	0.5	1	0.25	0.5	1	0.5	0.25	0.25	1
ERR2836122_2	1	0.25	1	1	0.25	0.5	1	0.5	0.25	0.25	1
ERR2836123_1	1	1	0.5	1	0.25	0.5	1	0.5	0.25	0.25	1
ERR2836123_2	1	1	1	1	0.25	0.5	1	0.5	0.25	0.25	1
ERR2836124_1	1	1	0.5	1	0.25	0.5	1	0.5	0.25	0.25	1
ERR2836124_2	1	0.5	0.5	1	0.25	0.5	1	0.5	0.25	0.25	1
ERR2836125_1	1	1	0.5	1	0.25	1	1	0.5	0.25	0.25	1
ERR2836125_2	1	1	1	1	0.25	0.5	1	0.5	0.25	0.25	1
ERR2836126_1	1	1	0.5	1	0.25	0.25	1	0.5	0.25	0.25	1
ERR2836126_2	1	0.25	1	1	0.25	0.5	1	0.5	0.25	0.25	1
ERR2836127_1	1	0.5	0.5	1	0.25	0.25	1	0.5	0.25	0.25	1
ERR2836127_2	1	1	1	1	0.25	0.25	1	0.5	0.25	0.25	1
ERR2836128_1	1	0.5	0.25	1	0.25	0.5	1	0.5	0.25	0.25	1
ERR2836128_2	1	0.5	0.5	1	0.25	0.5	1	0.5	0.25	0.25	1
ERR2836129_1	1	0.25	0.25	1	0.25	0.5	1	0.5	0.25	0.25	1
ERR2836129_2	1	1	1	1	0.25	1	1	0.5	0.25	0.25	1
ERR2836130_1	1	0.25	0.5	1	0.25	1	1	0.5	0.25	0.25	1
ERR2836130_2	1	0.25	1	1	0.25	0.5	1	0.5	0.25	0.25	1
ERR2836131_1	1	0.5	0.25	1	0.25	0.25	1	0.5	0.25	0.25	1
ERR2836131_2	1	1	1	1	0.25	0.25	1	0.5	0.25	0.25	1
ERR2836132_1	1	0.5	0.25	1	0.25	1	1	0.5	0.25	0.25	1
ERR2836132_2	1	0.5	0.5	1	0.25	0.25	1	0.5	0.25	0.25	1
ERR2836133_1	1	0.5	0.25	1	0.25	0.5	1	0.5	0.25	0.25	1
ERR2836133_2	1	1	1	1	0.25	0.5	1	0.5	0.25	0.25	1
ERR2836134_1	1	0.5	0.25	1	0.25	1	1	0.5	0.25	0.25	1
ERR2836134_2	1	0.25	1	1	0.25	0.5	1	0.5	0.25	0.25	1
ERR2836135_1	1	1	1	1	0.25	0.5	1	0.5	0.25	0.25	1
ERR2836135_2	1	1	1	1	0.25	0.5	1	0.5	0.25	0.25	1
ERR2836136_1	1	1	1	1	0.25	0.25	1	0.5	0.25	0.25	1
ERR2836136_2	1	0.5	0.5	1	0.25	0.25	1	0.5	0.25	0.25	1
ERR2836137_1	1	1	1	1	0.25	0.5	1	0.5	0.25	0.25	1
ERR2836137_2	1	1	1	1	0.25	0.5	1	0.5	0.25	0.25	1
ERR2836138_1	1	1	1	1	0.25	0.25	1	0.5	0.25	0.25	1
ERR2836138_2	1	0.25	1	1	0.25	0.5	1	0.5	0.25	0.25	1
ERR2836139_1	1	1	1	1	0.25	0.25	1	0.5	0.25	0.25	1
ERR2836139_2	1	1	1	1	0.25	0.5	1	0.5	0.25	0.25	1
ERR2836140_1	1	1	1	1	0.25	1	1	0.5	0.25	0.25	1
ERR2836140_2	1	0.5	0.5	1	0.25	0.5	1	0.5	0.25	0.25	1
ERR2836141_1	1	1	0.25	1	0.25	0.5	1	0.5	1	0.25	1
ERR2836141_2	1	0.25	0.25	0.25	0.25	0.5	1	0.5	1	0.25	1
ERR2836142_1	1	1	1	1	0.25	0.5	1	0.5	0.25	0.25	1
ERR2836142_2	1	0.25	0.5	1	0.25	0.25	1	0.5	0.25	0.25	1
ERR2836143_1	1	1	1	1	0.25	0.25	1	0.5	0.25	0.25	1
ERR2836143_2	1	1	1	1	0.25	0.5	1	0.5	0.25	0.25	1
ERR2836144_1	1	1	1	1	0.25	1	1	0.5	0.25	0.25	1
ERR2836144_2	1	0.5	0.5	1	0.25	1	1	0.5	0.25	0.25	1
ERR2836145_1	1	1	1	1	0.25	1	1	0.5	0.25	0.25	1
ERR2836145_2	1	1	1	1	0.25	1	1	0.5	0.25	0.25	1
ERR2836146_1	1	1	1	1	0.25	1	1	0.5	0.25	0.25	1
ERR2836146_2	1	0.25	1	1	0.25	0.5	1	0.5	0.25	0.25	1
ERR2836147_1	1	1	1	1	0.25	0.25	1	0.5	0.25	0.25	1
ERR2836147_2	1	1	1	1	0.25	0.5	1	0.5	0.25	0.25	1
ERR2836148_1	1	1	1	1	0.25	0.5	1	0.5	0.25	0.25	1
ERR2836148_2	1	0.5	1	1	0.25	0.5	1	0.5	0.25	0.25	1
ERR2836149_1	1	1	1	1	0.25	0.25	1	0.5	0.25	0.25	1
ERR2836149_2	1	1	1	1	0.25	0.5	1	0.5	0.25	0.25	1
ERR2836150_1	1	1	1	1	0.25	1	1	0.5	0.25	0.25	1
ERR2836150_2	1	0.25	1	1	0.25	0.5	1	0.5	0.25	0.25	1
ERR2836151_1	1	1	0.5	1	0.25	0.5	1	0.5	0.25	0.25	1
ERR2836151_2	1	1	1	1	0.25	0.5	1	0.5	0.25	0.25	1
ERR2836152_1	1	1	0.5	1	0.25	0.25	1	0.5	0.25	0.25	1
ERR2836152_2	1	0.5	0.5	1	0.25	0.5	1	0.5	0.25	0.25	1
ERR2836153_1	1	1	0.5	1	0.25	0.5	1	0.5	0.25	0.25	1
ERR2836153_2	1	1	1	1	0.25	0.5	1	0.5	0.25	0.25	1
ERR2836154_1	1	1	0.5	1	0.25	1	1	0.5	0.25	0.25	1
ERR2836154_2	1	0.25	1	1	0.25	0.5	1	0.5	0.25	0.25	1
ERR2836155_1	1	1	0.5	1	0.25	0.5	1	0.5	0.25	0.25	1
ERR2836155_2	1	1	1	1	0.25	0.25	1	0.5	0.25	0.25	1
ERR2836156_1	1	1	0.5	1	0.25	1	1	0.5	0.25	0.25	1
ERR2836156_2	1	0.5	0.5	1	0.25	1	1	0.5	0.25	0.25	1
ERR2836157_1	1	1	0.5	1	0.25	0.25	1	0.5	0.25	0.25	1
ERR2836157_2	1	1	1	1	0.25	0.5	1	0.5	0.25	0.25	1
ERR2836158_1	1	1	0.5	1	0.25	0.5	1	0.5	0.25	0.25	1
ERR2836158_2	1	0.25	1	1	0.25	0.5	1	0.5	0.25	0.25	1
ERR2836159_1	1	0.5	0.5	1	0.25	0.5	1	0.5	0.25	0.25	1
ERR2836159_2	1	1	1	1	0.25	0.5	1	0.5	0.25	0.25	1
ERR2836160_1	1	0.5	0.25	1	0.25	1	1	0.5	0.25	0.25	1
ERR2836160_2	1	1	0.25	1	0.25	0.5	1	0.5	0.5	0.25	1
ERR2836161_1	1	0.5	0.5	1	0.25	1	1	0.5	0.25	0.25	1
ERR2836161_2	1	1	1	1	0.25	1	1	0.5	0.25	0.25	1
ERR2836162_1	1	0.5	0.25	1	0.25	0.5	1	0.5	0.25	0.25	1
ERR2836162_2	1	0.25	1	1	0.25	0.5	1	0.5	0.25	0.25	1
ERR2836163_1	1	0.5	0.25	1	0.25	1	1	0.5	0.25	0.25	1
ERR2836163_2	1	1	1	1	0.25	0.5	1	0.5	0.25	0.25	1
ERR2836164_1	1	0.5	0.5	1	0.25	1	1	0.5	0.25	0.25	1
ERR2836164_2	1	0.5	0.5	1	0.25	0.5	1	0.5	0.25	0.25	1
