Sample	fastqc-percent_duplicates	fastqc-percent_gc	fastqc-avg_sequence_length	fastqc-median_sequence_length	fastqc-percent_fails	fastqc-total_sequences
ERR2835911_1	85.7693143432827	53.0	250.3443296525295	251	36.36363636363637	0.050622999999999994
ERR2835911_2	88.19508918870869	52.0	250.98147087292338	251	27.27272727272727	0.050622999999999994
ERR2835912_1	86.27018663572188	53.0	250.3168745769268	251	36.36363636363637	0.051705
ERR2835912_2	88.44212358572672	52.0	250.01984334203655	250	27.27272727272727	0.051705
ERR2835913_1	83.34492600676373	53.0	250.2129853932315	250	36.36363636363637	0.041693
ERR2835913_2	87.5686566090231	54.0	250.93416160986257	251	27.27272727272727	0.041693
ERR2835914_1	38.23088455772113	53.0	250.48125937031483	251	27.27272727272727	0.000667
ERR2835914_2	40.62968515742129	53.0	250.119940029985	250	27.27272727272727	0.000667
ERR2835915_1	86.15338577291382	53.0	250.40229565663475	251	36.36363636363637	0.046784
ERR2835915_2	87.18579001367989	52.0	250.97710755813952	251	27.27272727272727	0.046784
ERR2835916_1	86.62688729601952	53.0	250.33378450510904	251	36.36363636363637	0.052455999999999996
ERR2835916_2	88.22632301357328	52.0	250.01620405673327	250	27.27272727272727	0.052455999999999996
ERR2835917_1	84.93113465839029	54.0	250.24172884402367	251	36.36363636363637	0.047847
ERR2835917_2	89.20935481848392	54.0	250.94561832507785	251	27.27272727272727	0.047847
ERR2835918_1	85.43375873594653	54.0	250.19027271346096	251	36.36363636363637	0.052655999999999994
ERR2835918_2	88.45715587967183	52.0	249.69215284108174	250	36.36363636363637	0.052655999999999994
ERR2835919_1	53.73303167420814	54.0	250.89423076923077	251	27.27272727272727	0.0017679999999999998
ERR2835919_2	55.31674208144796	52.0	250.73699095022624	251	27.27272727272727	0.0017679999999999998
ERR2835920_1	84.33052222724733	54.0	250.93248024688074	251	36.36363636363637	0.037589
ERR2835920_2	86.38165420734789	52.0	250.02205432440343	250	27.27272727272727	0.037589
ERR2835921_1	84.78842386839943	54.0	250.85424521347178	251	27.27272727272727	0.047477
ERR2835921_2	86.83994355161447	54.0	250.93002927733428	251	27.27272727272727	0.047477
ERR2835922_1	84.16918105372159	54.0	250.85195765117567	251	27.27272727272727	0.056011
ERR2835922_2	86.34196854189355	51.0	249.91648069129278	250	36.36363636363637	0.056011
ERR2835923_1	85.00202753586808	54.0	250.8889296541603	251	27.27272727272727	0.051787
ERR2835923_2	84.37831888311739	52.0	250.970204877672	251	27.27272727272727	0.051787
ERR2835924_1	84.74205915655232	53.0	250.79793806241435	251	27.27272727272727	0.050341
ERR2835924_2	85.86440475953994	52.0	250.02107625990743	250	27.27272727272727	0.050341
ERR2835925_1	86.51059753322956	54.0	250.9150001995769	251	36.36363636363637	0.050106
ERR2835925_2	88.88755837624237	54.0	250.94499660719276	251	27.27272727272727	0.050106
ERR2835926_1	86.88503133129366	54.0	250.9328872237038	251	36.36363636363637	0.061120999999999995
ERR2835926_2	87.801246707351	52.0	249.74944781662603	250	45.45454545454545	0.061120999999999995
ERR2835927_1	88.91936607453849	51.0	250.97756298618367	251	36.36363636363637	0.06890399999999999
ERR2835927_2	89.01079763148729	52.0	250.97930453964938	251	27.27272727272727	0.06890399999999999
ERR2835928_1	88.7296465821265	53.0	250.94906580625798	251	36.36363636363637	0.066635
ERR2835928_2	88.97426277481804	52.0	250.02254070683574	250	36.36363636363637	0.066635
ERR2835929_1	87.34891676168758	52.0	250.9384834663626	251	27.27272727272727	0.05262
ERR2835929_2	87.90573926263778	53.0	250.93401748384645	251	27.27272727272727	0.05262
ERR2835930_1	86.8841640716834	52.0	250.95172300014437	251	36.36363636363637	0.048491
ERR2835930_2	87.40384813676765	52.0	249.69371635973687	250	36.36363636363637	0.048491
ERR2835931_1	87.05787420988928	52.0	250.94820011655534	251	27.27272727272727	0.044614
ERR2835931_2	85.53144752768189	53.0	250.974604384274	251	27.27272727272727	0.044614
ERR2835932_1	87.80310919369235	52.0	250.96070737875633	251	36.36363636363637	0.053776
ERR2835932_2	87.46094912228503	52.0	250.01904195180006	250	27.27272727272727	0.053776
ERR2835933_1	86.15295174673643	52.0	250.9033084932086	251	27.27272727272727	0.037842
ERR2835933_2	88.33042651022673	54.0	250.94979123724963	251	27.27272727272727	0.037842
ERR2835934_1	87.37829293993677	52.0	250.9440463645943	251	27.27272727272727	0.04745
ERR2835934_2	87.61433087460485	52.0	249.80120126448892	250	27.27272727272727	0.04745
ERR2835935_1	84.48029697315819	52.0	250.94208071578146	251	27.27272727272727	0.063036
ERR2835935_2	89.07766990291262	52.0	250.98234342280603	251	27.27272727272727	0.063036
ERR2835936_1	83.7649787398531	52.0	250.93250533604478	251	27.27272727272727	0.059501
ERR2835936_2	89.0001848708425	52.0	250.02191559805718	250	27.27272727272727	0.059501
ERR2835937_1	84.78721780280543	54.0	250.93154332818835	251	54.54545454545454	0.058956999999999996
ERR2835937_2	89.84005291992469	52.0	250.93239140390455	251	36.36363636363637	0.058956999999999996
ERR2835938_1	82.48466257668711	52.0	250.91687116564418	251	36.36363636363637	0.0489
ERR2835938_2	87.97750511247443	52.0	249.69531697341515	250	36.36363636363637	0.0489
ERR2835939_1	81.57465963381293	52.0	250.94324928889012	251	36.36363636363637	0.036211
ERR2835939_2	86.24174974455276	52.0	250.9812487918036	251	27.27272727272727	0.036211
ERR2835940_1	81.7718322853189	53.0	250.9268251232125	251	54.54545454545454	0.041188999999999996
ERR2835940_2	87.37769792905873	52.0	250.01922843477627	250	36.36363636363637	0.041188999999999996
ERR2835941_1	81.08100785694933	52.0	250.9156326198862	251	45.45454545454545	0.03691
ERR2835941_2	87.78108913573557	54.0	250.9452722839339	251	27.27272727272727	0.03691
ERR2835942_1	83.28633081228902	52.0	250.94887407597318	251	36.36363636363637	0.046806
ERR2835942_2	87.74943383326924	52.0	249.65521514335768	250	27.27272727272727	0.046806
ERR2835943_1	85.83897644415231	53.0	250.28170714929914	251	27.27272727272727	0.06541899999999999
ERR2835943_2	88.50486861615127	52.0	250.98142741405402	251	27.27272727272727	0.06541899999999999
ERR2835944_1	84.52848630664838	54.0	250.3145429597188	251	36.36363636363637	0.053201
ERR2835944_2	88.24834119659405	52.0	250.02283791658053	250	27.27272727272727	0.053201
ERR2835945_1	82.86719107670538	53.0	250.4585466350356	251	27.27272727272727	0.048054
ERR2835945_2	87.16652099721146	54.0	250.91996503933075	251	27.27272727272727	0.048054
ERR2835946_1	85.94647956845185	54.0	250.7188767055671	251	36.36363636363637	0.056726
ERR2835946_2	87.46782780382892	52.0	249.64587667030992	250	36.36363636363637	0.056726
ERR2835947_1	85.17716691824899	53.0	250.68536982601097	251	36.36363636363637	0.050348
ERR2835947_2	85.288392786208	53.0	250.95775403193772	251	27.27272727272727	0.050348
ERR2835948_1	84.58630088806822	54.0	250.50465136727337	251	36.36363636363637	0.056865
ERR2835948_2	87.08696034467599	53.0	250.0205574606524	250	27.27272727272727	0.056865
ERR2835949_1	85.33087114760565	53.0	250.66441364720225	251	27.27272727272727	0.055777
ERR2835949_2	89.76997687218746	54.0	250.93967047349267	251	27.27272727272727	0.055777
ERR2835950_1	85.27448071216617	54.0	250.62429348594037	251	27.27272727272727	0.056616
ERR2835950_2	87.8603221704112	53.0	249.7870213367246	250	36.36363636363637	0.056616
ERR2835951_1	86.3124964664644	54.0	250.66351318244352	251	27.27272727272727	0.053063
ERR2835951_2	87.05689463467954	53.0	250.9652677006577	251	27.27272727272727	0.053063
ERR2835952_1	85.22412241224123	54.0	250.8127812781278	251	27.27272727272727	0.055549999999999995
ERR2835952_2	87.19171917191719	53.0	250.0259405940594	250	27.27272727272727	0.055549999999999995
ERR2835953_1	85.87930930750255	55.0	250.56968092573652	251	36.36363636363637	0.049863
ERR2835953_2	86.69755129053607	56.0	250.87367386639391	251	36.36363636363637	0.049863
ERR2835954_1	85.6927795863834	54.0	250.5138217195762	251	36.36363636363637	0.053141
ERR2835954_2	86.02961931465347	53.0	249.68448090927907	250	36.36363636363637	0.053141
ERR2835955_1	85.08521865712379	54.0	250.84755666080346	251	27.27272727272727	0.049461
ERR2835955_2	84.29671862679687	53.0	250.93768827965468	251	27.27272727272727	0.049461
ERR2835956_1	84.86817443458703	54.0	250.7560736152514	251	27.27272727272727	0.056020999999999994
ERR2835956_2	86.98166758893986	52.0	250.0249906285143	250	27.27272727272727	0.056020999999999994
ERR2835957_1	85.82414968683105	54.0	250.82434789502895	251	27.27272727272727	0.050452
ERR2835957_2	88.49004994846587	54.0	250.93726710536748	251	27.27272727272727	0.050452
ERR2835958_1	85.53846716529817	54.0	250.78603953696762	251	27.27272727272727	0.054682999999999995
ERR2835958_2	86.29555803448969	52.0	249.85509207614797	250	36.36363636363637	0.054682999999999995
ERR2835959_1	86.98598251693994	52.0	250.95075777168572	251	27.27272727272727	0.038666
ERR2835959_2	85.62820048621528	53.0	250.97217193399885	251	27.27272727272727	0.038666
ERR2835960_1	87.53890805081181	53.0	250.96475140910238	251	27.27272727272727	0.047548
ERR2835960_2	85.50517371918903	54.0	250.0274249179776	250	36.36363636363637	0.047548
ERR2835961_1	86.32577003178778	53.0	250.9649238189192	251	36.36363636363637	0.036492
ERR2835961_2	84.42946399210786	55.0	250.87358873177683	251	27.27272727272727	0.036492
ERR2835962_1	87.50844811111888	54.0	250.95623295812067	251	27.27272727272727	0.042908999999999996
ERR2835962_2	83.75166049080613	54.0	249.89608240695426	250	45.45454545454545	0.042908999999999996
ERR2835963_1	85.9001873616079	52.0	250.96085845682165	251	27.27272727272727	0.029355
ERR2835963_2	81.40010219724067	52.0	250.96494634644864	251	27.27272727272727	0.029355
ERR2835964_1	87.5465583636708	53.0	250.94974853222786	251	27.27272727272727	0.047521
ERR2835964_2	84.18173018244565	54.0	250.0279665831948	250	27.27272727272727	0.047521
ERR2835965_1	87.76573824933945	52.0	250.98264368651976	251	36.36363636363637	0.041253
ERR2835965_2	86.7912636656728	54.0	250.89959518095654	251	27.27272727272727	0.041253
ERR2835966_1	88.40671731657653	53.0	250.9722593216999	251	36.36363636363637	0.045673
ERR2835966_2	85.67643903400258	53.0	249.70004160007005	250	36.36363636363637	0.045673
ERR2835967_1	82.70698853420579	52.0	250.93200106110177	251	36.36363636363637	0.033927
ERR2835967_2	86.2263094290683	52.0	250.97609573496035	251	27.27272727272727	0.033927
ERR2835968_1	82.31231843433056	52.0	250.91261913256204	251	27.27272727272727	0.039242
ERR2835968_2	86.64950818001121	52.0	250.02609449059682	250	27.27272727272727	0.039242
ERR2835969_1	81.72975977274132	52.0	250.93948002223183	251	27.27272727272727	0.032386
ERR2835969_2	87.10553943061817	54.0	250.922126844933	251	27.27272727272727	0.032386
ERR2835970_1	80.08160941355095	53.0	250.91124185487442	251	27.27272727272727	0.031613999999999996
ERR2835970_2	86.24659960776872	52.0	249.95438729676727	250	36.36363636363637	0.031613999999999996
ERR2835971_1	81.26619170984456	52.0	250.94369332901553	251	27.27272727272727	0.024704
ERR2835971_2	84.27784974093264	52.0	250.9755909974093	251	27.27272727272727	0.024704
ERR2835972_1	82.90682841746283	53.0	250.91078541118893	251	45.45454545454545	0.038412999999999996
ERR2835972_2	87.17621638507796	54.0	250.01666102621508	250	27.27272727272727	0.038412999999999996
ERR2835973_1	82.36855297691015	52.0	250.91244728849045	251	36.36363636363637	0.033911
ERR2835973_2	88.39019787089735	53.0	250.9458287871192	251	27.27272727272727	0.033911
ERR2835974_1	82.0332842748783	52.0	250.91568549756596	251	27.27272727272727	0.035331999999999995
ERR2835974_2	86.94101664213744	52.0	249.86624023548057	250	27.27272727272727	0.035331999999999995
ERR2835975_1	85.98905056908227	54.0	250.62962829563463	251	36.36363636363637	0.055527999999999994
ERR2835975_2	87.92140901887336	53.0	250.96994309177353	251	36.36363636363637	0.055527999999999994
ERR2835976_1	85.19662189813609	53.0	250.57288217567617	251	27.27272727272727	0.053758
ERR2835976_2	88.0780534990141	52.0	250.01958778228357	250	27.27272727272727	0.053758
ERR2835977_1	83.48483247014057	53.0	250.5129478913434	251	27.27272727272727	0.037843999999999996
ERR2835977_2	87.76292146707536	54.0	250.92595920093012	251	27.27272727272727	0.037843999999999996
ERR2835978_1	82.53712687752898	53.0	250.48490562040547	251	27.27272727272727	0.047202999999999995
ERR2835978_2	87.062262991759	52.0	249.80937652267863	250	36.36363636363637	0.047202999999999995
ERR2835979_1	83.04664613535641	54.0	250.4933523623526	251	27.27272727272727	0.039938999999999995
ERR2835979_2	84.44628057788127	53.0	250.97724029144445	251	27.27272727272727	0.039938999999999995
ERR2835980_1	23.529411764705884	54.0	250.65686274509804	251	18.181818181818183	0.000306
ERR2835980_2	21.568627450980387	54.0	250.26470588235293	250	27.27272727272727	0.000306
ERR2835981_1	83.75439941457296	55.0	250.779210370422	251	36.36363636363637	0.028697
ERR2835981_2	87.4899815311705	55.0	250.90566958218628	251	36.36363636363637	0.028697
ERR2835982_1	85.13942816801976	54.0	250.68621798642977	251	36.36363636363637	0.050994
ERR2835982_2	88.41236223869475	52.0	249.72275169627798	250	36.36363636363637	0.050994
ERR2835983_1	86.90787173211017	54.0	250.13231997038073	251	36.36363636363637	0.048617
ERR2835983_2	89.14165826768414	54.0	250.96482711808628	251	36.36363636363637	0.048617
ERR2835984_1	86.0949395432154	54.0	250.80098842044654	251	27.27272727272727	0.062524
ERR2835984_2	88.27170366579233	52.0	250.02690166975881	250	27.27272727272727	0.062524
ERR2835985_1	84.68598834084426	54.0	250.8099185512879	251	27.27272727272727	0.048374
ERR2835985_2	87.95634018274279	54.0	250.92923884731468	251	27.27272727272727	0.048374
ERR2835986_1	83.97589486676831	55.0	250.58994046322516	251	36.36363636363637	0.055091999999999995
ERR2835986_2	87.01081826762507	53.0	249.83585638568212	250	36.36363636363637	0.055091999999999995
ERR2835987_1	84.51300665456745	54.0	250.76275111083297	251	27.27272727272727	0.047937
ERR2835987_2	85.30779982059786	54.0	250.96090702380206	251	27.27272727272727	0.047937
ERR2835988_1	85.62558323164166	54.0	250.77273706123034	251	36.36363636363637	0.055723999999999996
ERR2835988_2	87.88313832459981	53.0	250.01749694924987	250	36.36363636363637	0.055723999999999996
ERR2835989_1	84.73485215705284	54.0	250.793679108095	251	27.27272727272727	0.051574999999999996
ERR2835989_2	89.43480368395541	54.0	250.93818710615608	251	27.27272727272727	0.051574999999999996
ERR2835990_1	84.46424698141855	54.0	250.79979755621432	251	27.27272727272727	0.055324
ERR2835990_2	88.50950762779264	52.0	249.8219036945991	250	36.36363636363637	0.055324
ERR2835991_1	89.32861580945806	51.0	250.98415602347256	251	36.36363636363637	0.05794
ERR2835991_2	88.29996548153262	52.0	250.9711253020366	251	36.36363636363637	0.05794
ERR2835992_1	88.52969243191662	52.0	250.97369155105338	251	27.27272727272727	0.068115
ERR2835992_2	87.89547089481024	53.0	250.02250605593483	250	27.27272727272727	0.068115
ERR2835993_1	87.64811112280333	52.0	250.96626328527833	251	27.27272727272727	0.047514999999999995
ERR2835993_2	87.02304535409871	54.0	250.9265916026518	251	27.27272727272727	0.047514999999999995
ERR2835994_1	47.56258234519104	52.0	250.86034255599472	251	18.181818181818183	0.000759
ERR2835994_2	40.974967061923586	53.0	250.05006587615284	250	36.36363636363637	0.000759
ERR2835995_1	87.57273240313698	52.0	250.94992897036215	251	27.27272727272727	0.051386999999999995
ERR2835995_2	85.58974059587055	53.0	250.93338782182263	251	27.27272727272727	0.051386999999999995
ERR2835996_1	87.83315961882073	52.0	250.94380955926147	251	27.27272727272727	0.053728
ERR2835996_2	86.71828469326981	53.0	250.0187053305539	250	27.27272727272727	0.053728
ERR2835997_1	87.4725732011803	52.0	250.92224029658772	251	27.27272727272727	0.052868
ERR2835997_2	87.98706211697056	54.0	250.93752364379208	251	27.27272727272727	0.052868
ERR2835998_1	85.93438040729403	52.0	250.9555769998669	251	27.27272727272727	0.030052
ERR2835998_2	85.16571276454147	53.0	249.89817649407692	250	36.36363636363637	0.030052
ERR2835999_1	85.19085487077535	53.0	250.9578727634195	251	36.36363636363637	0.0503
ERR2835999_2	88.76938369781313	54.0	250.97717693836978	251	36.36363636363637	0.0503
ERR2836000_1	71.83189655172414	52.0	250.87133620689656	251	27.27272727272727	0.00464
ERR2836000_2	73.01724137931035	52.0	250.1084051724138	250	36.36363636363637	0.00464
ERR2836001_1	82.46537600551032	52.0	250.90967011881625	251	27.27272727272727	0.040651
ERR2836001_2	86.40623846891836	53.0	250.93109640599246	251	36.36363636363637	0.040651
ERR2836002_1	82.23232216467603	52.0	250.91338124933938	251	27.27272727272727	0.037843999999999996
ERR2836002_2	86.98076313286121	51.0	249.8009988373322	250	45.45454545454545	0.037843999999999996
ERR2836003_1	80.64138576779027	52.0	250.91090823970038	251	27.27272727272727	0.02136
ERR2836003_2	85.00936329588015	53.0	250.02116104868915	250	27.27272727272727	0.02136
ERR2836004_1	81.90670834335177	52.0	250.9066181774465	251	27.27272727272727	0.033271999999999996
ERR2836004_2	85.4832892522241	53.0	250.02500601106036	250	27.27272727272727	0.033271999999999996
ERR2836005_1	84.28556844863375	53.0	250.921649028482	251	36.36363636363637	0.058774
ERR2836005_2	88.39963249055705	55.0	250.92207438663354	251	27.27272727272727	0.058774
ERR2836006_1	85.4493999546128	52.0	250.92320219994394	251	27.27272727272727	0.07491099999999999
ERR2836006_2	88.52771956054518	52.0	249.86664174820788	250	45.45454545454545	0.07491099999999999
ERR2836007_1	83.37784251841062	54.0	250.57424941328802	251	27.27272727272727	0.037071
ERR2836007_2	84.73200075530738	53.0	250.9741307221278	251	27.27272727272727	0.037071
ERR2836008_1	84.20616759289528	54.0	250.65520322545495	251	36.36363636363637	0.045884999999999995
ERR2836008_2	87.09818023319167	53.0	250.02151029748285	250	27.27272727272727	0.045884999999999995
ERR2836009_1	84.45928222248719	54.0	250.71887444855133	251	27.27272727272727	0.041935
ERR2836009_2	87.40908548944796	54.0	250.90144270895433	251	36.36363636363637	0.041935
ERR2836010_1	84.72289156626506	53.0	250.5695509309967	251	27.27272727272727	0.045649999999999996
ERR2836010_2	88.70755750273823	52.0	249.78922234392113	250	45.45454545454545	0.045649999999999996
ERR2836011_1	84.38283343417754	53.0	250.43916933183507	251	27.27272727272727	0.046276
ERR2836011_2	85.62537816578788	52.0	250.97555968536605	251	27.27272727272727	0.046276
ERR2836012_1	85.5352034329307	54.0	250.52970041322314	251	27.27272727272727	0.050336
ERR2836012_2	87.5437062937063	54.0	250.01515813731723	250	36.36363636363637	0.050336
ERR2836013_1	86.50090660886602	54.0	250.76682436797898	251	36.36363636363637	0.047980999999999996
ERR2836013_2	88.89768866843126	55.0	250.92299035034702	251	36.36363636363637	0.047980999999999996
ERR2836014_1	85.05660098613137	53.0	250.60008125427046	251	27.27272727272727	0.054151
ERR2836014_2	86.51363779062252	52.0	249.7156469871286	250	36.36363636363637	0.054151
ERR2836015_1	87.89800566999328	55.0	250.32538551038132	251	36.36363636363637	0.061022999999999994
ERR2836015_2	86.06263212231454	54.0	250.9427920620094	251	36.36363636363637	0.061022999999999994
ERR2836016_1	87.03675818568153	54.0	250.7652629289431	251	27.27272727272727	0.059768999999999996
ERR2836016_2	88.1276246883836	53.0	250.01898977730932	250	27.27272727272727	0.059768999999999996
ERR2836017_1	84.98478113298444	54.0	250.76096524842885	251	27.27272727272727	0.045667
ERR2836017_2	86.92053342676331	54.0	250.92607353230997	251	27.27272727272727	0.045667
ERR2836018_1	87.12848116077697	55.0	250.58413292768546	251	36.36363636363637	0.059822
ERR2836018_2	87.36919527932868	53.0	249.84306776771086	250	36.36363636363637	0.059822
ERR2836019_1	87.93085256049521	54.0	250.4514631401238	251	36.36363636363637	0.056864
ERR2836019_2	87.03221722003377	54.0	250.96723761958356	251	27.27272727272727	0.056864
ERR2836020_1	87.49355297500898	54.0	250.25222324679993	251	36.36363636363637	0.063983
ERR2836020_2	87.13720832096026	54.0	250.0188956441555	250	36.36363636363637	0.063983
ERR2836021_1	84.94532874822396	54.0	250.76010543005992	251	27.27272727272727	0.048562999999999995
ERR2836021_2	87.78905751292136	54.0	250.93087329860182	251	27.27272727272727	0.048562999999999995
ERR2836022_1	83.90964863357502	54.0	250.8206272255352	251	27.27272727272727	0.046618
ERR2836022_2	84.60465914453644	52.0	249.90810416577287	250	36.36363636363637	0.046618
ERR2836023_1	87.31000043803934	52.0	250.96850497174646	251	27.27272727272727	0.045658
ERR2836023_2	85.38919794997591	53.0	250.96016032239694	251	27.27272727272727	0.045658
ERR2836024_1	87.77513855898654	52.0	250.96964144327563	251	36.36363636363637	0.044205
ERR2836024_2	87.88372356068318	54.0	250.01579006899672	250	27.27272727272727	0.044205
ERR2836025_1	87.05824492376871	52.0	250.9763460502588	251	27.27272727272727	0.042699
ERR2836025_2	87.94351155764772	55.0	250.91945947211877	251	27.27272727272727	0.042699
ERR2836026_1	87.38746231416988	53.0	250.96571369165193	251	27.27272727272727	0.048095
ERR2836026_2	88.06736667013203	54.0	249.82507537166026	250	36.36363636363637	0.048095
ERR2836027_1	87.40620862145065	51.0	250.96254650160785	251	27.27272727272727	0.047578999999999996
ERR2836027_2	85.97700666260324	52.0	250.97326551629922	251	27.27272727272727	0.047578999999999996
ERR2836028_1	86.9629308476046	53.0	250.9277910253631	251	27.27272727272727	0.04613
ERR2836028_2	86.50986342943854	54.0	250.01615001083894	250	27.27272727272727	0.04613
ERR2836029_1	87.09994767137624	53.0	250.97061224489795	251	27.27272727272727	0.047775
ERR2836029_2	88.6677132391418	55.0	250.91956043956043	251	27.27272727272727	0.047775
ERR2836030_1	87.44411699845632	53.0	250.97796756279945	251	27.27272727272727	0.049880999999999995
ERR2836030_2	86.17910627292957	53.0	249.75044606162666	250	45.45454545454545	0.049880999999999995
ERR2836031_1	81.99136932954426	52.0	250.93332280812547	251	36.36363636363637	0.038003999999999996
ERR2836031_2	84.3726976107778	52.0	250.97402904957372	251	27.27272727272727	0.038003999999999996
ERR2836032_1	83.82919856128377	52.0	250.93756340496174	251	36.36363636363637	0.054215
ERR2836032_2	87.88527160379968	53.0	250.0157705432076	250	27.27272727272727	0.054215
ERR2836033_1	81.59420584704901	52.0	250.92179521087218	251	36.36363636363637	0.049152999999999995
ERR2836033_2	87.71387300876854	53.0	250.94661566944032	251	36.36363636363637	0.049152999999999995
ERR2836034_1	28.095238095238102	52.0	250.9142857142857	251	36.36363636363637	0.00020999999999999998
ERR2836034_2	1.9047619047619122	54.0	249.97142857142856	250	45.45454545454545	0.00020999999999999998
ERR2836035_1	82.39401720953282	52.0	250.93127449655358	251	27.27272727272727	0.044393999999999996
ERR2836035_2	86.26390953732486	52.0	250.97844303284228	251	27.27272727272727	0.044393999999999996
ERR2836036_1	80.64498346196251	53.0	250.90912348401324	251	27.27272727272727	0.03628
ERR2836036_2	86.44156560088203	54.0	250.01477398015436	250	27.27272727272727	0.03628
ERR2836037_1	81.20195991918817	52.0	250.93035784780437	251	27.27272727272727	0.043063
ERR2836037_2	87.66226226691127	53.0	250.94285117153936	251	27.27272727272727	0.043063
ERR2836038_1	82.02450133500864	52.0	250.92133919690068	251	36.36363636363637	0.038202
ERR2836038_2	86.63420763310822	52.0	249.81610910423538	250	36.36363636363637	0.038202
ERR2836039_1	86.35198332206446	54.0	250.61374521072796	251	36.36363636363637	0.070992
ERR2836039_2	86.66046878521524	53.0	250.9584319359928	251	27.27272727272727	0.070992
ERR2836040_1	86.66098731112406	53.0	250.51474390590204	251	27.27272727272727	0.066909
ERR2836040_2	88.79522934134421	52.0	250.01739676276733	250	27.27272727272727	0.066909
ERR2836041_1	85.57682506676451	53.0	250.61296964507778	251	36.36363636363637	0.049053
ERR2836041_2	88.5266956149471	54.0	250.94713880904328	251	27.27272727272727	0.049053
ERR2836042_1	88.79000780640125	54.0	249.79305230288836	249	36.36363636363637	0.03843
ERR2836042_2	88.98256570387719	49.0	249.66075982305492	250	45.45454545454545	0.03843
ERR2836043_1	87.26623437646838	54.0	250.19080913447985	251	36.36363636363637	0.053204999999999995
ERR2836043_2	87.51245183723334	52.0	250.95515459073394	251	36.36363636363637	0.053204999999999995
ERR2836044_1	88.56974040330881	54.0	249.97794762322266	250	36.36363636363637	0.052466
ERR2836044_2	90.57294247703274	51.0	250.02533069035184	250	36.36363636363637	0.052466
ERR2836045_1	88.02211843496652	53.0	250.85162583715191	251	36.36363636363637	0.045391999999999995
ERR2836045_2	89.13024321466338	53.0	250.93604599929503	251	36.36363636363637	0.045391999999999995
ERR2836046_1	87.12265512265512	55.0	250.44506012506014	251	36.36363636363637	0.051975
ERR2836046_2	86.98027898027898	52.0	250.19180375180375	250	45.45454545454545	0.051975
ERR2836047_1	90.02083005128743	54.0	250.9704178263229	251	36.36363636363637	0.057129
ERR2836047_2	86.9960965534142	50.0	250.9805877925397	251	36.36363636363637	0.057129
ERR2836048_1	89.06825160259288	54.0	250.8544289023361	251	36.36363636363637	0.055691
ERR2836048_2	89.65542008583074	50.0	250.0233430895477	250	36.36363636363637	0.055691
ERR2836049_1	87.53588516746412	55.0	250.8931989063568	251	36.36363636363637	0.029259999999999998
ERR2836049_2	86.83868762816131	52.0	250.891011619959	251	36.36363636363637	0.029259999999999998
ERR2836050_1	88.00367786251284	55.0	250.68898624407305	251	36.36363636363637	0.055466999999999995
ERR2836050_2	88.25427731804496	52.0	250.27037698090757	250	45.45454545454545	0.055466999999999995
ERR2836051_1	88.57142857142857	54.0	250.81554337310544	251	36.36363636363637	0.046515
ERR2836051_2	87.66849403418252	52.0	250.9441040524562	251	36.36363636363637	0.046515
ERR2836052_1	87.9591003497062	54.0	250.82548417446256	251	36.36363636363637	0.056332999999999994
ERR2836052_2	88.69579109935562	51.0	250.0180001065095	250	36.36363636363637	0.056332999999999994
ERR2836053_1	88.57230191480535	51.0	250.94290517674287	251	36.36363636363637	0.045800999999999994
ERR2836053_2	88.37143293814546	51.0	250.9372502783782	251	36.36363636363637	0.045800999999999994
ERR2836054_1	87.82398401766469	53.0	250.79817044319435	251	36.36363636363637	0.057062999999999996
ERR2836054_2	86.5727353977183	49.0	249.80777386397492	250	45.45454545454545	0.057062999999999996
ERR2836055_1	89.19444711307523	53.0	250.98659813622825	251	36.36363636363637	0.041636
ERR2836055_2	83.79287155346336	52.0	250.9595542319147	251	36.36363636363637	0.041636
ERR2836056_1	89.54780958867457	53.0	250.99155943664712	251	36.36363636363637	0.041110999999999995
ERR2836056_2	87.45104716499233	52.0	250.019556809613	250	36.36363636363637	0.041110999999999995
ERR2836057_1	87.12482835284116	53.0	250.98319492578304	251	36.36363636363637	0.030586
ERR2836057_2	84.42751585692801	53.0	250.8778853070032	251	36.36363636363637	0.030586
ERR2836058_1	87.45965056104934	52.0	250.98921453092177	251	36.36363636363637	0.039034
ERR2836058_2	85.94558589947225	50.0	249.5705026387252	249	45.45454545454545	0.039034
ERR2836059_1	91.6615123817378	53.0	250.9926465535015	251	36.36363636363637	0.043653
ERR2836059_2	86.87375438114219	51.0	250.9506104964149	251	36.36363636363637	0.043653
ERR2836060_1	88.87514885041678	52.0	250.99312998076394	251	36.36363636363637	0.043668
ERR2836060_2	86.51644224603828	52.0	250.0172208482184	250	36.36363636363637	0.043668
ERR2836061_1	88.07866943046096	52.0	250.98719277465204	251	36.36363636363637	0.040524
ERR2836061_2	85.74918566775244	54.0	250.89680189517324	251	36.36363636363637	0.040524
ERR2836062_1	90.15832146378875	53.0	250.9898926262737	251	36.36363636363637	0.036508
ERR2836062_2	84.97315656842336	51.0	250.03163690150103	250	45.45454545454545	0.036508
ERR2836063_1	85.14133848755738	54.0	250.97720866553917	251	54.54545454545454	0.037251
ERR2836063_2	86.50237577514697	51.0	250.9835172210142	251	36.36363636363637	0.037251
ERR2836064_1	85.67651195499298	53.0	250.97769338959213	251	54.54545454545454	0.03555
ERR2836064_2	89.9493670886076	51.0	250.01583684950774	250	36.36363636363637	0.03555
ERR2836065_1	83.56120521276937	53.0	250.97400019211682	251	54.54545454545454	0.031231
ERR2836065_2	87.80698664788191	52.0	250.89827415068362	251	36.36363636363637	0.031231
ERR2836066_1	85.02638264608169	51.0	250.97064686339652	251	45.45454545454545	0.025585
ERR2836066_2	89.09908149306234	50.0	249.35888215751416	249	45.45454545454545	0.025585
ERR2836067_1	85.6857364433574	52.0	250.9798961999642	251	36.36363636363637	0.033526
ERR2836067_2	88.57006502416036	52.0	250.96823360973573	251	36.36363636363637	0.033526
ERR2836068_1	84.82274187254225	54.0	250.97061207336475	251	54.54545454545454	0.033312999999999995
ERR2836068_2	89.80578152673131	51.0	250.01747065710083	250	36.36363636363637	0.033312999999999995
ERR2836069_1	84.65308314591655	53.0	250.98126951092613	251	45.45454545454545	0.029790999999999998
ERR2836069_2	88.72813937095096	51.0	250.9360880802927	251	36.36363636363637	0.029790999999999998
ERR2836070_1	83.18015411791814	53.0	250.95722075727707	251	36.36363636363637	0.039061
ERR2836070_2	86.28299326694145	52.0	249.77261206830343	250	45.45454545454545	0.039061
ERR2836071_1	89.96313261088147	53.0	250.63137079655905	251	36.36363636363637	0.044754999999999996
ERR2836071_2	89.19673779465981	51.0	250.98625851860126	251	36.36363636363637	0.044754999999999996
ERR2836072_1	85.16607311577876	53.0	250.2622041330523	251	36.36363636363637	0.041277
ERR2836072_2	88.02238534777237	52.0	250.01746735470115	250	27.27272727272727	0.041277
ERR2836073_1	84.7460595446585	54.0	250.5049036777583	251	27.27272727272727	0.03997
ERR2836073_2	87.7182887165374	54.0	250.9205153865399	251	27.27272727272727	0.03997
ERR2836074_1	85.9140037593985	54.0	250.59565319548872	251	36.36363636363637	0.04256
ERR2836074_2	88.50093984962406	53.0	249.68648966165412	250	36.36363636363637	0.04256
ERR2836075_1	86.85258964143426	53.0	250.69361528245992	251	36.36363636363637	0.048944999999999995
ERR2836075_2	87.06915926039431	52.0	250.9759730309531	251	36.36363636363637	0.048944999999999995
ERR2836076_1	87.88648037601888	53.0	250.63498800150725	251	36.36363636363637	0.050422999999999996
ERR2836076_2	88.23949388176031	53.0	250.01412054022967	250	27.27272727272727	0.050422999999999996
ERR2836077_1	86.15846090194455	53.0	250.43020273065784	251	36.36363636363637	0.04834
ERR2836077_2	88.88084402151428	54.0	250.94011170872983	251	27.27272727272727	0.04834
ERR2836078_1	85.99336762892734	53.0	250.32628289613538	251	27.27272727272727	0.047042
ERR2836078_2	86.9457080906424	52.0	249.63851451894053	250	36.36363636363637	0.047042
ERR2836079_1	86.49169978957212	54.0	250.78947470968748	251	36.36363636363637	0.051323999999999995
ERR2836079_2	85.40254072168966	53.0	250.96586392331074	251	27.27272727272727	0.051323999999999995
ERR2836080_1	88.17139515514522	55.0	250.57537523701512	251	27.27272727272727	0.056430999999999995
ERR2836080_2	89.0733816519289	54.0	250.01834098279315	250	27.27272727272727	0.056430999999999995
ERR2836081_1	87.39854762921829	54.0	250.59615548910722	251	36.36363636363637	0.058525
ERR2836081_2	88.36223835967536	54.0	250.92295600170868	251	27.27272727272727	0.058525
ERR2836082_1	85.61503662214562	53.0	250.8493644980612	251	27.27272727272727	0.055704
ERR2836082_2	89.38137297142036	52.0	249.74937167887404	250	36.36363636363637	0.055704
ERR2836083_1	86.21636643018276	53.0	250.88645502991466	251	27.27272727272727	0.061174
ERR2836083_2	86.71984830156603	52.0	250.9744989701507	251	27.27272727272727	0.061174
ERR2836084_1	86.78529232752139	54.0	250.876767749096	251	36.36363636363637	0.055861999999999995
ERR2836084_2	87.53535498191972	52.0	250.01698829257813	250	27.27272727272727	0.055861999999999995
ERR2836085_1	88.17633865993832	54.0	250.76697855340623	251	36.36363636363637	0.057072
ERR2836085_2	89.29597701149426	54.0	250.92651387720773	251	27.27272727272727	0.057072
ERR2836086_1	87.53027659682583	54.0	250.81010857229967	251	36.36363636363637	0.059038999999999994
ERR2836086_2	87.476075136774	52.0	249.6454885753485	250	36.36363636363637	0.059038999999999994
ERR2836087_1	88.9966675864411	52.0	250.9856515186891	251	36.36363636363637	0.047112999999999995
ERR2836087_2	85.85528410417507	53.0	250.95897098465392	251	27.27272727272727	0.047112999999999995
ERR2836088_1	89.47543801189077	51.0	250.97637629562075	251	27.27272727272727	0.057019
ERR2836088_2	87.92157000298147	52.0	250.0142408670794	250	27.27272727272727	0.057019
ERR2836089_1	88.58151430012246	52.0	250.9675095454218	251	36.36363636363637	0.041643
ERR2836089_2	87.3400091251831	54.0	250.9135268832697	251	27.27272727272727	0.041643
ERR2836090_1	89.06071455778167	52.0	250.97927934790889	251	27.27272727272727	0.052508
ERR2836090_2	88.16751733069246	53.0	249.6660318427668	250	36.36363636363637	0.052508
ERR2836091_1	89.60447690410699	52.0	250.98376173764584	251	36.36363636363637	0.052715
ERR2836091_2	87.06629991463531	53.0	250.96942046855733	251	27.27272727272727	0.052715
ERR2836092_1	88.17379876142496	52.0	250.9571476931042	251	27.27272727272727	0.050219
ERR2836092_2	87.23391545032757	52.0	250.0176626376471	250	27.27272727272727	0.050219
ERR2836093_1	87.35305233425497	52.0	250.96049569351342	251	27.27272727272727	0.050273
ERR2836093_2	87.87221769140493	53.0	250.93380144411512	251	27.27272727272727	0.050273
ERR2836094_1	88.47621421586486	52.0	250.96228404885625	251	27.27272727272727	0.052153
ERR2836094_2	85.92602534849385	52.0	249.7898682721991	250	36.36363636363637	0.052153
ERR2836095_1	86.26488779839492	52.0	250.9701647668217	251	36.36363636363637	0.058689
ERR2836095_2	85.94625909454923	53.0	250.95982211317283	251	27.27272727272727	0.058689
ERR2836096_1	86.09769456754469	52.0	250.95405732875236	251	36.36363636363637	0.060249
ERR2836096_2	87.82552407508838	52.0	250.01538614748793	250	36.36363636363637	0.060249
ERR2836097_1	85.77383326685282	53.0	250.96483845233345	251	36.36363636363637	0.05014
ERR2836097_2	88.51216593538093	55.0	250.92485041882728	251	27.27272727272727	0.05014
ERR2836098_1	85.50485384629188	52.0	250.9491826517612	251	27.27272727272727	0.055729
ERR2836098_2	89.37895889034435	52.0	249.7120529706257	250	45.45454545454545	0.055729
ERR2836099_1	86.04098689106416	52.0	250.949138473868	251	27.27272727272727	0.069876
ERR2836099_2	86.85671761405919	52.0	250.9780468258057	251	27.27272727272727	0.069876
ERR2836100_1	86.87533141292977	52.0	250.9690872350488	251	36.36363636363637	0.06977699999999999
ERR2836100_2	87.71944910213968	53.0	250.01815784570846	250	36.36363636363637	0.06977699999999999
ERR2836101_1	85.19021524564535	53.0	250.94363817254393	251	27.27272727272727	0.06332299999999999
ERR2836101_2	88.13385341818929	53.0	250.9321731440393	251	36.36363636363637	0.06332299999999999
ERR2836102_1	85.54195469821579	52.0	250.93669225935136	251	36.36363636363637	0.073198
ERR2836102_2	87.76059455176372	51.0	249.65000409847264	250	45.45454545454545	0.073198
ERR2836103_1	79.2715340442986	54.0	250.16616899097622	251	36.36363636363637	0.030475
ERR2836103_2	78.51353568498769	51.0	250.96423297785068	251	36.36363636363637	0.030475
ERR2836104_1	85.5520727378407	53.0	250.5059680734021	251	27.27272727272727	0.048173
ERR2836104_2	88.34616901583874	53.0	250.01567267971686	250	27.27272727272727	0.048173
ERR2836105_1	85.93920029635804	54.0	250.63226135074436	251	36.36363636363637	0.043191
ERR2836105_2	89.15283276608552	55.0	250.92757750457272	251	27.27272727272727	0.043191
ERR2836106_1	85.75768007938277	53.0	250.60871590287763	251	36.36363636363637	0.049380999999999994
ERR2836106_2	86.52315667969462	52.0	249.6022559283935	250	45.45454545454545	0.049380999999999994
ERR2836107_1	87.1618308132407	53.0	250.62850429096852	251	36.36363636363637	0.04894
ERR2836107_2	87.0065386187168	53.0	250.9687985288108	251	36.36363636363637	0.04894
ERR2836108_1	85.76367774553921	53.0	250.46192470073146	251	36.36363636363637	0.057557
ERR2836108_2	86.54029918168077	53.0	250.01817328908734	250	27.27272727272727	0.057557
ERR2836109_1	85.32514040821118	53.0	250.29919179663804	251	27.27272727272727	0.051101
ERR2836109_2	88.2565898906088	53.0	250.93888573609127	251	27.27272727272727	0.051101
ERR2836110_1	85.48217145747282	54.0	250.56712045856867	251	36.36363636363637	0.047452
ERR2836110_2	86.75714406136727	52.0	249.72863103768017	250	36.36363636363637	0.047452
ERR2836111_1	84.98580308495127	54.0	250.55532959864937	251	36.36363636363637	0.026062
ERR2836111_2	82.14642007520527	54.0	250.9520374491597	251	27.27272727272727	0.026062
ERR2836112_1	87.38518064911206	54.0	250.46656460502143	251	36.36363636363637	0.06532
ERR2836112_2	87.85823637477036	53.0	250.01901408450703	250	27.27272727272727	0.06532
ERR2836113_1	84.16910026421917	53.0	250.8592407175636	251	27.27272727272727	0.035955
ERR2836113_2	86.49144764288694	54.0	250.92846613822834	251	27.27272727272727	0.035955
ERR2836114_1	84.5089839621341	53.0	250.89940719636047	251	27.27272727272727	0.043522
ERR2836114_2	85.06502458526722	52.0	249.8351408483066	250	36.36363636363637	0.043522
ERR2836115_1	86.83911958248241	54.0	250.88612812949097	251	36.36363636363637	0.052884
ERR2836115_2	85.29801074048862	52.0	250.9635428484986	251	27.27272727272727	0.052884
ERR2836116_1	86.27228815075436	54.0	250.71077583636472	251	36.36363636363637	0.050307
ERR2836116_2	86.0933866062377	53.0	250.01989782734015	250	27.27272727272727	0.050307
ERR2836117_1	86.7965055413162	54.0	250.71459514096964	251	36.36363636363637	0.055402
ERR2836117_2	88.07804772390888	55.0	250.92171762752247	251	27.27272727272727	0.055402
ERR2836118_1	87.83350742701344	54.0	250.73006037214736	251	36.36363636363637	0.056483
ERR2836118_2	84.66087141263743	53.0	249.72774109023953	250	36.36363636363637	0.056483
ERR2836119_1	87.67527675276753	52.0	250.9709657096571	251	27.27272727272727	0.055555
ERR2836119_2	84.88344883448835	52.0	250.97058770587705	251	27.27272727272727	0.055555
ERR2836120_1	88.4393434213901	52.0	250.96719244250662	251	27.27272727272727	0.046787999999999996
ERR2836120_2	88.13370949816192	53.0	250.0183380353937	250	27.27272727272727	0.046787999999999996
ERR2836121_1	87.8571260610906	52.0	250.9799656688692	251	27.27272727272727	0.042526999999999995
ERR2836121_2	88.63310367531216	54.0	250.93667552378488	251	27.27272727272727	0.042526999999999995
ERR2836122_1	88.57695632486724	52.0	250.98133207096694	251	27.27272727272727	0.048586
ERR2836122_2	87.08064051372824	52.0	249.68523854608324	250	36.36363636363637	0.048586
ERR2836123_1	87.92492917847025	52.0	250.95445057402713	251	27.27272727272727	0.053655999999999995
ERR2836123_2	86.2270761890562	52.0	250.97497018040852	251	27.27272727272727	0.053655999999999995
ERR2836124_1	87.2278545826933	52.0	250.95727598566307	251	27.27272727272727	0.048825
ERR2836124_2	87.48796722990271	52.0	250.01638504864312	250	27.27272727272727	0.048825
ERR2836125_1	87.10567480663944	52.0	250.9595680889893	251	27.27272727272727	0.046028
ERR2836125_2	88.66559485530547	53.0	250.9348005561832	251	27.27272727272727	0.046028
ERR2836126_1	87.7322147076449	52.0	250.95647632908143	251	36.36363636363637	0.058405
ERR2836126_2	86.53711154866878	52.0	249.74704220529065	250	36.36363636363637	0.058405
ERR2836127_1	83.22469753113978	52.0	250.9543059958034	251	36.36363636363637	0.044798
ERR2836127_2	85.83195678378499	52.0	250.97774454216707	251	36.36363636363637	0.044798
ERR2836128_1	82.86220284721749	53.0	250.94171605022365	251	36.36363636363637	0.044043
ERR2836128_2	88.12070022478034	54.0	250.0180051313489	250	27.27272727272727	0.044043
ERR2836129_1	82.40352934606578	52.0	250.9581727815938	251	45.45454545454545	0.035814
ERR2836129_2	88.55196291952868	54.0	250.9423689060144	251	27.27272727272727	0.035814
ERR2836130_1	81.61551074418203	52.0	250.93179529960014	251	36.36363636363637	0.034762999999999995
ERR2836130_2	86.83370249978425	52.0	249.7577309208066	250	36.36363636363637	0.034762999999999995
ERR2836131_1	83.25864111677743	52.0	250.9668263534745	251	45.45454545454545	0.038826
ERR2836131_2	86.69448307834956	53.0	250.97125637459433	251	36.36363636363637	0.038826
ERR2836132_1	81.58585911645743	53.0	250.94437148710406	251	36.36363636363637	0.038074
ERR2836132_2	86.4316856647581	52.0	250.0197247465462	250	36.36363636363637	0.038074
ERR2836133_1	81.78213398117896	52.0	250.94370444835386	251	36.36363636363637	0.035810999999999996
ERR2836133_2	87.875233866689	54.0	250.935801848594	251	27.27272727272727	0.035810999999999996
ERR2836134_1	81.36896964967531	52.0	250.9150525347677	251	36.36363636363637	0.035880999999999996
ERR2836134_2	87.56444915136144	52.0	249.88684819263676	250	36.36363636363637	0.035880999999999996
ERR2836135_1	85.27224669603524	54.0	250.51520704845814	251	27.27272727272727	0.056749999999999995
ERR2836135_2	86.14801762114537	53.0	250.9691629955947	251	27.27272727272727	0.056749999999999995
ERR2836136_1	85.4249863169204	54.0	250.767833613752	251	36.36363636363637	0.049331
ERR2836136_2	88.00348665139568	54.0	250.01984553323467	250	36.36363636363637	0.049331
ERR2836137_1	84.66464051226133	53.0	250.6613692782405	251	27.27272727272727	0.043102999999999995
ERR2836137_2	88.8267637983435	54.0	250.93218569473123	251	27.27272727272727	0.043102999999999995
ERR2836138_1	86.4331097429038	54.0	250.61880126679387	251	36.36363636363637	0.050837
ERR2836138_2	87.2494443023782	53.0	249.67171548281763	250	36.36363636363637	0.050837
ERR2836139_1	85.68035055350553	53.0	250.59303505535055	251	36.36363636363637	0.043359999999999996
ERR2836139_2	85.75645756457564	53.0	250.96226937269373	251	27.27272727272727	0.043359999999999996
ERR2836140_1	84.30047979376029	53.0	250.40049650299574	251	27.27272727272727	0.041893
ERR2836140_2	86.28649177666914	53.0	250.01926336142077	250	27.27272727272727	0.041893
ERR2836141_1	14.21052631578948	53.0	250.39473684210526	251	27.27272727272727	0.00018999999999999998
ERR2836141_2	4.736842105263165	55.0	250.57894736842104	251	45.45454545454545	0.00018999999999999998
ERR2836142_1	86.04607051781913	54.0	250.60690425509495	251	27.27272727272727	0.047449
ERR2836142_2	86.4359628232418	53.0	249.64519800206537	250	45.45454545454545	0.047449
ERR2836143_1	85.85179733498606	54.0	250.55510148744963	251	36.36363636363637	0.051632
ERR2836143_2	84.81561822125813	54.0	250.96103191819026	251	27.27272727272727	0.051632
ERR2836144_1	84.79405520169851	54.0	250.77220806794054	251	27.27272727272727	0.047099999999999996
ERR2836144_2	87.22505307855627	52.0	250.0220382165605	250	27.27272727272727	0.047099999999999996
ERR2836145_1	84.0542152096138	54.0	250.81804421612696	251	27.27272727272727	0.043604
ERR2836145_2	87.78781763140996	54.0	250.94110632052104	251	27.27272727272727	0.043604
ERR2836146_1	84.84609313338595	54.0	250.76263986257487	251	27.27272727272727	0.043078
ERR2836146_2	85.88374576349877	52.0	249.81180649055202	250	36.36363636363637	0.043078
ERR2836147_1	85.92845480184059	54.0	250.6606586229564	251	36.36363636363637	0.047159
ERR2836147_2	84.9975614410823	54.0	250.95502449161347	251	27.27272727272727	0.047159
ERR2836148_1	85.80839526009238	55.0	250.6646917051617	251	27.27272727272727	0.04979
ERR2836148_2	86.02329785097409	54.0	250.0191002209279	250	27.27272727272727	0.04979
ERR2836149_1	85.43299719305541	55.0	250.63761305749037	251	36.36363636363637	0.048095
ERR2836149_2	87.5454828984302	55.0	250.9078698409398	251	27.27272727272727	0.048095
ERR2836150_1	84.45806159241818	54.0	250.8410143242764	251	27.27272727272727	0.050753
ERR2836150_2	85.77029929265265	52.0	249.85017634425552	250	36.36363636363637	0.050753
ERR2836151_1	87.7768626316141	53.0	250.95527903301203	251	27.27272727272727	0.044923
ERR2836151_2	82.5011686663847	54.0	250.95009238029516	251	27.27272727272727	0.044923
ERR2836152_1	86.3241634784721	52.0	250.9575514665695	251	36.36363636363637	0.032934
ERR2836152_2	84.5053743851339	53.0	250.01636606546427	250	27.27272727272727	0.032934
ERR2836153_1	87.14626567528576	53.0	250.9730329597159	251	27.27272727272727	0.036044
ERR2836153_2	85.63699922317167	55.0	250.88186660747974	251	27.27272727272727	0.036044
ERR2836154_1	85.78500911959699	52.0	250.9450218580817	251	27.27272727272727	0.034540999999999995
ERR2836154_2	83.8481804232651	52.0	249.95333082423787	250	36.36363636363637	0.034540999999999995
ERR2836155_1	85.52814559525969	52.0	250.94951327166092	251	27.27272727272727	0.033077999999999996
ERR2836155_2	81.16270633049157	52.0	250.9710986153939	251	36.36363636363637	0.033077999999999996
ERR2836156_1	77.13557161070973	52.0	250.94963875903102	251	27.27272727272727	0.004706
ERR2836156_2	74.1606459838504	52.0	250.02316192095196	250	27.27272727272727	0.004706
ERR2836157_1	86.23243559718969	52.0	250.92968384074942	251	36.36363636363637	0.034159999999999996
ERR2836157_2	85.4215456674473	54.0	250.9132611241218	251	27.27272727272727	0.034159999999999996
ERR2836158_1	87.03936827649348	52.0	250.9652952620737	251	27.27272727272727	0.034952
ERR2836158_2	83.6547264820325	52.0	249.74341954680705	250	36.36363636363637	0.034952
ERR2836159_1	82.00792522459844	53.0	250.93330106778788	251	27.27272727272727	0.033059
ERR2836159_2	84.57303608699597	54.0	250.96790586527118	251	27.27272727272727	0.033059
ERR2836160_1	51.3215859030837	52.0	250.91189427312776	251	36.36363636363637	0.000454
ERR2836160_2	43.61233480176211	53.0	250.0418502202643	250	27.27272727272727	0.000454
ERR2836161_1	81.41570940701645	52.0	250.92306737038186	251	27.27272727272727	0.032209999999999996
ERR2836161_2	87.8174479975163	54.0	250.94371313256752	251	27.27272727272727	0.032209999999999996
ERR2836162_1	81.93727206418673	52.0	250.92110867979576	251	36.36363636363637	0.034275
ERR2836162_2	86.39533187454413	53.0	249.8000583515682	250	36.36363636363637	0.034275
ERR2836163_1	83.05044439820458	52.0	250.94768288695343	251	36.36363636363637	0.033641
ERR2836163_2	85.20555274813472	53.0	250.97357391278499	251	27.27272727272727	0.033641
ERR2836164_1	83.34046354782697	52.0	250.9388982560334	251	27.27272727272727	0.039737
ERR2836164_2	86.56164280141934	52.0	250.01499861589954	250	27.27272727272727	0.039737
