Sample	0	1	2	3	4	5	6	7	8	9	10	11	12	13	14	15	16	17	18	19	20	21	22	23	24	25	26	27	28	29	30	31	32	33	34	35	36	37	38	39	40	41	42	43	44	45	46	47	48	49	50	51	52	53	54	55	56	57	58	59	60	61	62	63	64	65	66	67
ERR772062_1	(1, 2.639393925972513)	(2, 2.6365150300512443)	(3, 2.6364043032850417)	(4, 2.6349648553244074)	(5, 2.6336361341299757)	(6, 2.6336361341299757)	(7, 2.6336361341299757)	(8, 2.633857587662381)	(9, 2.6336361341299757)	(10, 2.6336361341299757)	(15, 2.6343004947271913)	(20, 2.6336361341299757)	(25, 2.6341454772545077)	(30, 2.6344112214933944)	(35, 0.5386337975628234)	(40, 0.00034117280197716463)	(45, 4.549033807964358e-05)	(50, 0.0)	(55, 0.0002729656213448197)	(60, 0.00034121440024858607)	(65, 4.549654703956244e-05)	(70, 0.0012512068458758858)	(75, 0.007348255676527511)	(80, 0.01838544329105822)	(85, 0.00772199360856529)	(90, 4.569230118994176e-05)	(95, 0.00029700063626674774)	(100, 0.00018277058270917178)	(105, 0.0003655417500082818)	(110, 0.009938170869370625)	(115, 0.0)	(120, 0.0006397028854255578)	(125, 0.001576411402252212)	(130, 9.138621000368287e-05)	(135, 0.0012108694956842784)	(140, 0.0006168584677646899)	(145, 2.2846620356567207e-05)	(150, 0.00015992634249597043)	(155, 9.138662757755983e-05)	(160, 0.00031985363497663474)	(165, 0.0004340873735634849)	(170, 0.00029700830389524103)	(175, 0.0002284685524460986)	(180, 4.569371048921971e-05)	(185, 0.0010281094255701324)	(190, 0.0001370821963126717)	(195, 0.00013708279138032546)	(200, 0.0002741657080386528)	(205, 0.0007768028394428496)	(210, 0.0018734656715974607)	(215, 0.001644994248231917)	(220, 0.00018277726397058016)	(225, 0.0001142358421808993)	(230, 0.0022618722590506306)	(235, 0.00591743420053065)	(240, 0.0019420186346969276)	(245, 0.001370837936112098)	(250, 0.00015993109254641144)	(255, 0.0006168770712504441)	(260, 0.0008681981529769715)	(265, 0.0009138940454091104)	(270, 0.001073826484719335)	(275, 0.0008910497479928533)	(280, 0.000548338682301021)	(285, 9.138982214398238e-05)	(290, 0.000594066418910505)	(295, 0.0006050343042815253)	(300, 0.0002451319851891255)
ERR772062_2	(1, 2.5458298085312756)	(2, 2.541179284350765)	(3, 2.541179284350765)	(4, 2.541179284350765)	(5, 2.541179284350765)	(6, 2.541179284350765)	(7, 2.541179284350765)	(8, 2.5421758252465882)	(9, 2.541179284350765)	(10, 2.54140073788317)	(15, 2.5415557553558537)	(20, 2.541976517067424)	(25, 2.5412900111169674)	(30, 2.542818040490564)	(35, 0.5207303154514447)	(40, 0.0015224591123154444)	(45, 0.001976953718831734)	(50, 0.0021815801912518635)	(55, 0.0013180946441951227)	(60, 0.0012954039069381833)	(65, 0.004272696198573101)	(70, 0.00359103967416997)	(75, 0.003954823190992276)	(80, 0.002803392606473649)	(85, 0.0015523437765738997)	(90, 0.0026709505365072137)	(95, 0.003013392474965443)	(100, 0.0015980199163505061)	(105, 0.004063550273650434)	(110, 0.005593101628254615)	(115, 0.001803499794081416)	(120, 0.002054624709099385)	(125, 0.0025112091243642077)	(130, 0.002008968675384221)	(135, 0.007419506910985322)	(140, 0.004611513121923613)	(145, 0.0016665392030518213)	(150, 0.0009816616472556393)	(155, 0.006917315478897394)	(160, 0.0034929098495948456)	(165, 0.0013469415523250266)	(170, 0.00141543721485789)	(175, 0.0071228778618216484)	(180, 0.004132188952901037)	(185, 0.0009360234800348474)	(190, 0.008515604559980676)	(195, 0.0033788627478555633)	(200, 0.0019405643937482778)	(205, 0.008652740852694506)	(210, 0.005273889520918507)	(215, 0.00399537723438618)	(220, 0.0032419780449593864)	(225, 0.010707676993448684)	(230, 0.004954340161799161)	(235, 0.004086770120550587)	(240, 0.008904140082671517)	(245, 0.004155265371913374)	(250, 0.005228343925486281)	(255, 0.009497781948278184)	(260, 0.0024201145307786056)	(265, 0.005776325603939957)	(270, 0.009452179960373903)	(275, 0.0023973002289764188)	(280, 0.0023288096586239018)	(285, 0.0023288155073541484)	(290, 0.0008447814538962804)	(295, 0.0014396354020513205)	(300, 0.0011505408218651484)
ERR772063_1	(1, 4.332113592839228)	(2, 4.330718274828812)	(3, 4.330369445326208)	(4, 4.329671786321001)	(5, 4.328625297813188)	(6, 4.328625297813188)	(7, 4.328625297813188)	(8, 4.328625297813188)	(9, 4.328625297813188)	(10, 4.328625297813188)	(15, 4.329671786321001)	(20, 4.328695063713709)	(25, 4.329392722718916)	(30, 4.3300903817241245)	(35, 0.8977191343102587)	(40, 0.0006563019572382813)	(45, 7.292243969314237e-05)	(50, 0.0)	(55, 0.0008021877848678213)	(60, 0.001239750183045468)	(65, 0.00014585572826494403)	(70, 0.002552518059065268)	(75, 0.009043206837831235)	(80, 0.018159342763064336)	(85, 0.007584625089793939)	(90, 0.00014585817480372958)	(95, 0.0008022199614205128)	(100, 0.0005105036118130536)	(105, 0.0011668653984298367)	(110, 0.010064236080723925)	(115, 0.0)	(120, 0.0013127331468766068)	(125, 0.0035735513442752068)	(130, 0.000364648096354613)	(135, 0.0033547722729530237)	(140, 0.0018961839298411946)	(145, 0.0009480919649205973)	(150, 0.0008022316626251207)	(155, 0.0008022328327643558)	(160, 0.0016044750267108626)	(165, 0.0016044750267108626)	(170, 0.001166890928516991)	(175, 0.0009481023367076052)	(180, 0.0002917237959100324)	(185, 0.0023337903672802592)	(190, 0.0007293110854555678)	(195, 0.00014586242984928764)	(200, 0.0002917248596985753)	(205, 0.0014586242984928764)	(210, 0.0017503491581914517)	(215, 0.0014586253622860745)	(220, 7.293148087371914e-05)	(225, 0.00021879444262115744)	(230, 0.003136053677569923)	(235, 0.006053312912518689)	(240, 0.0027713962732013276)	(245, 0.0018962185027166978)	(250, 0.0004375888852423149)	(255, 0.0010210407322320681)	(260, 0.0013127666557269445)	(265, 0.0017503555409692595)	(270, 0.001969149983590417)	(275, 0.001969149983590417)	(280, 0.0011669062471055256)	(285, 0.0009481127087215429)	(290, 0.0016045393877952901)	(295, 0.0012445204496672007)	(300, 0.0007626863338049278)
ERR772063_2	(1, 4.215604538969488)	(2, 4.209674437425219)	(3, 4.209674437425219)	(4, 4.209674437425219)	(5, 4.209674437425219)	(6, 4.209674437425219)	(7, 4.209674437425219)	(8, 4.212116243943448)	(9, 4.209674437425219)	(10, 4.210232564629386)	(15, 4.210651160032511)	(20, 4.211069755435635)	(25, 4.209883735126782)	(30, 4.211976712142406)	(35, 0.8739485363076702)	(40, 0.0014566430204949674)	(45, 0.0026947895879156896)	(50, 0.003641705687543109)	(55, 0.002330737474471141)	(60, 0.0008740507444727217)	(65, 0.002695052611797338)	(70, 0.0026950938366117573)	(75, 0.0031321360803866364)	(80, 0.0011654459833996787)	(85, 0.0010197652354747189)	(90, 0.001529650081617758)	(95, 0.0016024940634879012)	(100, 0.0008740876709934006)	(105, 0.004006235158719753)	(110, 0.0029864727353249468)	(115, 0.002840805623338311)	(120, 0.0023309174345339987)	(125, 0.0018938704155588737)	(130, 0.0013111420119765538)	(135, 0.005026073667671638)	(140, 0.0037877822170909103)	(145, 0.0015296812799790215)	(150, 0.0006555776914195807)	(155, 0.00407917087938183)	(160, 0.001893911801984237)	(165, 0.0008741131393773401)	(170, 0.00211244470311775)	(175, 0.004880500579104173)	(180, 0.002768045104566546)	(185, 0.0005827463378034834)	(190, 0.005390415404350356)	(195, 0.002112463168476222)	(200, 0.0010198098054712797)	(205, 0.004297801201199014)	(210, 0.0023310193110381047)	(215, 0.0015297325371925329)	(220, 0.0010198246630025822)	(225, 0.005317672665924135)	(230, 0.0025495709436326288)	(235, 0.001893966986698524)	(240, 0.004953452119057678)	(245, 0.002331036291321261)	(250, 0.0029137953641515755)	(255, 0.004443537930331153)	(260, 0.0013112126896250296)	(265, 0.002986662004560123)	(270, 0.0050263336174304505)	(275, 0.0010926812211805327)	(280, 0.0011655266359259016)	(285, 0.001165527484959232)	(290, 0.000291384630626273)	(295, 0.0009476441202691602)	(300, 0.0008832615315313326)
ERR772064_1	(1, 3.5133005180677754)	(2, 3.5094246993010607)	(3, 3.509037117424389)	(4, 3.508391147629937)	(5, 3.507099208041032)	(6, 3.507099208041032)	(7, 3.507099208041032)	(8, 3.5074867899177034)	(9, 3.507099208041032)	(10, 3.507099208041032)	(15, 3.5079777269614874)	(20, 3.507150885624588)	(25, 3.507745177835484)	(30, 3.508442825213493)	(35, 0.7225985580993858)	(40, 0.00037489148230485423)	(45, 0.00013389024534584117)	(50, 0.0)	(55, 0.0006429627724554749)	(60, 0.0004286420779710656)	(65, 5.3580503769254494e-05)	(70, 0.001902119604209096)	(75, 0.0073137936272478195)	(80, 0.012939799125023108)	(85, 0.005599209145196334)	(90, 0.00013395237189464914)	(95, 0.00042864759006287724)	(100, 0.00024111478617672857)	(105, 0.0003750677466117318)	(110, 0.006510141085205691)	(115, 0.0)	(120, 0.0006161883393054486)	(125, 0.0018485655131617862)	(130, 0.00013395427390487693)	(135, 0.001419921770347747)	(140, 0.0008037336105321252)	(145, 0.00024112008315963756)	(150, 0.0002679112035107084)	(155, 0.0003750756849149918)	(160, 0.0005626138288335837)	(165, 0.0006965700622224603)	(170, 0.000669778905983135)	(175, 0.0004554502661704938)	(180, 8.037359791607335e-05)	(185, 0.0013127701727900251)	(190, 0.00021432993897222902)	(195, 0.00018753884733266178)	(200, 0.00026791263904665964)	(205, 0.0010448592922819727)	(210, 0.0012323981396146345)	(215, 0.0012056068757099686)	(220, 0.0001607475834279958)	(225, 0.0001607475834279958)	(230, 0.0028398739738945927)	(235, 0.0034292836172940917)	(240, 0.00219688658305102)	(245, 0.002009347484497884)	(250, 0.00013395671429899513)	(255, 0.0006162015461300533)	(260, 0.0012859858354018505)	(265, 0.0011520289775474911)	(270, 0.001178820349118363)	(275, 0.0015271081795396972)	(280, 0.0006162025366647207)	(285, 0.000321497320185879)	(290, 0.0009377191081166019)	(295, 0.0007030395916746052)	(300, 0.00035124322539629017)
ERR772064_2	(1, 3.4206684495432995)	(2, 3.4162758549410226)	(3, 3.4162758549410226)	(4, 3.4162758549410226)	(5, 3.4162758549410226)	(6, 3.4162758549410226)	(7, 3.4162758549410226)	(8, 3.4186013462010516)	(9, 3.4162758549410226)	(10, 3.416560081650582)	(15, 3.416560081650582)	(20, 3.4176453109052622)	(25, 3.416482565275248)	(30, 3.4185238298257175)	(35, 0.7052963639382368)	(40, 0.001712178053676247)	(45, 0.002166979407274951)	(50, 0.002622585114260414)	(55, 0.0014989076710347335)	(60, 0.0010974251194721225)	(65, 0.003131700031317)	(70, 0.0023554837133023)	(75, 0.003345862025215487)	(80, 0.0020075188271807343)	(85, 0.0009636090370467523)	(90, 0.002275189831132734)	(95, 0.002623164955586873)	(100, 0.0010706807200649047)	(105, 0.003988287817333206)	(110, 0.005166071810004192)	(115, 0.002007548381916004)	(120, 0.0018737148323801477)	(125, 0.0018469514326721961)	(130, 0.0019004908352175404)	(135, 0.006665142695619262)	(140, 0.004175796760759503)	(145, 0.0016596133100987471)	(150, 0.0010707182645798368)	(155, 0.0067455250668529716)	(160, 0.0031853885424518603)	(165, 0.001097487983844977)	(170, 0.0015257776112211575)	(175, 0.006611704751781346)	(180, 0.003988445820443381)	(185, 0.00045505891674563274)	(190, 0.008378453401745771)	(195, 0.0032657256736897612)	(200, 0.001311644620329742)	(205, 0.006183517152434138)	(210, 0.004738048807256442)	(215, 0.004336523890632868)	(220, 0.00347992751043309)	(225, 0.008860461648790039)	(230, 0.003935048675481354)	(235, 0.0034799861978393565)	(240, 0.006665533436751718)	(245, 0.003346152219409075)	(250, 0.004095699087649567)	(255, 0.007040330654616905)	(260, 0.0023021625872881005)	(265, 0.004416943394862693)	(270, 0.007682812798227653)	(275, 0.0021950899585342154)	(280, 0.0017667825604641176)	(285, 0.0016597066067030734)	(290, 0.00029446612488468973)	(295, 0.0022510216020359955)	(300, 0.002470197453689587)
ERR772065_1	(1, 4.460115144311504)	(2, 4.4572567832480985)	(3, 4.457018586492815)	(4, 4.455589405961112)	(5, 4.4540411270517675)	(6, 4.4540411270517675)	(7, 4.4540411270517675)	(8, 4.454279323807051)	(9, 4.4540411270517675)	(10, 4.4540411270517675)	(15, 4.454850996019733)	(20, 4.4540649467272955)	(25, 4.454612799264448)	(30, 4.455232110828186)	(35, 0.924588247876495)	(40, 0.00047367300507627884)	(45, 7.479062364909436e-05)	(50, 0.0)	(55, 0.0007229792729321546)	(60, 0.0004238157528326474)	(65, 2.4930350832362087e-05)	(70, 0.0013961006907706776)	(75, 0.008526190612713997)	(80, 0.016229686714692576)	(85, 0.006806002744838469)	(90, 4.98608259695126e-05)	(95, 0.0001246520649237815)	(100, 0.00012465212707636164)	(105, 0.00029916547789939963)	(110, 0.009623163403059716)	(115, 0.0)	(120, 0.0007229837789863518)	(125, 0.002268674368691496)	(130, 0.00017451371752611348)	(135, 0.0013961100882665673)	(140, 0.00094736159794971)	(145, 0.00017451397856968343)	(150, 0.0001495834102025858)	(155, 0.00012465284183548817)	(160, 0.0003988890938735621)	(165, 0.0006481947775445385)	(170, 0.00034902795713936686)	(175, 0.00027423625203807397)	(180, 0.0)	(185, 0.001919658071501529)	(190, 0.00027423727757175354)	(195, 9.972279555904474e-05)	(200, 0.00017451506625963106)	(205, 0.0009473675025522827)	(210, 0.001470912701331176)	(215, 0.0013213283588229207)	(220, 0.00012465361875687933)	(225, 9.972289500550346e-05)	(230, 0.0030664790214192314)	(235, 0.005409967054048562)	(240, 0.002318557308877955)	(245, 0.001819942833850438)	(250, 0.00014958434250825518)	(255, 0.0007728533996823821)	(260, 0.0012216069865947333)	(265, 0.001296399251080125)	(270, 0.001695291328335548)	(275, 0.0016204990638501561)	(280, 0.0007230099152083889)	(285, 0.00014959049601715303)	(290, 0.0007729023430409868)	(295, 0.0006483145442635509)	(300, 0.0002510560043181633)
ERR772065_2	(1, 4.31064668037092)	(2, 4.302547990691271)	(3, 4.302547990691271)	(4, 4.302547990691271)	(5, 4.302547990691271)	(6, 4.302547990691271)	(7, 4.302547990691271)	(8, 4.304096269600616)	(9, 4.302547990691271)	(10, 4.3027861874465545)	(15, 4.302929105499724)	(20, 4.303762794143219)	(25, 4.302690908744441)	(30, 4.304501204084598)	(35, 0.8934798101784025)	(40, 0.0017423484766647267)	(45, 0.002190388574933193)	(50, 0.0027877978089900506)	(55, 0.001617930050163299)	(60, 0.0016926130136551557)	(65, 0.005301869269842992)	(70, 0.004405783075669698)	(75, 0.005625465936683638)	(80, 0.003708829503365327)	(85, 0.0023646928948445963)	(90, 0.003211004036157399)	(95, 0.004629819773064157)	(100, 0.0026385007540884937)	(105, 0.00545124890850564)	(110, 0.006272702765739194)	(115, 0.0027132009672934825)	(120, 0.002962122173849191)	(125, 0.0038831200770251717)	(130, 0.0022651601443330173)	(135, 0.007318227913513481)	(140, 0.005849612680964613)	(145, 0.003036821712179995)	(150, 0.002140721577502709)	(155, 0.007343187476056853)	(160, 0.004505485615428176)	(165, 0.002041159229089008)	(170, 0.0022900884969850486)	(175, 0.00781620273935503)	(180, 0.00507805644857161)	(185, 0.0017175843296567072)	(190, 0.009708109507475245)	(195, 0.004132175859430347)	(200, 0.002588840801724168)	(205, 0.010629286097814822)	(210, 0.005800105945282846)	(215, 0.004157165758894343)	(220, 0.0034850569470751785)	(225, 0.012222635175250435)	(230, 0.006173607826541535)	(235, 0.004431061642539784)	(240, 0.01050512734853075)	(245, 0.004530648467732198)	(250, 0.0056259700753158075)	(255, 0.01030598058044577)	(260, 0.002937458520845251)	(265, 0.0073685546928482695)	(270, 0.011227088400251925)	(275, 0.0028627830732349696)	(280, 0.0032860245376414112)	(285, 0.003037111259094219)	(290, 0.0013194191866950766)	(295, 0.005966673507120813)	(300, 0.0069600347073730745)
ERR772066_1	(1, 3.650838142420507)	(2, 3.64721707747872)	(3, 3.646814736929632)	(4, 3.6445348071514694)	(5, 3.6441324666023815)	(6, 3.6441324666023815)	(7, 3.6441324666023815)	(8, 3.6441324666023815)	(9, 3.6441324666023815)	(10, 3.6441324666023815)	(15, 3.6451517293267366)	(20, 3.6441324666023815)	(25, 3.6452858428430988)	(30, 3.645393133656189)	(35, 0.7516516111635432)	(40, 0.0007794423201548195)	(45, 0.0)	(50, 0.0)	(55, 0.0007242541574974233)	(60, 0.0007799677539045743)	(65, 8.35689047905039e-05)	(70, 0.0017549675331006375)	(75, 0.009136973823127129)	(80, 0.016853283117049533)	(85, 0.007187029918101286)	(90, 0.0002228542616699027)	(95, 0.0008914170466796108)	(100, 0.0003342821374668434)	(105, 0.000417853370238143)	(110, 0.009109244072027099)	(115, 0.0)	(120, 0.001392852715575297)	(125, 0.002897143333102119)	(130, 0.00030643135338750114)	(135, 0.0025350314887125636)	(140, 0.0013371609565715193)	(145, 0.00011143020388105829)	(150, 0.0004735784984218693)	(155, 0.00041786338096047295)	(160, 0.0010585890011488477)	(165, 0.001170022355784298)	(170, 0.0009471628016852812)	(175, 0.0006128705603447675)	(180, 0.0003900085384012157)	(185, 0.002646486510579678)	(190, 0.00039000886434433104)	(195, 0.00019500470379203364)	(200, 0.00044572528557758334)	(205, 0.001365035588427841)	(210, 0.0023122031395818535)	(215, 0.002005766578914379)	(220, 0.0005014416447285948)	(225, 0.0003900104940680797)	(230, 0.0037051079509666574)	(235, 0.006713774520250667)	(240, 0.003064378411732669)	(245, 0.0021729228737740747)	(250, 0.00036215421585115575)	(255, 0.0015043341538454682)	(260, 0.001894353572736909)	(265, 0.0020893617222803684)	(270, 0.0025350971666528305)	(275, 0.0019222213524247985)	(280, 0.0016436431266326737)	(285, 0.000222867299238351)	(290, 0.0011422089094523637)	(295, 0.0010384201419829054)	(300, 0.0007496740791940703)
ERR772066_2	(1, 3.551728253828606)	(2, 3.54609548614138)	(3, 3.54609548614138)	(4, 3.54609548614138)	(5, 3.54609548614138)	(6, 3.54609548614138)	(7, 3.54609548614138)	(8, 3.5481071888868176)	(9, 3.54609548614138)	(10, 3.54631006776756)	(15, 3.546900167239555)	(20, 3.5473293304919147)	(25, 3.5462564223610147)	(30, 3.548724111062085)	(35, 0.7326593824018197)	(40, 0.00205786093142679)	(45, 0.003142420620508494)	(50, 0.0038393579258119196)	(55, 0.0022541777427498963)	(60, 0.002087226009841688)	(65, 0.0049259178139834285)	(70, 0.00423021262384504)	(75, 0.00514862121315431)	(80, 0.003256159568517111)	(85, 0.0021429462003615734)	(90, 0.003645809851256524)	(95, 0.004341582339778913)	(100, 0.002059473131111626)	(105, 0.006902035348996686)	(110, 0.007570016389642102)	(115, 0.0030335786542933767)	(120, 0.0028665958645319152)	(125, 0.0036458778341481824)	(130, 0.0032006065010162623)	(135, 0.009657552108338253)	(140, 0.005427166726736589)	(145, 0.002616180687910796)	(150, 0.0014472525163407334)	(155, 0.009574158677764157)	(160, 0.004787093994590584)	(165, 0.0013359369259646021)	(170, 0.0021430732393887954)	(175, 0.009796922597353439)	(180, 0.005733427888506537)	(185, 0.0010576237976487352)	(190, 0.01116075466740812)	(195, 0.004592345811989362)	(200, 0.0018647733187120263)	(205, 0.007932366141321366)	(210, 0.006262472758243502)	(215, 0.00562231044115932)	(220, 0.004648152915880958)	(225, 0.011606501199338457)	(230, 0.005566724569880067)	(235, 0.004870898911869016)	(240, 0.009018149024912636)	(245, 0.005288420724485805)	(250, 0.006346110168472525)	(255, 0.010215033411787759)	(260, 0.0038689306498356124)	(265, 0.0063461755246380525)	(270, 0.009992462510173385)	(275, 0.0035627780984896604)	(280, 0.0030896043719850263)	(285, 0.002950440394980466)	(290, 0.0008072038209132036)	(295, 0.005320436520924775)	(300, 0.006119196855412727)
ERR772067_1	(1, 2.9934599235873227)	(2, 2.9933379754908715)	(3, 2.992972131201518)	(4, 2.9917526502370064)	(5, 2.9902892730795916)	(6, 2.9902892730795916)	(7, 2.9902892730795916)	(8, 2.990411221176043)	(9, 2.9902892730795916)	(10, 2.9902892730795916)	(15, 2.99109413051617)	(20, 2.9903380523181724)	(25, 2.9907526758461067)	(30, 2.99114290975475)	(35, 0.6134155318641745)	(40, 0.0004776878299974381)	(45, 0.00012570757652134452)	(50, 0.0)	(55, 0.0005047567009606783)	(60, 0.000429045036605113)	(65, 2.52382745500268e-05)	(70, 0.0013376373286625393)	(75, 0.006965809485110583)	(80, 0.015395467927580727)	(85, 0.006486287307193848)	(90, 7.571541603728226e-05)	(95, 0.0002776231921367017)	(100, 0.0002271464200967038)	(105, 0.000504770841609472)	(110, 0.00923752555463012)	(115, 0.0)	(120, 0.000656217993598341)	(125, 0.0015648314726982339)	(130, 0.00017667554671616946)	(135, 0.0016658047389116089)	(140, 0.0010348222743222987)	(145, 0.0002019169490349001)	(150, 0.00032811504218171263)	(155, 0.00017667733040553757)	(160, 0.0005300333290005212)	(165, 0.0005300339978950079)	(170, 0.0004795555378316316)	(175, 0.0003028773346794548)	(180, 0.0002523985433575266)	(185, 0.0009843585427556133)	(190, 0.0001766800060071202)	(195, 7.572000257448009e-05)	(200, 0.00010096000343264011)	(205, 0.0006057600205958407)	(210, 0.0011610400394753612)	(215, 0.0009086411775989661)	(220, 5.048006542216478e-05)	(225, 2.524003271108239e-05)	(230, 0.0026754454932246866)	(235, 0.004921825012714714)	(240, 0.001918249748545222)	(245, 0.0017415697298017664)	(250, 0.00025240179235560785)	(255, 0.000605766747999266)	(260, 0.0010600947522785727)	(265, 0.0011610561572574843)	(270, 0.001236777523158659)	(275, 0.0012872608376635357)	(280, 0.0005048082990484363)	(285, 0.0002776449849491178)	(290, 0.00045434799674182)	(295, 0.000923833281966492)	(300, 0.00039988350060682316)
ERR772067_2	(1, 2.862243771805844)	(2, 2.857243899851345)	(3, 2.857243899851345)	(4, 2.857243899851345)	(5, 2.857243899851345)	(6, 2.857243899851345)	(7, 2.857243899851345)	(8, 2.8582194846229547)	(9, 2.857243899851345)	(10, 2.8575121856635377)	(15, 2.857536575282828)	(20, 2.8581463157650844)	(25, 2.8573902375670865)	(30, 2.85870727700876)	(35, 0.5864393360393492)	(40, 0.001004282511700519)	(45, 0.0012804627743109038)	(50, 0.0020386620940230954)	(55, 0.0010839337822331659)	(60, 0.0007058248193214503)	(65, 0.0034535496314155043)	(70, 0.0025208601174720813)	(75, 0.0034787869621114727)	(80, 0.002268776965359557)	(85, 0.0010335539508860205)	(90, 0.002873784880563988)	(95, 0.0035544217258356046)	(100, 0.001310851556900915)	(105, 0.005369457767954219)	(110, 0.006554406489669121)	(115, 0.0015629766133321906)	(120, 0.0022184195374191917)	(125, 0.0023696813887744664)	(130, 0.0025713719580291593)	(135, 0.008394819715574433)	(140, 0.0048402795967341225)	(145, 0.0020167897748758416)	(150, 0.0018655319526548158)	(155, 0.008924317251915325)	(160, 0.004663858099722361)	(165, 0.001411771349512233)	(170, 0.002016824857164682)	(175, 0.009126162388210813)	(180, 0.005495889301696843)	(185, 0.0008823728872526614)	(190, 0.01164735441185146)	(195, 0.004764834012343189)	(200, 0.0017647564522647245)	(205, 0.008496168152529664)	(210, 0.005823854862477609)	(215, 0.004916258470146083)	(220, 0.003706105342136552)	(225, 0.011269611203455812)	(230, 0.005647441330900227)	(235, 0.004714625246540864)	(240, 0.009126730706734192)	(245, 0.004588586571627458)	(250, 0.005143266443136273)	(255, 0.00895035753526819)	(260, 0.00279857449187594)	(265, 0.006076191916899881)	(270, 0.010135418775585945)	(275, 0.0032524137826706856)	(280, 0.0031515661266647206)	(285, 0.0028490251165516007)	(290, 0.0008824523097558884)	(295, 0.003583396358209422)	(300, 0.004216569007916608)
ERR772068_1	(1, 3.0721455826240094)	(2, 3.0687408277076607)	(3, 3.069327854417376)	(4, 3.0680363956560024)	(5, 3.066510126210743)	(6, 3.066510126210743)	(7, 3.066510126210743)	(8, 3.066510126210743)	(9, 3.066510126210743)	(10, 3.066510126210743)	(15, 3.067285001467567)	(20, 3.06655708834752)	(25, 3.066909304373349)	(30, 3.0674963310830643)	(35, 0.6294249672866556)	(40, 0.0005087045402849182)	(45, 0.00012112056874343224)	(50, 2.4224882491151255e-05)	(55, 0.0005087320217737305)	(60, 0.0004845075090185016)	(65, 0.0)	(70, 0.0014777758262523241)	(75, 0.0067347816343958375)	(80, 0.01458396926222558)	(85, 0.006322965446568519)	(90, 0.00019380751086472793)	(95, 0.00041184175876780816)	(100, 0.00026648629582110727)	(105, 0.0005814249271401888)	(110, 0.008188405024676656)	(115, 0.0)	(120, 0.0005329738828261764)	(125, 0.0017200529097965492)	(130, 0.00029071344956703074)	(135, 0.002107675573009155)	(140, 0.001405118410297483)	(145, 0.0003633931324996772)	(150, 0.0005087514947603441)	(155, 0.0003876203742959239)	(160, 0.000799468184073431)	(165, 0.0009448280957958784)	(170, 0.0009206017343652149)	(175, 0.00031494308009487055)	(180, 0.00019381136097971642)	(185, 0.0015747173079601962)	(190, 0.00026649152520610093)	(195, 4.8453180660591276e-05)	(200, 7.267987663802273e-05)	(205, 0.0008721606326071789)	(210, 0.00179277723967542)	(215, 0.0016958720052717392)	(220, 0.00019381394345962733)	(225, 9.690697172981366e-05)	(230, 0.0023499940644479815)	(235, 0.004506176368835866)	(240, 0.0020592781382187484)	(245, 0.001841238707876819)	(250, 0.00038762929556854925)	(255, 0.0007268049291910297)	(260, 0.0008721659150292357)	(265, 0.0013809293654629565)	(270, 0.0012840226637268201)	(275, 0.0014778402696937359)	(280, 0.0008963949176830857)	(285, 0.000629899131344871)	(290, 0.0009206490187940805)	(295, 0.001023210806275498)	(300, 0.0006859403431447746)
ERR772068_2	(1, 2.9836219547989433)	(2, 2.977164660992075)	(3, 2.9769298503081894)	(4, 2.9769298503081894)	(5, 2.9769298503081894)	(6, 2.9769298503081894)	(7, 2.9769298503081894)	(8, 2.978338714411506)	(9, 2.9769298503081894)	(10, 2.977164660992075)	(15, 2.9772820663340185)	(20, 2.9779864983856768)	(25, 2.977117698855298)	(30, 2.978338714411506)	(35, 0.6116686823902729)	(40, 0.0006776476237196998)	(45, 0.0014521083766565834)	(50, 0.002420261460845615)	(55, 0.0013553759413509467)	(60, 0.0012343721825757473)	(65, 0.0048165266404750886)	(70, 0.0031465074372544056)	(75, 0.005542699236438721)	(80, 0.002638231852171882)	(85, 0.0017426894781492155)	(90, 0.002323587658070522)	(95, 0.003049716920918662)	(100, 0.0016700867138066794)	(105, 0.004163116722174889)	(110, 0.005276521175066743)	(115, 0.0015974819811293813)	(120, 0.002129980614755973)	(125, 0.0027350953640617667)	(130, 0.0016701036916552906)	(135, 0.0065351962676767975)	(140, 0.00498611994910285)	(145, 0.0023236360256529416)	(150, 0.00101659297577822)	(155, 0.006486842360048797)	(160, 0.0031950204154543136)	(165, 0.0009197806081202105)	(170, 0.0018637659690856898)	(175, 0.006753134216727199)	(180, 0.00426004990551645)	(185, 0.0009439890168088137)	(190, 0.008399132589868904)	(195, 0.003364510322148233)	(200, 0.0022752864198319774)	(205, 0.009391739626121623)	(210, 0.004816944024205749)	(215, 0.003582450832072617)	(220, 0.002735249621785174)	(225, 0.011425138354310485)	(230, 0.005494738243499204)	(235, 0.003993988200548556)	(240, 0.009876079409487912)	(245, 0.0043328961707364425)	(250, 0.00549479144603788)	(255, 0.010432852010115267)	(260, 0.002444825019516239)	(265, 0.006680911208511481)	(270, 0.010118203859053904)	(275, 0.002323804765542623)	(280, 0.002420630550051983)	(285, 0.0022269801060478245)	(290, 0.000532548776021362)	(295, 0.0028110996755360902)	(300, 0.0029192402855159403)
ERR772069_1	(1, 4.098766407123727)	(2, 4.0949585864241325)	(3, 4.095522708009257)	(4, 4.0935482824613185)	(5, 4.09256106968735)	(6, 4.09256106968735)	(7, 4.09256106968735)	(8, 4.09256106968735)	(9, 4.09256106968735)	(10, 4.09256106968735)	(15, 4.093350839906526)	(20, 4.092673894004375)	(25, 4.093463664223551)	(30, 4.093407252065038)	(35, 0.847034300996221)	(40, 0.0007352422181963627)	(45, 5.881948124746709e-05)	(50, 0.0)	(55, 0.0008541357103831977)	(60, 0.0009719501089173183)	(65, 0.00011781268960479733)	(70, 0.0018850058096468118)	(75, 0.009542841911336985)	(80, 0.01817268230558028)	(85, 0.007451696512723845)	(90, 0.0002945336325009617)	(95, 0.0005596143962276099)	(100, 0.00041234805710431524)	(105, 0.0005890686530061645)	(110, 0.009484117049320354)	(115, 0.0)	(120, 0.0015315987976949439)	(125, 0.003181012887520268)	(130, 0.0003239936756434514)	(135, 0.0022090555963330855)	(140, 0.0013843439535096065)	(145, 0.0004123577733858402)	(150, 0.00041235910941035887)	(155, 0.0005007223656480894)	(160, 0.0010603532449018362)	(165, 0.0013254415561272954)	(170, 0.0010014453212327322)	(175, 0.000589086871168174)	(180, 0.0002061804049088609)	(185, 0.0026508948242751273)	(190, 0.00032399959234960383)	(195, 0.00017672746680616355)	(200, 0.00029454603828214863)	(205, 0.0011192762641857221)	(210, 0.0019734613628665265)	(215, 0.0016789148907968955)	(220, 0.00038291041369052)	(225, 0.00038291041369052)	(230, 0.0035051030176286063)	(235, 0.005890929441392616)	(240, 0.0019440078608608776)	(245, 0.0015905542286209632)	(250, 0.00026509260568358546)	(255, 0.0015316484218866667)	(260, 0.0015905650040353224)	(265, 0.0017967520025684717)	(270, 0.001973483451604884)	(275, 0.0016200294550810016)	(280, 0.0013549361206529379)	(285, 0.00023564134209526388)	(290, 0.0006774778383744067)	(295, 0.0006256291669509307)	(300, 0.0004586398576381882)
ERR772069_2	(1, 3.9683132905635152)	(2, 3.958864254012667)	(3, 3.958723223616386)	(4, 3.958723223616386)	(5, 3.958723223616386)	(6, 3.958723223616386)	(7, 3.958723223616386)	(8, 3.959569405994074)	(9, 3.958723223616386)	(10, 3.9590899026467175)	(15, 3.9597386424696115)	(20, 3.9597668485488677)	(25, 3.959174520884486)	(30, 3.960782267402093)	(35, 0.8194159429429473)	(40, 0.001938334530108062)	(45, 0.002907507772443757)	(50, 0.002910253941703792)	(55, 0.0021178183529550186)	(60, 0.0020295902492601554)	(65, 0.0049710634104730604)	(70, 0.003470925119202746)	(75, 0.0052946315377669015)	(80, 0.0032061992008622026)	(85, 0.002412005906473)	(90, 0.0023825940036286027)	(95, 0.002912068760120542)	(100, 0.0019707969079078964)	(105, 0.0035592003859232155)	(110, 0.004176968138851833)	(115, 0.0018825838345467665)	(120, 0.0024414780649374334)	(125, 0.0032945255868447243)	(130, 0.001676686091712376)	(135, 0.00491241343342106)	(140, 0.004706513579468305)	(145, 0.00250034490051716)	(150, 0.0016178783202540129)	(155, 0.0046477286432456445)	(160, 0.003265176451900421)	(165, 0.0020885362890534225)	(170, 0.0017355457717839677)	(175, 0.00558906543471898)	(180, 0.0036181887229588196)	(185, 0.0016473107651758506)	(190, 0.007354107018730323)	(195, 0.0032063982058289967)	(200, 0.0023239067048532584)	(205, 0.009531032040152708)	(210, 0.004030114664116418)	(215, 0.002706360742001748)	(220, 0.0026475299281195626)	(225, 0.010737239452794976)	(230, 0.0052362597455471935)	(235, 0.0034712355186231787)	(240, 0.009619466269650406)	(245, 0.0034418435808587604)	(250, 0.00464797474796504)	(255, 0.008884103632186342)	(260, 0.0018238909713278455)	(265, 0.006324803673681315)	(270, 0.009384265675327354)	(275, 0.0020592511268516345)	(280, 0.002088681289004652)	(285, 0.002059266271660172)	(290, 0.0009708129499387063)	(295, 0.002708614867351475)	(300, 0.003229165121176603)
ERR772070_1	(1, 5.076685834960233)	(2, 5.073538747698015)	(3, 5.073647267948435)	(4, 5.072345024943379)	(5, 5.070934261687903)	(6, 5.070934261687903)	(7, 5.070934261687903)	(8, 5.070934261687903)	(9, 5.070934261687903)	(10, 5.070934261687903)	(15, 5.071563679140346)	(20, 5.071042781938324)	(25, 5.071563679140346)	(30, 5.071759015591104)	(35, 1.0580424664779409)	(40, 0.000434407249022355)	(45, 0.00011431832440431008)	(50, 0.0)	(55, 0.00032039670604723606)	(60, 0.00043482788253696895)	(65, 0.0)	(70, 0.0017164612062602774)	(75, 0.008696736778385405)	(80, 0.016180507637680214)	(85, 0.006842961807805232)	(90, 0.00011443087802812712)	(95, 0.0003890649852956322)	(100, 0.00016020322923937795)	(105, 0.0005034958633237593)	(110, 0.009337591702359687)	(115, 0.0)	(120, 0.0007552472519298856)	(125, 0.0020826600924792626)	(130, 6.866022389641279e-05)	(135, 0.001602073357565837)	(140, 0.0007094901169171052)	(145, 0.00013732066779040746)	(150, 6.866045960853925e-05)	(155, 0.00013732113921617094)	(160, 0.0005721720681617141)	(165, 0.000709493526901477)	(170, 0.0005035125723656279)	(175, 0.000205982651683336)	(180, 0.00011443480649074223)	(185, 0.0018309569038518756)	(190, 0.00034330504804897454)	(195, 0.00011443530411525376)	(200, 0.00022887144634166159)	(205, 0.0008697114960983139)	(210, 0.0016936487029282957)	(215, 0.0017165358475624618)	(220, 0.00029753288024416004)	(225, 0.00022887144634166159)	(230, 0.0027464586132718493)	(235, 0.005012290410733168)	(240, 0.0021056254989416942)	(245, 0.0015792202085257291)	(250, 4.5774572133630625e-05)	(255, 0.0011443692797271092)	(260, 0.0010070511893274547)	(265, 0.0010070528027538315)	(270, 0.001396141705178816)	(275, 0.001327480213678539)	(280, 0.0007781805497891359)	(285, 9.155084150100351e-05)	(290, 0.0004348917794695831)	(295, 0.0005807045804815899)	(300, 0.00018166899303904974)
ERR772070_2	(1, 4.958290241750562)	(2, 4.951670506474861)	(3, 4.951670506474861)	(4, 4.951670506474861)	(5, 4.951670506474861)	(6, 4.951670506474861)	(7, 4.951670506474861)	(8, 4.9527557089790735)	(9, 4.951670506474861)	(10, 4.951887546975704)	(15, 4.952234811777052)	(20, 4.952668892778736)	(25, 4.95186584292562)	(30, 4.953406830481602)	(35, 1.0329004966871702)	(40, 0.0012787516461073088)	(45, 0.0022149926688309657)	(50, 0.0034273516830695913)	(55, 0.001645785383642859)	(60, 0.0018515356430897606)	(65, 0.004823214336330279)	(70, 0.003291705450881354)	(75, 0.00429750630339023)	(80, 0.0025830755972505105)	(85, 0.0014401224515547379)	(90, 0.0024687841672299533)	(95, 0.003017404940314816)	(100, 0.001668716368507436)	(105, 0.0045946847954793785)	(110, 0.0051890470417974306)	(115, 0.0022859285098717824)	(120, 0.0026288207910007463)	(125, 0.0032003196662158027)	(130, 0.0022859771077680473)	(135, 0.007795189065338544)	(140, 0.00514346848082515)	(145, 0.002560307236868424)	(150, 0.001440176112964671)	(155, 0.006835146552171486)	(160, 0.003931935454079109)	(165, 0.002125993216024228)	(170, 0.002171721443577534)	(175, 0.0074524421035546545)	(180, 0.004297742085182163)	(185, 0.0015773674742711932)	(190, 0.009212782587246537)	(195, 0.0039777402000711875)	(200, 0.002286069606247371)	(205, 0.009304426666715437)	(210, 0.005166638966471028)	(215, 0.003749248435717535)	(220, 0.0031548589972349265)	(225, 0.011384946768515456)	(230, 0.005463902465454534)	(235, 0.004252249863116419)	(240, 0.009899075156613427)	(245, 0.0047552150191637445)	(250, 0.005532517370847154)	(255, 0.009556216616111689)	(260, 0.002217610709642286)	(265, 0.005944160102751666)	(270, 0.009533522677781335)	(275, 0.0023319429314123)	(280, 0.0024462560964931433)	(285, 0.0024691188674974794)	(290, 0.0006858763876994014)	(295, 0.0018073489553866206)	(300, 0.00155775160905582)
ERR772071_1	(1, 4.379726795073735)	(2, 4.37779214435074)	(3, 4.377469702563573)	(4, 4.37505138915983)	(5, 4.3744065055854975)	(6, 4.3744065055854975)	(7, 4.3744065055854975)	(8, 4.37505138915983)	(9, 4.3744065055854975)	(10, 4.3744065055854975)	(15, 4.374922412444963)	(20, 4.374438749764215)	(25, 4.375083633338546)	(30, 4.3752126100534126)	(35, 0.90747976639889)	(40, 0.00037091487840735897)	(45, 3.371960262122703e-05)	(50, 0.0)	(55, 0.0007782598853386326)	(60, 0.0007782630454651121)	(65, 6.767614662849282e-05)	(70, 0.0017257715213860314)	(75, 0.008222793719545209)	(80, 0.015768814293448837)	(85, 0.0066323768272874934)	(90, 0.0002707092582566324)	(95, 0.0007444504602057391)	(100, 0.00013535485813964899)	(105, 0.00037222598584052354)	(110, 0.00852740800297241)	(115, 0.0)	(120, 0.0009136514758009256)	(125, 0.0024025649919209523)	(130, 6.767797870241688e-05)	(135, 0.002064179747418845)	(140, 0.0008459773102117583)	(145, 0.0003383911531016933)	(150, 0.00013535646124067732)	(155, 0.0003722307722502636)	(160, 0.0008798184866783637)	(165, 0.001116692694630231)	(170, 0.0007783012323554036)	(175, 0.0005075884472869398)	(180, 0.00023687484920377903)	(185, 0.0017934858563336614)	(190, 0.00040607460538008246)	(195, 0.00013535875145087662)	(200, 0.00030455749994839443)	(205, 0.0009475128633331134)	(210, 0.0015227885303567893)	(215, 0.0016919872559519882)	(220, 0.00020303853942196283)	(225, 0.00020303902037733447)	(230, 0.0030794293106849767)	(235, 0.00460223804128749)	(240, 0.002131923421310707)	(245, 0.0014889639010854207)	(250, 0.00016920061507807592)	(255, 0.0011505672973580268)	(260, 0.001285943821852111)	(265, 0.0009475417214464224)	(270, 0.001319792934640808)	(275, 0.001252112940587241)	(280, 0.0007106586960089746)	(285, 0.0001353635611445666)	(290, 0.0008798726756555813)	(295, 0.0006907267516053353)	(300, 0.0003756806864437503)
ERR772071_2	(1, 4.267517053140018)	(2, 4.259133566673707)	(3, 4.259133566673707)	(4, 4.259133566673707)	(5, 4.259133566673707)	(6, 4.259133566673707)	(7, 4.259133566673707)	(8, 4.260262112928787)	(9, 4.259133566673707)	(10, 4.259456008460873)	(15, 4.259649473533171)	(20, 4.260133136213921)	(25, 4.259359275924723)	(30, 4.260939240681835)	(35, 0.8838470664502643)	(40, 0.0015492310257088152)	(45, 0.0022901722310554764)	(50, 0.0027678941827302983)	(55, 0.0014197429453987145)	(60, 0.0014873628245831328)	(65, 0.006152402445546168)	(70, 0.004394665282009051)	(75, 0.006355366397014331)	(80, 0.003279098619736117)	(85, 0.001994503284169391)	(90, 0.002501584618635115)	(95, 0.0028734466485470503)	(100, 0.0020621240215475058)	(105, 0.003989028144283824)	(110, 0.004732778854484967)	(115, 0.0018593078641961538)	(120, 0.002535419814812937)	(125, 0.0034143653506147546)	(130, 0.001690279876541958)	(135, 0.006254046114293538)	(140, 0.005611753852249282)	(145, 0.002467821133676462)	(150, 0.0011493984758300093)	(155, 0.005645607311839007)	(160, 0.0031101591319681087)	(165, 0.0014198605358891724)	(170, 0.0016903147332226966)	(175, 0.006457011012415379)	(180, 0.0040905713344931175)	(185, 0.0011494214015503666)	(190, 0.007876959858606881)	(195, 0.003414486550810771)	(200, 0.0025017055546653092)	(205, 0.010716830901255052)	(210, 0.005273924601134097)	(215, 0.00351595686597071)	(220, 0.0029074288187049095)	(225, 0.013083442953653173)	(230, 0.005713491717634507)	(235, 0.004090745584023238)	(240, 0.0113594756790583)	(245, 0.004361239065207285)	(250, 0.006085456030551694)	(255, 0.011731434666558481)	(260, 0.0023327825937905387)	(265, 0.007404071630843131)	(270, 0.010920171517690848)	(275, 0.00233279521269852)	(280, 0.0026370728491374577)	(285, 0.0026032642228664645)	(290, 0.0004733313295640382)	(295, 0.0033506132468356163)	(300, 0.004095098691878475)
ERR772072_1	(1, 4.394970615290607)	(2, 4.391803164019866)	(3, 4.392199095428708)	(4, 4.391671186883584)	(5, 4.389691529839371)	(6, 4.389691529839371)	(7, 4.389691529839371)	(8, 4.389691529839371)	(9, 4.389691529839371)	(10, 4.389691529839371)	(15, 4.390694556075105)	(20, 4.389744320693882)	(25, 4.390430601802544)	(30, 4.3908793240658985)	(35, 0.9108762680581077)	(40, 0.00046932479346258174)	(45, 8.282257113837692e-05)	(50, 0.0)	(55, 0.0006903855527157697)	(60, 0.00046946567625978354)	(65, 8.284841694625705e-05)	(70, 0.0016293683988141512)	(75, 0.00836778485679489)	(80, 0.016846105304728094)	(85, 0.0073460065755043815)	(90, 0.00016569939643994847)	(95, 0.00035901535895322166)	(100, 0.0002485493692231258)	(105, 0.0003590158546924753)	(110, 0.009168727789309264)	(115, 0.0)	(120, 0.0010494338580502624)	(125, 0.0027340513670256836)	(130, 0.0001657000828500414)	(135, 0.0014913007456503727)	(140, 0.00102182028169652)	(145, 0.00013808397438818442)	(150, 0.00011046717951054754)	(155, 0.00030378491144531747)	(160, 0.0005523374229316689)	(165, 0.0008561234784131227)	(170, 0.0006351889134679381)	(175, 0.00035902031640736655)	(180, 0.00013808473707975635)	(185, 0.0017951025735419002)	(190, 0.00033140410118098616)	(195, 0.00024855321317166325)	(200, 0.00041425546969113666)	(205, 0.0011322995346525083)	(210, 0.0018779602038139164)	(215, 0.0015189384001436086)	(220, 0.0003037876800287217)	(225, 0.000248553556387136)	(230, 0.0030931109239288033)	(235, 0.005716731796904127)	(240, 0.002430301440229774)	(245, 0.0020436625747386737)	(250, 0.0002761706944781603)	(255, 0.001215152733651777)	(260, 0.00182273212079301)	(265, 0.0017675070886700311)	(270, 0.002098933217192362)	(275, 0.0017675261262455537)	(280, 0.0011323273663363493)	(285, 0.00027617870308690464)	(290, 0.000994255138572929)	(295, 0.0008585580932255612)	(300, 0.00029767353250669394)
ERR772072_2	(1, 4.28384586654208)	(2, 4.278434803954563)	(3, 4.278434803954563)	(4, 4.278434803954563)	(5, 4.278434803954563)	(6, 4.278434803954563)	(7, 4.278434803954563)	(8, 4.280414460998776)	(9, 4.278434803954563)	(10, 4.27872515365438)	(15, 4.279094689635968)	(20, 4.27983376159914)	(25, 4.278672362799869)	(30, 4.280810392407619)	(35, 0.8888553629911805)	(40, 0.00173724188859702)	(45, 0.002592095927403666)	(50, 0.0032269826498657634)	(55, 0.0018757477130359778)	(60, 0.0016826885280089023)	(65, 0.0042206034966458614)	(70, 0.0030620394009988868)	(75, 0.0045241017382205775)	(80, 0.0026206845945400932)	(85, 0.0016551701307998196)	(90, 0.0030620647419796663)	(95, 0.003999994482766231)	(100, 0.001820689152913337)	(105, 0.005379313312724587)	(110, 0.006151742805288513)	(115, 0.0020689763615312743)	(120, 0.002455185959646674)	(125, 0.0026758834760333256)	(130, 0.002262087686242921)	(135, 0.007862134031454054)	(140, 0.005048338531099007)	(145, 0.00251038291615459)	(150, 0.0015724393859100053)	(155, 0.007475998183691069)	(160, 0.004027675093519306)	(165, 0.0015172748639969986)	(170, 0.0021793584410138706)	(175, 0.007448450515391395)	(180, 0.004662191147078337)	(185, 0.0014621080895130159)	(190, 0.008386470636593814)	(195, 0.0036690920376564714)	(200, 0.0020966269135168983)	(205, 0.00896597234176852)	(210, 0.005821010814389759)	(215, 0.004827852571176341)	(220, 0.004248514950910341)	(225, 0.011862739823907283)	(230, 0.005159000676739501)	(235, 0.003917536410328281)	(240, 0.00910415400476561)	(245, 0.004000317818353569)	(250, 0.004965918624595036)	(255, 0.00938009956699805)	(260, 0.0025933252222948722)	(265, 0.006014345593677985)	(270, 0.00940782046457528)	(275, 0.0022898825814425708)	(280, 0.002345062415905372)	(285, 0.0022071206125201127)	(290, 0.0008000973359793565)	(295, 0.0029546225207403454)	(300, 0.0030708120970077838)
ERR772073_1	(1, 5.164183574549247)	(2, 5.160636925607068)	(3, 5.160111496134152)	(4, 5.158797922451864)	(5, 5.157747063506033)	(6, 5.157747063506033)	(7, 5.157747063506033)	(8, 5.157878420874262)	(9, 5.157747063506033)	(10, 5.157747063506033)	(15, 5.158666565083635)	(20, 5.157799606453325)	(25, 5.158666565083635)	(30, 5.158797922451864)	(35, 1.0769589104909094)	(40, 0.0003324021456558502)	(45, 0.0)	(50, 2.7721902742694174e-05)	(55, 0.000610185324377292)	(60, 0.0004992559699226014)	(65, 8.321387519250143e-05)	(70, 0.0016365658745502913)	(75, 0.008293782991365035)	(80, 0.01664304279203686)	(85, 0.007267474114477696)	(90, 0.0001941693711686222)	(95, 0.0004160772239327619)	(100, 0.00024964633435965716)	(105, 0.000360600260741727)	(110, 0.008959546952048116)	(115, 0.0)	(120, 0.0008321579102850557)	(125, 0.0018307474026271224)	(130, 0.00013869317740521707)	(135, 0.001303716229242133)	(140, 0.0010263309362495926)	(145, 0.00027738673952691693)	(150, 0.0002773868934138088)	(155, 0.00027738720118810484)	(160, 0.0006657300215114014)	(165, 0.0006934695418468647)	(170, 0.0006379946330781909)	(175, 0.0004160847259457952)	(180, 8.321694518915905e-05)	(185, 0.0013869490864859843)	(190, 0.0002496522205871543)	(195, 0.00013869625520110957)	(200, 0.00027739251040221914)	(205, 0.0009708764795464065)	(210, 0.002163670583927534)	(215, 0.0020249737516244864)	(220, 0.0003051334542771388)	(225, 0.00027739404934285346)	(230, 0.0024410689884931335)	(235, 0.005742072749565183)	(240, 0.0020804663351420443)	(245, 0.0014424570591629311)	(250, 8.32186764901691e-05)	(255, 0.0010541102532749542)	(260, 0.0013870233424932356)	(265, 0.001303809898968603)	(270, 0.0015534760552471567)	(275, 0.0015534782099714435)	(280, 0.0009154435323914436)	(285, 0.000194185207192842)	(290, 0.0007212715462536184)	(295, 0.0007862959842740803)	(300, 0.0004480320193549832)
ERR772073_2	(1, 5.0259956231724905)	(2, 5.0183768958152175)	(3, 5.0183768958152175)	(4, 5.0183768958152175)	(5, 5.0183768958152175)	(6, 5.0183768958152175)	(7, 5.0183768958152175)	(8, 5.0196904694975055)	(9, 5.0183768958152175)	(10, 5.018639610551675)	(15, 5.018849782340841)	(20, 5.019454026234694)	(25, 5.018560796130737)	(30, 5.020189627496776)	(35, 1.047625981430887)	(40, 0.0012999980638326708)	(45, 0.002046812822009987)	(50, 0.003045050132598092)	(55, 0.0016618091063261473)	(60, 0.0015787702487671052)	(65, 0.003961002682125103)	(70, 0.00337937032912851)	(75, 0.004321162060197112)	(80, 0.002603777138836721)	(85, 0.0014403921412204776)	(90, 0.003268590315166896)	(95, 0.003933392703556535)	(100, 0.001855896557311886)	(105, 0.005512289774702468)	(110, 0.006094010640142578)	(115, 0.00268691436693112)	(120, 0.002659219375072367)	(125, 0.002770022484272505)	(130, 0.002465326840013307)	(135, 0.007977706741716203)	(140, 0.005096883726508975)	(145, 0.0027146476013456895)	(150, 0.0015512302086570832)	(155, 0.0076730558013980476)	(160, 0.003822677619469063)	(165, 0.0015512319274555311)	(170, 0.0021883498900007923)	(175, 0.007617696879375847)	(180, 0.004626022122358008)	(185, 0.0013296373109525827)	(190, 0.009667648944120989)	(195, 0.004293677573623412)	(200, 0.0020775916778879703)	(205, 0.007894953351906327)	(210, 0.005346445514041345)	(215, 0.004487690016967347)	(220, 0.0035181380794401117)	(225, 0.010111215055017476)	(230, 0.004903294293507318)	(235, 0.004155351413913723)	(240, 0.008504663990975637)	(245, 0.00437699804420214)	(250, 0.004931057991735214)	(255, 0.00864324826567129)	(260, 0.002687205411643855)	(265, 0.005319042838241258)	(270, 0.00916981584738102)	(275, 0.002548712969209054)	(280, 0.0024379000372333824)	(285, 0.002465606178975305)	(290, 0.0006925921452293699)	(295, 0.003992983440764923)	(300, 0.005065920287744272)
ERR772074_1	(1, 4.714249700155079)	(2, 4.71081198768535)	(3, 4.710939310369414)	(4, 4.709666083528774)	(5, 4.709156792792517)	(6, 4.709156792792517)	(7, 4.709156792792517)	(8, 4.709284115476581)	(9, 4.709156792792517)	(10, 4.709156792792517)	(15, 4.709589689918335)	(20, 4.709207721866143)	(25, 4.7097679416760245)	(30, 4.709869799823276)	(35, 0.9794442142298051)	(40, 0.0006680781822501247)	(45, 0.00010689290907181413)	(50, 0.0)	(55, 0.0007220971627197817)	(60, 0.0008558392306005317)	(65, 8.02373098676646e-05)	(70, 0.0018454798448192167)	(75, 0.007462159629234975)	(80, 0.016234938550623856)	(85, 0.007007504181099585)	(90, 0.00018722359445229745)	(95, 0.000802386833366989)	(100, 0.00032095490503345554)	(105, 0.0005616716847128213)	(110, 0.008184424505236829)	(115, 0.0)	(120, 0.0013908187241645391)	(125, 0.0027281509876441504)	(130, 0.00021397342770987986)	(135, 0.002059496445095162)	(140, 0.001203602784334441)	(145, 0.000374454199570715)	(150, 0.0002942142500264793)	(155, 0.000508188521893564)	(160, 0.0010966220296922452)	(165, 0.0010163824807756603)	(170, 0.0009628894386274333)	(175, 0.0006686746520685183)	(180, 0.00029421716168704124)	(185, 0.0018187984589427646)	(190, 0.000401205757035143)	(195, 0.00021397674714688757)	(200, 0.0003744602089220494)	(205, 0.001069889172855307)	(210, 0.0010966364021766895)	(215, 0.0011768780901408374)	(220, 0.00034771398117797473)	(225, 0.00021397783457106136)	(230, 0.002594486795800783)	(235, 0.004359818203605115)	(240, 0.0015780949718951984)	(245, 0.0012303791306301547)	(250, 0.00040121058607505046)	(255, 0.0008559159169601075)	(260, 0.001604843202806978)	(265, 0.0022200372538299655)	(270, 0.002059556489221164)	(275, 0.0012571349092990536)	(280, 0.0011768935146747922)	(285, 0.0004814566953775343)	(290, 0.001150188697817878)	(295, 0.001166363909337177)	(300, 0.0005194909285751923)
ERR772074_2	(1, 4.625123821310252)	(2, 4.618248396370794)	(3, 4.618248396370794)	(4, 4.618248396370794)	(5, 4.618248396370794)	(6, 4.618248396370794)	(7, 4.618248396370794)	(8, 4.619394300527371)	(9, 4.618248396370794)	(10, 4.618655828959799)	(15, 4.618986867938365)	(20, 4.619063261548804)	(25, 4.618375719054859)	(30, 4.619979984874066)	(35, 0.9609356470318532)	(40, 0.0017620430301587013)	(45, 0.002269311170617493)	(50, 0.002430748379345263)	(55, 0.0016299404564047043)	(60, 0.001469661641136417)	(65, 0.005531458231344289)	(70, 0.004035085468989165)	(75, 0.004435930071570792)	(80, 0.0031532632934766196)	(85, 0.0015499094906302627)	(90, 0.0030463778967646667)	(95, 0.003420498136763808)	(100, 0.0014163007666997227)	(105, 0.004783361810815101)	(110, 0.006814348291763137)	(115, 0.0012292572854204474)	(120, 0.0013628743929530308)	(125, 0.003019710155926609)	(130, 0.0018439012032390662)	(135, 0.008097148681287141)	(140, 0.005050700751325141)	(145, 0.001977523045492383)	(150, 0.0009887623154354883)	(155, 0.0079902748467484)	(160, 0.0038214562206760026)	(165, 0.0009620472365193131)	(170, 0.0013094594818495553)	(175, 0.007856790485052589)	(180, 0.004623220861682853)	(185, 0.0005612006701270478)	(190, 0.010048183176241392)	(195, 0.004195665530095616)	(200, 0.0020844780146362426)	(205, 0.01042257390540258)	(210, 0.005719123680592822)	(215, 0.00419580793355123)	(220, 0.003313888292032664)	(225, 0.013041813175491761)	(230, 0.0058795593644410124)	(235, 0.004516581466301492)	(240, 0.011037571841096381)	(245, 0.004703662576351)	(250, 0.0063339092647453805)	(255, 0.012240222654460653)	(260, 0.0028863437988239753)	(265, 0.007563299875753424)	(270, 0.011411787815578027)	(275, 0.002619098842919547)	(280, 0.0028329081298583705)	(285, 0.0025122062489259652)	(290, 0.0003207178092194076)	(295, 0.004788864578935738)	(300, 0.005714027425625963)
ERR772075_1	(1, 3.671796223864291)	(2, 3.668290192789637)	(3, 3.6680097103036644)	(4, 3.6657658504158857)	(5, 3.665204885443941)	(6, 3.665204885443941)	(7, 3.665204885443941)	(8, 3.665204885443941)	(9, 3.665204885443941)	(10, 3.665204885443941)	(15, 3.6658499951616768)	(20, 3.6652890301897325)	(25, 3.666046332901858)	(30, 3.666270718890636)	(35, 0.7560519553471352)	(40, 0.0007570016097930386)	(45, 8.734705167305998e-05)	(50, 0.0)	(55, 0.0010805203786143408)	(60, 0.0008176946792315189)	(65, 5.840734273749959e-05)	(70, 0.0018982536066818527)	(75, 0.00879037439401904)	(80, 0.015156824951813563)	(85, 0.0063372466561532614)	(90, 0.00020442731148881488)	(95, 0.0006424858361077039)	(100, 0.00017522340984755565)	(105, 0.0004380591642707264)	(110, 0.008323430398160785)	(115, 0.0)	(120, 0.0009929732539733533)	(125, 0.0026576776803555564)	(130, 0.000175234207820177)	(135, 0.002161240201404222)	(140, 0.00140188963039764)	(145, 0.00035047240759941)	(150, 0.00035047240759941)	(155, 0.0004380905094992625)	(160, 0.0007301519154075197)	(165, 0.0009930066049542267)	(170, 0.0008469762218727228)	(175, 0.0006133276089423165)	(180, 0.00011682430646520315)	(185, 0.0023948982825366645)	(190, 0.0004380926846407333)	(195, 0.00011682563715242183)	(200, 0.0002336522296848148)	(205, 0.0009054058277176267)	(210, 0.0009346149240479342)	(215, 0.0010806485059304237)	(220, 0.0002628604473884815)	(225, 0.0002628604473884815)	(230, 0.0034171858160502587)	(235, 0.00397211342720372)	(240, 0.0020152657843502055)	(245, 0.0015187514694650637)	(250, 5.84135180563486e-05)	(255, 0.0010806500840424493)	(260, 0.0016063792532906677)	(265, 0.0015187603410785242)	(270, 0.0020736944268147967)	(275, 0.0018984615159945383)	(280, 0.0012851124108270722)	(285, 0.0002920710024606982)	(290, 0.001285232532156372)	(295, 0.0007897607229762162)	(300, 0.00037077575185906963)
ERR772075_2	(1, 3.5325366695790095)	(2, 3.5263660548876175)	(3, 3.5263660548876175)	(4, 3.5263660548876175)	(5, 3.5263660548876175)	(6, 3.5263660548876175)	(7, 3.5263660548876175)	(8, 3.528048949803452)	(9, 3.5263660548876175)	(10, 3.5267587303679795)	(15, 3.5270111646053546)	(20, 3.5275160330801048)	(25, 3.5267026338707845)	(30, 3.5283294322894245)	(35, 0.7276818403666002)	(40, 0.001628118537496006)	(45, 0.002151459867278185)	(50, 0.0030586651985073715)	(55, 0.001866650566805528)	(60, 0.0013416766174349126)	(65, 0.004608427998125128)	(70, 0.0030042581713634695)	(75, 0.005016822397195246)	(80, 0.002595913914827773)	(85, 0.0016917191804495595)	(90, 0.002916757207671655)	(95, 0.003558443793359419)	(100, 0.001808389468756426)	(105, 0.005512679162072768)	(110, 0.0056295630817336725)	(115, 0.0023918490451563597)	(120, 0.002596031280718488)	(125, 0.003062745147226159)	(130, 0.0026252430537527264)	(135, 0.00778828466968047)	(140, 0.005221368523607003)	(145, 0.0029461439060034247)	(150, 0.0018085239819030923)	(155, 0.007467456038998789)	(160, 0.003850411512730423)	(165, 0.0013418100726181777)	(170, 0.0023919223033628386)	(175, 0.007671653241273494)	(180, 0.004842189824925668)	(185, 0.0009917770018581234)	(190, 0.009334388119190802)	(195, 0.003675434620143832)	(200, 0.002129427166590046)	(205, 0.008547045945476847)	(210, 0.004434028367279904)	(215, 0.0031796780648887693)	(220, 0.002450394105051896)	(225, 0.009830764985207179)	(230, 0.0048424610320451315)	(235, 0.003967322101338825)	(240, 0.008868142103809188)	(245, 0.004025676816914844)	(250, 0.005163377128689736)	(255, 0.009043239813592573)	(260, 0.0024796016301192837)	(265, 0.00580519346025995)	(270, 0.009276651630517383)	(275, 0.002187899747516369)	(280, 0.002187899747516369)	(285, 0.0021003837576157145)	(290, 0.0006126226521601512)	(295, 0.001868202952227715)	(300, 0.0022844169377215224)
ERR772076_1	(1, 4.475287863403291)	(2, 4.472436554414856)	(3, 4.473228584689421)	(4, 4.472436554414856)	(5, 4.470852493865726)	(6, 4.470852493865726)	(7, 4.470852493865726)	(8, 4.471010899920638)	(9, 4.470852493865726)	(10, 4.470852493865726)	(15, 4.471422755663412)	(20, 4.470884175076708)	(25, 4.471897973828152)	(30, 4.471866292617169)	(35, 0.9279955735885967)	(40, 0.00046429643337429094)	(45, 6.632825988473475e-05)	(50, 0.0)	(55, 0.0004982428635013852)	(60, 0.00029895157682009195)	(65, 9.965426613269697e-05)	(70, 0.0011294311487145246)	(75, 0.007208430608391544)	(80, 0.01644321609375623)	(85, 0.006942705077210188)	(90, 0.0001660939746421007)	(95, 0.0003654072297481348)	(100, 0.00019931303440807348)	(105, 0.0003321883906801225)	(110, 0.008769837605196527)	(115, 0.0)	(120, 0.0004650682271698838)	(125, 0.0015280818254598365)	(130, 0.00016609585059346047)	(135, 0.0012955489257407966)	(140, 0.0006643845058889381)	(145, 6.643845058889382e-05)	(150, 0.0)	(155, 0.0002989740208185577)	(160, 0.0003654126921115705)	(165, 0.0005979480416371154)	(170, 0.00036541293488706914)	(175, 0.00029897451740529984)	(180, 0.00016609695411405547)	(185, 0.001395214414558066)	(190, 0.00026575539142945504)	(195, 0.0001328777839971963)	(200, 0.00019931667599579444)	(205, 0.0007640472579838786)	(210, 0.001461655623969159)	(215, 0.0008637055959817759)	(220, 0.0002657555679943926)	(225, 0.00029897521262951023)	(230, 0.002258926079965983)	(235, 0.004418193656404056)	(240, 0.0016941945599744873)	(245, 0.0014616590228543676)	(250, 0.00013287826955287125)	(255, 0.0005647343340204268)	(260, 0.000764054872427751)	(265, 0.000730839465464015)	(270, 0.0008305010479262222)	(275, 0.0009633815356301678)	(280, 0.00043186197956894193)	(285, 0.0)	(290, 0.0004983186727979796)	(295, 0.000504111194830911)	(300, 0.0)
ERR772076_2	(1, 4.349196643692508)	(2, 4.343810837825465)	(3, 4.343810837825465)	(4, 4.343810837825465)	(5, 4.343810837825465)	(6, 4.343810837825465)	(7, 4.343810837825465)	(8, 4.345236492319683)	(9, 4.343810837825465)	(10, 4.344032606302344)	(15, 4.344032606302344)	(20, 4.344856317787891)	(25, 4.3440642875133255)	(30, 4.345363217163613)	(35, 0.9017785140068605)	(40, 0.0011923194753794308)	(45, 0.0018547247124845493)	(50, 0.0028511809525198803)	(55, 0.0016587230420184403)	(60, 0.001592418495542721)	(65, 0.00388167718977188)	(70, 0.0034172551478626394)	(75, 0.004147155681570106)	(80, 0.0025878311552974065)	(85, 0.0016920479387040705)	(90, 0.004080835038381415)	(95, 0.004711214182745344)	(100, 0.0017915890864355474)	(105, 0.006735056800084934)	(110, 0.008294470972005828)	(115, 0.0025547097733574294)	(120, 0.0024883586288812175)	(125, 0.003284638839029472)	(130, 0.0031187531622995828)	(135, 0.009621694864868273)	(140, 0.005806199029867088)	(145, 0.003450541137749584)	(150, 0.0022229462465054952)	(155, 0.010418024908369489)	(160, 0.0053749224037051135)	(165, 0.0017252854517958564)	(170, 0.003052434183546849)	(175, 0.01031856495636176)	(180, 0.0066025566160935155)	(185, 0.0014598637018162033)	(190, 0.012077062274508972)	(195, 0.006104904826524485)	(200, 0.0021898057244175945)	(205, 0.007465318618139663)	(210, 0.007266313371211065)	(215, 0.00710042758509481)	(220, 0.005541004428158389)	(225, 0.012276505389883561)	(230, 0.006138297501712917)	(235, 0.005872865404210745)	(240, 0.009190871506971126)	(245, 0.0062378519492291935)	(250, 0.006835111236458351)	(255, 0.010451792847456582)	(260, 0.004844335892978666)	(265, 0.006768825048103452)	(270, 0.010783699558830557)	(275, 0.004645290587811753)	(280, 0.004114411156424936)	(285, 0.003981690858203693)	(290, 0.001028618489052347)	(295, 0.0022250908551090577)	(300, 0.0025980981921233655)
ERR772077_1	(1, 5.054368718765446)	(2, 5.052034708111373)	(3, 5.052309297600088)	(4, 5.0506617606678015)	(5, 5.049700697457301)	(6, 5.049700697457301)	(7, 5.049700697457301)	(8, 5.049975286946016)	(9, 5.049700697457301)	(10, 5.049700697457301)	(15, 5.050497006974573)	(20, 5.049783074303916)	(25, 5.050469548025702)	(30, 5.05082651436103)	(35, 1.053343939931553)	(40, 0.0004916305679692274)	(45, 8.675901296006136e-05)	(50, 0.0)	(55, 0.00037608166873800877)	(60, 0.0006364505039675456)	(65, 2.8930472263922283e-05)	(70, 0.0018516027212773746)	(75, 0.007869311565428841)	(80, 0.015304653743058297)	(85, 0.006220263883845975)	(90, 0.0002314530856168109)	(95, 0.0006075650528581596)	(100, 0.0003761116993883845)	(105, 0.0005207701959745042)	(110, 0.007985152245896398)	(115, 0.0)	(120, 0.0009258182352631435)	(125, 0.00225668325425298)	(130, 0.00017359142134341246)	(135, 0.0026038788536683734)	(140, 0.0015044672551255318)	(145, 0.0005786425912772522)	(150, 0.0005207787841667047)	(155, 0.000549711256929255)	(160, 0.0012730173839203439)	(165, 0.0014176792706069084)	(170, 0.0012440887700735893)	(175, 0.0006654437931453503)	(180, 0.00023145871065925226)	(185, 0.002488204176248182)	(190, 0.0004629262610545345)	(195, 8.679889996860773e-05)	(200, 0.00014466483328101287)	(205, 0.000752257133061267)	(210, 0.0013309164661853186)	(215, 0.001301983499529116)	(220, 0.00020253076659341803)	(225, 0.00017359779993721545)	(230, 0.0031247603988698784)	(235, 0.004282080304050848)	(240, 0.0023146406809672884)	(245, 0.0018806455532859219)	(250, 0.0003182630936330022)	(255, 0.0008101242383385509)	(260, 0.0009547892808990064)	(265, 0.0011573233541198253)	(270, 0.0012730560578661843)	(275, 0.0013309222423146475)	(280, 0.0006654611211573238)	(285, 0.000173598653800306)	(290, 0.0007233402812578482)	(295, 0.0010461600694650288)	(300, 0.00045581656118311745)
ERR772077_2	(1, 4.926272722280191)	(2, 4.918446921851832)	(3, 4.918172332363118)	(4, 4.918172332363118)	(5, 4.918172332363118)	(6, 4.918172332363118)	(7, 4.918172332363118)	(8, 4.920094458784117)	(9, 4.918172332363118)	(10, 4.918446921851832)	(15, 4.918529298698446)	(20, 4.919462902960075)	(25, 4.918446921851832)	(30, 4.920094458784117)	(35, 1.0262648806121002)	(40, 0.001357333688357918)	(45, 0.002021577743237678)	(50, 0.0024264279600760166)	(55, 0.0011845003791845726)	(60, 0.0008378299280361873)	(65, 0.0028024913859504464)	(70, 0.0017335479080410618)	(75, 0.002658106792329628)	(80, 0.0016179794499274365)	(85, 0.0006645320740739457)	(90, 0.0022825396981326802)	(95, 0.0021091865185420607)	(100, 0.0007223241501856374)	(105, 0.0038427655892765457)	(110, 0.00592307001097646)	(115, 0.0008667937386287497)	(120, 0.001242405794580626)	(125, 0.001618017783749034)	(130, 0.0021669918599117773)	(135, 0.008263502881535463)	(140, 0.00410287467046982)	(145, 0.0013580003993099046)	(150, 0.0007801287905952295)	(155, 0.008176931460555984)	(160, 0.0035828426909575695)	(165, 0.001126866372429336)	(170, 0.0010401903548349347)	(175, 0.007945919207049273)	(180, 0.0043341515248267425)	(185, 0.00046231524004852)	(190, 0.01028662703811022)	(195, 0.004363163114107984)	(200, 0.0012713860130201485)	(205, 0.00635698517088732)	(210, 0.00569244061224077)	(215, 0.005663544974615182)	(220, 0.004536615107217264)	(225, 0.010893677419429409)	(230, 0.004623370153660596)	(235, 0.004450000202272737)	(240, 0.007628589410246467)	(245, 0.004478907955551895)	(250, 0.005345793366303875)	(255, 0.009189014561987417)	(260, 0.0032652825336280757)	(265, 0.005461417541264044)	(270, 0.008928984234130103)	(275, 0.0033519956655228464)	(280, 0.0026873797180851987)	(285, 0.0025717949799717852)	(290, 0.0002889739114352756)	(295, 0.0028629861581849015)	(300, 0.0029749509133099304)
ERR772078_1	(1, 3.132993903829677)	(2, 3.131915208373142)	(3, 3.131915208373142)	(4, 3.13006601616194)	(5, 3.128987320705405)	(6, 3.128987320705405)	(7, 3.128987320705405)	(8, 3.1292955194072722)	(9, 3.128987320705405)	(10, 3.128987320705405)	(15, 3.1298194572004467)	(20, 3.129079780315965)	(25, 3.1297269975898865)	(30, 3.1299735565513798)	(35, 0.6424967756619376)	(40, 0.0005408621342419817)	(45, 3.1815439905724484e-05)	(50, 0.0)	(55, 0.0003818360586882022)	(60, 0.0003500170553765165)	(65, 6.363968736367186e-05)	(70, 0.0013364347103914163)	(75, 0.008209527506690129)	(80, 0.02033292540202871)	(85, 0.008177720643335237)	(90, 9.545977404671484e-05)	(95, 0.00047729887023357414)	(100, 0.00019091954809342967)	(105, 0.00022273947277566796)	(110, 0.012027939184448447)	(115, 0.0)	(120, 0.0007318594320770807)	(125, 0.0014318988888464622)	(130, 0.0001272803062364168)	(135, 0.0014319089127738367)	(140, 0.0006364049737594318)	(145, 9.546083719154216e-05)	(150, 0.00015910169907886482)	(155, 0.0002545630425374844)	(160, 0.000636407606343711)	(165, 0.0005409464653921544)	(170, 0.0003818445638062266)	(175, 0.0003182038031718555)	(180, 0.0002545630425374844)	(185, 0.0011773540717358653)	(190, 0.0001909226464169865)	(195, 0.0001272824528092351)	(200, 0.000254565472648531)	(205, 0.0006364144916671068)	(210, 0.0021638099602081713)	(215, 0.00146375379661141)	(220, 9.546220412683108e-05)	(225, 0.00012728293883577477)	(230, 0.002609304397632534)	(235, 0.0066505547167229635)	(240, 0.00232292102545826)	(245, 0.0016228636670418345)	(250, 0.00019092544106958978)	(255, 0.000731881556107472)	(260, 0.00095462811666192)	(265, 0.001018273879397551)	(270, 0.0010501022895093826)	(275, 0.001177391536782348)	(280, 0.0005091422861761506)	(285, 0.00012728557154403764)	(290, 0.0006364454774661705)	(295, 0.0004790316662286188)	(300, 0.00016531658125309968)
ERR772078_2	(1, 3.0060160386604453)	(2, 3.0026258529399072)	(3, 3.0026258529399072)	(4, 3.0026258529399072)	(5, 3.0026258529399072)	(6, 3.0026258529399072)	(7, 3.0026258529399072)	(8, 3.0040127470983093)	(9, 3.0026258529399072)	(10, 3.002903231771588)	(15, 3.002903231771588)	(20, 3.003612088785882)	(25, 3.002934051641774)	(30, 3.00456750476167)	(35, 0.6175474939369442)	(40, 0.0013662825612142247)	(45, 0.0019064426003495782)	(50, 0.0021926179954196525)	(55, 0.0012711556043820548)	(60, 0.001366496183026592)	(65, 0.003368588043609868)	(70, 0.0025105626361543263)	(75, 0.0028919139226587813)	(80, 0.0019385381706110622)	(85, 0.0011122763530047352)	(90, 0.0026376839228398003)	(95, 0.0022881186262390003)	(100, 0.0010487210370262086)	(105, 0.004576240161083654)	(110, 0.0062605746508379)	(115, 0.002319912796702546)	(120, 0.002478810933462994)	(125, 0.002351693918773763)	(130, 0.002701282918707592)	(135, 0.008771269135906049)	(140, 0.004671667575576141)	(145, 0.0020657079451258985)	(150, 0.0011123078130725406)	(155, 0.008866699188490453)	(160, 0.004194997465522364)	(165, 0.0015572344025495425)	(170, 0.0014301150448102714)	(175, 0.009152739195556854)	(180, 0.004957741608863425)	(185, 0.0010487543658373032)	(190, 0.011027839096518064)	(195, 0.00441751139654379)	(200, 0.0014936947015153055)	(205, 0.006483353037641585)	(210, 0.0063245076259578125)	(215, 0.005879574865421298)	(220, 0.004385846428633856)	(225, 0.010551476745911859)	(230, 0.004957984261578165)	(235, 0.0048308748841543485)	(240, 0.007500599889080112)	(245, 0.004989816959529724)	(250, 0.004958042564795419)	(255, 0.008168065090261887)	(260, 0.003464277734642047)	(265, 0.005657282463981703)	(270, 0.009534791181716592)	(275, 0.0038139285943575465)	(280, 0.0032736293266335172)	(285, 0.003337194944626401)	(290, 0.0006674472621313307)	(295, 0.0020992600108461767)	(300, 0.002203195975239909)
ERR772079_1	(1, 2.3974527519722844)	(2, 2.3946607816788483)	(3, 2.395631901780913)	(4, 2.394175221627816)	(5, 2.392839931487477)	(6, 2.392839931487477)	(7, 2.392839931487477)	(8, 2.392961321500235)	(9, 2.392839931487477)	(10, 2.392839931487477)	(15, 2.3935439935614737)	(20, 2.3928884874925798)	(25, 2.393398325546164)	(30, 2.3936168275691285)	(35, 0.48842777887510874)	(40, 0.00037309831787379726)	(45, 4.97469744511976e-05)	(50, 0.0)	(55, 0.000273630479450351)	(60, 0.0003482571471073015)	(65, 4.975120665332837e-05)	(70, 0.0013432885943604268)	(75, 0.006343308829089867)	(80, 0.01427867800337315)	(85, 0.005820931722212203)	(90, 0.00019900621272520353)	(95, 0.0005472670849943096)	(100, 0.0003233850956784557)	(105, 0.00044776397863170795)	(110, 0.008034875838780093)	(115, 0.0)	(120, 0.0008706521806727653)	(125, 0.0015174223720296769)	(130, 0.00014925484518541184)	(135, 0.0016915549121013342)	(140, 0.000771151951760714)	(145, 0.0003482621717629031)	(150, 0.0003731385052817756)	(155, 0.00037314054736733174)	(160, 0.0007960347518921374)	(165, 0.0006965305811751665)	(170, 0.0006467795230598046)	(175, 0.000472647985462343)	(180, 0.00022388588785058353)	(185, 0.0013433156612695227)	(190, 0.000398020148277431)	(195, 7.462896345096268e-05)	(200, 0.00012438228646981925)	(205, 0.0005472820604672047)	(210, 0.0013682051511680119)	(215, 0.0011194416921381112)	(220, 0.00019901190588726968)	(225, 0.000174135417651361)	(230, 0.002214008554531031)	(235, 0.004726538643806804)	(240, 0.0018657407948702578)	(245, 0.0012935812498383024)	(250, 0.00017413606743543595)	(255, 0.0006716681899437838)	(260, 0.0006219171566544637)	(265, 0.0006716720329945204)	(270, 0.0009453197220561003)	(275, 0.0008955669436290362)	(280, 0.0004975375622201818)	(285, 7.463067146458961e-05)	(290, 0.00029854199552933365)	(295, 0.0006243578479533799)	(300, 0.0003166809806469919)
ERR772079_2	(1, 2.3327518751722223)	(2, 2.3265609845215596)	(3, 2.3265609845215596)	(4, 2.3265609845215596)	(5, 2.3265609845215596)	(6, 2.3265609845215596)	(7, 2.3266823745343177)	(8, 2.3277748846491404)	(9, 2.3265609845215596)	(10, 2.3266823745343177)	(15, 2.3266338185292144)	(20, 2.3271922125879017)	(25, 2.3266580965317663)	(30, 2.3276534946363823)	(35, 0.47532451275774057)	(40, 0.0007208330443787078)	(45, 0.0012179722998299808)	(50, 0.0012180452660422154)	(55, 0.0007457610939420335)	(60, 0.0005966122862854)	(65, 0.002610189783170292)	(70, 0.0019390106571008808)	(75, 0.0028339393571780325)	(80, 0.0018395764996588081)	(85, 0.001019226084232821)	(90, 0.002411339760258138)	(95, 0.002908523215981465)	(100, 0.0010192263376040574)	(105, 0.004424938255952847)	(110, 0.0052452919775620825)	(115, 0.0012926785916266743)	(120, 0.0015164114247928297)	(125, 0.001988737283578773)	(130, 0.0019638819731793386)	(135, 0.0070103128662857405)	(140, 0.0038034770741068977)	(145, 0.0019887461825395542)	(150, 0.0013175463111313522)	(155, 0.006886095283173889)	(160, 0.003480349079012625)	(165, 0.001143544974505162)	(170, 0.0018147597643397716)	(175, 0.00673699995177203)	(180, 0.0041764458892958435)	(185, 0.0007706556215971514)	(190, 0.00862638600168749)	(195, 0.0036792746459195355)	(200, 0.0015661894015217394)	(205, 0.006215125377724244)	(210, 0.004350631027954669)	(215, 0.003679399044748453)	(220, 0.003231905369810772)	(225, 0.008204085833632078)	(230, 0.003828623835967833)	(235, 0.003082794155121727)	(240, 0.006265047301107124)	(245, 0.003132529880854474)	(250, 0.0037789362095678684)	(255, 0.00666286949402716)	(260, 0.0022126742978239716)	(265, 0.00420161277290283)	(270, 0.006513759072957832)	(275, 0.0021381041231846314)	(280, 0.0019640738571327703)	(285, 0.0018894934715514382)	(290, 0.00032320725018503615)	(295, 0.0010199456592854112)	(300, 0.0009264841920416433)
ERR772080_1	(1, 2.893050267320898)	(2, 2.890760253916686)	(3, 2.890760253916686)	(4, 2.8893862458741593)	(5, 2.888012237831632)	(6, 2.888012237831632)	(7, 2.888012237831632)	(8, 2.8884702405124743)	(9, 2.888012237831632)	(10, 2.888012237831632)	(15, 2.8888366426571483)	(20, 2.8880427713436885)	(25, 2.8886229080727555)	(30, 2.8892030448018224)	(35, 0.5921069493177205)	(40, 0.0003458572433354095)	(45, 9.432499930042293e-05)	(50, 0.0)	(55, 0.0005980447085633707)	(60, 0.0005350958340900742)	(65, 9.442977635251769e-05)	(70, 0.001699743464643762)	(75, 0.006767497127748313)	(80, 0.015171803360837736)	(85, 0.006326856751464384)	(90, 0.0001573853880258049)	(95, 0.00044067991875121386)	(100, 0.0002203402368028002)	(105, 0.00047215765029171475)	(110, 0.007932275990322623)	(115, 0.0)	(120, 0.0008813651086439883)	(125, 0.002203412771609971)	(130, 0.00018886395185228322)	(135, 0.001762733546456213)	(140, 0.001038756966754111)	(145, 0.0004092078051667207)	(150, 0.00034625373914691266)	(155, 0.0004092097373030875)	(160, 0.0007239864583054625)	(165, 0.0009128527782516917)	(170, 0.0006610321544926578)	(175, 0.0004406887965890687)	(180, 9.443346218254618e-05)	(185, 0.0017942357814683776)	(190, 0.00028330038654763857)	(195, 9.443367026217619e-05)	(200, 0.00025182343777395633)	(205, 0.0010387759316246204)	(210, 0.001164688532382276)	(215, 0.001007298190168455)	(220, 0.0003462587528704064)	(225, 0.00031478108077565833)	(230, 0.0025812072999060695)	(235, 0.004438421621723713)	(240, 0.0021719949269753272)	(245, 0.0016683481307418326)	(250, 0.00015739133308885213)	(255, 0.0009128774905816226)	(260, 0.0011962204470590606)	(265, 0.0017313749698583357)	(270, 0.0015110224364796073)	(275, 0.0016999039869044434)	(280, 0.0011332696813528974)	(285, 0.00034627837318420277)	(290, 0.0010389181902296985)	(295, 0.0008224183654877826)	(300, 0.0006427907402779909)
ERR772080_2	(1, 2.8219071842300516)	(2, 2.8153424791379775)	(3, 2.8151898115776968)	(4, 2.8151898115776968)	(5, 2.8151898115776968)	(6, 2.8151898115776968)	(7, 2.8151898115776968)	(8, 2.817479824981909)	(9, 2.8151898115776968)	(10, 2.8154646131862027)	(15, 2.8157699483067637)	(20, 2.816533286108168)	(25, 2.8154340796741466)	(30, 2.8173882244457404)	(35, 0.5786032680167306)	(40, 0.0015709003898346406)	(45, 0.00260770284000832)	(50, 0.0025781874650411926)	(55, 0.0013526198043671374)	(60, 0.0012582672087701225)	(65, 0.003806308594739178)	(70, 0.002862611928912852)	(75, 0.004592761995838203)	(80, 0.0018559814980664761)	(85, 0.0014470423398297147)	(90, 0.002359323006419246)	(95, 0.002862653352497382)	(100, 0.0016358039740599238)	(105, 0.004215341010077496)	(110, 0.005064739003932565)	(115, 0.0021076950372904734)	(120, 0.0020447806972702176)	(125, 0.0018560317098298901)	(130, 0.0018245735452565022)	(135, 0.007015183940954173)	(140, 0.004938956697303928)	(145, 0.0021077102873564126)	(150, 0.001006670450069775)	(155, 0.006543370276111351)	(160, 0.0030200170505129314)	(165, 0.0009122982523196755)	(170, 0.00141564278991106)	(175, 0.006323230321305039)	(180, 0.00424695241840346)	(185, 0.0006920959496657491)	(190, 0.008399543970826213)	(195, 0.002988612129423893)	(200, 0.0014471192731434484)	(205, 0.005977337083745324)	(210, 0.0036179108609684044)	(215, 0.0027999484054451133)	(220, 0.002170746516581043)	(225, 0.007487514255377718)	(230, 0.0035864755893145676)	(235, 0.002705590252827971)	(240, 0.006323540654231629)	(245, 0.0031145856043853365)	(250, 0.0036494191760618236)	(255, 0.006386555890858479)	(260, 0.0016045481073411222)	(265, 0.004121490205011103)	(270, 0.006481126079925498)	(275, 0.001887706625221019)	(280, 0.0016045521458997241)	(285, 0.001573097762992057)	(290, 0.00037754809569459885)	(295, 0.0013222312084972872)	(300, 0.0011129598611026093)
ERR772081_1	(1, 1.7841591029705937)	(2, 1.7802468463809926)	(3, 1.7805870426061754)	(4, 1.7783757671424878)	(5, 1.7776953746921225)	(6, 1.7776953746921225)	(7, 1.7776953746921225)	(8, 1.7782056690298964)	(9, 1.7776953746921225)	(10, 1.7776953746921225)	(15, 1.7785118456325608)	(20, 1.7777293943146408)	(25, 1.7786819437451522)	(30, 1.7788180222352252)	(35, 0.3617040294056645)	(40, 0.0006580733828019795)	(45, 6.927090639249243e-05)	(50, 0.0)	(55, 0.0008314265374029353)	(60, 0.0007274989763050119)	(65, 6.928621685823727e-05)	(70, 0.001836105101427485)	(75, 0.008002646762825454)	(80, 0.018603555461633198)	(85, 0.007760147692239472)	(90, 0.00031179197239601734)	(95, 0.0007968017072342667)	(100, 0.000277148419907571)	(105, 0.0007968017072342667)	(110, 0.009873412459207217)	(115, 0.0)	(120, 0.0009353791576737466)	(125, 0.002563638870585431)	(130, 0.0002425073878143502)	(135, 0.00277151684424006)	(140, 0.0012818292049194527)	(145, 0.00034644032565390613)	(150, 0.00045037320348727435)	(155, 0.0005196613886391628)	(160, 0.0009007464069745487)	(165, 0.001143255055006158)	(170, 0.001143255055006158)	(175, 0.0005889495737910511)	(180, 0.00013857661034682263)	(185, 0.002355802375895984)	(190, 0.000588952838388916)	(195, 0.00010393310588150517)	(200, 0.00024251108448878318)	(205, 0.0011432669372398417)	(210, 0.0018708004427561047)	(215, 0.0014897114636761575)	(220, 0.0003464445264363157)	(225, 0.00031180007379268414)	(230, 0.0033258709104779485)	(235, 0.00512738787303479)	(240, 0.0025290564332959634)	(245, 0.0019054547974155104)	(250, 0.00024251242876197404)	(255, 0.0008661182175148503)	(260, 0.001559019272942701)	(265, 0.0012125705456221007)	(270, 0.0016629538911388808)	(275, 0.0016629538911388808)	(280, 0.001073992170943523)	(285, 0.0005543189239283889)	(290, 0.0010047378586957464)	(295, 0.0010755926515510046)	(300, 0.0001771502721471056)
ERR772081_2	(1, 1.7341502578687389)	(2, 1.7271762352524935)	(3, 1.7271762352524935)	(4, 1.7271762352524935)	(5, 1.7271762352524935)	(6, 1.7271762352524935)	(7, 1.7271762352524935)	(8, 1.7280267258154502)	(9, 1.7271762352524935)	(10, 1.7275504511001947)	(15, 1.7276525099677493)	(20, 1.7282648631730784)	(25, 1.7273123137425666)	(30, 1.728877216378407)	(35, 0.35213830535510326)	(40, 0.0011769996271680594)	(45, 0.0019039706442344308)	(50, 0.00266592343952595)	(55, 0.0012811421416818558)	(60, 0.0011426509710282578)	(65, 0.003601118008637143)	(70, 0.0024931093228438067)	(75, 0.0038089170210113712)	(80, 0.0019044585105056856)	(85, 0.0011426758976411707)	(90, 0.0017313301151369153)	(95, 0.002077598296369397)	(100, 0.0011426790630031684)	(105, 0.0032549039976453886)	(110, 0.004293703145830087)	(115, 0.001869841704049073)	(120, 0.0022853684135076355)	(125, 0.002285376327033197)	(130, 0.0019391152440428475)	(135, 0.006371387483894067)	(140, 0.004709296185296954)	(145, 0.0023200209148154113)	(150, 0.001211955001149626)	(155, 0.006059785497444329)	(160, 0.0033934810536412397)	(165, 0.0016967434645077625)	(170, 0.0016967434645077625)	(175, 0.006648464187458988)	(180, 0.0037744055138177867)	(185, 0.0008310637789508858)	(190, 0.008241413866490481)	(195, 0.003462789727287995)	(200, 0.00176602765322281)	(205, 0.008033758406878005)	(210, 0.004536333084585298)	(215, 0.00346284968288954)	(220, 0.0028741652367983185)	(225, 0.01000766330757774)	(230, 0.0046749004938772655)	(235, 0.0037399268705780994)	(240, 0.00834559489374257)	(245, 0.003532165387064725)	(250, 0.004571047057197996)	(255, 0.008345641133968318)	(260, 0.0018699893375978326)	(265, 0.00536757499887454)	(270, 0.008622749514321036)	(275, 0.002147029999549816)	(280, 0.0016622196519381308)	(285, 0.0016968521660837344)	(290, 0.000554080316712309)	(295, 0.002218523143009468)	(300, 0.002413516570436836)
ERR772082_1	(1, 3.337394729538868)	(2, 3.3345060142021627)	(3, 3.3340933405826334)	(4, 3.3324426461045156)	(5, 3.331410962055693)	(6, 3.331410962055693)	(7, 3.331410962055693)	(8, 3.3316172988654573)	(9, 3.331410962055693)	(10, 3.331410962055693)	(15, 3.3319474377610807)	(20, 3.331431595736669)	(25, 3.3320093388040104)	(30, 3.3322775766567037)	(35, 0.6852253841196622)	(40, 0.000469585782650086)	(45, 2.1344853862458028e-05)	(50, 0.0)	(55, 0.00044827207126245155)	(60, 0.0005976983915722819)	(65, 4.26929427498311e-05)	(70, 0.0014088716219100884)	(75, 0.007556675062972292)	(80, 0.016586261367032406)	(85, 0.0069589719506467996)	(90, 0.0001921188575331939)	(95, 0.0004909704136959399)	(100, 0.00017077231780728344)	(105, 0.00036289117534047733)	(110, 0.008773427827349186)	(115, 0.0)	(120, 0.0008111685095845963)	(125, 0.0018998420356060282)	(130, 0.00023481208735778126)	(135, 0.001579645625715777)	(140, 0.0009179021879159244)	(145, 0.00025615875011607194)	(150, 0.00021346562509672664)	(155, 0.00025615875011607194)	(160, 0.0005763573107936354)	(165, 0.0008111704143095584)	(170, 0.0006403982423202909)	(175, 0.0004269344399474017)	(180, 6.404016599211025e-05)	(185, 0.0016436975937974966)	(190, 0.0002775073859658111)	(195, 8.5386960898749e-05)	(200, 0.00023481494447693903)	(205, 0.0008538725253706875)	(210, 0.0014088896668616342)	(215, 0.0015796641719357715)	(220, 0.00029885563906435986)	(225, 0.0002348151951047436)	(230, 0.0030099038645244403)	(235, 0.005123240620467133)	(240, 0.001899871641256417)	(245, 0.001366200415196845)	(250, 0.00017077505189960562)	(255, 0.0009819565484227321)	(260, 0.0010459983093251818)	(265, 0.0010886930474781173)	(270, 0.001515636350595293)	(275, 0.0011314004175507954)	(280, 0.0007898455745165932)	(285, 0.0001280830661378259)	(290, 0.00076856189047438)	(295, 0.000707520319233168)	(300, 0.0002191372566206844)
ERR772082_2	(1, 3.2616691203552297)	(2, 3.255272679252524)	(3, 3.255272679252524)	(4, 3.255272679252524)	(5, 3.255272679252524)	(6, 3.255272679252524)	(7, 3.255272679252524)	(8, 3.2567170369208767)	(9, 3.255272679252524)	(10, 3.2554377487003365)	(15, 3.2557266202340065)	(20, 3.256036125448654)	(25, 3.2553552139764306)	(30, 3.256840839006736)	(35, 0.6701153672107641)	(40, 0.001322336611448449)	(45, 0.002004837202953509)	(50, 0.002410177689816957)	(55, 0.001471745054510024)	(60, 0.0014717585531035017)	(65, 0.005183177326094802)	(70, 0.004095369203932749)	(75, 0.005247194030996839)	(80, 0.003178178498449305)	(85, 0.0019623652473646715)	(90, 0.0034554707140324963)	(95, 0.004074045238966216)	(100, 0.0020476889696967628)	(105, 0.00563114706892396)	(110, 0.006761655483627942)	(115, 0.002538287615716053)	(120, 0.00270893053342255)	(125, 0.003583472512846109)	(130, 0.002474304032667639)	(135, 0.008766722630067982)	(140, 0.005887156017313358)	(145, 0.0029435824037763176)	(150, 0.001727755626244224)	(155, 0.008276169814206386)	(160, 0.0043513947499995735)	(165, 0.0015997819177289753)	(170, 0.0026449750273829574)	(175, 0.008105611856377091)	(180, 0.005481956789808765)	(185, 0.0012371757666276957)	(190, 0.010153386527693254)	(195, 0.004351466220143663)	(200, 0.0025170374639695687)	(205, 0.010025650734058948)	(210, 0.005354198352784076)	(215, 0.004138309116758979)	(220, 0.003562364958103815)	(225, 0.011860336432521726)	(230, 0.005802212392117779)	(235, 0.004756971042418743)	(240, 0.010068600876181595)	(245, 0.0047356615580539845)	(250, 0.006164896694250136)	(255, 0.010708593155374434)	(260, 0.0029438021764937395)	(265, 0.00676222378609017)	(270, 0.01083664672339694)	(275, 0.0029011637506415624)	(280, 0.0026451820994554337)	(285, 0.0024745267734197426)	(290, 0.0010026241019314593)	(295, 0.0029669321537323366)	(300, 0.0036608211348040575)
ERR772083_1	(1, 2.994393238301366)	(2, 2.9922942010597806)	(3, 2.99171113515934)	(4, 2.9901951638181954)	(5, 2.9887958056571384)	(6, 2.9887958056571384)	(7, 2.9887958056571384)	(8, 2.9889124188372267)	(9, 2.9887958056571384)	(10, 2.9887958056571384)	(15, 2.9895421300097023)	(20, 2.988889096201209)	(25, 2.9894021941935964)	(30, 2.989448839465632)	(35, 0.6132386431381188)	(40, 0.0006250715226069136)	(45, 0.00012020620653493829)	(50, 0.0)	(55, 0.0009875770039081554)	(60, 0.000867159582655363)	(65, 9.635266617462572e-05)	(70, 0.0014934684842017533)	(75, 0.006744704503655991)	(80, 0.015657383684909848)	(85, 0.00660019102012697)	(90, 0.00014452983481203413)	(95, 0.0002649714914763489)	(100, 0.00012044158703470404)	(105, 0.00033723652493177587)	(110, 0.009129496487793574)	(115, 0.0)	(120, 0.0007708289422179398)	(125, 0.0018788987148332789)	(130, 9.635482471491618e-05)	(135, 0.0016380371497190045)	(140, 0.0009635517287563341)	(145, 7.226643188105909e-05)	(150, 0.00031315544337631675)	(155, 0.00021680054903534598)	(160, 0.00033724619212915566)	(165, 0.0005781374435051317)	(170, 0.0004817829437756896)	(175, 0.00026498138505769966)	(180, 2.4089216823427244e-05)	(185, 0.0015176206598759164)	(190, 0.00033724927925011177)	(195, 9.63569833519222e-05)	(200, 0.0001927139667038444)	(205, 0.0008190353449885275)	(210, 0.0017103385145348664)	(215, 0.0015417135905666398)	(220, 0.000289071298231245)	(225, 0.0002408927485260375)	(230, 0.0021921250677210064)	(235, 0.004721503557990181)	(240, 0.0017344315496953184)	(245, 0.0010599306468106326)	(250, 0.0001686253301744188)	(255, 0.000963574011638047)	(260, 0.0013971880386250224)	(265, 0.0014694578013876016)	(270, 0.001541726960637061)	(275, 0.0014935508714267096)	(280, 0.000987672878888179)	(285, 0.0004817923446087196)	(290, 0.0010840753427545102)	(295, 0.0006047183512184833)	(300, 0.0005573669983000306)
ERR772083_2	(1, 2.869966975147399)	(2, 2.8654190611239647)	(3, 2.8653024479438765)	(4, 2.8653024479438765)	(5, 2.8653024479438765)	(6, 2.8653024479438765)	(7, 2.8653024479438765)	(8, 2.866235353384581)	(9, 2.8653024479438765)	(10, 2.8657222553921935)	(15, 2.865792223300246)	(20, 2.865885513844317)	(25, 2.865325770579894)	(30, 2.8664452571087398)	(35, 0.5877701137133708)	(40, 0.0007923517407847692)	(45, 0.0012965780663651083)	(50, 0.0013462221280935163)	(55, 0.0007698594260746095)	(60, 0.0004571166811981654)	(65, 0.0029592817269886978)	(70, 0.00276681410978959)	(75, 0.002983350976806852)	(80, 0.001756331394231197)	(85, 0.0009383142582866382)	(90, 0.002622473102809126)	(95, 0.0032720796809144886)	(100, 0.0011789119124236867)	(105, 0.004860005379689124)	(110, 0.006279527009665178)	(115, 0.0019728801162555696)	(120, 0.0019969429930518415)	(125, 0.001852591908407856)	(130, 0.002141327107926014)	(135, 0.008998413969388068)	(140, 0.00488417879751518)	(145, 0.001636082746328498)	(150, 0.0011308254351993718)	(155, 0.00844512090959005)	(160, 0.004066184001803557)	(165, 0.0010345934360580353)	(170, 0.0016120467532055069)	(175, 0.008012139955964509)	(180, 0.004956462529383883)	(185, 0.0006496339072327592)	(190, 0.010394170025523461)	(195, 0.0036812756365960184)	(200, 0.0013714595891010828)	(205, 0.006809309264149468)	(210, 0.00471605385637258)	(215, 0.0041145183547220115)	(220, 0.0035129831193942656)	(225, 0.008734353656626332)	(230, 0.0037777135593208104)	(235, 0.003200234844301356)	(240, 0.0064486152440933215)	(245, 0.0032724363408868063)	(250, 0.004090550347456159)	(255, 0.0070261454421731385)	(260, 0.001973103234204948)	(265, 0.004283081874719374)	(270, 0.007170554526893791)	(275, 0.0020212315941597957)	(280, 0.0019971712355367505)	(285, 0.0018527991945857837)	(290, 0.00045718938733493956)	(295, 0.001975027939419631)	(300, 0.002124374042200324)
ERR772084_1	(1, 2.9617789060368453)	(2, 2.9607409340561572)	(3, 2.9595546803639428)	(4, 2.9586649900947815)	(5, 2.957627018114094)	(6, 2.957627018114094)	(7, 2.957627018114094)	(8, 2.9577752998256206)	(9, 2.957627018114094)	(10, 2.957627018114094)	(15, 2.958279457644812)	(20, 2.9577159871410097)	(25, 2.9583980830140333)	(30, 2.95854636472556)	(35, 0.6067113686240859)	(40, 0.0003361627027481301)	(45, 3.056034843686874e-05)	(50, 0.0)	(55, 0.000489034920149767)	(60, 0.0007946822310275731)	(65, 3.05648786925812e-05)	(70, 0.0018644684278252045)	(75, 0.008833306639834606)	(80, 0.01769719458202986)	(85, 0.007610710623359992)	(90, 9.169530871518061e-05)	(95, 0.00036678123486072245)	(100, 0.00015282551452530104)	(105, 0.0003056510290506021)	(110, 0.009414051694758544)	(115, 0.0)	(120, 0.001192039013297348)	(125, 0.002720294158550358)	(130, 0.0001222605237274055)	(135, 0.0018339089769844423)	(140, 0.0010392163575099886)	(145, 0.0004279127485905624)	(150, 0.0004584783653228971)	(155, 0.0004279134025534204)	(160, 0.000916957291185901)	(165, 0.0010392182633440208)	(170, 0.0009475234030639238)	(175, 0.0004584793462695828)	(180, 3.056533646322379e-05)	(185, 0.0021701428687577063)	(190, 0.0002139584669936971)	(195, 0.00015282827054027238)	(200, 0.00030565756876913225)	(205, 0.001008671826787206)	(210, 0.00180338516792114)	(215, 0.001528292515187407)	(220, 0.0004890536048599702)	(225, 0.00039735605394872577)	(230, 0.003301111832804799)	(235, 0.004187524051518161)	(240, 0.0019256538664684363)	(245, 0.001619995017751172)	(250, 0.00015282995222535694)	(255, 0.0012532075235243863)	(260, 0.0010698135895669332)	(265, 0.0012226474658033144)	(270, 0.0016505766014260983)	(275, 0.001283783370726071)	(280, 0.0010698194756050593)	(285, 0.0001528313536578656)	(290, 0.000641927396177414)	(295, 0.0005265298246624711)	(300, 0.0003194245247761633)
ERR772084_2	(1, 2.8771100487550267)	(2, 2.8711787802939535)	(3, 2.8710304985824266)	(4, 2.8710304985824266)	(5, 2.8710304985824266)	(6, 2.8710304985824266)	(7, 2.8710304985824266)	(8, 2.872513315697695)	(9, 2.8710304985824266)	(10, 2.871386374690091)	(15, 2.871801563482366)	(20, 2.872305721301558)	(25, 2.8714160310323966)	(30, 2.8733733496245506)	(35, 0.5900116891399058)	(40, 0.0023205079469763934)	(45, 0.002931180462705156)	(50, 0.0030536038785655027)	(55, 0.0019544300210223376)	(60, 0.0015879884553239298)	(65, 0.004397544093777628)	(70, 0.0033592627700847265)	(75, 0.00464189746109586)	(80, 0.0029928050523435495)	(85, 0.0019239461050779962)	(90, 0.0026568795773912377)	(95, 0.003114965116971521)	(100, 0.001649100690423489)	(105, 0.004122754244146452)	(110, 0.005802394862132044)	(115, 0.001985029821255699)	(120, 0.0021988056210022586)	(125, 0.002931748885935423)	(130, 0.0022293534386402534)	(135, 0.006504829759748846)	(140, 0.004580871623821265)	(145, 0.0025042105857867726)	(150, 0.0016491178135873872)	(155, 0.006871351503222664)	(160, 0.0038479685932468147)	(165, 0.0012521171468586824)	(170, 0.001801829865116238)	(175, 0.007665421162975711)	(180, 0.004764173415912339)	(185, 0.0012215851655583835)	(190, 0.009131404886492667)	(195, 0.0044283016730123715)	(200, 0.0017407923537070174)	(205, 0.008307017597439483)	(210, 0.005466783942925554)	(215, 0.004428412572904651)	(220, 0.003573277382528506)	(225, 0.011269567129512981)	(230, 0.0054973632507985684)	(235, 0.004642241958537449)	(240, 0.008979100685038193)	(245, 0.004886592868933944)	(250, 0.005497445520314894)	(255, 0.009712186381132458)	(260, 0.003176321258018684)	(265, 0.006261027425438035)	(270, 0.01050631906224994)	(275, 0.0031457873936387905)	(280, 0.0031457873936387905)	(285, 0.00320687847946315)	(290, 0.000397050828614537)	(295, 0.002200906712429223)	(300, 0.0019371329903433922)
