Sample	0	1	2	3	4	5	6	7	8	9	10	11	12	13	14	15	16	17	18	19	20	21	22	23	24	25	26	27	28	29	30	31	32	33	34	35
ERR772062_1	(2.0, 23785.0)	(3.0, 0.0)	(4.0, 0.0)	(5.0, 0.0)	(6.0, 0.0)	(7.0, 0.0)	(8.0, 0.0)	(9.0, 0.0)	(10.0, 0.0)	(11.0, 0.0)	(12.0, 0.0)	(13.0, 0.0)	(14.0, 13.0)	(15.0, 56.0)	(16.0, 148.0)	(17.0, 207.0)	(18.0, 391.0)	(19.0, 1121.0)	(20.0, 2981.0)	(21.0, 6100.0)	(22.0, 9709.0)	(23.0, 10380.0)	(24.0, 10931.0)	(25.0, 11506.0)	(26.0, 12475.0)	(27.0, 13861.0)	(28.0, 16092.0)	(29.0, 19597.0)	(30.0, 24695.0)	(31.0, 31151.0)	(32.0, 41293.0)	(33.0, 56109.0)	(34.0, 80388.0)	(35.0, 130975.0)	(36.0, 248458.0)	(37.0, 150702.0)
ERR772062_2	(2.0, 22950.0)	(3.0, 0.0)	(4.0, 0.0)	(5.0, 2.0)	(6.0, 1.0)	(7.0, 1.0)	(8.0, 0.0)	(9.0, 1.0)	(10.0, 6.0)	(11.0, 139.0)	(12.0, 1297.0)	(13.0, 2462.0)	(14.0, 2395.0)	(15.0, 2471.0)	(16.0, 2885.0)	(17.0, 3816.0)	(18.0, 7237.0)	(19.0, 11699.0)	(20.0, 13111.0)	(21.0, 13461.0)	(22.0, 14348.0)	(23.0, 15591.0)	(24.0, 17689.0)	(25.0, 20530.0)	(26.0, 25598.0)	(27.0, 33561.0)	(28.0, 44968.0)	(29.0, 59885.0)	(30.0, 78500.0)	(31.0, 100340.0)	(32.0, 119658.0)	(33.0, 124399.0)	(34.0, 101445.0)	(35.0, 50831.0)	(36.0, 9290.0)	(37.0, 2557.0)
ERR772063_1	(2.0, 12409.0)	(3.0, 0.0)	(4.0, 0.0)	(5.0, 0.0)	(6.0, 0.0)	(7.0, 0.0)	(8.0, 0.0)	(9.0, 0.0)	(10.0, 0.0)	(11.0, 0.0)	(12.0, 0.0)	(13.0, 0.0)	(14.0, 1.0)	(15.0, 16.0)	(16.0, 42.0)	(17.0, 81.0)	(18.0, 112.0)	(19.0, 329.0)	(20.0, 947.0)	(21.0, 2032.0)	(22.0, 3230.0)	(23.0, 3427.0)	(24.0, 3495.0)	(25.0, 3614.0)	(26.0, 4045.0)	(27.0, 4402.0)	(28.0, 5094.0)	(29.0, 6106.0)	(30.0, 7566.0)	(31.0, 9624.0)	(32.0, 12558.0)	(33.0, 16718.0)	(34.0, 24194.0)	(35.0, 39052.0)	(36.0, 76281.0)	(37.0, 51298.0)
ERR772063_2	(2.0, 12068.0)	(3.0, 0.0)	(4.0, 0.0)	(5.0, 0.0)	(6.0, 0.0)	(7.0, 0.0)	(8.0, 0.0)	(9.0, 1.0)	(10.0, 0.0)	(11.0, 44.0)	(12.0, 365.0)	(13.0, 824.0)	(14.0, 892.0)	(15.0, 887.0)	(16.0, 950.0)	(17.0, 1281.0)	(18.0, 2543.0)	(19.0, 4171.0)	(20.0, 4331.0)	(21.0, 4345.0)	(22.0, 4546.0)	(23.0, 4865.0)	(24.0, 5322.0)	(25.0, 6267.0)	(26.0, 7705.0)	(27.0, 9764.0)	(28.0, 13201.0)	(29.0, 17295.0)	(30.0, 22662.0)	(31.0, 29064.0)	(32.0, 36011.0)	(33.0, 39289.0)	(34.0, 34537.0)	(35.0, 19474.0)	(36.0, 3929.0)	(37.0, 40.0)
ERR772064_1	(2.0, 27146.0)	(3.0, 0.0)	(4.0, 0.0)	(5.0, 0.0)	(6.0, 0.0)	(7.0, 0.0)	(8.0, 0.0)	(9.0, 0.0)	(10.0, 0.0)	(11.0, 0.0)	(12.0, 0.0)	(13.0, 3.0)	(14.0, 16.0)	(15.0, 76.0)	(16.0, 163.0)	(17.0, 225.0)	(18.0, 417.0)	(19.0, 889.0)	(20.0, 2500.0)	(21.0, 5873.0)	(22.0, 9801.0)	(23.0, 9914.0)	(24.0, 9966.0)	(25.0, 10410.0)	(26.0, 10945.0)	(27.0, 12316.0)	(28.0, 14362.0)	(29.0, 17274.0)	(30.0, 21371.0)	(31.0, 27545.0)	(32.0, 35634.0)	(33.0, 47954.0)	(34.0, 69277.0)	(35.0, 111273.0)	(36.0, 211891.0)	(37.0, 116789.0)
ERR772064_2	(2.0, 26443.0)	(3.0, 0.0)	(4.0, 0.0)	(5.0, 0.0)	(6.0, 0.0)	(7.0, 0.0)	(8.0, 1.0)	(9.0, 1.0)	(10.0, 7.0)	(11.0, 134.0)	(12.0, 1193.0)	(13.0, 2209.0)	(14.0, 2216.0)	(15.0, 2327.0)	(16.0, 2560.0)	(17.0, 3102.0)	(18.0, 5867.0)	(19.0, 9957.0)	(20.0, 10836.0)	(21.0, 10559.0)	(22.0, 11253.0)	(23.0, 12065.0)	(24.0, 13566.0)	(25.0, 15724.0)	(26.0, 19206.0)	(27.0, 24784.0)	(28.0, 32763.0)	(29.0, 43642.0)	(30.0, 57767.0)	(31.0, 76463.0)	(32.0, 95171.0)	(33.0, 110189.0)	(34.0, 103854.0)	(35.0, 65143.0)	(36.0, 14761.0)	(37.0, 267.0)
ERR772065_1	(2.0, 37398.0)	(3.0, 0.0)	(4.0, 0.0)	(5.0, 0.0)	(6.0, 0.0)	(7.0, 0.0)	(8.0, 0.0)	(9.0, 0.0)	(10.0, 0.0)	(11.0, 0.0)	(12.0, 2.0)	(13.0, 3.0)	(14.0, 15.0)	(15.0, 91.0)	(16.0, 167.0)	(17.0, 287.0)	(18.0, 415.0)	(19.0, 874.0)	(20.0, 2152.0)	(21.0, 5153.0)	(22.0, 8058.0)	(23.0, 8346.0)	(24.0, 8594.0)	(25.0, 9463.0)	(26.0, 10529.0)	(27.0, 11597.0)	(28.0, 14077.0)	(29.0, 17709.0)	(30.0, 22547.0)	(31.0, 27937.0)	(32.0, 36470.0)	(33.0, 49110.0)	(34.0, 69323.0)	(35.0, 110172.0)	(36.0, 224671.0)	(37.0, 164482.0)
ERR772065_2	(2.0, 36126.0)	(3.0, 0.0)	(4.0, 0.0)	(5.0, 5.0)	(6.0, 0.0)	(7.0, 0.0)	(8.0, 1.0)	(9.0, 1.0)	(10.0, 10.0)	(11.0, 86.0)	(12.0, 1053.0)	(13.0, 2594.0)	(14.0, 2670.0)	(15.0, 2633.0)	(16.0, 2939.0)	(17.0, 4430.0)	(18.0, 9797.0)	(19.0, 16852.0)	(20.0, 17067.0)	(21.0, 15941.0)	(22.0, 16132.0)	(23.0, 16898.0)	(24.0, 18631.0)	(25.0, 22031.0)	(26.0, 26459.0)	(27.0, 33918.0)	(28.0, 43958.0)	(29.0, 57694.0)	(30.0, 75154.0)	(31.0, 93258.0)	(32.0, 104838.0)	(33.0, 101764.0)	(34.0, 75803.0)	(35.0, 35426.0)	(36.0, 5439.0)	(37.0, 34.0)
ERR772066_1	(2.0, 27172.0)	(3.0, 0.0)	(4.0, 0.0)	(5.0, 0.0)	(6.0, 0.0)	(7.0, 0.0)	(8.0, 0.0)	(9.0, 0.0)	(10.0, 0.0)	(11.0, 0.0)	(12.0, 0.0)	(13.0, 0.0)	(14.0, 13.0)	(15.0, 55.0)	(16.0, 130.0)	(17.0, 183.0)	(18.0, 367.0)	(19.0, 961.0)	(20.0, 2614.0)	(21.0, 5528.0)	(22.0, 8611.0)	(23.0, 9074.0)	(24.0, 9412.0)	(25.0, 9765.0)	(26.0, 10579.0)	(27.0, 11796.0)	(28.0, 13632.0)	(29.0, 16454.0)	(30.0, 20315.0)	(31.0, 25442.0)	(32.0, 32377.0)	(33.0, 43047.0)	(34.0, 62002.0)	(35.0, 100079.0)	(36.0, 199674.0)	(37.0, 136355.0)
ERR772066_2	(2.0, 26441.0)	(3.0, 0.0)	(4.0, 0.0)	(5.0, 1.0)	(6.0, 2.0)	(7.0, 1.0)	(8.0, 0.0)	(9.0, 0.0)	(10.0, 9.0)	(11.0, 99.0)	(12.0, 983.0)	(13.0, 1853.0)	(14.0, 1906.0)	(15.0, 1923.0)	(16.0, 2140.0)	(17.0, 2695.0)	(18.0, 5229.0)	(19.0, 9521.0)	(20.0, 10756.0)	(21.0, 10594.0)	(22.0, 11445.0)	(23.0, 12636.0)	(24.0, 13706.0)	(25.0, 16183.0)	(26.0, 19464.0)	(27.0, 24206.0)	(28.0, 32748.0)	(29.0, 43440.0)	(30.0, 58077.0)	(31.0, 76384.0)	(32.0, 95212.0)	(33.0, 105552.0)	(34.0, 95139.0)	(35.0, 55312.0)	(36.0, 11671.0)	(37.0, 309.0)
ERR772067_1	(2.0, 24521.0)	(3.0, 0.0)	(4.0, 0.0)	(5.0, 0.0)	(6.0, 0.0)	(7.0, 0.0)	(8.0, 0.0)	(9.0, 0.0)	(10.0, 0.0)	(11.0, 0.0)	(12.0, 1.0)	(13.0, 2.0)	(14.0, 9.0)	(15.0, 73.0)	(16.0, 143.0)	(17.0, 209.0)	(18.0, 426.0)	(19.0, 1002.0)	(20.0, 2646.0)	(21.0, 5963.0)	(22.0, 9290.0)	(23.0, 9463.0)	(24.0, 10032.0)	(25.0, 10335.0)	(26.0, 11257.0)	(27.0, 12600.0)	(28.0, 14488.0)	(29.0, 17387.0)	(30.0, 21583.0)	(31.0, 27292.0)	(32.0, 35598.0)	(33.0, 47247.0)	(34.0, 68055.0)	(35.0, 109839.0)	(36.0, 218617.0)	(37.0, 161943.0)
ERR772067_2	(2.0, 23430.0)	(3.0, 0.0)	(4.0, 0.0)	(5.0, 0.0)	(6.0, 0.0)	(7.0, 0.0)	(8.0, 0.0)	(9.0, 0.0)	(10.0, 12.0)	(11.0, 146.0)	(12.0, 1461.0)	(13.0, 3228.0)	(14.0, 3408.0)	(15.0, 3566.0)	(16.0, 3802.0)	(17.0, 4658.0)	(18.0, 7935.0)	(19.0, 12381.0)	(20.0, 12934.0)	(21.0, 12513.0)	(22.0, 13122.0)	(23.0, 14281.0)	(24.0, 15895.0)	(25.0, 18683.0)	(26.0, 23161.0)	(27.0, 29589.0)	(28.0, 38700.0)	(29.0, 51047.0)	(30.0, 66243.0)	(31.0, 83883.0)	(32.0, 101895.0)	(33.0, 110730.0)	(34.0, 96380.0)	(35.0, 54063.0)	(36.0, 11447.0)	(37.0, 1428.0)
ERR772068_1	(2.0, 26119.0)	(3.0, 0.0)	(4.0, 0.0)	(5.0, 0.0)	(6.0, 0.0)	(7.0, 0.0)	(8.0, 0.0)	(9.0, 0.0)	(10.0, 0.0)	(11.0, 0.0)	(12.0, 0.0)	(13.0, 3.0)	(14.0, 14.0)	(15.0, 76.0)	(16.0, 164.0)	(17.0, 230.0)	(18.0, 362.0)	(19.0, 875.0)	(20.0, 2360.0)	(21.0, 5550.0)	(22.0, 9326.0)	(23.0, 9997.0)	(24.0, 10264.0)	(25.0, 10662.0)	(26.0, 11619.0)	(27.0, 12883.0)	(28.0, 15113.0)	(29.0, 18583.0)	(30.0, 23259.0)	(31.0, 29091.0)	(32.0, 37838.0)	(33.0, 50523.0)	(34.0, 72629.0)	(35.0, 117128.0)	(36.0, 229828.0)	(37.0, 157254.0)
ERR772068_2	(2.0, 25356.0)	(3.0, 0.0)	(4.0, 0.0)	(5.0, 1.0)	(6.0, 2.0)	(7.0, 0.0)	(8.0, 0.0)	(9.0, 0.0)	(10.0, 10.0)	(11.0, 112.0)	(12.0, 1207.0)	(13.0, 2524.0)	(14.0, 2583.0)	(15.0, 2669.0)	(16.0, 3063.0)	(17.0, 4294.0)	(18.0, 8331.0)	(19.0, 13784.0)	(20.0, 14574.0)	(21.0, 14106.0)	(22.0, 14375.0)	(23.0, 15477.0)	(24.0, 17270.0)	(25.0, 20345.0)	(26.0, 24681.0)	(27.0, 31656.0)	(28.0, 41558.0)	(29.0, 54358.0)	(30.0, 71131.0)	(31.0, 89751.0)	(32.0, 107861.0)	(33.0, 113426.0)	(34.0, 95837.0)	(35.0, 51773.0)	(36.0, 9536.0)	(37.0, 99.0)
ERR772069_1	(2.0, 29019.0)	(3.0, 0.0)	(4.0, 0.0)	(5.0, 0.0)	(6.0, 0.0)	(7.0, 0.0)	(8.0, 0.0)	(9.0, 0.0)	(10.0, 0.0)	(11.0, 1.0)	(12.0, 0.0)	(13.0, 6.0)	(14.0, 26.0)	(15.0, 99.0)	(16.0, 192.0)	(17.0, 224.0)	(18.0, 361.0)	(19.0, 854.0)	(20.0, 2361.0)	(21.0, 5339.0)	(22.0, 8162.0)	(23.0, 8770.0)	(24.0, 9162.0)	(25.0, 9701.0)	(26.0, 10425.0)	(27.0, 11646.0)	(28.0, 13252.0)	(29.0, 15927.0)	(30.0, 19651.0)	(31.0, 24417.0)	(32.0, 31741.0)	(33.0, 42947.0)	(34.0, 61383.0)	(35.0, 99823.0)	(36.0, 191421.0)	(37.0, 112157.0)
ERR772069_2	(2.0, 28070.0)	(3.0, 0.0)	(4.0, 0.0)	(5.0, 2.0)	(6.0, 0.0)	(7.0, 1.0)	(8.0, 1.0)	(9.0, 1.0)	(10.0, 12.0)	(11.0, 93.0)	(12.0, 988.0)	(13.0, 2140.0)	(14.0, 2042.0)	(15.0, 2003.0)	(16.0, 2245.0)	(17.0, 2992.0)	(18.0, 5714.0)	(19.0, 9777.0)	(20.0, 10908.0)	(21.0, 10854.0)	(22.0, 11446.0)	(23.0, 12583.0)	(24.0, 14018.0)	(25.0, 16330.0)	(26.0, 19993.0)	(27.0, 25494.0)	(28.0, 33576.0)	(29.0, 44082.0)	(30.0, 57544.0)	(31.0, 73133.0)	(32.0, 86908.0)	(33.0, 94180.0)	(34.0, 82801.0)	(35.0, 48479.0)	(36.0, 10120.0)	(37.0, 537.0)
ERR772070_1	(2.0, 46728.0)	(3.0, 0.0)	(4.0, 0.0)	(5.0, 0.0)	(6.0, 0.0)	(7.0, 0.0)	(8.0, 0.0)	(9.0, 0.0)	(10.0, 0.0)	(11.0, 0.0)	(12.0, 0.0)	(13.0, 3.0)	(14.0, 12.0)	(15.0, 65.0)	(16.0, 145.0)	(17.0, 226.0)	(18.0, 423.0)	(19.0, 1212.0)	(20.0, 3313.0)	(21.0, 6817.0)	(22.0, 10568.0)	(23.0, 10824.0)	(24.0, 10464.0)	(25.0, 11240.0)	(26.0, 12038.0)	(27.0, 13417.0)	(28.0, 15432.0)	(29.0, 18697.0)	(30.0, 23230.0)	(31.0, 29517.0)	(32.0, 38058.0)	(33.0, 51298.0)	(34.0, 72786.0)	(35.0, 118652.0)	(36.0, 242282.0)	(37.0, 184040.0)
ERR772070_2	(2.0, 45629.0)	(3.0, 0.0)	(4.0, 0.0)	(5.0, 0.0)	(6.0, 3.0)	(7.0, 0.0)	(8.0, 0.0)	(9.0, 0.0)	(10.0, 7.0)	(11.0, 118.0)	(12.0, 1239.0)	(13.0, 2431.0)	(14.0, 2327.0)	(15.0, 2445.0)	(16.0, 2874.0)	(17.0, 3626.0)	(18.0, 6850.0)	(19.0, 11509.0)	(20.0, 12328.0)	(21.0, 12312.0)	(22.0, 12680.0)	(23.0, 13858.0)	(24.0, 15328.0)	(25.0, 18139.0)	(26.0, 21847.0)	(27.0, 28567.0)	(28.0, 37231.0)	(29.0, 49224.0)	(30.0, 65478.0)	(31.0, 85733.0)	(32.0, 110254.0)	(33.0, 130856.0)	(34.0, 128056.0)	(35.0, 81476.0)	(36.0, 18533.0)	(37.0, 529.0)
ERR772071_1	(2.0, 27133.0)	(3.0, 0.0)	(4.0, 0.0)	(5.0, 0.0)	(6.0, 0.0)	(7.0, 0.0)	(8.0, 0.0)	(9.0, 0.0)	(10.0, 0.0)	(11.0, 0.0)	(12.0, 0.0)	(13.0, 2.0)	(14.0, 13.0)	(15.0, 79.0)	(16.0, 140.0)	(17.0, 198.0)	(18.0, 297.0)	(19.0, 998.0)	(20.0, 2958.0)	(21.0, 6271.0)	(22.0, 8910.0)	(23.0, 8677.0)	(24.0, 8390.0)	(25.0, 8528.0)	(26.0, 9094.0)	(27.0, 10248.0)	(28.0, 12018.0)	(29.0, 14117.0)	(30.0, 17694.0)	(31.0, 22547.0)	(32.0, 28555.0)	(33.0, 38373.0)	(34.0, 54394.0)	(35.0, 87698.0)	(36.0, 162721.0)	(37.0, 90214.0)
ERR772071_2	(2.0, 26418.0)	(3.0, 0.0)	(4.0, 0.0)	(5.0, 0.0)	(6.0, 1.0)	(7.0, 0.0)	(8.0, 1.0)	(9.0, 1.0)	(10.0, 4.0)	(11.0, 68.0)	(12.0, 780.0)	(13.0, 1885.0)	(14.0, 1855.0)	(15.0, 1754.0)	(16.0, 2090.0)	(17.0, 2801.0)	(18.0, 5806.0)	(19.0, 10578.0)	(20.0, 10902.0)	(21.0, 10225.0)	(22.0, 10171.0)	(23.0, 11149.0)	(24.0, 12287.0)	(25.0, 14057.0)	(26.0, 16942.0)	(27.0, 21981.0)	(28.0, 28407.0)	(29.0, 37837.0)	(30.0, 49162.0)	(31.0, 63303.0)	(32.0, 76753.0)	(33.0, 82944.0)	(34.0, 71576.0)	(35.0, 39745.0)	(36.0, 7721.0)	(37.0, 1063.0)
ERR772072_1	(2.0, 33261.0)	(3.0, 0.0)	(4.0, 0.0)	(5.0, 0.0)	(6.0, 0.0)	(7.0, 0.0)	(8.0, 0.0)	(9.0, 0.0)	(10.0, 0.0)	(11.0, 0.0)	(12.0, 0.0)	(13.0, 4.0)	(14.0, 27.0)	(15.0, 137.0)	(16.0, 197.0)	(17.0, 266.0)	(18.0, 466.0)	(19.0, 1232.0)	(20.0, 4015.0)	(21.0, 8870.0)	(22.0, 11968.0)	(23.0, 11373.0)	(24.0, 10512.0)	(25.0, 10633.0)	(26.0, 11174.0)	(27.0, 12389.0)	(28.0, 14102.0)	(29.0, 17393.0)	(30.0, 21209.0)	(31.0, 26687.0)	(32.0, 34294.0)	(33.0, 45545.0)	(34.0, 65018.0)	(35.0, 105387.0)	(36.0, 196706.0)	(37.0, 114842.0)
ERR772072_2	(2.0, 32418.0)	(3.0, 0.0)	(4.0, 0.0)	(5.0, 1.0)	(6.0, 1.0)	(7.0, 1.0)	(8.0, 1.0)	(9.0, 2.0)	(10.0, 11.0)	(11.0, 129.0)	(12.0, 1128.0)	(13.0, 2297.0)	(14.0, 2223.0)	(15.0, 2463.0)	(16.0, 2720.0)	(17.0, 3525.0)	(18.0, 7437.0)	(19.0, 13278.0)	(20.0, 13517.0)	(21.0, 12340.0)	(22.0, 12529.0)	(23.0, 13447.0)	(24.0, 15155.0)	(25.0, 17519.0)	(26.0, 21218.0)	(27.0, 26825.0)	(28.0, 34853.0)	(29.0, 45117.0)	(30.0, 57856.0)	(31.0, 72543.0)	(32.0, 86449.0)	(33.0, 97325.0)	(34.0, 92032.0)	(35.0, 57740.0)	(36.0, 13419.0)	(37.0, 188.0)
ERR772073_1	(2.0, 39265.0)	(3.0, 0.0)	(4.0, 0.0)	(5.0, 0.0)	(6.0, 0.0)	(7.0, 0.0)	(8.0, 0.0)	(9.0, 0.0)	(10.0, 0.0)	(11.0, 0.0)	(12.0, 0.0)	(13.0, 3.0)	(14.0, 16.0)	(15.0, 103.0)	(16.0, 197.0)	(17.0, 240.0)	(18.0, 414.0)	(19.0, 1194.0)	(20.0, 3373.0)	(21.0, 6768.0)	(22.0, 9795.0)	(23.0, 10367.0)	(24.0, 10363.0)	(25.0, 10376.0)	(26.0, 11190.0)	(27.0, 12478.0)	(28.0, 14443.0)	(29.0, 17100.0)	(30.0, 21026.0)	(31.0, 26023.0)	(32.0, 33306.0)	(33.0, 44416.0)	(34.0, 63525.0)	(35.0, 102402.0)	(36.0, 200157.0)	(37.0, 122742.0)
ERR772073_2	(2.0, 38204.0)	(3.0, 1.0)	(4.0, 1.0)	(5.0, 0.0)	(6.0, 1.0)	(7.0, 2.0)	(8.0, 0.0)	(9.0, 1.0)	(10.0, 6.0)	(11.0, 83.0)	(12.0, 1096.0)	(13.0, 2383.0)	(14.0, 2432.0)	(15.0, 2263.0)	(16.0, 2656.0)	(17.0, 3639.0)	(18.0, 8264.0)	(19.0, 14045.0)	(20.0, 14741.0)	(21.0, 13533.0)	(22.0, 13646.0)	(23.0, 14413.0)	(24.0, 16457.0)	(25.0, 19105.0)	(26.0, 23133.0)	(27.0, 29233.0)	(28.0, 37870.0)	(29.0, 49363.0)	(30.0, 63279.0)	(31.0, 78820.0)	(32.0, 91386.0)	(33.0, 93240.0)	(34.0, 77208.0)	(35.0, 42272.0)	(36.0, 7999.0)	(37.0, 507.0)
ERR772074_1	(2.0, 36986.0)	(3.0, 0.0)	(4.0, 0.0)	(5.0, 0.0)	(6.0, 0.0)	(7.0, 0.0)	(8.0, 0.0)	(9.0, 0.0)	(10.0, 0.0)	(11.0, 0.0)	(12.0, 0.0)	(13.0, 1.0)	(14.0, 16.0)	(15.0, 76.0)	(16.0, 151.0)	(17.0, 234.0)	(18.0, 383.0)	(19.0, 1278.0)	(20.0, 3821.0)	(21.0, 7268.0)	(22.0, 9643.0)	(23.0, 9727.0)	(24.0, 9605.0)	(25.0, 10025.0)	(26.0, 10739.0)	(27.0, 12045.0)	(28.0, 13880.0)	(29.0, 16765.0)	(30.0, 20774.0)	(31.0, 25781.0)	(32.0, 33277.0)	(33.0, 44230.0)	(34.0, 63024.0)	(35.0, 101776.0)	(36.0, 204642.0)	(37.0, 149259.0)
ERR772074_2	(2.0, 36272.0)	(3.0, 0.0)	(4.0, 0.0)	(5.0, 0.0)	(6.0, 0.0)	(7.0, 2.0)	(8.0, 1.0)	(9.0, 0.0)	(10.0, 2.0)	(11.0, 97.0)	(12.0, 964.0)	(13.0, 1939.0)	(14.0, 2009.0)	(15.0, 2055.0)	(16.0, 2371.0)	(17.0, 2943.0)	(18.0, 5882.0)	(19.0, 10814.0)	(20.0, 11426.0)	(21.0, 11105.0)	(22.0, 11434.0)	(23.0, 12511.0)	(24.0, 13882.0)	(25.0, 16109.0)	(26.0, 19336.0)	(27.0, 24752.0)	(28.0, 32105.0)	(29.0, 42087.0)	(30.0, 55795.0)	(31.0, 73320.0)	(32.0, 93685.0)	(33.0, 110179.0)	(34.0, 107199.0)	(35.0, 68525.0)	(36.0, 16155.0)	(37.0, 450.0)
ERR772075_1	(2.0, 26135.0)	(3.0, 0.0)	(4.0, 0.0)	(5.0, 0.0)	(6.0, 0.0)	(7.0, 0.0)	(8.0, 0.0)	(9.0, 0.0)	(10.0, 0.0)	(11.0, 0.0)	(12.0, 0.0)	(13.0, 3.0)	(14.0, 12.0)	(15.0, 60.0)	(16.0, 129.0)	(17.0, 205.0)	(18.0, 372.0)	(19.0, 909.0)	(20.0, 2386.0)	(21.0, 5147.0)	(22.0, 8104.0)	(23.0, 8230.0)	(24.0, 8086.0)	(25.0, 8489.0)	(26.0, 9042.0)	(27.0, 10248.0)	(28.0, 12039.0)	(29.0, 14398.0)	(30.0, 17936.0)	(31.0, 22698.0)	(32.0, 29474.0)	(33.0, 39938.0)	(34.0, 56469.0)	(35.0, 92118.0)	(36.0, 188383.0)	(37.0, 152047.0)
ERR772075_2	(2.0, 25145.0)	(3.0, 0.0)	(4.0, 0.0)	(5.0, 1.0)	(6.0, 2.0)	(7.0, 0.0)	(8.0, 1.0)	(9.0, 0.0)	(10.0, 8.0)	(11.0, 129.0)	(12.0, 1182.0)	(13.0, 2539.0)	(14.0, 2779.0)	(15.0, 2963.0)	(16.0, 3349.0)	(17.0, 4165.0)	(18.0, 6653.0)	(19.0, 10133.0)	(20.0, 10434.0)	(21.0, 10334.0)	(22.0, 10352.0)	(23.0, 11445.0)	(24.0, 12846.0)	(25.0, 15304.0)	(26.0, 18709.0)	(27.0, 24654.0)	(28.0, 32221.0)	(29.0, 41844.0)	(30.0, 55100.0)	(31.0, 70649.0)	(32.0, 87867.0)	(33.0, 100444.0)	(34.0, 89928.0)	(35.0, 50753.0)	(36.0, 10141.0)	(37.0, 983.0)
ERR772076_1	(2.0, 28224.0)	(3.0, 0.0)	(4.0, 0.0)	(5.0, 0.0)	(6.0, 0.0)	(7.0, 0.0)	(8.0, 0.0)	(9.0, 0.0)	(10.0, 0.0)	(11.0, 0.0)	(12.0, 0.0)	(13.0, 3.0)	(14.0, 16.0)	(15.0, 62.0)	(16.0, 149.0)	(17.0, 176.0)	(18.0, 335.0)	(19.0, 832.0)	(20.0, 2444.0)	(21.0, 5465.0)	(22.0, 7973.0)	(23.0, 8104.0)	(24.0, 8004.0)	(25.0, 8242.0)	(26.0, 8832.0)	(27.0, 9802.0)	(28.0, 11439.0)	(29.0, 13930.0)	(30.0, 16829.0)	(31.0, 21853.0)	(32.0, 28293.0)	(33.0, 37742.0)	(34.0, 53126.0)	(35.0, 87004.0)	(36.0, 166839.0)	(37.0, 105571.0)
ERR772076_2	(2.0, 27422.0)	(3.0, 0.0)	(4.0, 0.0)	(5.0, 2.0)	(6.0, 1.0)	(7.0, 1.0)	(8.0, 0.0)	(9.0, 0.0)	(10.0, 3.0)	(11.0, 89.0)	(12.0, 933.0)	(13.0, 1912.0)	(14.0, 1934.0)	(15.0, 2117.0)	(16.0, 2534.0)	(17.0, 3449.0)	(18.0, 6321.0)	(19.0, 9912.0)	(20.0, 10488.0)	(21.0, 9821.0)	(22.0, 10060.0)	(23.0, 10725.0)	(24.0, 12431.0)	(25.0, 14549.0)	(26.0, 17601.0)	(27.0, 22752.0)	(28.0, 29971.0)	(29.0, 38761.0)	(30.0, 49451.0)	(31.0, 61856.0)	(32.0, 74176.0)	(33.0, 81711.0)	(34.0, 74520.0)	(35.0, 45101.0)	(36.0, 10118.0)	(37.0, 567.0)
ERR772077_1	(2.0, 36780.0)	(3.0, 0.0)	(4.0, 0.0)	(5.0, 0.0)	(6.0, 0.0)	(7.0, 0.0)	(8.0, 0.0)	(9.0, 0.0)	(10.0, 0.0)	(11.0, 0.0)	(12.0, 0.0)	(13.0, 3.0)	(14.0, 21.0)	(15.0, 148.0)	(16.0, 216.0)	(17.0, 251.0)	(18.0, 358.0)	(19.0, 938.0)	(20.0, 2751.0)	(21.0, 5986.0)	(22.0, 9116.0)	(23.0, 9486.0)	(24.0, 9598.0)	(25.0, 9934.0)	(26.0, 10821.0)	(27.0, 11782.0)	(28.0, 13626.0)	(29.0, 16223.0)	(30.0, 20410.0)	(31.0, 25273.0)	(32.0, 32746.0)	(33.0, 43630.0)	(34.0, 62348.0)	(35.0, 102167.0)	(36.0, 194597.0)	(37.0, 109151.0)
ERR772077_2	(2.0, 35822.0)	(3.0, 0.0)	(4.0, 0.0)	(5.0, 0.0)	(6.0, 0.0)	(7.0, 0.0)	(8.0, 0.0)	(9.0, 0.0)	(10.0, 6.0)	(11.0, 86.0)	(12.0, 972.0)	(13.0, 2120.0)	(14.0, 2139.0)	(15.0, 1994.0)	(16.0, 2347.0)	(17.0, 3196.0)	(18.0, 6391.0)	(19.0, 11150.0)	(20.0, 12119.0)	(21.0, 11832.0)	(22.0, 12228.0)	(23.0, 13113.0)	(24.0, 14843.0)	(25.0, 17330.0)	(26.0, 21434.0)	(27.0, 27156.0)	(28.0, 35179.0)	(29.0, 46563.0)	(30.0, 59974.0)	(31.0, 74977.0)	(32.0, 88281.0)	(33.0, 93675.0)	(34.0, 79601.0)	(35.0, 45106.0)	(36.0, 8539.0)	(37.0, 187.0)
ERR772078_1	(2.0, 20305.0)	(3.0, 0.0)	(4.0, 0.0)	(5.0, 0.0)	(6.0, 0.0)	(7.0, 0.0)	(8.0, 0.0)	(9.0, 0.0)	(10.0, 0.0)	(11.0, 0.0)	(12.0, 0.0)	(13.0, 3.0)	(14.0, 7.0)	(15.0, 48.0)	(16.0, 96.0)	(17.0, 155.0)	(18.0, 269.0)	(19.0, 702.0)	(20.0, 2218.0)	(21.0, 4802.0)	(22.0, 7402.0)	(23.0, 7614.0)	(24.0, 7864.0)	(25.0, 8269.0)	(26.0, 9110.0)	(27.0, 10093.0)	(28.0, 11965.0)	(29.0, 14626.0)	(30.0, 17861.0)	(31.0, 23019.0)	(32.0, 29693.0)	(33.0, 39802.0)	(34.0, 57163.0)	(35.0, 91787.0)	(36.0, 176720.0)	(37.0, 107339.0)
ERR772078_2	(2.0, 19485.0)	(3.0, 0.0)	(4.0, 1.0)	(5.0, 0.0)	(6.0, 2.0)	(7.0, 0.0)	(8.0, 0.0)	(9.0, 1.0)	(10.0, 4.0)	(11.0, 85.0)	(12.0, 861.0)	(13.0, 1757.0)	(14.0, 1709.0)	(15.0, 1781.0)	(16.0, 1890.0)	(17.0, 2736.0)	(18.0, 4900.0)	(19.0, 8448.0)	(20.0, 9699.0)	(21.0, 9672.0)	(22.0, 10086.0)	(23.0, 11267.0)	(24.0, 12938.0)	(25.0, 15296.0)	(26.0, 18581.0)	(27.0, 24201.0)	(28.0, 31564.0)	(29.0, 41496.0)	(30.0, 54588.0)	(31.0, 68959.0)	(32.0, 83923.0)	(33.0, 89756.0)	(34.0, 75754.0)	(35.0, 40294.0)	(36.0, 7111.0)	(37.0, 87.0)
ERR772079_1	(2.0, 19712.0)	(3.0, 0.0)	(4.0, 0.0)	(5.0, 0.0)	(6.0, 0.0)	(7.0, 0.0)	(8.0, 0.0)	(9.0, 0.0)	(10.0, 0.0)	(11.0, 0.0)	(12.0, 1.0)	(13.0, 2.0)	(14.0, 13.0)	(15.0, 68.0)	(16.0, 169.0)	(17.0, 195.0)	(18.0, 323.0)	(19.0, 777.0)	(20.0, 2342.0)	(21.0, 6124.0)	(22.0, 9412.0)	(23.0, 9809.0)	(24.0, 9620.0)	(25.0, 10112.0)	(26.0, 11037.0)	(27.0, 12557.0)	(28.0, 14808.0)	(29.0, 18068.0)	(30.0, 22421.0)	(31.0, 28285.0)	(32.0, 37269.0)	(33.0, 50241.0)	(34.0, 71488.0)	(35.0, 116764.0)	(36.0, 226642.0)	(37.0, 145532.0)
ERR772079_2	(2.0, 19166.0)	(3.0, 0.0)	(4.0, 0.0)	(5.0, 1.0)	(6.0, 1.0)	(7.0, 0.0)	(8.0, 0.0)	(9.0, 0.0)	(10.0, 2.0)	(11.0, 71.0)	(12.0, 962.0)	(13.0, 2289.0)	(14.0, 2428.0)	(15.0, 2242.0)	(16.0, 2473.0)	(17.0, 3141.0)	(18.0, 5786.0)	(19.0, 9500.0)	(20.0, 10606.0)	(21.0, 10522.0)	(22.0, 11427.0)	(23.0, 12881.0)	(24.0, 14476.0)	(25.0, 17091.0)	(26.0, 21752.0)	(27.0, 27994.0)	(28.0, 37659.0)	(29.0, 49252.0)	(30.0, 64529.0)	(31.0, 83155.0)	(32.0, 105423.0)	(33.0, 121639.0)	(34.0, 111632.0)	(35.0, 63633.0)	(36.0, 11948.0)	(37.0, 110.0)
ERR772080_1	(2.0, 18917.0)	(3.0, 0.0)	(4.0, 0.0)	(5.0, 0.0)	(6.0, 0.0)	(7.0, 0.0)	(8.0, 0.0)	(9.0, 0.0)	(10.0, 0.0)	(11.0, 0.0)	(12.0, 0.0)	(13.0, 1.0)	(14.0, 8.0)	(15.0, 55.0)	(16.0, 118.0)	(17.0, 181.0)	(18.0, 279.0)	(19.0, 702.0)	(20.0, 2064.0)	(21.0, 4918.0)	(22.0, 7645.0)	(23.0, 7818.0)	(24.0, 7863.0)	(25.0, 8108.0)	(26.0, 8753.0)	(27.0, 9988.0)	(28.0, 11730.0)	(29.0, 14268.0)	(30.0, 18067.0)	(31.0, 23048.0)	(32.0, 30086.0)	(33.0, 40179.0)	(34.0, 57990.0)	(35.0, 92958.0)	(36.0, 174399.0)	(37.0, 114875.0)
ERR772080_2	(2.0, 18440.0)	(3.0, 0.0)	(4.0, 0.0)	(5.0, 1.0)	(6.0, 0.0)	(7.0, 0.0)	(8.0, 2.0)	(9.0, 0.0)	(10.0, 6.0)	(11.0, 86.0)	(12.0, 938.0)	(13.0, 1800.0)	(14.0, 1870.0)	(15.0, 1901.0)	(16.0, 2208.0)	(17.0, 2542.0)	(18.0, 4595.0)	(19.0, 7963.0)	(20.0, 8666.0)	(21.0, 8599.0)	(22.0, 9130.0)	(23.0, 10030.0)	(24.0, 11643.0)	(25.0, 13589.0)	(26.0, 16791.0)	(27.0, 21762.0)	(28.0, 28965.0)	(29.0, 38858.0)	(30.0, 51065.0)	(31.0, 65875.0)	(32.0, 81757.0)	(33.0, 94222.0)	(34.0, 87156.0)	(35.0, 52794.0)	(36.0, 11341.0)	(37.0, 423.0)
ERR772081_1	(2.0, 10451.0)	(3.0, 0.0)	(4.0, 0.0)	(5.0, 0.0)	(6.0, 0.0)	(7.0, 0.0)	(8.0, 0.0)	(9.0, 0.0)	(10.0, 0.0)	(11.0, 0.0)	(12.0, 2.0)	(13.0, 2.0)	(14.0, 14.0)	(15.0, 69.0)	(16.0, 144.0)	(17.0, 145.0)	(18.0, 253.0)	(19.0, 546.0)	(20.0, 1752.0)	(21.0, 4674.0)	(22.0, 7168.0)	(23.0, 7582.0)	(24.0, 7605.0)	(25.0, 7953.0)	(26.0, 8688.0)	(27.0, 9618.0)	(28.0, 11080.0)	(29.0, 13417.0)	(30.0, 16560.0)	(31.0, 20552.0)	(32.0, 26581.0)	(33.0, 35244.0)	(34.0, 49543.0)	(35.0, 80521.0)	(36.0, 158938.0)	(37.0, 108794.0)
ERR772081_2	(2.0, 10154.0)	(3.0, 0.0)	(4.0, 0.0)	(5.0, 0.0)	(6.0, 0.0)	(7.0, 0.0)	(8.0, 0.0)	(9.0, 0.0)	(10.0, 10.0)	(11.0, 47.0)	(12.0, 778.0)	(13.0, 1705.0)	(14.0, 1679.0)	(15.0, 1650.0)	(16.0, 1934.0)	(17.0, 2482.0)	(18.0, 4896.0)	(19.0, 8084.0)	(20.0, 8564.0)	(21.0, 8697.0)	(22.0, 9254.0)	(23.0, 9895.0)	(24.0, 11485.0)	(25.0, 13825.0)	(26.0, 17028.0)	(27.0, 21970.0)	(28.0, 29014.0)	(29.0, 38067.0)	(30.0, 49019.0)	(31.0, 61494.0)	(32.0, 75276.0)	(33.0, 82639.0)	(34.0, 72053.0)	(35.0, 39223.0)	(36.0, 6873.0)	(37.0, 101.0)
ERR772082_1	(2.0, 32291.0)	(3.0, 0.0)	(4.0, 0.0)	(5.0, 0.0)	(6.0, 0.0)	(7.0, 0.0)	(8.0, 0.0)	(9.0, 0.0)	(10.0, 0.0)	(11.0, 0.0)	(12.0, 0.0)	(13.0, 3.0)	(14.0, 7.0)	(15.0, 35.0)	(16.0, 114.0)	(17.0, 181.0)	(18.0, 298.0)	(19.0, 848.0)	(20.0, 2570.0)	(21.0, 5636.0)	(22.0, 8637.0)	(23.0, 9259.0)	(24.0, 9806.0)	(25.0, 10702.0)	(26.0, 11485.0)	(27.0, 13269.0)	(28.0, 15497.0)	(29.0, 18869.0)	(30.0, 23446.0)	(31.0, 29554.0)	(32.0, 38318.0)	(33.0, 51158.0)	(34.0, 73934.0)	(35.0, 118578.0)	(36.0, 253019.0)	(37.0, 241775.0)
ERR772082_2	(2.0, 31553.0)	(3.0, 0.0)	(4.0, 0.0)	(5.0, 5.0)	(6.0, 1.0)	(7.0, 0.0)	(8.0, 1.0)	(9.0, 1.0)	(10.0, 10.0)	(11.0, 112.0)	(12.0, 1167.0)	(13.0, 2357.0)	(14.0, 2521.0)	(15.0, 2358.0)	(16.0, 2679.0)	(17.0, 3315.0)	(18.0, 6366.0)	(19.0, 10213.0)	(20.0, 11474.0)	(21.0, 12056.0)	(22.0, 12662.0)	(23.0, 13938.0)	(24.0, 16023.0)	(25.0, 18823.0)	(26.0, 23700.0)	(27.0, 30422.0)	(28.0, 41114.0)	(29.0, 54977.0)	(30.0, 72729.0)	(31.0, 95076.0)	(32.0, 122073.0)	(33.0, 144628.0)	(34.0, 137556.0)	(35.0, 82410.0)	(36.0, 16836.0)	(37.0, 133.0)
ERR772083_1	(2.0, 25630.0)	(3.0, 0.0)	(4.0, 0.0)	(5.0, 0.0)	(6.0, 0.0)	(7.0, 0.0)	(8.0, 0.0)	(9.0, 0.0)	(10.0, 0.0)	(11.0, 0.0)	(12.0, 1.0)	(13.0, 2.0)	(14.0, 14.0)	(15.0, 54.0)	(16.0, 126.0)	(17.0, 196.0)	(18.0, 356.0)	(19.0, 840.0)	(20.0, 2525.0)	(21.0, 5879.0)	(22.0, 9221.0)	(23.0, 9843.0)	(24.0, 10129.0)	(25.0, 10758.0)	(26.0, 11711.0)	(27.0, 13321.0)	(28.0, 15347.0)	(29.0, 18654.0)	(30.0, 22979.0)	(31.0, 29157.0)	(32.0, 37829.0)	(33.0, 50916.0)	(34.0, 72296.0)	(35.0, 117606.0)	(36.0, 231096.0)	(37.0, 161050.0)
ERR772083_2	(2.0, 24571.0)	(3.0, 0.0)	(4.0, 0.0)	(5.0, 0.0)	(6.0, 2.0)	(7.0, 0.0)	(8.0, 0.0)	(9.0, 0.0)	(10.0, 7.0)	(11.0, 114.0)	(12.0, 1432.0)	(13.0, 3177.0)	(14.0, 3425.0)	(15.0, 3437.0)	(16.0, 3735.0)	(17.0, 4425.0)	(18.0, 6902.0)	(19.0, 10858.0)	(20.0, 12006.0)	(21.0, 12045.0)	(22.0, 12554.0)	(23.0, 14052.0)	(24.0, 15746.0)	(25.0, 18631.0)	(26.0, 23190.0)	(27.0, 29664.0)	(28.0, 39099.0)	(29.0, 51619.0)	(30.0, 67183.0)	(31.0, 86464.0)	(32.0, 106488.0)	(33.0, 119087.0)	(34.0, 109128.0)	(35.0, 64273.0)	(36.0, 13387.0)	(37.0, 835.0)
ERR772084_1	(2.0, 19946.0)	(3.0, 0.0)	(4.0, 0.0)	(5.0, 0.0)	(6.0, 0.0)	(7.0, 0.0)	(8.0, 0.0)	(9.0, 0.0)	(10.0, 0.0)	(11.0, 0.0)	(12.0, 0.0)	(13.0, 5.0)	(14.0, 6.0)	(15.0, 47.0)	(16.0, 140.0)	(17.0, 178.0)	(18.0, 317.0)	(19.0, 792.0)	(20.0, 2241.0)	(21.0, 5136.0)	(22.0, 7522.0)	(23.0, 7828.0)	(24.0, 7800.0)	(25.0, 8163.0)	(26.0, 9078.0)	(27.0, 10412.0)	(28.0, 12479.0)	(29.0, 14893.0)	(30.0, 18560.0)	(31.0, 23225.0)	(32.0, 29921.0)	(33.0, 40091.0)	(34.0, 57507.0)	(35.0, 93142.0)	(36.0, 181985.0)	(37.0, 122978.0)
ERR772084_2	(2.0, 19362.0)	(3.0, 0.0)	(4.0, 0.0)	(5.0, 0.0)	(6.0, 1.0)	(7.0, 0.0)	(8.0, 0.0)	(9.0, 2.0)	(10.0, 7.0)	(11.0, 75.0)	(12.0, 903.0)	(13.0, 1978.0)	(14.0, 1918.0)	(15.0, 1953.0)	(16.0, 2348.0)	(17.0, 3035.0)	(18.0, 5567.0)	(19.0, 8817.0)	(20.0, 9918.0)	(21.0, 9651.0)	(22.0, 10018.0)	(23.0, 10795.0)	(24.0, 12293.0)	(25.0, 14727.0)	(26.0, 18109.0)	(27.0, 23811.0)	(28.0, 31313.0)	(29.0, 41175.0)	(30.0, 53743.0)	(31.0, 69592.0)	(32.0, 85556.0)	(33.0, 94748.0)	(34.0, 84652.0)	(35.0, 48471.0)	(36.0, 9765.0)	(37.0, 89.0)
