Sample	0	1	2	3	4	5	6	7	8	9	10	11	12	13	14	15	16	17	18	19	20	21	22	23	24	25	26	27
ERR772062_1	(30, 23800.0)	(40, 23.0)	(50, 80.0)	(60, 55.0)	(70, 133.0)	(80, 3612.0)	(90, 6.0)	(100, 2.0)	(110, 6.0)	(120, 1.0)	(130, 2.0)	(140, 1.0)	(150, 2.0)	(160, 2.0)	(170, 5.0)	(180, 1.0)	(190, 10.0)	(200, 0.0)	(210, 0.0)	(220, 1.0)	(230, 3.0)	(240, 2.0)	(250, 0.0)	(260, 2.0)	(270, 3.0)	(280, 4.0)	(290, 44241.0)	(300, 831127.0)
ERR772062_2	(30, 22964.0)	(40, 26.0)	(50, 89.0)	(60, 63.0)	(70, 130.0)	(80, 3758.0)	(90, 9.0)	(100, 5.0)	(110, 7.0)	(120, 1.0)	(130, 3.0)	(140, 2.0)	(150, 6.0)	(160, 3.0)	(170, 8.0)	(180, 5.0)	(190, 11.0)	(200, 19.0)	(210, 6.0)	(220, 8.0)	(230, 4.0)	(240, 1.0)	(250, 3.0)	(260, 4.0)	(270, 4.0)	(280, 4.0)	(290, 71196.0)	(300, 804785.0)
ERR772063_1	(30, 12409.0)	(40, 0.0)	(50, 14.0)	(60, 11.0)	(70, 0.0)	(80, 0.0)	(90, 0.0)	(100, 0.0)	(110, 2.0)	(120, 0.0)	(130, 2.0)	(140, 0.0)	(150, 2.0)	(160, 0.0)	(170, 1.0)	(180, 0.0)	(190, 1.0)	(200, 0.0)	(210, 1.0)	(220, 0.0)	(230, 0.0)	(240, 0.0)	(250, 0.0)	(260, 0.0)	(270, 0.0)	(280, 2.0)	(290, 3775.0)	(300, 270453.0)
ERR772063_2	(30, 12069.0)	(40, 0.0)	(50, 16.0)	(60, 15.0)	(70, 0.0)	(80, 0.0)	(90, 1.0)	(100, 0.0)	(110, 2.0)	(120, 0.0)	(130, 3.0)	(140, 0.0)	(150, 3.0)	(160, 0.0)	(170, 2.0)	(180, 0.0)	(190, 1.0)	(200, 3.0)	(210, 1.0)	(220, 1.0)	(230, 0.0)	(240, 0.0)	(250, 0.0)	(260, 2.0)	(270, 0.0)	(280, 1.0)	(290, 21311.0)	(300, 253242.0)
ERR772064_1	(30, 27147.0)	(40, 4.0)	(50, 335.0)	(60, 8.0)	(70, 2.0)	(80, 0.0)	(90, 0.0)	(100, 5.0)	(110, 4.0)	(120, 1.0)	(130, 8.0)	(140, 0.0)	(150, 0.0)	(160, 1.0)	(170, 1.0)	(180, 1.0)	(190, 1.0)	(200, 0.0)	(210, 0.0)	(220, 0.0)	(230, 1.0)	(240, 0.0)	(250, 2.0)	(260, 0.0)	(270, 0.0)	(280, 3.0)	(290, 19309.0)	(300, 727197.0)
ERR772064_2	(30, 26444.0)	(40, 3.0)	(50, 375.0)	(60, 15.0)	(70, 2.0)	(80, 0.0)	(90, 2.0)	(100, 4.0)	(110, 5.0)	(120, 4.0)	(130, 12.0)	(140, 2.0)	(150, 0.0)	(160, 2.0)	(170, 1.0)	(180, 4.0)	(190, 1.0)	(200, 11.0)	(210, 1.0)	(220, 10.0)	(230, 5.0)	(240, 1.0)	(250, 2.0)	(260, 1.0)	(270, 1.0)	(280, 2.0)	(290, 50437.0)	(300, 696683.0)
ERR772065_1	(30, 37400.0)	(40, 3.0)	(50, 3.0)	(60, 1.0)	(70, 1.0)	(80, 1.0)	(90, 0.0)	(100, 2.0)	(110, 0.0)	(120, 1.0)	(130, 2.0)	(140, 0.0)	(150, 0.0)	(160, 0.0)	(170, 0.0)	(180, 3.0)	(190, 2.0)	(200, 0.0)	(210, 0.0)	(220, 0.0)	(230, 0.0)	(240, 0.0)	(250, 1.0)	(260, 0.0)	(270, 0.0)	(280, 34.0)	(290, 4360.0)	(300, 797828.0)
ERR772065_2	(30, 36128.0)	(40, 5.0)	(50, 17.0)	(60, 2.0)	(70, 1.0)	(80, 2.0)	(90, 0.0)	(100, 4.0)	(110, 5.0)	(120, 2.0)	(130, 4.0)	(140, 3.0)	(150, 4.0)	(160, 2.0)	(170, 5.0)	(180, 6.0)	(190, 3.0)	(200, 15.0)	(210, 3.0)	(220, 11.0)	(230, 2.0)	(240, 1.0)	(250, 0.0)	(260, 3.0)	(270, 1.0)	(280, 19.0)	(290, 52383.0)	(300, 751011.0)
ERR772066_1	(30, 27173.0)	(40, 6.0)	(50, 478.0)	(60, 18.0)	(70, 1.0)	(80, 3.0)	(90, 1.0)	(100, 4.0)	(110, 2.0)	(120, 7.0)	(130, 5.0)	(140, 1.0)	(150, 0.0)	(160, 3.0)	(170, 2.0)	(180, 0.0)	(190, 2.0)	(200, 1.0)	(210, 0.0)	(220, 1.0)	(230, 2.0)	(240, 0.0)	(250, 4.0)	(260, 1.0)	(270, 3.0)	(280, 3.0)	(290, 15191.0)	(300, 702725.0)
ERR772066_2	(30, 26442.0)	(40, 6.0)	(50, 525.0)	(60, 24.0)	(70, 2.0)	(80, 4.0)	(90, 3.0)	(100, 6.0)	(110, 2.0)	(120, 7.0)	(130, 9.0)	(140, 4.0)	(150, 3.0)	(160, 4.0)	(170, 3.0)	(180, 2.0)	(190, 5.0)	(200, 20.0)	(210, 1.0)	(220, 8.0)	(230, 6.0)	(240, 0.0)	(250, 6.0)	(260, 3.0)	(270, 2.0)	(280, 4.0)	(290, 42521.0)	(300, 676015.0)
ERR772067_1	(30, 24522.0)	(40, 14.0)	(50, 3024.0)	(60, 19.0)	(70, 1.0)	(80, 0.0)	(90, 0.0)	(100, 21.0)	(110, 0.0)	(120, 5.0)	(130, 7.0)	(140, 3.0)	(150, 0.0)	(160, 3.0)	(170, 2.0)	(180, 7.0)	(190, 0.0)	(200, 0.0)	(210, 1.0)	(220, 0.0)	(230, 3.0)	(240, 1.0)	(250, 6.0)	(260, 0.0)	(270, 2.0)	(280, 9.0)	(290, 35961.0)	(300, 756410.0)
ERR772067_2	(30, 23432.0)	(40, 13.0)	(50, 3172.0)	(60, 24.0)	(70, 1.0)	(80, 0.0)	(90, 1.0)	(100, 18.0)	(110, 2.0)	(120, 5.0)	(130, 9.0)	(140, 4.0)	(150, 4.0)	(160, 8.0)	(170, 5.0)	(180, 9.0)	(190, 2.0)	(200, 22.0)	(210, 4.0)	(220, 6.0)	(230, 5.0)	(240, 3.0)	(250, 11.0)	(260, 3.0)	(270, 1.0)	(280, 4.0)	(290, 66869.0)	(300, 726384.0)
ERR772068_1	(30, 26122.0)	(40, 6.0)	(50, 40.0)	(60, 17.0)	(70, 1.0)	(80, 2.0)	(90, 3.0)	(100, 1.0)	(110, 1.0)	(120, 1.0)	(130, 2.0)	(140, 2.0)	(150, 2.0)	(160, 3.0)	(170, 2.0)	(180, 1.0)	(190, 6.0)	(200, 2.0)	(210, 2.0)	(220, 0.0)	(230, 2.0)	(240, 1.0)	(250, 0.0)	(260, 0.0)	(270, 2.0)	(280, 2.0)	(290, 15048.0)	(300, 810479.0)
ERR772068_2	(30, 25360.0)	(40, 7.0)	(50, 47.0)	(60, 23.0)	(70, 2.0)	(80, 2.0)	(90, 4.0)	(100, 1.0)	(110, 4.0)	(120, 4.0)	(130, 1.0)	(140, 4.0)	(150, 4.0)	(160, 3.0)	(170, 2.0)	(180, 3.0)	(190, 9.0)	(200, 20.0)	(210, 0.0)	(220, 5.0)	(230, 5.0)	(240, 3.0)	(250, 2.0)	(260, 1.0)	(270, 3.0)	(280, 1.0)	(290, 65356.0)	(300, 760874.0)
ERR772069_1	(30, 29019.0)	(40, 8.0)	(50, 991.0)	(60, 6.0)	(70, 0.0)	(80, 3.0)	(90, 2.0)	(100, 7.0)	(110, 2.0)	(120, 1.0)	(130, 6.0)	(140, 0.0)	(150, 3.0)	(160, 0.0)	(170, 2.0)	(180, 2.0)	(190, 4.0)	(200, 1.0)	(210, 0.0)	(220, 0.0)	(230, 0.0)	(240, 2.0)	(250, 3.0)	(260, 2.0)	(270, 3.0)	(280, 3.0)	(290, 20643.0)	(300, 658354.0)
ERR772069_2	(30, 28070.0)	(40, 9.0)	(50, 1044.0)	(60, 10.0)	(70, 0.0)	(80, 2.0)	(90, 4.0)	(100, 8.0)	(110, 4.0)	(120, 1.0)	(130, 6.0)	(140, 4.0)	(150, 3.0)	(160, 0.0)	(170, 3.0)	(180, 5.0)	(190, 4.0)	(200, 8.0)	(210, 3.0)	(220, 4.0)	(230, 3.0)	(240, 6.0)	(250, 0.0)	(260, 4.0)	(270, 5.0)	(280, 4.0)	(290, 51203.0)	(300, 628650.0)
ERR772070_1	(30, 46729.0)	(40, 10.0)	(50, 832.0)	(60, 25.0)	(70, 0.0)	(80, 1.0)	(90, 0.0)	(100, 3.0)	(110, 1.0)	(120, 17.0)	(130, 2.0)	(140, 0.0)	(150, 4.0)	(160, 2.0)	(170, 1.0)	(180, 0.0)	(190, 7.0)	(200, 0.0)	(210, 0.0)	(220, 0.0)	(230, 1.0)	(240, 4.0)	(250, 9.0)	(260, 2.0)	(270, 1.0)	(280, 8.0)	(290, 36991.0)	(300, 836837.0)
ERR772070_2	(30, 45630.0)	(40, 10.0)	(50, 891.0)	(60, 29.0)	(70, 1.0)	(80, 1.0)	(90, 1.0)	(100, 3.0)	(110, 3.0)	(120, 18.0)	(130, 3.0)	(140, 2.0)	(150, 7.0)	(160, 6.0)	(170, 1.0)	(180, 8.0)	(190, 8.0)	(200, 21.0)	(210, 3.0)	(220, 8.0)	(230, 3.0)	(240, 1.0)	(250, 12.0)	(260, 9.0)	(270, 1.0)	(280, 2.0)	(290, 70390.0)	(300, 804415.0)
ERR772071_1	(30, 27139.0)	(40, 8.0)	(50, 2058.0)	(60, 22.0)	(70, 0.0)	(80, 0.0)	(90, 1.0)	(100, 3.0)	(110, 1.0)	(120, 0.0)	(130, 2.0)	(140, 1.0)	(150, 1.0)	(160, 0.0)	(170, 1.0)	(180, 3.0)	(190, 5.0)	(200, 1.0)	(210, 0.0)	(220, 2.0)	(230, 3.0)	(240, 1.0)	(250, 9.0)	(260, 4.0)	(270, 1.0)	(280, 0.0)	(290, 31777.0)	(300, 559224.0)
ERR772071_2	(30, 26424.0)	(40, 10.0)	(50, 2178.0)	(60, 28.0)	(70, 1.0)	(80, 1.0)	(90, 2.0)	(100, 4.0)	(110, 1.0)	(120, 0.0)	(130, 2.0)	(140, 1.0)	(150, 5.0)	(160, 4.0)	(170, 1.0)	(180, 4.0)	(190, 4.0)	(200, 7.0)	(210, 2.0)	(220, 5.0)	(230, 5.0)	(240, 3.0)	(250, 6.0)	(260, 3.0)	(270, 1.0)	(280, 2.0)	(290, 35193.0)	(300, 556370.0)
ERR772072_1	(30, 33261.0)	(40, 10.0)	(50, 203.0)	(60, 26.0)	(70, 4.0)	(80, 0.0)	(90, 0.0)	(100, 1.0)	(110, 2.0)	(120, 0.0)	(130, 1.0)	(140, 2.0)	(150, 2.0)	(160, 1.0)	(170, 1.0)	(180, 1.0)	(190, 1.0)	(200, 1.0)	(210, 0.0)	(220, 0.0)	(230, 0.0)	(240, 0.0)	(250, 2.0)	(260, 9.0)	(270, 3.0)	(280, 8.0)	(290, 6859.0)	(300, 717309.0)
ERR772072_2	(30, 32419.0)	(40, 11.0)	(50, 235.0)	(60, 35.0)	(70, 5.0)	(80, 1.0)	(90, 0.0)	(100, 2.0)	(110, 3.0)	(120, 2.0)	(130, 1.0)	(140, 4.0)	(150, 5.0)	(160, 0.0)	(170, 3.0)	(180, 1.0)	(190, 5.0)	(200, 15.0)	(210, 0.0)	(220, 13.0)	(230, 3.0)	(240, 2.0)	(250, 3.0)	(260, 10.0)	(270, 1.0)	(280, 4.0)	(290, 41698.0)	(300, 683226.0)
ERR772073_1	(30, 39265.0)	(40, 7.0)	(50, 918.0)	(60, 70.0)	(70, 0.0)	(80, 2.0)	(90, 0.0)	(100, 1.0)	(110, 2.0)	(120, 1.0)	(130, 1.0)	(140, 0.0)	(150, 2.0)	(160, 3.0)	(170, 3.0)	(180, 0.0)	(190, 7.0)	(200, 3.0)	(210, 1.0)	(220, 0.0)	(230, 3.0)	(240, 1.0)	(250, 21.0)	(260, 7.0)	(270, 2.0)	(280, 5.0)	(290, 23683.0)	(300, 697274.0)
ERR772073_2	(30, 38204.0)	(40, 7.0)	(50, 968.0)	(60, 75.0)	(70, 0.0)	(80, 4.0)	(90, 1.0)	(100, 1.0)	(110, 5.0)	(120, 3.0)	(130, 4.0)	(140, 2.0)	(150, 1.0)	(160, 1.0)	(170, 3.0)	(180, 3.0)	(190, 9.0)	(200, 16.0)	(210, 1.0)	(220, 9.0)	(230, 7.0)	(240, 2.0)	(250, 15.0)	(260, 7.0)	(270, 1.0)	(280, 1.0)	(290, 40888.0)	(300, 681044.0)
ERR772074_1	(30, 36989.0)	(40, 6.0)	(50, 596.0)	(60, 42.0)	(70, 3.0)	(80, 1.0)	(90, 0.0)	(100, 6.0)	(110, 2.0)	(120, 4.0)	(130, 2.0)	(140, 0.0)	(150, 4.0)	(160, 1.0)	(170, 3.0)	(180, 1.0)	(190, 3.0)	(200, 2.0)	(210, 0.0)	(220, 0.0)	(230, 4.0)	(240, 0.0)	(250, 0.0)	(260, 3.0)	(270, 2.0)	(280, 4.0)	(290, 28675.0)	(300, 719053.0)
ERR772074_2	(30, 36274.0)	(40, 8.0)	(50, 638.0)	(60, 49.0)	(70, 6.0)	(80, 1.0)	(90, 1.0)	(100, 7.0)	(110, 3.0)	(120, 5.0)	(130, 3.0)	(140, 0.0)	(150, 5.0)	(160, 3.0)	(170, 7.0)	(180, 1.0)	(190, 6.0)	(200, 22.0)	(210, 1.0)	(220, 9.0)	(230, 4.0)	(240, 0.0)	(250, 1.0)	(260, 3.0)	(270, 0.0)	(280, 4.0)	(290, 49958.0)	(300, 698387.0)
ERR772075_1	(30, 26136.0)	(40, 11.0)	(50, 2056.0)	(60, 14.0)	(70, 0.0)	(80, 0.0)	(90, 0.0)	(100, 24.0)	(110, 4.0)	(120, 13.0)	(130, 9.0)	(140, 0.0)	(150, 1.0)	(160, 0.0)	(170, 0.0)	(180, 0.0)	(190, 10.0)	(200, 5.0)	(210, 0.0)	(220, 0.0)	(230, 0.0)	(240, 1.0)	(250, 3.0)	(260, 1.0)	(270, 4.0)	(280, 8.0)	(290, 7131.0)	(300, 677626.0)
ERR772075_2	(30, 25146.0)	(40, 11.0)	(50, 2189.0)	(60, 17.0)	(70, 1.0)	(80, 0.0)	(90, 0.0)	(100, 24.0)	(110, 7.0)	(120, 10.0)	(130, 8.0)	(140, 2.0)	(150, 1.0)	(160, 0.0)	(170, 0.0)	(180, 3.0)	(190, 7.0)	(200, 24.0)	(210, 3.0)	(220, 2.0)	(230, 1.0)	(240, 2.0)	(250, 4.0)	(260, 2.0)	(270, 4.0)	(280, 1.0)	(290, 81435.0)	(300, 604153.0)
ERR772076_1	(30, 28225.0)	(40, 7.0)	(50, 941.0)	(60, 43.0)	(70, 1.0)	(80, 2.0)	(90, 2.0)	(100, 4.0)	(110, 1.0)	(120, 1.0)	(130, 1.0)	(140, 0.0)	(150, 2.0)	(160, 0.0)	(170, 1.0)	(180, 0.0)	(190, 1.0)	(200, 0.0)	(210, 0.0)	(220, 1.0)	(230, 0.0)	(240, 1.0)	(250, 4.0)	(260, 4.0)	(270, 1.0)	(280, 4.0)	(290, 20274.0)	(300, 581768.0)
ERR772076_2	(30, 27423.0)	(40, 6.0)	(50, 987.0)	(60, 50.0)	(70, 1.0)	(80, 3.0)	(90, 2.0)	(100, 5.0)	(110, 4.0)	(120, 3.0)	(130, 1.0)	(140, 0.0)	(150, 4.0)	(160, 2.0)	(170, 1.0)	(180, 1.0)	(190, 2.0)	(200, 11.0)	(210, 3.0)	(220, 7.0)	(230, 1.0)	(240, 1.0)	(250, 5.0)	(260, 3.0)	(270, 3.0)	(280, 1.0)	(290, 53797.0)	(300, 548962.0)
ERR772077_1	(30, 36780.0)	(40, 10.0)	(50, 231.0)	(60, 46.0)	(70, 0.0)	(80, 8.0)	(90, 1.0)	(100, 1.0)	(110, 2.0)	(120, 2.0)	(130, 3.0)	(140, 3.0)	(150, 2.0)	(160, 2.0)	(170, 1.0)	(180, 10.0)	(190, 5.0)	(200, 0.0)	(210, 0.0)	(220, 0.0)	(230, 1.0)	(240, 0.0)	(250, 0.0)	(260, 2.0)	(270, 0.0)	(280, 2.0)	(290, 9527.0)	(300, 681721.0)
ERR772077_2	(30, 35822.0)	(40, 11.0)	(50, 254.0)	(60, 51.0)	(70, 0.0)	(80, 10.0)	(90, 2.0)	(100, 1.0)	(110, 3.0)	(120, 2.0)	(130, 4.0)	(140, 6.0)	(150, 6.0)	(160, 7.0)	(170, 3.0)	(180, 14.0)	(190, 6.0)	(200, 12.0)	(210, 0.0)	(220, 10.0)	(230, 2.0)	(240, 1.0)	(250, 3.0)	(260, 2.0)	(270, 4.0)	(280, 2.0)	(290, 42065.0)	(300, 650057.0)
ERR772078_1	(30, 20306.0)	(40, 2.0)	(50, 82.0)	(60, 4.0)	(70, 0.0)	(80, 1.0)	(90, 0.0)	(100, 0.0)	(110, 1.0)	(120, 0.0)	(130, 5.0)	(140, 1.0)	(150, 2.0)	(160, 0.0)	(170, 0.0)	(180, 0.0)	(190, 6.0)	(200, 1.0)	(210, 0.0)	(220, 0.0)	(230, 2.0)	(240, 1.0)	(250, 1.0)	(260, 6.0)	(270, 3.0)	(280, 2.0)	(290, 7798.0)	(300, 620708.0)
ERR772078_2	(30, 19486.0)	(40, 3.0)	(50, 95.0)	(60, 7.0)	(70, 0.0)	(80, 1.0)	(90, 2.0)	(100, 1.0)	(110, 3.0)	(120, 1.0)	(130, 7.0)	(140, 2.0)	(150, 3.0)	(160, 1.0)	(170, 1.0)	(180, 1.0)	(190, 6.0)	(200, 14.0)	(210, 1.0)	(220, 8.0)	(230, 6.0)	(240, 2.0)	(250, 1.0)	(260, 5.0)	(270, 4.0)	(280, 1.0)	(290, 50755.0)	(300, 578515.0)
ERR772079_1	(30, 19713.0)	(40, 21.0)	(50, 53.0)	(60, 7.0)	(70, 1.0)	(80, 1.0)	(90, 0.0)	(100, 0.0)	(110, 0.0)	(120, 1.0)	(130, 2.0)	(140, 0.0)	(150, 7.0)	(160, 1.0)	(170, 3.0)	(180, 1.0)	(190, 7.0)	(200, 0.0)	(210, 1.0)	(220, 0.0)	(230, 1.0)	(240, 2.0)	(250, 3.0)	(260, 4.0)	(270, 2.0)	(280, 8.0)	(290, 12416.0)	(300, 791536.0)
ERR772079_2	(30, 19166.0)	(40, 21.0)	(50, 61.0)	(60, 9.0)	(70, 1.0)	(80, 1.0)	(90, 0.0)	(100, 1.0)	(110, 0.0)	(120, 2.0)	(130, 2.0)	(140, 0.0)	(150, 9.0)	(160, 3.0)	(170, 3.0)	(180, 3.0)	(190, 8.0)	(200, 20.0)	(210, 2.0)	(220, 12.0)	(230, 3.0)	(240, 4.0)	(250, 3.0)	(260, 6.0)	(270, 0.0)	(280, 5.0)	(290, 70563.0)	(300, 733883.0)
ERR772080_1	(30, 18917.0)	(40, 4.0)	(50, 693.0)	(60, 14.0)	(70, 0.0)	(80, 7.0)	(90, 2.0)	(100, 2.0)	(110, 1.0)	(120, 0.0)	(130, 3.0)	(140, 1.0)	(150, 3.0)	(160, 1.0)	(170, 2.0)	(180, 0.0)	(190, 2.0)	(200, 3.0)	(210, 0.0)	(220, 1.0)	(230, 1.0)	(240, 2.0)	(250, 24.0)	(260, 2.0)	(270, 3.0)	(280, 7.0)	(290, 11664.0)	(300, 623659.0)
ERR772080_2	(30, 18440.0)	(40, 5.0)	(50, 773.0)	(60, 17.0)	(70, 0.0)	(80, 7.0)	(90, 3.0)	(100, 4.0)	(110, 4.0)	(120, 0.0)	(130, 3.0)	(140, 1.0)	(150, 3.0)	(160, 3.0)	(170, 5.0)	(180, 0.0)	(190, 4.0)	(200, 20.0)	(210, 0.0)	(220, 4.0)	(230, 2.0)	(240, 2.0)	(250, 25.0)	(260, 1.0)	(270, 0.0)	(280, 5.0)	(290, 55420.0)	(300, 580267.0)
ERR772081_1	(30, 10452.0)	(40, 2.0)	(50, 121.0)	(60, 12.0)	(70, 0.0)	(80, 1.0)	(90, 0.0)	(100, 0.0)	(110, 2.0)	(120, 4.0)	(130, 2.0)	(140, 1.0)	(150, 0.0)	(160, 0.0)	(170, 1.0)	(180, 0.0)	(190, 4.0)	(200, 1.0)	(210, 0.0)	(220, 0.0)	(230, 1.0)	(240, 2.0)	(250, 4.0)	(260, 0.0)	(270, 0.0)	(280, 1.0)	(290, 3985.0)	(300, 573300.0)
ERR772081_2	(30, 10155.0)	(40, 2.0)	(50, 131.0)	(60, 16.0)	(70, 0.0)	(80, 1.0)	(90, 1.0)	(100, 0.0)	(110, 2.0)	(120, 5.0)	(130, 2.0)	(140, 1.0)	(150, 2.0)	(160, 1.0)	(170, 1.0)	(180, 3.0)	(190, 4.0)	(200, 10.0)	(210, 0.0)	(220, 6.0)	(230, 2.0)	(240, 2.0)	(250, 5.0)	(260, 2.0)	(270, 0.0)	(280, 2.0)	(290, 55726.0)	(300, 521814.0)
ERR772082_1	(30, 32292.0)	(40, 3.0)	(50, 65.0)	(60, 9.0)	(70, 0.0)	(80, 0.0)	(90, 0.0)	(100, 0.0)	(110, 0.0)	(120, 0.0)	(130, 1.0)	(140, 0.0)	(150, 0.0)	(160, 2.0)	(170, 5.0)	(180, 0.0)	(190, 4.0)	(200, 0.0)	(210, 0.0)	(220, 1.0)	(230, 0.0)	(240, 2.0)	(250, 1.0)	(260, 1.0)	(270, 11.0)	(280, 3.0)	(290, 16319.0)	(300, 920570.0)
ERR772082_2	(30, 31554.0)	(40, 3.0)	(50, 75.0)	(60, 12.0)	(70, 1.0)	(80, 0.0)	(90, 1.0)	(100, 2.0)	(110, 1.0)	(120, 2.0)	(130, 3.0)	(140, 2.0)	(150, 2.0)	(160, 4.0)	(170, 5.0)	(180, 3.0)	(190, 8.0)	(200, 29.0)	(210, 1.0)	(220, 7.0)	(230, 3.0)	(240, 4.0)	(250, 4.0)	(260, 2.0)	(270, 7.0)	(280, 1.0)	(290, 97771.0)	(300, 839782.0)
ERR772083_1	(30, 25631.0)	(40, 4.0)	(50, 1586.0)	(60, 33.0)	(70, 2.0)	(80, 1.0)	(90, 1.0)	(100, 2.0)	(110, 1.0)	(120, 7.0)	(130, 6.0)	(140, 1.0)	(150, 7.0)	(160, 4.0)	(170, 3.0)	(180, 0.0)	(190, 1.0)	(200, 1.0)	(210, 0.0)	(220, 0.0)	(230, 1.0)	(240, 1.0)	(250, 4.0)	(260, 1.0)	(270, 3.0)	(280, 3.0)	(290, 10794.0)	(300, 819438.0)
ERR772083_2	(30, 24572.0)	(40, 5.0)	(50, 1641.0)	(60, 37.0)	(70, 2.0)	(80, 2.0)	(90, 2.0)	(100, 2.0)	(110, 1.0)	(120, 9.0)	(130, 6.0)	(140, 4.0)	(150, 6.0)	(160, 5.0)	(170, 4.0)	(180, 2.0)	(190, 4.0)	(200, 28.0)	(210, 1.0)	(220, 12.0)	(230, 4.0)	(240, 2.0)	(250, 7.0)	(260, 1.0)	(270, 1.0)	(280, 2.0)	(290, 74781.0)	(300, 756393.0)
ERR772084_1	(30, 19947.0)	(40, 3.0)	(50, 92.0)	(60, 8.0)	(70, 1.0)	(80, 0.0)	(90, 0.0)	(100, 0.0)	(110, 0.0)	(120, 0.0)	(130, 1.0)	(140, 1.0)	(150, 1.0)	(160, 0.0)	(170, 2.0)	(180, 2.0)	(190, 7.0)	(200, 2.0)	(210, 0.0)	(220, 0.0)	(230, 1.0)	(240, 2.0)	(250, 2.0)	(260, 3.0)	(270, 1.0)	(280, 3.0)	(290, 18898.0)	(300, 635415.0)
ERR772084_2	(30, 19363.0)	(40, 4.0)	(50, 104.0)	(60, 15.0)	(70, 2.0)	(80, 0.0)	(90, 1.0)	(100, 1.0)	(110, 0.0)	(120, 3.0)	(130, 1.0)	(140, 1.0)	(150, 6.0)	(160, 1.0)	(170, 2.0)	(180, 3.0)	(190, 10.0)	(200, 11.0)	(210, 3.0)	(220, 1.0)	(230, 6.0)	(240, 3.0)	(250, 5.0)	(260, 2.0)	(270, 0.0)	(280, 4.0)	(290, 57354.0)	(300, 597486.0)
