Sample	0	1	2	3	4	5	6	7	8	9	10	11	12	13	14	15	16	17	18	19	20	21	22	23	24	25	26	27	28	29	30	31	32	33	34	35	36	37	38	39	40	41	42	43	44	45	46	47	48	49	50	51	52	53	54	55	56	57	58	59	60	61	62	63	64	65	66	67	68	69	70	71	72	73	74	75	76	77	78	79	80	81	82	83	84	85	86	87	88	89	90	91	92	93	94	95	96	97	98	99	100
ERR772062_1	(0.0, 23785.0)	(1.0, 11892.5)	(2.0, 0.0)	(3.0, 0.0)	(4.0, 0.0)	(5.0, 0.0)	(6.0, 0.0)	(7.0, 0.0)	(8.0, 0.0)	(9.0, 0.0)	(10.0, 0.0)	(11.0, 0.0)	(12.0, 0.0)	(13.0, 0.0)	(14.0, 0.0)	(15.0, 0.0)	(16.0, 0.0)	(17.0, 0.0)	(18.0, 0.0)	(19.0, 0.0)	(20.0, 0.0)	(21.0, 0.0)	(22.0, 0.0)	(23.0, 0.0)	(24.0, 0.0)	(25.0, 0.0)	(26.0, 0.0)	(27.0, 0.0)	(28.0, 0.0)	(29.0, 0.0)	(30.0, 0.25)	(31.0, 0.0)	(32.0, 0.25)	(33.0, 0.0)	(34.0, 1.75)	(35.0, 5.0)	(36.0, 7.833333333333333)	(37.0, 15.833333333333332)	(38.0, 29.583333333333332)	(39.0, 52.50000000000001)	(40.0, 88.75)	(41.0, 129.58333333333331)	(42.0, 154.91666666666666)	(43.0, 209.75000000000003)	(44.0, 327.0833333333333)	(45.0, 482.58333333333314)	(46.0, 1361.4999999999998)	(47.0, 1445.3333333333321)	(48.0, 9294.25)	(49.0, 17069.75000000023)	(50.0, 7374.41666666653)	(51.0, 9532.749999999993)	(52.0, 27612.249999999574)	(53.0, 37475.41666666553)	(54.0, 64927.91666669654)	(55.0, 85184.33333332959)	(56.0, 21037.4166666659)	(57.0, 10086.416666666675)	(58.0, 4659.083333333332)	(59.0, 1930.4999999999986)	(60.0, 451.9166666666666)	(61.0, 173.41666666666666)	(62.0, 219.75)	(63.0, 205.83333333333334)	(64.0, 51.083333333333336)	(65.0, 58.91666666666667)	(66.0, 30.166666666666664)	(67.0, 27.249999999999996)	(68.0, 38.91666666666667)	(69.0, 14.916666666666666)	(70.0, 3.75)	(71.0, 0.5)	(72.0, 0.5)	(73.0, 0.5)	(74.0, 0.0)	(75.0, 0.0)	(76.0, 0.5)	(77.0, 0.0)	(78.0, 0.0)	(79.0, 0.0)	(80.0, 0.0)	(81.0, 0.0)	(82.0, 0.25)	(83.0, 0.5)	(84.0, 0.25)	(85.0, 0.25)	(86.0, 0.0)	(87.0, 0.25)	(88.0, 0.5)	(89.0, 0.5)	(90.0, 0.0)	(91.0, 0.0)	(92.0, 0.0)	(93.0, 0.0)	(94.0, 0.0)	(95.0, 0.0)	(96.0, 0.0)	(97.0, 0.0)	(98.0, 0.0)	(99.0, 0.25)	(100.0, 0.0)
ERR772062_2	(0.0, 22950.0)	(1.0, 11475.0)	(2.0, 0.0)	(3.0, 0.0)	(4.0, 0.0)	(5.0, 0.0)	(6.0, 0.0)	(7.0, 0.75)	(8.0, 0.0)	(9.0, 0.0)	(10.0, 0.0)	(11.0, 0.0)	(12.0, 0.0)	(13.0, 0.5)	(14.0, 1.0)	(15.0, 0.5)	(16.0, 0.0)	(17.0, 0.0)	(18.0, 0.5)	(19.0, 0.5)	(20.0, 0.25)	(21.0, 0.0)	(22.0, 0.25)	(23.0, 0.25)	(24.0, 0.0)	(25.0, 0.5)	(26.0, 0.5)	(27.0, 0.0)	(28.0, 0.3333333333333333)	(29.0, 0.3333333333333333)	(30.0, 0.25)	(31.0, 0.5)	(32.0, 1.25)	(33.0, 3.3333333333333335)	(34.0, 3.6666666666666665)	(35.0, 2.75)	(36.0, 5.333333333333334)	(37.0, 10.083333333333332)	(38.0, 22.166666666666668)	(39.0, 41.083333333333336)	(40.0, 70.91666666666666)	(41.0, 126.74999999999997)	(42.0, 184.6666666666667)	(43.0, 252.16666666666686)	(44.0, 404.3333333333332)	(45.0, 705.5000000000003)	(46.0, 2314.5)	(47.0, 6688.416666666654)	(48.0, 6026.2499999999845)	(49.0, 8082.666666666559)	(50.0, 18394.250000000055)	(51.0, 20855.666666666486)	(52.0, 24721.333333332317)	(53.0, 27301.666666665053)	(54.0, 26977.916666664525)	(55.0, 24673.16666666391)	(56.0, 18855.25000000025)	(57.0, 13864.083333334464)	(58.0, 36534.83333333276)	(59.0, 38725.33333333347)	(60.0, 20822.9999999974)	(61.0, 7538.499999998482)	(62.0, 1930.2499999999443)	(63.0, 903.8333333333436)	(64.0, 493.66666666666436)	(65.0, 302.8333333333333)	(66.0, 230.91666666666703)	(67.0, 198.75000000000017)	(68.0, 165.50000000000003)	(69.0, 125.9166666666666)	(70.0, 100.08333333333329)	(71.0, 77.91666666666664)	(72.0, 65.9166666666667)	(73.0, 46.50000000000001)	(74.0, 31.249999999999993)	(75.0, 28.33333333333333)	(76.0, 21.916666666666668)	(77.0, 12.75)	(78.0, 12.666666666666666)	(79.0, 10.416666666666666)	(80.0, 5.25)	(81.0, 4.5)	(82.0, 2.0)	(83.0, 2.25)	(84.0, 1.0833333333333333)	(85.0, 0.5)	(86.0, 1.5)	(87.0, 2.0)	(88.0, 1.25)	(89.0, 1.75)	(90.0, 0.75)	(91.0, 1.0)	(92.0, 0.5)	(93.0, 0.0)	(94.0, 0.25)	(95.0, 0.25)	(96.0, 0.0)	(97.0, 0.25)	(98.0, 0.0)	(99.0, 0.0)	(100.0, 1.0)
ERR772063_1	(0.0, 12409.0)	(1.0, 6204.5)	(2.0, 0.0)	(3.0, 0.0)	(4.0, 0.0)	(5.0, 0.0)	(6.0, 0.0)	(7.0, 0.0)	(8.0, 0.0)	(9.0, 0.0)	(10.0, 0.0)	(11.0, 0.0)	(12.0, 0.0)	(13.0, 0.0)	(14.0, 0.0)	(15.0, 0.0)	(16.0, 0.0)	(17.0, 0.0)	(18.0, 0.0)	(19.0, 0.0)	(20.0, 0.0)	(21.0, 0.0)	(22.0, 0.0)	(23.0, 0.0)	(24.0, 0.0)	(25.0, 0.0)	(26.0, 0.0)	(27.0, 0.0)	(28.0, 0.0)	(29.0, 0.25)	(30.0, 0.0)	(31.0, 0.0)	(32.0, 0.0)	(33.0, 2.75)	(34.0, 2.5)	(35.0, 2.75)	(36.0, 4.083333333333334)	(37.0, 5.166666666666667)	(38.0, 9.0)	(39.0, 12.166666666666666)	(40.0, 12.5)	(41.0, 15.333333333333334)	(42.0, 9.833333333333332)	(43.0, 14.083333333333332)	(44.0, 18.583333333333336)	(45.0, 29.416666666666664)	(46.0, 199.08333333333331)	(47.0, 342.5)	(48.0, 831.0000000000005)	(49.0, 5288.249999999993)	(50.0, 3063.0833333333458)	(51.0, 2667.8333333333367)	(52.0, 6496.833333333324)	(53.0, 10473.666666666682)	(54.0, 16126.250000000415)	(55.0, 26921.666666666224)	(56.0, 8881.583333333278)	(57.0, 3284.7500000000086)	(58.0, 3255.4166666666683)	(59.0, 2176.5833333333326)	(60.0, 338.75)	(61.0, 124.41666666666667)	(62.0, 73.16666666666667)	(63.0, 50.583333333333336)	(64.0, 22.5)	(65.0, 37.83333333333333)	(66.0, 24.0)	(67.0, 24.083333333333332)	(68.0, 13.166666666666666)	(69.0, 4.666666666666667)	(70.0, 1.3333333333333333)	(71.0, 0.25)	(72.0, 0.0)	(73.0, 0.0)	(74.0, 0.0)	(75.0, 0.0)	(76.0, 0.0)	(77.0, 0.0)	(78.0, 0.0)	(79.0, 0.0)	(80.0, 0.0)	(81.0, 0.0)	(82.0, 0.0)	(83.0, 0.0)	(84.0, 0.0)	(85.0, 0.5)	(86.0, 0.0)	(87.0, 0.25)	(88.0, 0.25)	(89.0, 0.0)	(90.0, 0.0)	(91.0, 0.0)	(92.0, 0.0)	(93.0, 0.25)	(94.0, 0.0)	(95.0, 0.0)	(96.0, 0.0)	(97.0, 0.0)	(98.0, 0.0)	(99.0, 0.0)	(100.0, 0.0)
ERR772063_2	(0.0, 12068.0)	(1.0, 6034.0)	(2.0, 0.0)	(3.0, 0.0)	(4.0, 0.0)	(5.0, 0.0)	(6.0, 0.0)	(7.0, 0.0)	(8.0, 0.0)	(9.0, 0.0)	(10.0, 0.0)	(11.0, 0.0)	(12.0, 0.0)	(13.0, 0.0)	(14.0, 0.5)	(15.0, 0.5)	(16.0, 0.0)	(17.0, 0.0)	(18.0, 0.0)	(19.0, 0.0)	(20.0, 0.0)	(21.0, 0.0)	(22.0, 0.0)	(23.0, 0.25)	(24.0, 0.0)	(25.0, 0.0)	(26.0, 0.0)	(27.0, 0.0)	(28.0, 0.0)	(29.0, 0.0)	(30.0, 0.0)	(31.0, 0.0)	(32.0, 0.25)	(33.0, 0.5)	(34.0, 2.0)	(35.0, 3.5)	(36.0, 3.4166666666666665)	(37.0, 2.5833333333333335)	(38.0, 5.833333333333333)	(39.0, 8.583333333333334)	(40.0, 10.666666666666666)	(41.0, 17.083333333333332)	(42.0, 21.333333333333332)	(43.0, 31.999999999999993)	(44.0, 43.75000000000001)	(45.0, 52.08333333333335)	(46.0, 176.1666666666667)	(47.0, 319.75000000000006)	(48.0, 793.2500000000006)	(49.0, 2978.5833333333376)	(50.0, 7106.416666666633)	(51.0, 6203.999999999932)	(52.0, 8001.91666666652)	(53.0, 9746.249999999989)	(54.0, 9122.416666666559)	(55.0, 8267.999999999622)	(56.0, 6880.499999999731)	(57.0, 4955.749999999984)	(58.0, 11115.083333333498)	(59.0, 10719.166666666848)	(60.0, 5419.4166666664005)	(61.0, 1932.0833333332314)	(62.0, 515.749999999996)	(63.0, 255.0000000000007)	(64.0, 148.33333333333337)	(65.0, 100.66666666666661)	(66.0, 88.66666666666664)	(67.0, 76.75)	(68.0, 57.16666666666668)	(69.0, 42.5)	(70.0, 27.083333333333332)	(71.0, 20.25)	(72.0, 14.083333333333334)	(73.0, 11.916666666666668)	(74.0, 9.0)	(75.0, 5.333333333333333)	(76.0, 4.333333333333334)	(77.0, 3.5)	(78.0, 2.75)	(79.0, 2.333333333333333)	(80.0, 1.3333333333333333)	(81.0, 0.75)	(82.0, 1.5833333333333333)	(83.0, 0.75)	(84.0, 0.5)	(85.0, 0.0)	(86.0, 0.0)	(87.0, 0.0)	(88.0, 0.25)	(89.0, 0.5)	(90.0, 0.5)	(91.0, 0.25)	(92.0, 0.0)	(93.0, 0.25)	(94.0, 0.25)	(95.0, 0.25)	(96.0, 0.25)	(97.0, 0.0)	(98.0, 0.25)	(99.0, 0.0)	(100.0, 0.0)
ERR772064_1	(0.0, 27146.0)	(1.0, 13573.0)	(2.0, 0.0)	(3.0, 0.0)	(4.0, 0.0)	(5.0, 0.0)	(6.0, 0.0)	(7.0, 0.0)	(8.0, 0.0)	(9.0, 0.0)	(10.0, 0.0)	(11.0, 0.0)	(12.0, 0.0)	(13.0, 0.0)	(14.0, 0.0)	(15.0, 0.0)	(16.0, 0.0)	(17.0, 0.0)	(18.0, 0.0)	(19.0, 0.0)	(20.0, 0.0)	(21.0, 0.0)	(22.0, 0.0)	(23.0, 0.0)	(24.0, 0.0)	(25.0, 0.0)	(26.0, 0.0)	(27.0, 0.0)	(28.0, 0.0)	(29.0, 0.0)	(30.0, 0.0)	(31.0, 0.0)	(32.0, 0.25)	(33.0, 1.5)	(34.0, 2.25)	(35.0, 5.75)	(36.0, 10.333333333333332)	(37.0, 12.25)	(38.0, 19.75)	(39.0, 27.833333333333332)	(40.0, 23.666666666666664)	(41.0, 22.666666666666668)	(42.0, 31.0)	(43.0, 32.5)	(44.0, 31.166666666666664)	(45.0, 53.916666666666686)	(46.0, 116.8333333333333)	(47.0, 346.49999999999994)	(48.0, 4637.000000000004)	(49.0, 13173.58333333352)	(50.0, 5951.749999999926)	(51.0, 22749.08333333321)	(52.0, 69681.91666666717)	(53.0, 33647.91666666477)	(54.0, 29736.24999999506)	(55.0, 35062.333333332506)	(56.0, 21495.333333332896)	(57.0, 5868.249999999956)	(58.0, 3288.83333333334)	(59.0, 1806.5833333333323)	(60.0, 587.7499999999999)	(61.0, 226.5833333333334)	(62.0, 115.5)	(63.0, 89.83333333333334)	(64.0, 33.833333333333336)	(65.0, 29.333333333333332)	(66.0, 19.416666666666664)	(67.0, 64.5)	(68.0, 69.75)	(69.0, 10.833333333333334)	(70.0, 4.166666666666667)	(71.0, 0.8333333333333333)	(72.0, 1.0)	(73.0, 0.25)	(74.0, 0.25)	(75.0, 0.25)	(76.0, 0.0)	(77.0, 0.25)	(78.0, 0.5)	(79.0, 0.25)	(80.0, 0.0)	(81.0, 0.25)	(82.0, 0.25)	(83.0, 0.25)	(84.0, 0.25)	(85.0, 0.0)	(86.0, 0.0)	(87.0, 0.0)	(88.0, 0.0)	(89.0, 0.0)	(90.0, 0.0)	(91.0, 0.0)	(92.0, 0.0)	(93.0, 0.0)	(94.0, 0.0)	(95.0, 0.0)	(96.0, 0.25)	(97.0, 0.0)	(98.0, 0.0)	(99.0, 0.0)	(100.0, 0.0)
ERR772064_2	(0.0, 26443.0)	(1.0, 13221.5)	(2.0, 0.0)	(3.0, 0.0)	(4.0, 0.0)	(5.0, 0.0)	(6.0, 0.0)	(7.0, 0.0)	(8.0, 0.0)	(9.0, 0.0)	(10.0, 0.0)	(11.0, 0.0)	(12.0, 0.0)	(13.0, 0.0)	(14.0, 0.0)	(15.0, 0.5)	(16.0, 1.0)	(17.0, 0.5)	(18.0, 0.0)	(19.0, 0.0)	(20.0, 0.0)	(21.0, 0.0)	(22.0, 0.0)	(23.0, 0.0)	(24.0, 0.0)	(25.0, 0.5)	(26.0, 0.8333333333333333)	(27.0, 0.3333333333333333)	(28.0, 0.5)	(29.0, 0.5)	(30.0, 0.0)	(31.0, 0.75)	(32.0, 1.5833333333333333)	(33.0, 1.5833333333333333)	(34.0, 3.166666666666667)	(35.0, 6.249999999999999)	(36.0, 7.833333333333332)	(37.0, 8.333333333333332)	(38.0, 13.083333333333334)	(39.0, 18.416666666666668)	(40.0, 25.916666666666664)	(41.0, 38.416666666666664)	(42.0, 57.4166666666667)	(43.0, 73.08333333333334)	(44.0, 99.0833333333333)	(45.0, 180.58333333333334)	(46.0, 821.333333333334)	(47.0, 2993.833333333336)	(48.0, 2556.000000000002)	(49.0, 6332.416666666626)	(50.0, 15610.250000000213)	(51.0, 13028.833333333563)	(52.0, 19999.249999999836)	(53.0, 31091.999999998876)	(54.0, 58823.916666671845)	(55.0, 35994.16666666462)	(56.0, 23261.249999995827)	(57.0, 12066.250000001202)	(58.0, 13008.000000000618)	(59.0, 10555.333333333541)	(60.0, 5329.83333333313)	(61.0, 2142.7499999999277)	(62.0, 771.8333333333379)	(63.0, 442.99999999999807)	(64.0, 269.1666666666671)	(65.0, 179.00000000000017)	(66.0, 147.0833333333333)	(67.0, 132.83333333333323)	(68.0, 103.16666666666661)	(69.0, 65.25000000000003)	(70.0, 41.00000000000001)	(71.0, 26.83333333333333)	(72.0, 18.083333333333336)	(73.0, 18.75)	(74.0, 10.75)	(75.0, 6.999999999999999)	(76.0, 5.166666666666666)	(77.0, 3.583333333333333)	(78.0, 3.0)	(79.0, 2.5)	(80.0, 1.75)	(81.0, 1.75)	(82.0, 1.5)	(83.0, 1.5)	(84.0, 0.75)	(85.0, 1.25)	(86.0, 0.75)	(87.0, 0.75)	(88.0, 0.5)	(89.0, 0.5)	(90.0, 0.25)	(91.0, 0.0)	(92.0, 0.75)	(93.0, 0.5)	(94.0, 0.5)	(95.0, 0.25)	(96.0, 0.5)	(97.0, 0.5)	(98.0, 0.5)	(99.0, 0.5)	(100.0, 0.3333333333333333)
ERR772065_1	(0.0, 37398.0)	(1.0, 18699.0)	(2.0, 0.0)	(3.0, 0.0)	(4.0, 0.0)	(5.0, 0.0)	(6.0, 0.0)	(7.0, 0.0)	(8.0, 0.0)	(9.0, 0.0)	(10.0, 0.0)	(11.0, 0.0)	(12.0, 0.0)	(13.0, 0.0)	(14.0, 0.0)	(15.0, 0.0)	(16.0, 0.0)	(17.0, 0.0)	(18.0, 0.0)	(19.0, 0.0)	(20.0, 0.0)	(21.0, 0.0)	(22.0, 0.0)	(23.0, 0.0)	(24.0, 0.0)	(25.0, 0.0)	(26.0, 0.0)	(27.0, 0.0)	(28.0, 0.0)	(29.0, 0.0)	(30.0, 0.25)	(31.0, 0.25)	(32.0, 0.0)	(33.0, 2.0)	(34.0, 2.25)	(35.0, 3.0833333333333335)	(36.0, 8.25)	(37.0, 15.833333333333334)	(38.0, 23.166666666666668)	(39.0, 29.25)	(40.0, 33.5)	(41.0, 34.49999999999999)	(42.0, 30.749999999999996)	(43.0, 33.33333333333333)	(44.0, 36.83333333333333)	(45.0, 42.583333333333336)	(46.0, 47.75)	(47.0, 94.91666666666664)	(48.0, 162.5833333333333)	(49.0, 378.8333333333333)	(50.0, 1486.9166666666652)	(51.0, 5381.416666666655)	(52.0, 50238.58333333404)	(53.0, 98992.91666666449)	(54.0, 45862.41666666706)	(55.0, 50152.500000000735)	(56.0, 9231.249999999976)	(57.0, 1996.3333333333314)	(58.0, 675.5833333333334)	(59.0, 293.5833333333333)	(60.0, 133.99999999999991)	(61.0, 82.66666666666666)	(62.0, 26.666666666666664)	(63.0, 11.5)	(64.0, 8.5)	(65.0, 4.75)	(66.0, 5.5)	(67.0, 13.75)	(68.0, 14.0)	(69.0, 71.75)	(70.0, 41.25)	(71.0, 7.25)	(72.0, 1.25)	(73.0, 0.75)	(74.0, 1.0)	(75.0, 0.75)	(76.0, 0.0)	(77.0, 0.0)	(78.0, 0.0)	(79.0, 0.25)	(80.0, 0.25)	(81.0, 0.0)	(82.0, 0.0)	(83.0, 0.0)	(84.0, 0.0)	(85.0, 0.25)	(86.0, 0.0)	(87.0, 0.5)	(88.0, 0.25)	(89.0, 0.75)	(90.0, 0.0)	(91.0, 0.0)	(92.0, 0.0)	(93.0, 0.0)	(94.0, 0.0)	(95.0, 0.0)	(96.0, 0.0)	(97.0, 0.0)	(98.0, 0.0)	(99.0, 0.0)	(100.0, 0.0)
ERR772065_2	(0.0, 36126.0)	(1.0, 18063.0)	(2.0, 0.0)	(3.0, 0.0)	(4.0, 0.0)	(5.0, 0.0)	(6.0, 0.25)	(7.0, 1.5)	(8.0, 0.0)	(9.0, 0.0)	(10.0, 0.0)	(11.0, 0.25)	(12.0, 0.0)	(13.0, 0.5)	(14.0, 0.5)	(15.0, 0.0)	(16.0, 0.25)	(17.0, 0.0)	(18.0, 0.25)	(19.0, 0.0)	(20.0, 0.0)	(21.0, 0.25)	(22.0, 0.0)	(23.0, 0.0)	(24.0, 0.0)	(25.0, 0.0)	(26.0, 0.5)	(27.0, 0.5833333333333333)	(28.0, 0.8333333333333333)	(29.0, 1.8333333333333333)	(30.0, 1.8333333333333333)	(31.0, 0.25)	(32.0, 1.75)	(33.0, 1.5)	(34.0, 2.333333333333333)	(35.0, 6.0)	(36.0, 10.083333333333334)	(37.0, 11.750000000000002)	(38.0, 14.0)	(39.0, 22.333333333333332)	(40.0, 35.166666666666664)	(41.0, 43.25000000000002)	(42.0, 54.75000000000003)	(43.0, 68.4166666666667)	(44.0, 83.41666666666663)	(45.0, 103.08333333333324)	(46.0, 125.33333333333317)	(47.0, 161.9166666666666)	(48.0, 243.75000000000026)	(49.0, 400.24999999999966)	(50.0, 853.4166666666686)	(51.0, 3094.166666666676)	(52.0, 23703.333333333183)	(53.0, 52650.25000000147)	(54.0, 69643.41666667144)	(55.0, 42175.75000000287)	(56.0, 17718.500000001193)	(57.0, 11180.000000000548)	(58.0, 19755.916666666548)	(59.0, 17446.083333334453)	(60.0, 9308.166666666117)	(61.0, 3431.5000000002515)	(62.0, 1082.7500000000102)	(63.0, 558.9166666666646)	(64.0, 336.41666666666623)	(65.0, 217.1666666666671)	(66.0, 147.25000000000003)	(67.0, 142.9166666666666)	(68.0, 138.16666666666663)	(69.0, 103.08333333333331)	(70.0, 69.66666666666667)	(71.0, 48.91666666666667)	(72.0, 29.999999999999996)	(73.0, 22.416666666666664)	(74.0, 14.583333333333334)	(75.0, 11.916666666666666)	(76.0, 10.333333333333332)	(77.0, 6.583333333333334)	(78.0, 4.416666666666666)	(79.0, 2.583333333333333)	(80.0, 2.75)	(81.0, 1.25)	(82.0, 1.25)	(83.0, 0.25)	(84.0, 1.0)	(85.0, 0.5)	(86.0, 0.5)	(87.0, 0.25)	(88.0, 0.75)	(89.0, 0.75)	(90.0, 0.75)	(91.0, 0.5)	(92.0, 0.5)	(93.0, 0.5)	(94.0, 0.5)	(95.0, 0.0)	(96.0, 1.25)	(97.0, 0.5)	(98.0, 0.0)	(99.0, 0.5)	(100.0, 1.9999999999999998)
ERR772066_1	(0.0, 27172.0)	(1.0, 13586.0)	(2.0, 0.0)	(3.0, 0.0)	(4.0, 0.0)	(5.0, 0.0)	(6.0, 0.0)	(7.0, 0.0)	(8.0, 0.0)	(9.0, 0.0)	(10.0, 0.0)	(11.0, 0.0)	(12.0, 0.0)	(13.0, 0.0)	(14.0, 0.0)	(15.0, 0.0)	(16.0, 0.0)	(17.0, 0.0)	(18.0, 0.0)	(19.0, 0.0)	(20.0, 0.0)	(21.0, 0.0)	(22.0, 0.0)	(23.0, 0.0)	(24.0, 0.0)	(25.0, 0.0)	(26.0, 0.0)	(27.0, 0.0)	(28.0, 0.0)	(29.0, 0.0)	(30.0, 0.0)	(31.0, 0.0)	(32.0, 0.3333333333333333)	(33.0, 7.5)	(34.0, 4.25)	(35.0, 6.0)	(36.0, 11.083333333333334)	(37.0, 14.166666666666668)	(38.0, 18.25)	(39.0, 23.5)	(40.0, 28.58333333333333)	(41.0, 31.916666666666664)	(42.0, 35.83333333333333)	(43.0, 32.66666666666666)	(44.0, 46.91666666666667)	(45.0, 78.41666666666667)	(46.0, 273.2500000000001)	(47.0, 1332.4166666666665)	(48.0, 6113.916666666649)	(49.0, 21872.749999999745)	(50.0, 12434.333333333547)	(51.0, 9486.333333333294)	(52.0, 19948.166666666657)	(53.0, 41629.58333333368)	(54.0, 38131.6666666663)	(55.0, 40811.00000000046)	(56.0, 23081.33333333199)	(57.0, 8318.083333333254)	(58.0, 7808.249999999982)	(59.0, 5735.416666666666)	(60.0, 1049.7500000000005)	(61.0, 348.8333333333332)	(62.0, 274.3333333333333)	(63.0, 212.25)	(64.0, 79.83333333333333)	(65.0, 50.16666666666667)	(66.0, 19.333333333333332)	(67.0, 32.75)	(68.0, 40.666666666666664)	(69.0, 10.75)	(70.0, 8.25)	(71.0, 3.25)	(72.0, 0.75)	(73.0, 0.0)	(74.0, 0.0)	(75.0, 0.0)	(76.0, 0.0)	(77.0, 0.25)	(78.0, 0.5)	(79.0, 0.0)	(80.0, 0.0)	(81.0, 0.0)	(82.0, 0.0)	(83.0, 0.25)	(84.0, 0.25)	(85.0, 0.25)	(86.0, 0.25)	(87.0, 0.25)	(88.0, 0.25)	(89.0, 0.25)	(90.0, 0.0)	(91.0, 0.25)	(92.0, 0.25)	(93.0, 0.25)	(94.0, 0.0)	(95.0, 0.0)	(96.0, 0.0)	(97.0, 0.0)	(98.0, 0.0)	(99.0, 0.0)	(100.0, 0.0)
ERR772066_2	(0.0, 26441.0)	(1.0, 13220.5)	(2.0, 0.0)	(3.0, 0.0)	(4.0, 0.0)	(5.0, 0.0)	(6.0, 0.0)	(7.0, 0.5)	(8.0, 0.5)	(9.0, 0.0)	(10.0, 0.0)	(11.0, 0.0)	(12.0, 0.0)	(13.0, 0.0)	(14.0, 0.5)	(15.0, 1.0)	(16.0, 0.5)	(17.0, 0.5)	(18.0, 0.5)	(19.0, 0.0)	(20.0, 0.0)	(21.0, 0.0)	(22.0, 0.5)	(23.0, 1.0)	(24.0, 0.5)	(25.0, 0.3333333333333333)	(26.0, 0.5833333333333333)	(27.0, 1.0833333333333333)	(28.0, 0.75)	(29.0, 1.0)	(30.0, 1.0)	(31.0, 0.5)	(32.0, 1.25)	(33.0, 2.4166666666666665)	(34.0, 3.583333333333333)	(35.0, 5.25)	(36.0, 6.083333333333333)	(37.0, 8.25)	(38.0, 12.333333333333334)	(39.0, 17.083333333333332)	(40.0, 26.58333333333333)	(41.0, 38.41666666666666)	(42.0, 51.58333333333334)	(43.0, 58.58333333333334)	(44.0, 82.66666666666667)	(45.0, 136.58333333333323)	(46.0, 511.66666666666646)	(47.0, 1158.6666666666672)	(48.0, 3640.250000000014)	(49.0, 16888.750000000087)	(50.0, 27433.16666666637)	(51.0, 25170.833333332765)	(52.0, 23877.99999999906)	(53.0, 30057.749999998505)	(54.0, 31759.916666663536)	(55.0, 25704.583333330156)	(56.0, 16490.416666668825)	(57.0, 9947.666666666786)	(58.0, 11397.833333333692)	(59.0, 10732.83333333353)	(60.0, 7150.916666665971)	(61.0, 2983.833333333445)	(62.0, 1121.3333333333387)	(63.0, 552.7499999999987)	(64.0, 314.08333333333303)	(65.0, 206.25000000000034)	(66.0, 164.41666666666666)	(67.0, 126.08333333333327)	(68.0, 110.66666666666659)	(69.0, 73.91666666666667)	(70.0, 54.08333333333335)	(71.0, 37.5)	(72.0, 24.33333333333333)	(73.0, 17.083333333333332)	(74.0, 19.083333333333336)	(75.0, 9.666666666666666)	(76.0, 11.416666666666666)	(77.0, 7.75)	(78.0, 7.583333333333333)	(79.0, 4.833333333333333)	(80.0, 3.5)	(81.0, 2.0)	(82.0, 1.25)	(83.0, 2.25)	(84.0, 1.25)	(85.0, 1.25)	(86.0, 0.75)	(87.0, 0.5)	(88.0, 1.5)	(89.0, 1.25)	(90.0, 0.25)	(91.0, 0.0)	(92.0, 0.0)	(93.0, 0.0)	(94.0, 0.25)	(95.0, 0.25)	(96.0, 0.5)	(97.0, 0.0)	(98.0, 0.0)	(99.0, 0.5)	(100.0, 1.6666666666666665)
ERR772067_1	(0.0, 24521.0)	(1.0, 12260.5)	(2.0, 0.0)	(3.0, 0.0)	(4.0, 0.0)	(5.0, 0.0)	(6.0, 0.0)	(7.0, 0.0)	(8.0, 0.0)	(9.0, 0.0)	(10.0, 0.0)	(11.0, 0.0)	(12.0, 0.0)	(13.0, 0.0)	(14.0, 0.0)	(15.0, 0.0)	(16.0, 0.0)	(17.0, 0.0)	(18.0, 0.0)	(19.0, 0.0)	(20.0, 0.0)	(21.0, 0.0)	(22.0, 0.0)	(23.0, 0.0)	(24.0, 0.0)	(25.0, 0.0)	(26.0, 0.0)	(27.0, 0.0)	(28.0, 0.0)	(29.0, 0.0)	(30.0, 0.0)	(31.0, 0.0)	(32.0, 0.75)	(33.0, 23.0)	(34.0, 11.0)	(35.0, 5.333333333333333)	(36.0, 5.75)	(37.0, 7.5)	(38.0, 18.5)	(39.0, 23.583333333333332)	(40.0, 28.666666666666668)	(41.0, 31.58333333333333)	(42.0, 33.91666666666666)	(43.0, 35.916666666666664)	(44.0, 43.83333333333333)	(45.0, 55.66666666666668)	(46.0, 77.41666666666666)	(47.0, 192.66666666666677)	(48.0, 1356.3333333333326)	(49.0, 9016.833333333307)	(50.0, 6210.749999999957)	(51.0, 6618.166666666633)	(52.0, 18090.416666666726)	(53.0, 35458.08333333139)	(54.0, 56030.75000001527)	(55.0, 87751.333333327)	(56.0, 35716.99999999758)	(57.0, 8307.749999999853)	(58.0, 4864.999999999997)	(59.0, 2284.333333333331)	(60.0, 504.9999999999999)	(61.0, 190.58333333333334)	(62.0, 167.75000000000003)	(63.0, 119.49999999999999)	(64.0, 42.5)	(65.0, 72.0)	(66.0, 40.583333333333336)	(67.0, 75.58333333333334)	(68.0, 87.58333333333333)	(69.0, 27.25)	(70.0, 6.083333333333333)	(71.0, 3.25)	(72.0, 1.25)	(73.0, 1.25)	(74.0, 0.0)	(75.0, 0.5)	(76.0, 0.25)	(77.0, 0.0)	(78.0, 0.0)	(79.0, 0.0)	(80.0, 0.5)	(81.0, 0.25)	(82.0, 0.0)	(83.0, 0.25)	(84.0, 0.25)	(85.0, 0.0)	(86.0, 0.0)	(87.0, 0.0)	(88.0, 0.5)	(89.0, 0.5)	(90.0, 0.0)	(91.0, 0.25)	(92.0, 0.0)	(93.0, 0.0)	(94.0, 0.0)	(95.0, 0.0)	(96.0, 0.25)	(97.0, 0.25)	(98.0, 0.0)	(99.0, 0.0)	(100.0, 0.0)
ERR772067_2	(0.0, 23430.0)	(1.0, 11715.0)	(2.0, 0.0)	(3.0, 0.0)	(4.0, 0.0)	(5.0, 0.0)	(6.0, 0.0)	(7.0, 0.0)	(8.0, 0.0)	(9.0, 0.0)	(10.0, 0.0)	(11.0, 0.0)	(12.0, 0.0)	(13.0, 0.0)	(14.0, 0.0)	(15.0, 0.0)	(16.0, 0.25)	(17.0, 0.0)	(18.0, 0.0)	(19.0, 0.0)	(20.0, 0.0)	(21.0, 0.25)	(22.0, 0.0)	(23.0, 0.0)	(24.0, 0.0)	(25.0, 0.3333333333333333)	(26.0, 0.6666666666666666)	(27.0, 0.3333333333333333)	(28.0, 0.75)	(29.0, 1.5)	(30.0, 1.5833333333333333)	(31.0, 1.9166666666666665)	(32.0, 2.083333333333333)	(33.0, 2.75)	(34.0, 1.5833333333333333)	(35.0, 4.333333333333333)	(36.0, 6.416666666666666)	(37.0, 9.583333333333332)	(38.0, 18.25)	(39.0, 23.749999999999996)	(40.0, 35.58333333333333)	(41.0, 52.41666666666667)	(42.0, 70.50000000000003)	(43.0, 107.58333333333327)	(44.0, 254.75000000000023)	(45.0, 2125.499999999999)	(46.0, 2335.166666666665)	(47.0, 1515.7499999999968)	(48.0, 2593.4166666666724)	(49.0, 5275.916666666653)	(50.0, 11461.583333333434)	(51.0, 14881.75000000052)	(52.0, 27508.999999998614)	(53.0, 33389.58333333127)	(54.0, 33741.333333329494)	(55.0, 26240.833333329523)	(56.0, 18689.583333333692)	(57.0, 13901.25000000113)	(58.0, 31300.416666664627)	(59.0, 30415.91666666294)	(60.0, 15989.666666673129)	(61.0, 5958.833333332748)	(62.0, 1664.4166666666306)	(63.0, 787.0833333333388)	(64.0, 498.4166666666642)	(65.0, 313.9166666666667)	(66.0, 254.08333333333385)	(67.0, 235.58333333333357)	(68.0, 185.25000000000014)	(69.0, 106.3333333333333)	(70.0, 78.58333333333333)	(71.0, 65.91666666666669)	(72.0, 50.000000000000014)	(73.0, 35.5)	(74.0, 27.166666666666664)	(75.0, 17.833333333333332)	(76.0, 14.500000000000002)	(77.0, 10.25)	(78.0, 6.25)	(79.0, 4.0)	(80.0, 3.0833333333333335)	(81.0, 2.8333333333333335)	(82.0, 2.25)	(83.0, 2.083333333333333)	(84.0, 2.0)	(85.0, 2.0)	(86.0, 1.5)	(87.0, 0.5)	(88.0, 0.5)	(89.0, 0.5)	(90.0, 0.25)	(91.0, 0.25)	(92.0, 0.75)	(93.0, 0.75)	(94.0, 0.25)	(95.0, 0.25)	(96.0, 0.75)	(97.0, 0.25)	(98.0, 0.0)	(99.0, 0.25)	(100.0, 0.6666666666666666)
ERR772068_1	(0.0, 26119.0)	(1.0, 13059.5)	(2.0, 0.0)	(3.0, 0.0)	(4.0, 0.0)	(5.0, 0.0)	(6.0, 0.0)	(7.0, 0.0)	(8.0, 0.0)	(9.0, 0.0)	(10.0, 0.0)	(11.0, 0.0)	(12.0, 0.0)	(13.0, 0.0)	(14.0, 0.0)	(15.0, 0.0)	(16.0, 0.0)	(17.0, 0.0)	(18.0, 0.0)	(19.0, 0.0)	(20.0, 0.0)	(21.0, 0.0)	(22.0, 0.0)	(23.0, 0.0)	(24.0, 0.0)	(25.0, 0.0)	(26.0, 0.0)	(27.0, 0.0)	(28.0, 0.0)	(29.0, 0.0)	(30.0, 0.0)	(31.0, 0.5)	(32.0, 1.0)	(33.0, 9.0)	(34.0, 7.5)	(35.0, 7.083333333333333)	(36.0, 11.416666666666668)	(37.0, 21.0)	(38.0, 20.166666666666668)	(39.0, 26.166666666666664)	(40.0, 26.333333333333332)	(41.0, 27.249999999999996)	(42.0, 27.16666666666666)	(43.0, 29.666666666666664)	(44.0, 42.333333333333336)	(45.0, 48.0)	(46.0, 76.08333333333336)	(47.0, 170.33333333333337)	(48.0, 1113.1666666666677)	(49.0, 8529.333333333287)	(50.0, 7170.249999999946)	(51.0, 6444.083333333308)	(52.0, 26231.83333333317)	(53.0, 54631.000000002045)	(54.0, 54561.166666671845)	(55.0, 77939.49999999993)	(56.0, 24401.083333332255)	(57.0, 8121.916666666582)	(58.0, 4357.7500000000055)	(59.0, 2438.1666666666656)	(60.0, 502.74999999999983)	(61.0, 264.16666666666674)	(62.0, 182.74999999999997)	(63.0, 194.91666666666666)	(64.0, 106.24999999999999)	(65.0, 78.25)	(66.0, 47.5)	(67.0, 45.5)	(68.0, 48.333333333333336)	(69.0, 17.833333333333332)	(70.0, 6.0)	(71.0, 2.5)	(72.0, 1.75)	(73.0, 0.75)	(74.0, 1.75)	(75.0, 2.0)	(76.0, 0.5)	(77.0, 0.0)	(78.0, 0.25)	(79.0, 0.25)	(80.0, 0.0)	(81.0, 0.0)	(82.0, 0.0)	(83.0, 0.0)	(84.0, 0.25)	(85.0, 0.25)	(86.0, 0.25)	(87.0, 0.25)	(88.0, 0.0)	(89.0, 0.0)	(90.0, 0.0)	(91.0, 0.0)	(92.0, 0.0)	(93.0, 0.0)	(94.0, 0.5)	(95.0, 0.0)	(96.0, 0.0)	(97.0, 0.0)	(98.0, 0.0)	(99.0, 0.0)	(100.0, 0.0)
ERR772068_2	(0.0, 25356.0)	(1.0, 12678.0)	(2.0, 0.0)	(3.0, 0.0)	(4.0, 0.0)	(5.0, 0.0)	(6.0, 0.0)	(7.0, 0.25)	(8.0, 0.75)	(9.0, 0.0)	(10.0, 0.0)	(11.0, 0.0)	(12.0, 0.0)	(13.0, 0.0)	(14.0, 0.0)	(15.0, 0.25)	(16.0, 0.25)	(17.0, 0.25)	(18.0, 0.25)	(19.0, 0.0)	(20.0, 0.0)	(21.0, 0.0)	(22.0, 0.0)	(23.0, 0.0)	(24.0, 0.0)	(25.0, 0.75)	(26.0, 1.0)	(27.0, 0.5)	(28.0, 0.0)	(29.0, 0.75)	(30.0, 1.3333333333333333)	(31.0, 0.8333333333333333)	(32.0, 0.5833333333333333)	(33.0, 1.3333333333333333)	(34.0, 3.083333333333333)	(35.0, 7.833333333333333)	(36.0, 8.083333333333332)	(37.0, 9.25)	(38.0, 16.916666666666668)	(39.0, 21.583333333333332)	(40.0, 34.74999999999999)	(41.0, 43.50000000000001)	(42.0, 56.41666666666671)	(43.0, 66.33333333333336)	(44.0, 97.49999999999994)	(45.0, 181.00000000000006)	(46.0, 264.4166666666669)	(47.0, 488.66666666666566)	(48.0, 2046.5833333333278)	(49.0, 7145.8333333333)	(50.0, 22430.999999999833)	(51.0, 23933.999999999556)	(52.0, 27392.666666665322)	(53.0, 33832.166666664765)	(54.0, 32075.833333329057)	(55.0, 22143.33333333163)	(56.0, 15430.166666668301)	(57.0, 12513.91666666758)	(58.0, 31935.4999999974)	(59.0, 29980.749999995798)	(60.0, 15292.250000006095)	(61.0, 5491.333333333001)	(62.0, 1370.3333333333228)	(63.0, 649.9166666666683)	(64.0, 387.99999999999875)	(65.0, 289.75000000000017)	(66.0, 245.75000000000023)	(67.0, 200.83333333333346)	(68.0, 142.5833333333333)	(69.0, 89.66666666666666)	(70.0, 55.66666666666667)	(71.0, 42.916666666666664)	(72.0, 32.33333333333333)	(73.0, 19.25)	(74.0, 18.583333333333336)	(75.0, 12.25)	(76.0, 8.583333333333332)	(77.0, 9.0)	(78.0, 4.25)	(79.0, 3.25)	(80.0, 2.6666666666666665)	(81.0, 2.25)	(82.0, 1.5)	(83.0, 1.8333333333333333)	(84.0, 1.0)	(85.0, 0.75)	(86.0, 1.0)	(87.0, 1.25)	(88.0, 0.25)	(89.0, 0.25)	(90.0, 0.25)	(91.0, 0.25)	(92.0, 0.5)	(93.0, 0.25)	(94.0, 0.5)	(95.0, 0.5)	(96.0, 0.75)	(97.0, 1.5)	(98.0, 0.25)	(99.0, 0.5)	(100.0, 0.3333333333333333)
ERR772069_1	(0.0, 29019.0)	(1.0, 14509.5)	(2.0, 0.0)	(3.0, 0.0)	(4.0, 0.0)	(5.0, 0.0)	(6.0, 0.0)	(7.0, 0.0)	(8.0, 0.0)	(9.0, 0.0)	(10.0, 0.0)	(11.0, 0.0)	(12.0, 0.0)	(13.0, 0.0)	(14.0, 0.0)	(15.0, 0.0)	(16.0, 0.0)	(17.0, 0.0)	(18.0, 0.0)	(19.0, 0.0)	(20.0, 0.0)	(21.0, 0.0)	(22.0, 0.25)	(23.0, 0.0)	(24.0, 0.0)	(25.0, 0.0)	(26.0, 0.0)	(27.0, 0.0)	(28.0, 0.0)	(29.0, 0.0)	(30.0, 0.0)	(31.0, 0.0)	(32.0, 0.75)	(33.0, 3.25)	(34.0, 4.833333333333334)	(35.0, 5.833333333333333)	(36.0, 10.333333333333332)	(37.0, 19.583333333333336)	(38.0, 22.833333333333332)	(39.0, 28.999999999999996)	(40.0, 34.416666666666664)	(41.0, 32.58333333333333)	(42.0, 32.08333333333333)	(43.0, 37.75)	(44.0, 50.25)	(45.0, 68.41666666666667)	(46.0, 142.5)	(47.0, 611.8333333333333)	(48.0, 3620.500000000002)	(49.0, 19178.333333333347)	(50.0, 30897.58333333317)	(51.0, 14637.083333333401)	(52.0, 27765.749999999873)	(53.0, 21591.41666666626)	(54.0, 34202.916666663565)	(55.0, 28541.2499999973)	(56.0, 22490.91666666508)	(57.0, 8814.749999999938)	(58.0, 9170.916666666655)	(59.0, 4858.0)	(60.0, 867.4166666666669)	(61.0, 282.75)	(62.0, 188.33333333333334)	(63.0, 149.5)	(64.0, 93.41666666666666)	(65.0, 77.66666666666666)	(66.0, 53.25000000000002)	(67.0, 140.91666666666666)	(68.0, 129.0)	(69.0, 18.666666666666664)	(70.0, 3.5833333333333335)	(71.0, 1.0)	(72.0, 1.25)	(73.0, 0.0)	(74.0, 0.25)	(75.0, 0.0)	(76.0, 0.0)	(77.0, 0.0)	(78.0, 0.5)	(79.0, 0.5)	(80.0, 0.25)	(81.0, 0.0)	(82.0, 0.0)	(83.0, 0.0)	(84.0, 0.0)	(85.0, 0.0)	(86.0, 0.25)	(87.0, 0.0)	(88.0, 0.0)	(89.0, 0.0)	(90.0, 0.0)	(91.0, 0.0)	(92.0, 0.0)	(93.0, 0.0)	(94.0, 0.0)	(95.0, 0.0)	(96.0, 0.0)	(97.0, 0.0)	(98.0, 0.0)	(99.0, 0.0)	(100.0, 0.0)
ERR772069_2	(0.0, 28070.0)	(1.0, 14035.0)	(2.0, 0.0)	(3.0, 0.0)	(4.0, 0.0)	(5.0, 0.0)	(6.0, 0.0)	(7.0, 0.25)	(8.0, 0.25)	(9.0, 0.0)	(10.0, 0.0)	(11.0, 0.0)	(12.0, 0.5)	(13.0, 1.0)	(14.0, 1.0)	(15.0, 0.5)	(16.0, 0.0)	(17.0, 1.0)	(18.0, 0.75)	(19.0, 0.25)	(20.0, 0.25)	(21.0, 0.0)	(22.0, 0.0)	(23.0, 0.0)	(24.0, 0.25)	(25.0, 0.9166666666666666)	(26.0, 1.0)	(27.0, 0.0)	(28.0, 0.3333333333333333)	(29.0, 0.9166666666666666)	(30.0, 0.5833333333333333)	(31.0, 0.75)	(32.0, 2.1666666666666665)	(33.0, 3.3333333333333335)	(34.0, 4.833333333333333)	(35.0, 5.916666666666667)	(36.0, 7.833333333333333)	(37.0, 12.333333333333336)	(38.0, 12.833333333333334)	(39.0, 25.249999999999993)	(40.0, 38.08333333333333)	(41.0, 48.41666666666668)	(42.0, 59.58333333333337)	(43.0, 83.24999999999999)	(44.0, 124.9999999999999)	(45.0, 241.2500000000003)	(46.0, 818.1666666666678)	(47.0, 2815.833333333336)	(48.0, 8271.583333333307)	(49.0, 23124.5833333332)	(50.0, 18451.58333333339)	(51.0, 15273.500000000475)	(52.0, 22801.166666665533)	(53.0, 29690.249999997843)	(54.0, 31006.74999999715)	(55.0, 24694.166666663255)	(56.0, 21465.916666664758)	(57.0, 13754.333333335635)	(58.0, 9797.583333333372)	(59.0, 7136.666666666399)	(60.0, 3652.416666666939)	(61.0, 1504.749999999967)	(62.0, 600.8333333333333)	(63.0, 352.2499999999994)	(64.0, 256.25000000000057)	(65.0, 177.8333333333334)	(66.0, 159.0)	(67.0, 185.00000000000009)	(68.0, 129.49999999999994)	(69.0, 67.41666666666667)	(70.0, 29.249999999999996)	(71.0, 18.166666666666668)	(72.0, 12.250000000000002)	(73.0, 11.333333333333334)	(74.0, 6.583333333333334)	(75.0, 3.25)	(76.0, 2.583333333333333)	(77.0, 3.666666666666667)	(78.0, 3.1666666666666665)	(79.0, 2.6666666666666665)	(80.0, 1.5)	(81.0, 2.0)	(82.0, 2.25)	(83.0, 1.0)	(84.0, 0.75)	(85.0, 0.5)	(86.0, 0.5)	(87.0, 0.5)	(88.0, 0.5833333333333333)	(89.0, 0.0)	(90.0, 0.75)	(91.0, 1.0)	(92.0, 0.0)	(93.0, 0.25)	(94.0, 0.25)	(95.0, 0.5)	(96.0, 0.5)	(97.0, 0.5)	(98.0, 0.0)	(99.0, 0.25)	(100.0, 0.6666666666666666)
ERR772070_1	(0.0, 46728.0)	(1.0, 23364.0)	(2.0, 0.0)	(3.0, 0.0)	(4.0, 0.0)	(5.0, 0.0)	(6.0, 0.0)	(7.0, 0.0)	(8.0, 0.0)	(9.0, 0.0)	(10.0, 0.0)	(11.0, 0.0)	(12.0, 0.0)	(13.0, 0.0)	(14.0, 0.0)	(15.0, 0.0)	(16.0, 0.0)	(17.0, 0.0)	(18.0, 0.0)	(19.0, 0.0)	(20.0, 0.0)	(21.0, 0.0)	(22.0, 0.0)	(23.0, 0.0)	(24.0, 0.0)	(25.0, 0.0)	(26.0, 0.0)	(27.0, 0.0)	(28.0, 0.0)	(29.0, 0.0)	(30.0, 0.75)	(31.0, 0.25)	(32.0, 0.75)	(33.0, 0.75)	(34.0, 2.25)	(35.0, 8.0)	(36.0, 13.75)	(37.0, 22.666666666666664)	(38.0, 31.416666666666664)	(39.0, 32.75)	(40.0, 41.833333333333336)	(41.0, 47.74999999999999)	(42.0, 43.75)	(43.0, 47.583333333333336)	(44.0, 52.58333333333335)	(45.0, 64.00000000000001)	(46.0, 111.08333333333329)	(47.0, 329.6666666666666)	(48.0, 1800.2499999999966)	(49.0, 9774.166666666659)	(50.0, 20142.666666666628)	(51.0, 15137.666666666833)	(52.0, 23796.749999999793)	(53.0, 25556.66666666458)	(54.0, 67057.16666668507)	(55.0, 90541.83333332621)	(56.0, 26302.08333333017)	(57.0, 9799.666666666664)	(58.0, 6642.166666666642)	(59.0, 2366.6666666666665)	(60.0, 530.9999999999998)	(61.0, 240.91666666666677)	(62.0, 355.25)	(63.0, 363.0)	(64.0, 91.08333333333331)	(65.0, 88.6666666666666)	(66.0, 83.16666666666667)	(67.0, 265.08333333333337)	(68.0, 220.25)	(69.0, 35.833333333333336)	(70.0, 16.000000000000004)	(71.0, 3.5)	(72.0, 1.5)	(73.0, 0.0)	(74.0, 0.5)	(75.0, 0.75)	(76.0, 0.5)	(77.0, 0.0)	(78.0, 0.25)	(79.0, 0.0)	(80.0, 0.0)	(81.0, 0.0)	(82.0, 0.0)	(83.0, 0.25)	(84.0, 0.5)	(85.0, 0.25)	(86.0, 0.0)	(87.0, 0.0)	(88.0, 0.0)	(89.0, 0.0)	(90.0, 0.0)	(91.0, 0.25)	(92.0, 0.25)	(93.0, 0.0)	(94.0, 0.25)	(95.0, 0.0)	(96.0, 0.0)	(97.0, 0.0)	(98.0, 0.0)	(99.0, 0.0)	(100.0, 0.0)
ERR772070_2	(0.0, 45629.0)	(1.0, 22814.5)	(2.0, 0.0)	(3.0, 0.0)	(4.0, 0.0)	(5.0, 0.0)	(6.0, 0.0)	(7.0, 0.25)	(8.0, 0.75)	(9.0, 0.25)	(10.0, 0.0)	(11.0, 0.0)	(12.0, 0.0)	(13.0, 0.0)	(14.0, 0.0)	(15.0, 0.0)	(16.0, 0.0)	(17.0, 0.5)	(18.0, 0.5)	(19.0, 0.0)	(20.0, 0.0)	(21.0, 0.25)	(22.0, 0.0)	(23.0, 1.0833333333333333)	(24.0, 1.0)	(25.0, 0.5)	(26.0, 0.0)	(27.0, 0.0)	(28.0, 0.3333333333333333)	(29.0, 0.25)	(30.0, 0.25)	(31.0, 0.25)	(32.0, 1.25)	(33.0, 4.416666666666666)	(34.0, 6.666666666666665)	(35.0, 5.083333333333333)	(36.0, 10.000000000000002)	(37.0, 13.75)	(38.0, 17.833333333333336)	(39.0, 29.333333333333325)	(40.0, 39.916666666666686)	(41.0, 62.00000000000004)	(42.0, 74.16666666666669)	(43.0, 102.9166666666666)	(44.0, 108.91666666666659)	(45.0, 148.33333333333334)	(46.0, 268.7500000000002)	(47.0, 2405.0833333333335)	(48.0, 5712.99999999999)	(49.0, 7985.749999999876)	(50.0, 19536.58333333321)	(51.0, 15802.916666667019)	(52.0, 17523.250000000255)	(53.0, 20468.08333333311)	(54.0, 27557.66666666473)	(55.0, 23845.499999997992)	(56.0, 18367.000000000666)	(57.0, 16226.1666666681)	(58.0, 47966.83333333671)	(59.0, 45401.0000000051)	(60.0, 21867.666666661888)	(61.0, 7862.916666665007)	(62.0, 2058.416666666612)	(63.0, 993.7500000000107)	(64.0, 564.6666666666656)	(65.0, 384.0833333333325)	(66.0, 336.7499999999997)	(67.0, 392.5833333333329)	(68.0, 319.1666666666666)	(69.0, 201.50000000000014)	(70.0, 142.74999999999994)	(71.0, 97.49999999999997)	(72.0, 71.58333333333333)	(73.0, 49.33333333333334)	(74.0, 37.0)	(75.0, 30.666666666666664)	(76.0, 25.666666666666668)	(77.0, 19.25)	(78.0, 15.583333333333334)	(79.0, 8.75)	(80.0, 6.333333333333333)	(81.0, 5.833333333333333)	(82.0, 5.0)	(83.0, 2.5)	(84.0, 1.3333333333333333)	(85.0, 0.75)	(86.0, 0.0)	(87.0, 0.75)	(88.0, 1.0)	(89.0, 0.5)	(90.0, 1.25)	(91.0, 0.75)	(92.0, 0.25)	(93.0, 0.5)	(94.0, 0.5)	(95.0, 1.0)	(96.0, 0.75)	(97.0, 0.0)	(98.0, 0.75)	(99.0, 0.25)	(100.0, 0.6666666666666666)
ERR772071_1	(0.0, 27133.0)	(1.0, 13566.5)	(2.0, 0.0)	(3.0, 0.0)	(4.0, 0.0)	(5.0, 0.0)	(6.0, 0.0)	(7.0, 0.0)	(8.0, 0.0)	(9.0, 0.0)	(10.0, 0.0)	(11.0, 0.0)	(12.0, 0.0)	(13.0, 0.0)	(14.0, 0.0)	(15.0, 0.0)	(16.0, 0.0)	(17.0, 0.0)	(18.0, 0.0)	(19.0, 0.0)	(20.0, 0.0)	(21.0, 0.25)	(22.0, 0.25)	(23.0, 0.0)	(24.0, 0.0)	(25.0, 0.0)	(26.0, 0.0)	(27.0, 0.0)	(28.0, 0.0)	(29.0, 0.0)	(30.0, 0.0)	(31.0, 0.0)	(32.0, 0.75)	(33.0, 2.5)	(34.0, 2.0)	(35.0, 5.5)	(36.0, 8.0)	(37.0, 14.666666666666668)	(38.0, 24.666666666666668)	(39.0, 25.999999999999996)	(40.0, 30.249999999999996)	(41.0, 31.41666666666666)	(42.0, 32.16666666666666)	(43.0, 34.66666666666666)	(44.0, 41.916666666666664)	(45.0, 66.6666666666667)	(46.0, 118.99999999999991)	(47.0, 494.66666666666526)	(48.0, 1632.249999999993)	(49.0, 15531.416666667126)	(50.0, 6955.666666666485)	(51.0, 6614.916666666608)	(52.0, 26811.999999999673)	(53.0, 34033.33333333104)	(54.0, 28966.583333326467)	(55.0, 39640.2500000007)	(56.0, 28824.41666666342)	(57.0, 6929.333333333254)	(58.0, 4659.166666666674)	(59.0, 3732.2500000000036)	(60.0, 687.2500000000002)	(61.0, 245.00000000000006)	(62.0, 147.41666666666666)	(63.0, 111.75)	(64.0, 43.416666666666664)	(65.0, 50.5)	(66.0, 41.25)	(67.0, 39.08333333333333)	(68.0, 40.416666666666664)	(69.0, 16.083333333333336)	(70.0, 8.666666666666664)	(71.0, 2.3333333333333335)	(72.0, 1.25)	(73.0, 1.0)	(74.0, 1.0)	(75.0, 1.0)	(76.0, 0.5)	(77.0, 0.5)	(78.0, 0.25)	(79.0, 0.0)	(80.0, 0.0)	(81.0, 0.0)	(82.0, 0.0)	(83.0, 0.0)	(84.0, 0.0)	(85.0, 0.3333333333333333)	(86.0, 0.0)	(87.0, 0.25)	(88.0, 0.25)	(89.0, 0.0)	(90.0, 0.25)	(91.0, 0.25)	(92.0, 0.0)	(93.0, 0.0)	(94.0, 0.25)	(95.0, 0.25)	(96.0, 0.0)	(97.0, 0.0)	(98.0, 0.0)	(99.0, 0.0)	(100.0, 0.0)
ERR772071_2	(0.0, 26418.0)	(1.0, 13209.0)	(2.0, 0.0)	(3.0, 0.0)	(4.0, 0.0)	(5.0, 0.0)	(6.0, 0.0)	(7.0, 0.0)	(8.0, 0.25)	(9.0, 0.0)	(10.0, 0.0)	(11.0, 0.0)	(12.0, 0.5)	(13.0, 1.0)	(14.0, 0.75)	(15.0, 0.25)	(16.0, 0.25)	(17.0, 0.0)	(18.0, 0.0)	(19.0, 0.0)	(20.0, 0.0)	(21.0, 0.0)	(22.0, 0.0)	(23.0, 1.25)	(24.0, 1.8333333333333333)	(25.0, 0.8333333333333333)	(26.0, 0.0)	(27.0, 0.0)	(28.0, 0.0)	(29.0, 0.25)	(30.0, 0.0)	(31.0, 0.25)	(32.0, 0.5)	(33.0, 1.4166666666666665)	(34.0, 1.9166666666666665)	(35.0, 3.0)	(36.0, 4.583333333333333)	(37.0, 7.75)	(38.0, 11.416666666666666)	(39.0, 21.25)	(40.0, 32.833333333333314)	(41.0, 42.5)	(42.0, 57.33333333333336)	(43.0, 72.5)	(44.0, 82.49999999999999)	(45.0, 110.49999999999994)	(46.0, 178.33333333333337)	(47.0, 1040.166666666668)	(48.0, 2561.75)	(49.0, 7589.33333333325)	(50.0, 23028.91666666634)	(51.0, 19538.33333333332)	(52.0, 21564.66666666631)	(53.0, 24288.083333332313)	(54.0, 31501.166666663037)	(55.0, 25813.833333330018)	(56.0, 16303.750000001848)	(57.0, 9360.166666666577)	(58.0, 9365.499999999944)	(59.0, 7584.666666666361)	(60.0, 3923.500000000321)	(61.0, 1678.9999999999468)	(62.0, 667.3333333333347)	(63.0, 365.41666666666606)	(64.0, 225.83333333333368)	(65.0, 154.66666666666666)	(66.0, 134.91666666666657)	(67.0, 113.08333333333329)	(68.0, 81.66666666666664)	(69.0, 55.50000000000001)	(70.0, 33.08333333333333)	(71.0, 23.75)	(72.0, 17.583333333333332)	(73.0, 13.25)	(74.0, 6.583333333333334)	(75.0, 5.0)	(76.0, 4.083333333333334)	(77.0, 3.4166666666666665)	(78.0, 3.4166666666666665)	(79.0, 3.333333333333333)	(80.0, 2.6666666666666665)	(81.0, 2.1666666666666665)	(82.0, 0.0)	(83.0, 1.0)	(84.0, 0.5)	(85.0, 0.25)	(86.0, 0.5)	(87.0, 0.5)	(88.0, 0.0)	(89.0, 0.0)	(90.0, 0.0)	(91.0, 0.25)	(92.0, 0.0)	(93.0, 0.0)	(94.0, 0.5)	(95.0, 0.25)	(96.0, 0.25)	(97.0, 0.5)	(98.0, 0.5)	(99.0, 0.25)	(100.0, 0.0)
ERR772072_1	(0.0, 33261.0)	(1.0, 16630.5)	(2.0, 0.0)	(3.0, 0.0)	(4.0, 0.0)	(5.0, 0.0)	(6.0, 0.0)	(7.0, 0.0)	(8.0, 0.0)	(9.0, 0.0)	(10.0, 0.0)	(11.0, 0.0)	(12.0, 0.0)	(13.0, 0.0)	(14.0, 0.0)	(15.0, 0.0)	(16.0, 0.0)	(17.0, 0.0)	(18.0, 0.0)	(19.0, 0.0)	(20.0, 0.0)	(21.0, 0.0)	(22.0, 0.0)	(23.0, 0.0)	(24.0, 0.0)	(25.0, 0.0)	(26.0, 0.0)	(27.0, 0.0)	(28.0, 0.0)	(29.0, 0.0)	(30.0, 0.0)	(31.0, 0.75)	(32.0, 1.0833333333333333)	(33.0, 1.75)	(34.0, 2.25)	(35.0, 4.75)	(36.0, 12.583333333333332)	(37.0, 17.416666666666664)	(38.0, 25.166666666666664)	(39.0, 29.0)	(40.0, 30.583333333333325)	(41.0, 34.333333333333336)	(42.0, 36.833333333333336)	(43.0, 47.08333333333333)	(44.0, 50.16666666666667)	(45.0, 76.08333333333333)	(46.0, 150.0)	(47.0, 400.91666666666634)	(48.0, 1941.6666666666551)	(49.0, 25035.166666666162)	(50.0, 7313.999999999835)	(51.0, 7905.333333333268)	(52.0, 24801.416666666562)	(53.0, 22916.416666666533)	(54.0, 37328.91666666637)	(55.0, 47572.08333333404)	(56.0, 40906.166666666875)	(57.0, 10533.750000000053)	(58.0, 5310.999999999993)	(59.0, 3598.3333333333358)	(60.0, 711.4166666666669)	(61.0, 275.5)	(62.0, 383.0)	(63.0, 380.8333333333333)	(64.0, 121.83333333333333)	(65.0, 62.666666666666664)	(66.0, 20.166666666666664)	(67.0, 18.75)	(68.0, 20.75)	(69.0, 23.25)	(70.0, 17.0)	(71.0, 7.583333333333334)	(72.0, 2.833333333333333)	(73.0, 2.25)	(74.0, 1.0)	(75.0, 1.5)	(76.0, 2.0)	(77.0, 0.75)	(78.0, 0.0)	(79.0, 0.0)	(80.0, 0.0)	(81.0, 0.0)	(82.0, 0.0)	(83.0, 0.0)	(84.0, 0.25)	(85.0, 0.25)	(86.0, 0.0)	(87.0, 0.0)	(88.0, 0.25)	(89.0, 0.0)	(90.0, 0.0)	(91.0, 0.25)	(92.0, 0.0)	(93.0, 0.0)	(94.0, 0.25)	(95.0, 0.0)	(96.0, 0.0)	(97.0, 0.0)	(98.0, 0.0)	(99.0, 0.0)	(100.0, 0.0)
ERR772072_2	(0.0, 32418.0)	(1.0, 16209.0)	(2.0, 0.0)	(3.0, 0.0)	(4.0, 0.0)	(5.0, 0.0)	(6.0, 0.0)	(7.0, 0.0)	(8.0, 0.5)	(9.0, 0.0)	(10.0, 0.0)	(11.0, 0.0)	(12.0, 0.5)	(13.0, 0.5)	(14.0, 0.5)	(15.0, 0.5)	(16.0, 0.0)	(17.0, 0.0)	(18.0, 0.0)	(19.0, 0.0)	(20.0, 0.0)	(21.0, 0.0)	(22.0, 0.0)	(23.0, 0.0)	(24.0, 0.0)	(25.0, 0.5833333333333333)	(26.0, 0.5833333333333333)	(27.0, 0.25)	(28.0, 0.0)	(29.0, 0.5)	(30.0, 1.5833333333333333)	(31.0, 0.5833333333333333)	(32.0, 1.3333333333333333)	(33.0, 3.0833333333333335)	(34.0, 4.5)	(35.0, 6.583333333333332)	(36.0, 9.333333333333334)	(37.0, 15.41666666666667)	(38.0, 23.999999999999996)	(39.0, 28.66666666666666)	(40.0, 41.75000000000001)	(41.0, 55.416666666666686)	(42.0, 62.16666666666669)	(43.0, 81.24999999999999)	(44.0, 111.41666666666659)	(45.0, 157.6666666666667)	(46.0, 278.0833333333335)	(47.0, 537.8333333333323)	(48.0, 1760.749999999995)	(49.0, 10829.583333333356)	(50.0, 23682.416666666493)	(51.0, 14394.91666666687)	(52.0, 30641.916666666108)	(53.0, 38797.33333333354)	(54.0, 38460.33333333403)	(55.0, 29218.66666666191)	(56.0, 23322.999999997457)	(57.0, 13212.416666667625)	(58.0, 9862.500000000076)	(59.0, 6573.333333333084)	(60.0, 3209.000000000152)	(61.0, 1467.499999999975)	(62.0, 692.1666666666683)	(63.0, 397.1666666666652)	(64.0, 251.00000000000088)	(65.0, 193.41666666666683)	(66.0, 235.0000000000001)	(67.0, 253.83333333333343)	(68.0, 169.33333333333334)	(69.0, 101.74999999999999)	(70.0, 55.83333333333334)	(71.0, 31.83333333333333)	(72.0, 17.416666666666668)	(73.0, 10.416666666666668)	(74.0, 7.916666666666666)	(75.0, 5.416666666666667)	(76.0, 4.25)	(77.0, 2.5833333333333335)	(78.0, 1.75)	(79.0, 2.0)	(80.0, 1.75)	(81.0, 1.5)	(82.0, 2.0)	(83.0, 0.75)	(84.0, 1.5)	(85.0, 1.25)	(86.0, 0.75)	(87.0, 1.0)	(88.0, 0.5)	(89.0, 0.75)	(90.0, 0.25)	(91.0, 0.5)	(92.0, 0.25)	(93.0, 0.75)	(94.0, 1.0)	(95.0, 1.0)	(96.0, 0.75)	(97.0, 0.75)	(98.0, 0.5)	(99.0, 0.5)	(100.0, 1.0)
ERR772073_1	(0.0, 39265.0)	(1.0, 19632.5)	(2.0, 0.0)	(3.0, 0.0)	(4.0, 0.0)	(5.0, 0.0)	(6.0, 0.0)	(7.0, 0.0)	(8.0, 0.0)	(9.0, 0.0)	(10.0, 0.0)	(11.0, 0.0)	(12.0, 0.0)	(13.0, 0.0)	(14.0, 0.0)	(15.0, 0.0)	(16.0, 0.0)	(17.0, 0.0)	(18.0, 0.0)	(19.0, 0.0)	(20.0, 0.0)	(21.0, 0.0)	(22.0, 0.0)	(23.0, 0.0)	(24.0, 0.0)	(25.0, 0.0)	(26.0, 0.0)	(27.0, 0.0)	(28.0, 0.0)	(29.0, 0.0)	(30.0, 0.0)	(31.0, 0.8333333333333333)	(32.0, 1.0833333333333333)	(33.0, 4.75)	(34.0, 5.25)	(35.0, 5.5)	(36.0, 12.083333333333334)	(37.0, 18.083333333333336)	(38.0, 25.33333333333333)	(39.0, 29.83333333333333)	(40.0, 40.833333333333336)	(41.0, 45.333333333333336)	(42.0, 48.00000000000001)	(43.0, 43.0)	(44.0, 83.41666666666666)	(45.0, 92.33333333333333)	(46.0, 149.0833333333333)	(47.0, 860.3333333333345)	(48.0, 3183.0000000000095)	(49.0, 17622.583333333583)	(50.0, 8933.666666666548)	(51.0, 8499.916666666611)	(52.0, 32250.99999999973)	(53.0, 36761.99999999949)	(54.0, 38433.4999999994)	(55.0, 34288.08333333032)	(56.0, 32283.333333330753)	(57.0, 8823.583333333272)	(58.0, 8476.749999999976)	(59.0, 5425.333333333331)	(60.0, 949.8333333333337)	(61.0, 359.3333333333332)	(62.0, 328.9999999999999)	(63.0, 301.3333333333333)	(64.0, 126.33333333333333)	(65.0, 115.66666666666664)	(66.0, 49.083333333333336)	(67.0, 73.33333333333334)	(68.0, 81.0)	(69.0, 12.5)	(70.0, 5.25)	(71.0, 4.666666666666666)	(72.0, 2.75)	(73.0, 0.25)	(74.0, 0.0)	(75.0, 0.0)	(76.0, 0.0)	(77.0, 0.0)	(78.0, 0.0)	(79.0, 0.0)	(80.0, 0.0)	(81.0, 0.25)	(82.0, 0.25)	(83.0, 0.5)	(84.0, 0.0)	(85.0, 0.0)	(86.0, 0.0)	(87.0, 0.25)	(88.0, 0.75)	(89.0, 0.5)	(90.0, 0.0)	(91.0, 0.0)	(92.0, 0.0)	(93.0, 0.0)	(94.0, 0.25)	(95.0, 0.25)	(96.0, 0.0)	(97.0, 0.0)	(98.0, 0.0)	(99.0, 0.0)	(100.0, 0.0)
ERR772073_2	(0.0, 38204.0)	(1.0, 19102.0)	(2.0, 0.0)	(3.0, 0.0)	(4.0, 0.0)	(5.0, 0.0)	(6.0, 0.0)	(7.0, 0.0)	(8.0, 0.75)	(9.0, 0.25)	(10.0, 0.0)	(11.0, 0.0)	(12.0, 0.25)	(13.0, 1.0)	(14.0, 1.0)	(15.0, 0.0)	(16.0, 0.0)	(17.0, 0.0)	(18.0, 0.0)	(19.0, 0.0)	(20.0, 0.0)	(21.0, 0.25)	(22.0, 0.25)	(23.0, 0.0)	(24.0, 0.0)	(25.0, 0.5)	(26.0, 0.5)	(27.0, 0.0)	(28.0, 0.5833333333333333)	(29.0, 0.3333333333333333)	(30.0, 0.25)	(31.0, 0.25)	(32.0, 1.9166666666666665)	(33.0, 3.1666666666666665)	(34.0, 4.416666666666667)	(35.0, 4.583333333333334)	(36.0, 6.499999999999999)	(37.0, 8.666666666666666)	(38.0, 16.083333333333336)	(39.0, 26.58333333333333)	(40.0, 38.666666666666664)	(41.0, 60.75000000000003)	(42.0, 72.58333333333336)	(43.0, 101.33333333333326)	(44.0, 115.74999999999993)	(45.0, 178.1666666666668)	(46.0, 355.7499999999999)	(47.0, 758.8333333333338)	(48.0, 2266.3333333333308)	(49.0, 9813.166666666664)	(50.0, 23648.83333333312)	(51.0, 22246.41666666645)	(52.0, 31143.99999999887)	(53.0, 33967.41666666532)	(54.0, 34923.58333333136)	(55.0, 32334.16666666056)	(56.0, 22364.666666664696)	(57.0, 12661.583333334554)	(58.0, 8986.166666666488)	(59.0, 6159.166666666475)	(60.0, 3274.3333333334963)	(61.0, 1612.666666666633)	(62.0, 818.250000000005)	(63.0, 462.6666666666648)	(64.0, 286.33333333333354)	(65.0, 196.8333333333336)	(66.0, 172.58333333333346)	(67.0, 173.3333333333334)	(68.0, 125.49999999999994)	(69.0, 73.08333333333333)	(70.0, 41.66666666666667)	(71.0, 31.58333333333333)	(72.0, 22.0)	(73.0, 13.250000000000002)	(74.0, 8.833333333333334)	(75.0, 7.999999999999999)	(76.0, 5.833333333333333)	(77.0, 2.75)	(78.0, 2.25)	(79.0, 1.5)	(80.0, 2.0)	(81.0, 2.0)	(82.0, 0.25)	(83.0, 0.5833333333333333)	(84.0, 1.0833333333333333)	(85.0, 1.75)	(86.0, 1.5)	(87.0, 0.75)	(88.0, 1.0)	(89.0, 0.5)	(90.0, 0.25)	(91.0, 0.25)	(92.0, 0.25)	(93.0, 0.25)	(94.0, 0.25)	(95.0, 0.25)	(96.0, 0.5)	(97.0, 0.0)	(98.0, 0.0)	(99.0, 0.0)	(100.0, 0.0)
ERR772074_1	(0.0, 36986.0)	(1.0, 18493.0)	(2.0, 0.0)	(3.0, 0.0)	(4.0, 0.0)	(5.0, 0.0)	(6.0, 0.0)	(7.0, 0.0)	(8.0, 0.0)	(9.0, 0.0)	(10.0, 0.0)	(11.0, 0.0)	(12.0, 0.0)	(13.0, 0.0)	(14.0, 0.0)	(15.0, 0.0)	(16.0, 0.0)	(17.0, 0.0)	(18.0, 0.0)	(19.0, 0.0)	(20.0, 0.0)	(21.0, 0.0)	(22.0, 0.0)	(23.0, 0.0)	(24.0, 0.0)	(25.0, 0.0)	(26.0, 0.0)	(27.0, 0.0)	(28.0, 0.0)	(29.0, 0.5)	(30.0, 0.25)	(31.0, 0.25)	(32.0, 0.0)	(33.0, 1.75)	(34.0, 2.25)	(35.0, 5.333333333333333)	(36.0, 10.416666666666668)	(37.0, 15.916666666666666)	(38.0, 23.916666666666664)	(39.0, 31.583333333333332)	(40.0, 32.833333333333336)	(41.0, 39.58333333333333)	(42.0, 42.583333333333336)	(43.0, 47.08333333333334)	(44.0, 60.00000000000001)	(45.0, 88.83333333333333)	(46.0, 160.99999999999997)	(47.0, 479.4999999999989)	(48.0, 2902.416666666678)	(49.0, 27007.333333332448)	(50.0, 21755.33333333296)	(51.0, 16239.500000000262)	(52.0, 24920.416666666377)	(53.0, 35477.499999998996)	(54.0, 36471.24999999785)	(55.0, 49363.75000000456)	(56.0, 26699.16666666333)	(57.0, 5758.7499999999445)	(58.0, 3229.2500000000086)	(59.0, 2559.750000000001)	(60.0, 490.9999999999998)	(61.0, 198.41666666666669)	(62.0, 188.08333333333337)	(63.0, 171.91666666666666)	(64.0, 54.666666666666664)	(65.0, 68.58333333333333)	(66.0, 54.25)	(67.0, 109.0)	(68.0, 114.5)	(69.0, 18.5)	(70.0, 4.833333333333334)	(71.0, 2.3333333333333335)	(72.0, 0.25)	(73.0, 0.25)	(74.0, 0.0)	(75.0, 0.25)	(76.0, 0.0)	(77.0, 0.25)	(78.0, 0.25)	(79.0, 0.25)	(80.0, 0.0)	(81.0, 0.0)	(82.0, 0.0)	(83.0, 0.0)	(84.0, 0.5)	(85.0, 0.25)	(86.0, 0.25)	(87.0, 0.0)	(88.0, 0.0)	(89.0, 0.0)	(90.0, 0.0)	(91.0, 0.25)	(92.0, 0.25)	(93.0, 0.0)	(94.0, 0.0)	(95.0, 0.0)	(96.0, 0.0)	(97.0, 0.0)	(98.0, 0.0)	(99.0, 0.0)	(100.0, 0.0)
ERR772074_2	(0.0, 36272.0)	(1.0, 18136.0)	(2.0, 0.0)	(3.0, 0.0)	(4.0, 0.0)	(5.0, 0.0)	(6.0, 0.0)	(7.0, 0.0)	(8.0, 0.0)	(9.0, 0.0)	(10.0, 0.0)	(11.0, 0.0)	(12.0, 0.5)	(13.0, 1.0)	(14.0, 0.5)	(15.0, 0.0)	(16.0, 0.0)	(17.0, 0.0)	(18.0, 0.0)	(19.0, 0.0)	(20.0, 0.0)	(21.0, 0.0)	(22.0, 0.0)	(23.0, 1.0)	(24.0, 2.0)	(25.0, 1.3333333333333333)	(26.0, 0.8333333333333333)	(27.0, 1.0833333333333333)	(28.0, 0.0)	(29.0, 0.5)	(30.0, 0.25)	(31.0, 0.25)	(32.0, 2.083333333333333)	(33.0, 3.4166666666666665)	(34.0, 4.833333333333334)	(35.0, 7.5)	(36.0, 6.75)	(37.0, 7.749999999999999)	(38.0, 13.16666666666667)	(39.0, 22.583333333333332)	(40.0, 39.833333333333336)	(41.0, 50.66666666666669)	(42.0, 63.25000000000002)	(43.0, 77.74999999999999)	(44.0, 88.58333333333331)	(45.0, 159.50000000000009)	(46.0, 326.7499999999999)	(47.0, 4441.750000000006)	(48.0, 10257.083333333348)	(49.0, 15396.083333333767)	(50.0, 26064.833333332335)	(51.0, 14584.08333333372)	(52.0, 16920.5000000005)	(53.0, 21948.249999999356)	(54.0, 35204.66666666489)	(55.0, 28324.2499999954)	(56.0, 21963.24999999855)	(57.0, 12769.416666667481)	(58.0, 19151.58333333333)	(59.0, 16859.166666667654)	(60.0, 8380.999999998576)	(61.0, 3224.5833333335436)	(62.0, 1027.0000000000125)	(63.0, 570.9999999999986)	(64.0, 348.99999999999926)	(65.0, 226.50000000000043)	(66.0, 203.50000000000026)	(67.0, 208.5000000000002)	(68.0, 158.66666666666669)	(69.0, 106.66666666666664)	(70.0, 78.83333333333333)	(71.0, 54.41666666666667)	(72.0, 38.08333333333332)	(73.0, 26.666666666666664)	(74.0, 19.75)	(75.0, 11.666666666666666)	(76.0, 10.583333333333332)	(77.0, 8.583333333333334)	(78.0, 6.916666666666667)	(79.0, 6.166666666666666)	(80.0, 4.333333333333334)	(81.0, 2.5)	(82.0, 1.0)	(83.0, 0.75)	(84.0, 0.25)	(85.0, 0.8333333333333333)	(86.0, 0.5)	(87.0, 0.5)	(88.0, 0.5)	(89.0, 0.75)	(90.0, 1.0)	(91.0, 0.75)	(92.0, 0.5)	(93.0, 0.75)	(94.0, 0.0)	(95.0, 0.0)	(96.0, 0.0)	(97.0, 0.0)	(98.0, 0.0)	(99.0, 0.0)	(100.0, 0.0)
ERR772075_1	(0.0, 26135.0)	(1.0, 13067.5)	(2.0, 0.0)	(3.0, 0.0)	(4.0, 0.0)	(5.0, 0.0)	(6.0, 0.0)	(7.0, 0.0)	(8.0, 0.0)	(9.0, 0.0)	(10.0, 0.0)	(11.0, 0.0)	(12.0, 0.0)	(13.0, 0.0)	(14.0, 0.0)	(15.0, 0.0)	(16.0, 0.0)	(17.0, 0.0)	(18.0, 0.0)	(19.0, 0.0)	(20.0, 0.0)	(21.0, 0.0)	(22.0, 0.0)	(23.0, 0.0)	(24.0, 0.0)	(25.0, 0.0)	(26.0, 0.0)	(27.0, 0.0)	(28.0, 0.0)	(29.0, 0.0)	(30.0, 0.0)	(31.0, 0.25)	(32.0, 0.75)	(33.0, 0.5)	(34.0, 1.75)	(35.0, 3.5)	(36.0, 5.5)	(37.0, 7.833333333333333)	(38.0, 14.583333333333334)	(39.0, 20.583333333333336)	(40.0, 30.41666666666666)	(41.0, 31.41666666666666)	(42.0, 34.916666666666664)	(43.0, 31.666666666666664)	(44.0, 31.916666666666664)	(45.0, 43.5)	(46.0, 54.83333333333334)	(47.0, 102.0833333333333)	(48.0, 363.4999999999999)	(49.0, 1808.999999999998)	(50.0, 3718.4166666666756)	(51.0, 8906.333333333312)	(52.0, 28175.24999999993)	(53.0, 14870.583333333445)	(54.0, 53306.583333334755)	(55.0, 96339.83333332888)	(56.0, 17089.500000000447)	(57.0, 4186.916666666686)	(58.0, 2385.416666666667)	(59.0, 1856.9999999999989)	(60.0, 499.9166666666665)	(61.0, 204.25000000000003)	(62.0, 99.41666666666667)	(63.0, 67.08333333333334)	(64.0, 33.25)	(65.0, 31.583333333333336)	(66.0, 21.916666666666664)	(67.0, 33.0)	(68.0, 43.833333333333336)	(69.0, 14.583333333333332)	(70.0, 5.583333333333334)	(71.0, 1.3333333333333333)	(72.0, 0.0)	(73.0, 0.0)	(74.0, 0.0)	(75.0, 0.25)	(76.0, 0.25)	(77.0, 0.25)	(78.0, 0.0)	(79.0, 0.0)	(80.0, 0.0)	(81.0, 0.0)	(82.0, 0.0)	(83.0, 0.0)	(84.0, 0.25)	(85.0, 0.5)	(86.0, 0.0)	(87.0, 0.0)	(88.0, 0.0)	(89.0, 0.0)	(90.0, 0.5)	(91.0, 0.0)	(92.0, 0.3333333333333333)	(93.0, 0.3333333333333333)	(94.0, 0.0)	(95.0, 0.0)	(96.0, 0.0)	(97.0, 0.0)	(98.0, 0.0)	(99.0, 0.0)	(100.0, 0.0)
ERR772075_2	(0.0, 25145.0)	(1.0, 12572.5)	(2.0, 0.0)	(3.0, 0.0)	(4.0, 0.0)	(5.0, 0.0)	(6.0, 0.0)	(7.0, 0.25)	(8.0, 0.75)	(9.0, 0.0)	(10.0, 0.25)	(11.0, 0.0)	(12.0, 0.0)	(13.0, 0.0)	(14.0, 0.0)	(15.0, 0.0)	(16.0, 0.5)	(17.0, 0.75)	(18.0, 0.0)	(19.0, 0.0)	(20.0, 0.25)	(21.0, 0.0)	(22.0, 0.25)	(23.0, 0.5)	(24.0, 1.0)	(25.0, 0.5)	(26.0, 0.0)	(27.0, 0.0)	(28.0, 0.25)	(29.0, 0.9166666666666665)	(30.0, 0.5)	(31.0, 1.3333333333333333)	(32.0, 1.0833333333333333)	(33.0, 0.75)	(34.0, 1.1666666666666665)	(35.0, 1.3333333333333333)	(36.0, 4.416666666666666)	(37.0, 6.583333333333332)	(38.0, 17.75)	(39.0, 27.91666666666666)	(40.0, 33.24999999999999)	(41.0, 39.33333333333333)	(42.0, 53.000000000000014)	(43.0, 61.58333333333337)	(44.0, 79.0)	(45.0, 93.58333333333331)	(46.0, 160.08333333333331)	(47.0, 366.6666666666666)	(48.0, 1061.4166666666674)	(49.0, 1610.4166666666645)	(50.0, 3441.8333333333458)	(51.0, 4752.666666666664)	(52.0, 7132.6666666665815)	(53.0, 11824.666666666863)	(54.0, 23386.416666665365)	(55.0, 23314.24999999595)	(56.0, 18640.25000000088)	(57.0, 14222.6666666679)	(58.0, 47559.66666666911)	(59.0, 48892.08333333943)	(60.0, 24655.499999989526)	(61.0, 8939.583333332333)	(62.0, 2299.1666666666433)	(63.0, 1108.1666666666742)	(64.0, 603.9166666666662)	(65.0, 365.16666666666606)	(66.0, 256.4166666666672)	(67.0, 232.50000000000043)	(68.0, 176.4166666666668)	(69.0, 136.24999999999997)	(70.0, 104.83333333333327)	(71.0, 70.83333333333334)	(72.0, 65.00000000000001)	(73.0, 46.99999999999999)	(74.0, 32.0)	(75.0, 26.083333333333332)	(76.0, 15.833333333333334)	(77.0, 15.833333333333334)	(78.0, 9.5)	(79.0, 9.0)	(80.0, 6.0)	(81.0, 4.25)	(82.0, 2.25)	(83.0, 1.25)	(84.0, 1.0)	(85.0, 0.5833333333333333)	(86.0, 1.0833333333333333)	(87.0, 0.25)	(88.0, 0.25)	(89.0, 0.0)	(90.0, 0.25)	(91.0, 0.5)	(92.0, 0.25)	(93.0, 0.25)	(94.0, 0.5)	(95.0, 0.25)	(96.0, 0.0)	(97.0, 0.0)	(98.0, 0.0)	(99.0, 0.0)	(100.0, 0.0)
ERR772076_1	(0.0, 28224.0)	(1.0, 14112.0)	(2.0, 0.0)	(3.0, 0.0)	(4.0, 0.0)	(5.0, 0.0)	(6.0, 0.0)	(7.0, 0.0)	(8.0, 0.0)	(9.0, 0.0)	(10.0, 0.0)	(11.0, 0.0)	(12.0, 0.0)	(13.0, 0.0)	(14.0, 0.0)	(15.0, 0.0)	(16.0, 0.0)	(17.0, 0.0)	(18.0, 0.0)	(19.0, 0.0)	(20.0, 0.0)	(21.0, 0.0)	(22.0, 0.0)	(23.0, 0.0)	(24.0, 0.0)	(25.0, 0.0)	(26.0, 0.0)	(27.0, 0.0)	(28.0, 0.0)	(29.0, 0.0)	(30.0, 0.0)	(31.0, 0.0)	(32.0, 0.75)	(33.0, 2.5)	(34.0, 2.5)	(35.0, 6.333333333333334)	(36.0, 11.083333333333334)	(37.0, 19.25)	(38.0, 24.416666666666664)	(39.0, 27.833333333333332)	(40.0, 26.499999999999996)	(41.0, 25.166666666666664)	(42.0, 29.999999999999993)	(43.0, 36.25)	(44.0, 42.916666666666686)	(45.0, 61.58333333333334)	(46.0, 76.83333333333331)	(47.0, 768.1666666666667)	(48.0, 2744.4166666666674)	(49.0, 1324.5833333333328)	(50.0, 7995.999999999969)	(51.0, 10245.750000000044)	(52.0, 15635.416666666802)	(53.0, 16249.416666667814)	(54.0, 33888.66666666055)	(55.0, 59046.58333333692)	(56.0, 27662.4166666661)	(57.0, 10585.666666666697)	(58.0, 9469.749999999993)	(59.0, 7243.166666666649)	(60.0, 1412.7499999999995)	(61.0, 350.6666666666666)	(62.0, 286.75)	(63.0, 334.08333333333337)	(64.0, 143.33333333333334)	(65.0, 119.5)	(66.0, 52.333333333333336)	(67.0, 59.5)	(68.0, 58.583333333333336)	(69.0, 15.666666666666668)	(70.0, 4.333333333333333)	(71.0, 1.0833333333333333)	(72.0, 1.3333333333333333)	(73.0, 1.0)	(74.0, 0.75)	(75.0, 0.0)	(76.0, 0.0)	(77.0, 0.25)	(78.0, 0.25)	(79.0, 0.25)	(80.0, 0.0)	(81.0, 0.25)	(82.0, 0.0)	(83.0, 0.0)	(84.0, 0.0)	(85.0, 0.0)	(86.0, 0.25)	(87.0, 0.0)	(88.0, 0.0)	(89.0, 0.0)	(90.0, 0.0)	(91.0, 0.0)	(92.0, 0.0)	(93.0, 0.0)	(94.0, 0.0)	(95.0, 0.0)	(96.0, 0.0)	(97.0, 0.0)	(98.0, 0.0)	(99.0, 0.0)	(100.0, 0.0)
ERR772076_2	(0.0, 27422.0)	(1.0, 13711.0)	(2.0, 0.0)	(3.0, 0.0)	(4.0, 0.0)	(5.0, 0.0)	(6.0, 0.0)	(7.0, 0.25)	(8.0, 0.75)	(9.0, 0.0)	(10.0, 0.0)	(11.0, 0.0)	(12.0, 0.5)	(13.0, 0.5)	(14.0, 0.0)	(15.0, 0.0)	(16.0, 0.0)	(17.0, 0.0)	(18.0, 0.25)	(19.0, 0.0)	(20.0, 0.0)	(21.0, 0.0)	(22.0, 0.0)	(23.0, 0.25)	(24.0, 0.5)	(25.0, 0.0)	(26.0, 0.3333333333333333)	(27.0, 0.3333333333333333)	(28.0, 0.25)	(29.0, 0.0)	(30.0, 1.1666666666666665)	(31.0, 1.5)	(32.0, 0.3333333333333333)	(33.0, 2.333333333333333)	(34.0, 4.333333333333334)	(35.0, 4.75)	(36.0, 6.833333333333333)	(37.0, 12.91666666666667)	(38.0, 16.833333333333332)	(39.0, 26.58333333333333)	(40.0, 44.41666666666667)	(41.0, 53.33333333333335)	(42.0, 63.25000000000003)	(43.0, 81.41666666666664)	(44.0, 90.66666666666661)	(45.0, 139.16666666666663)	(46.0, 320.75)	(47.0, 3412.08333333334)	(48.0, 6079.749999999984)	(49.0, 4808.249999999985)	(50.0, 7535.499999999806)	(51.0, 7822.249999999897)	(52.0, 15681.666666666906)	(53.0, 20507.166666666413)	(54.0, 25008.833333331015)	(55.0, 26151.666666662182)	(56.0, 20334.83333333262)	(57.0, 13342.250000001011)	(58.0, 22928.7499999992)	(59.0, 20208.91666666627)	(60.0, 10189.000000000391)	(61.0, 3847.9166666670185)	(62.0, 1253.8333333333287)	(63.0, 654.7500000000017)	(64.0, 357.9166666666663)	(65.0, 234.75000000000043)	(66.0, 197.0833333333335)	(67.0, 162.66666666666666)	(68.0, 112.74999999999997)	(69.0, 72.33333333333333)	(70.0, 43.00000000000001)	(71.0, 33.666666666666664)	(72.0, 21.666666666666664)	(73.0, 15.500000000000002)	(74.0, 12.25)	(75.0, 11.833333333333336)	(76.0, 9.416666666666666)	(77.0, 6.333333333333334)	(78.0, 3.25)	(79.0, 1.5)	(80.0, 1.9166666666666665)	(81.0, 1.5833333333333333)	(82.0, 1.0)	(83.0, 1.25)	(84.0, 0.75)	(85.0, 0.5)	(86.0, 0.5)	(87.0, 0.5)	(88.0, 0.25)	(89.0, 0.5)	(90.0, 1.25)	(91.0, 0.25)	(92.0, 0.25)	(93.0, 0.5)	(94.0, 0.25)	(95.0, 0.0)	(96.0, 0.5)	(97.0, 0.5)	(98.0, 0.25)	(99.0, 0.0)	(100.0, 0.6666666666666666)
ERR772077_1	(0.0, 36780.0)	(1.0, 18390.0)	(2.0, 0.0)	(3.0, 0.0)	(4.0, 0.0)	(5.0, 0.0)	(6.0, 0.0)	(7.0, 0.0)	(8.0, 0.0)	(9.0, 0.0)	(10.0, 0.0)	(11.0, 0.0)	(12.0, 0.0)	(13.0, 0.0)	(14.0, 0.0)	(15.0, 0.0)	(16.0, 0.0)	(17.0, 0.0)	(18.0, 0.0)	(19.0, 0.0)	(20.0, 0.0)	(21.0, 0.0)	(22.0, 0.0)	(23.0, 0.0)	(24.0, 0.25)	(25.0, 0.0)	(26.0, 0.0)	(27.0, 0.0)	(28.0, 0.0)	(29.0, 0.25)	(30.0, 0.0)	(31.0, 0.0)	(32.0, 0.0)	(33.0, 0.75)	(34.0, 4.25)	(35.0, 5.833333333333333)	(36.0, 10.25)	(37.0, 15.833333333333332)	(38.0, 29.33333333333333)	(39.0, 30.249999999999996)	(40.0, 30.83333333333333)	(41.0, 32.74999999999999)	(42.0, 34.33333333333333)	(43.0, 36.33333333333334)	(44.0, 58.66666666666668)	(45.0, 76.75)	(46.0, 144.16666666666663)	(47.0, 638.9166666666669)	(48.0, 3336.666666666675)	(49.0, 16725.333333333514)	(50.0, 22828.33333333319)	(51.0, 16859.416666666755)	(52.0, 27696.166666666555)	(53.0, 21857.49999999991)	(54.0, 28192.833333331935)	(55.0, 31717.91666666531)	(56.0, 30727.666666665045)	(57.0, 10381.166666666713)	(58.0, 7854.666666666648)	(59.0, 6076.083333333329)	(60.0, 1030.333333333334)	(61.0, 299.33333333333337)	(62.0, 180.75000000000003)	(63.0, 125.66666666666667)	(64.0, 62.083333333333336)	(65.0, 67.16666666666666)	(66.0, 32.5)	(67.0, 78.66666666666666)	(68.0, 89.75)	(69.0, 20.5)	(70.0, 5.0)	(71.0, 1.75)	(72.0, 1.0)	(73.0, 0.25)	(74.0, 0.0)	(75.0, 0.75)	(76.0, 0.25)	(77.0, 0.0)	(78.0, 0.5)	(79.0, 0.25)	(80.0, 0.25)	(81.0, 0.0)	(82.0, 0.0)	(83.0, 0.0)	(84.0, 0.0)	(85.0, 0.25)	(86.0, 0.25)	(87.0, 0.0)	(88.0, 0.0)	(89.0, 0.0)	(90.0, 0.0)	(91.0, 0.0)	(92.0, 0.0)	(93.0, 0.25)	(94.0, 0.25)	(95.0, 0.0)	(96.0, 0.0)	(97.0, 0.0)	(98.0, 0.0)	(99.0, 0.0)	(100.0, 0.0)
ERR772077_2	(0.0, 35822.0)	(1.0, 17911.0)	(2.0, 0.0)	(3.0, 0.0)	(4.0, 0.0)	(5.0, 0.0)	(6.0, 0.0)	(7.0, 0.0)	(8.0, 0.0)	(9.0, 0.0)	(10.0, 0.0)	(11.0, 0.0)	(12.0, 0.0)	(13.0, 0.0)	(14.0, 0.0)	(15.0, 0.25)	(16.0, 0.75)	(17.0, 0.5)	(18.0, 0.0)	(19.0, 0.0)	(20.0, 0.25)	(21.0, 0.0)	(22.0, 0.0)	(23.0, 0.0)	(24.0, 0.5)	(25.0, 1.0)	(26.0, 1.0)	(27.0, 0.5)	(28.0, 0.0)	(29.0, 0.25)	(30.0, 1.0)	(31.0, 1.8333333333333333)	(32.0, 3.3333333333333335)	(33.0, 5.5)	(34.0, 6.583333333333333)	(35.0, 5.833333333333333)	(36.0, 7.333333333333332)	(37.0, 12.750000000000004)	(38.0, 17.166666666666668)	(39.0, 30.916666666666664)	(40.0, 44.08333333333335)	(41.0, 54.41666666666668)	(42.0, 63.83333333333336)	(43.0, 87.3333333333333)	(44.0, 126.33333333333321)	(45.0, 249.5000000000003)	(46.0, 387.6666666666664)	(47.0, 1283.4999999999993)	(48.0, 6351.833333333296)	(49.0, 19378.58333333334)	(50.0, 18630.666666666708)	(51.0, 14329.500000000351)	(52.0, 22025.583333332837)	(53.0, 28182.74999999875)	(54.0, 31471.58333333033)	(55.0, 31195.166666661215)	(56.0, 25850.166666662462)	(57.0, 13803.833333334933)	(58.0, 9787.666666666693)	(59.0, 7156.333333333096)	(60.0, 3956.4166666669316)	(61.0, 1639.4999999999627)	(62.0, 650.7500000000005)	(63.0, 362.2499999999992)	(64.0, 218.00000000000026)	(65.0, 138.08333333333326)	(66.0, 116.66666666666661)	(67.0, 129.74999999999994)	(68.0, 95.41666666666664)	(69.0, 51.33333333333334)	(70.0, 26.5)	(71.0, 18.916666666666664)	(72.0, 12.666666666666668)	(73.0, 11.083333333333334)	(74.0, 6.416666666666667)	(75.0, 6.0)	(76.0, 3.25)	(77.0, 1.25)	(78.0, 1.75)	(79.0, 2.0)	(80.0, 0.75)	(81.0, 0.25)	(82.0, 0.5)	(83.0, 1.3333333333333333)	(84.0, 1.8333333333333333)	(85.0, 1.3333333333333333)	(86.0, 0.75)	(87.0, 0.0)	(88.0, 0.25)	(89.0, 0.5)	(90.0, 0.5)	(91.0, 0.5)	(92.0, 0.75)	(93.0, 0.75)	(94.0, 0.25)	(95.0, 0.5)	(96.0, 0.75)	(97.0, 0.25)	(98.0, 1.0)	(99.0, 1.25)	(100.0, 1.6666666666666665)
ERR772078_1	(0.0, 20305.0)	(1.0, 10152.5)	(2.0, 0.0)	(3.0, 0.0)	(4.0, 0.0)	(5.0, 0.0)	(6.0, 0.0)	(7.0, 0.0)	(8.0, 0.0)	(9.0, 0.0)	(10.0, 0.0)	(11.0, 0.0)	(12.0, 0.0)	(13.0, 0.0)	(14.0, 0.0)	(15.0, 0.0)	(16.0, 0.0)	(17.0, 0.0)	(18.0, 0.0)	(19.0, 0.0)	(20.0, 0.0)	(21.0, 0.0)	(22.0, 0.0)	(23.0, 0.0)	(24.0, 0.0)	(25.0, 0.0)	(26.0, 0.0)	(27.0, 0.0)	(28.0, 0.0)	(29.0, 0.0)	(30.0, 0.0)	(31.0, 0.0)	(32.0, 1.0)	(33.0, 1.25)	(34.0, 1.25)	(35.0, 3.5)	(36.0, 5.25)	(37.0, 5.25)	(38.0, 13.416666666666668)	(39.0, 21.500000000000004)	(40.0, 20.166666666666668)	(41.0, 21.666666666666664)	(42.0, 27.5)	(43.0, 27.249999999999996)	(44.0, 32.5)	(45.0, 46.75)	(46.0, 94.74999999999997)	(47.0, 241.75000000000014)	(48.0, 1088.5000000000016)	(49.0, 14395.166666666848)	(50.0, 24840.666666666417)	(51.0, 16849.250000000062)	(52.0, 30947.74999999988)	(53.0, 20167.74999999993)	(54.0, 24581.333333332546)	(55.0, 34427.58333333249)	(56.0, 18264.333333333503)	(57.0, 12292.000000000076)	(58.0, 5883.749999999995)	(59.0, 1364.9999999999995)	(60.0, 352.66666666666663)	(61.0, 184.66666666666669)	(62.0, 165.91666666666669)	(63.0, 126.75)	(64.0, 41.5)	(65.0, 58.833333333333336)	(66.0, 51.5)	(67.0, 129.5)	(68.0, 102.5)	(69.0, 16.0)	(70.0, 4.333333333333334)	(71.0, 0.75)	(72.0, 0.25)	(73.0, 0.25)	(74.0, 0.5)	(75.0, 0.0)	(76.0, 0.0)	(77.0, 0.0)	(78.0, 0.25)	(79.0, 0.0)	(80.0, 0.0)	(81.0, 0.0)	(82.0, 0.0)	(83.0, 0.3333333333333333)	(84.0, 0.0)	(85.0, 0.0)	(86.0, 0.0)	(87.0, 0.0)	(88.0, 0.0)	(89.0, 0.25)	(90.0, 0.25)	(91.0, 0.0)	(92.0, 0.25)	(93.0, 0.0)	(94.0, 0.25)	(95.0, 0.25)	(96.0, 0.0)	(97.0, 0.0)	(98.0, 0.0)	(99.0, 0.0)	(100.0, 0.0)
ERR772078_2	(0.0, 19485.0)	(1.0, 9742.5)	(2.0, 0.0)	(3.0, 0.0)	(4.0, 0.0)	(5.0, 0.0)	(6.0, 0.0)	(7.0, 0.0)	(8.0, 0.75)	(9.0, 0.0)	(10.0, 0.0)	(11.0, 0.0)	(12.0, 0.0)	(13.0, 0.0)	(14.0, 0.5)	(15.0, 1.0)	(16.0, 0.5)	(17.0, 0.25)	(18.0, 0.0)	(19.0, 0.0)	(20.0, 0.0)	(21.0, 0.0)	(22.0, 0.0)	(23.0, 0.0)	(24.0, 0.0)	(25.0, 0.0)	(26.0, 0.25)	(27.0, 0.0)	(28.0, 0.0)	(29.0, 0.5833333333333333)	(30.0, 0.8333333333333333)	(31.0, 0.0)	(32.0, 0.5)	(33.0, 1.0833333333333333)	(34.0, 1.8333333333333333)	(35.0, 2.083333333333333)	(36.0, 1.8333333333333333)	(37.0, 6.916666666666666)	(38.0, 13.166666666666668)	(39.0, 17.000000000000004)	(40.0, 30.08333333333333)	(41.0, 32.33333333333333)	(42.0, 44.083333333333336)	(43.0, 54.66666666666667)	(44.0, 76.83333333333333)	(45.0, 116.24999999999996)	(46.0, 177.5833333333334)	(47.0, 605.8333333333328)	(48.0, 4449.333333333339)	(49.0, 17181.166666666737)	(50.0, 18196.58333333346)	(51.0, 13883.000000000324)	(52.0, 13982.000000000391)	(53.0, 17540.58333333361)	(54.0, 27560.33333333157)	(55.0, 23351.916666663998)	(56.0, 17726.08333333508)	(57.0, 14831.8333333348)	(58.0, 18993.916666666624)	(59.0, 15433.416666668356)	(60.0, 7737.249999998643)	(61.0, 2922.4166666667843)	(62.0, 939.416666666677)	(63.0, 507.7499999999971)	(64.0, 327.91666666666623)	(65.0, 212.916666666667)	(66.0, 203.50000000000017)	(67.0, 222.33333333333343)	(68.0, 179.1666666666667)	(69.0, 115.66666666666664)	(70.0, 74.99999999999999)	(71.0, 53.50000000000002)	(72.0, 37.91666666666667)	(73.0, 22.999999999999996)	(74.0, 13.083333333333334)	(75.0, 12.166666666666668)	(76.0, 11.166666666666666)	(77.0, 8.333333333333334)	(78.0, 6.416666666666667)	(79.0, 4.166666666666667)	(80.0, 3.25)	(81.0, 2.083333333333333)	(82.0, 1.8333333333333333)	(83.0, 1.0)	(84.0, 0.5)	(85.0, 1.5)	(86.0, 0.75)	(87.0, 0.0)	(88.0, 0.75)	(89.0, 0.75)	(90.0, 0.5)	(91.0, 0.5)	(92.0, 0.25)	(93.0, 0.0)	(94.0, 0.5)	(95.0, 0.75)	(96.0, 0.25)	(97.0, 0.25)	(98.0, 0.0)	(99.0, 0.0)	(100.0, 0.6666666666666666)
ERR772079_1	(0.0, 19712.0)	(1.0, 9856.0)	(2.0, 0.0)	(3.0, 0.0)	(4.0, 0.0)	(5.0, 0.0)	(6.0, 0.0)	(7.0, 0.0)	(8.0, 0.0)	(9.0, 0.0)	(10.0, 0.0)	(11.0, 0.0)	(12.0, 0.0)	(13.0, 0.0)	(14.0, 0.0)	(15.0, 0.0)	(16.0, 0.0)	(17.0, 0.0)	(18.0, 0.0)	(19.0, 0.0)	(20.0, 0.0)	(21.0, 0.0)	(22.0, 0.0)	(23.0, 0.0)	(24.0, 0.0)	(25.0, 0.0)	(26.0, 0.0)	(27.0, 0.0)	(28.0, 0.0)	(29.0, 0.5)	(30.0, 0.0)	(31.0, 0.25)	(32.0, 0.25)	(33.0, 0.5)	(34.0, 1.0)	(35.0, 1.75)	(36.0, 6.25)	(37.0, 10.25)	(38.0, 14.0)	(39.0, 16.916666666666664)	(40.0, 21.249999999999996)	(41.0, 19.5)	(42.0, 21.750000000000004)	(43.0, 23.166666666666664)	(44.0, 24.916666666666664)	(45.0, 32.83333333333333)	(46.0, 65.66666666666667)	(47.0, 260.2500000000001)	(48.0, 736.8333333333336)	(49.0, 7897.083333333317)	(50.0, 20669.41666666663)	(51.0, 9701.166666666673)	(52.0, 38974.416666666686)	(53.0, 19309.583333333318)	(54.0, 54842.41666667118)	(55.0, 84537.49999999777)	(56.0, 22171.99999999946)	(57.0, 5398.4999999999745)	(58.0, 1705.3333333333296)	(59.0, 785.3333333333336)	(60.0, 204.33333333333334)	(61.0, 96.08333333333333)	(62.0, 81.91666666666667)	(63.0, 80.41666666666666)	(64.0, 35.0)	(65.0, 50.50000000000002)	(66.0, 43.33333333333334)	(67.0, 60.25)	(68.0, 73.66666666666667)	(69.0, 15.916666666666666)	(70.0, 3.75)	(71.0, 1.75)	(72.0, 1.8333333333333333)	(73.0, 0.5)	(74.0, 0.0)	(75.0, 0.0)	(76.0, 0.0)	(77.0, 0.0)	(78.0, 0.0)	(79.0, 0.0)	(80.0, 0.0)	(81.0, 0.25)	(82.0, 0.25)	(83.0, 0.5)	(84.0, 0.0)	(85.0, 0.0)	(86.0, 0.0)	(87.0, 0.0)	(88.0, 0.0)	(89.0, 0.0)	(90.0, 0.25)	(91.0, 0.0)	(92.0, 0.0)	(93.0, 0.0)	(94.0, 0.0)	(95.0, 0.0)	(96.0, 0.0)	(97.0, 0.0)	(98.0, 0.0)	(99.0, 0.0)	(100.0, 0.0)
ERR772079_2	(0.0, 19166.0)	(1.0, 9583.0)	(2.0, 0.0)	(3.0, 0.0)	(4.0, 0.0)	(5.0, 0.0)	(6.0, 0.0)	(7.0, 0.25)	(8.0, 0.25)	(9.0, 0.0)	(10.0, 0.0)	(11.0, 0.0)	(12.0, 0.0)	(13.0, 0.0)	(14.0, 0.0)	(15.0, 0.0)	(16.0, 0.25)	(17.0, 0.25)	(18.0, 0.0)	(19.0, 0.0)	(20.0, 0.0)	(21.0, 0.0)	(22.0, 0.0)	(23.0, 0.0)	(24.0, 0.25)	(25.0, 0.0)	(26.0, 0.3333333333333333)	(27.0, 0.25)	(28.0, 0.25)	(29.0, 0.25)	(30.0, 1.0833333333333333)	(31.0, 0.8333333333333333)	(32.0, 0.0)	(33.0, 0.25)	(34.0, 1.5833333333333333)	(35.0, 2.4166666666666665)	(36.0, 3.6666666666666665)	(37.0, 6.166666666666666)	(38.0, 9.0)	(39.0, 15.583333333333337)	(40.0, 23.33333333333333)	(41.0, 36.08333333333333)	(42.0, 38.00000000000001)	(43.0, 50.83333333333335)	(44.0, 56.83333333333335)	(45.0, 79.83333333333331)	(46.0, 181.41666666666677)	(47.0, 550.4166666666669)	(48.0, 3979.4166666666715)	(49.0, 14574.500000000044)	(50.0, 10236.66666666668)	(51.0, 7495.166666666576)	(52.0, 11737.25000000018)	(53.0, 16967.333333333612)	(54.0, 31280.999999998246)	(55.0, 22496.999999998465)	(56.0, 18870.916666666893)	(57.0, 14762.750000001693)	(58.0, 44505.91666666851)	(59.0, 45225.083333337396)	(60.0, 22816.499999993266)	(61.0, 8088.833333331472)	(62.0, 1931.4999999999427)	(63.0, 892.2500000000101)	(64.0, 503.74999999999716)	(65.0, 318.66666666666646)	(66.0, 261.1666666666671)	(67.0, 244.3333333333337)	(68.0, 193.41666666666677)	(69.0, 134.66666666666666)	(70.0, 110.91666666666659)	(71.0, 81.08333333333334)	(72.0, 64.83333333333334)	(73.0, 49.58333333333334)	(74.0, 37.75000000000001)	(75.0, 23.500000000000004)	(76.0, 18.083333333333332)	(77.0, 14.833333333333334)	(78.0, 12.416666666666668)	(79.0, 5.833333333333334)	(80.0, 3.25)	(81.0, 2.1666666666666665)	(82.0, 3.0)	(83.0, 2.8333333333333335)	(84.0, 2.5)	(85.0, 0.75)	(86.0, 0.5)	(87.0, 0.5)	(88.0, 0.75)	(89.0, 0.75)	(90.0, 0.5)	(91.0, 1.0)	(92.0, 0.25)	(93.0, 0.5)	(94.0, 0.5)	(95.0, 0.25)	(96.0, 0.0)	(97.0, 0.0)	(98.0, 0.0)	(99.0, 0.0)	(100.0, 0.6666666666666666)
ERR772080_1	(0.0, 18917.0)	(1.0, 9458.5)	(2.0, 0.0)	(3.0, 0.0)	(4.0, 0.0)	(5.0, 0.0)	(6.0, 0.0)	(7.0, 0.0)	(8.0, 0.0)	(9.0, 0.0)	(10.0, 0.0)	(11.0, 0.0)	(12.0, 0.0)	(13.0, 0.0)	(14.0, 0.0)	(15.0, 0.0)	(16.0, 0.0)	(17.0, 0.0)	(18.0, 0.0)	(19.0, 0.0)	(20.0, 0.0)	(21.0, 0.0)	(22.0, 0.0)	(23.0, 0.0)	(24.0, 0.0)	(25.0, 0.0)	(26.0, 0.0)	(27.0, 0.0)	(28.0, 0.0)	(29.0, 0.0)	(30.0, 0.0)	(31.0, 0.0)	(32.0, 0.0)	(33.0, 0.25)	(34.0, 1.75)	(35.0, 3.5)	(36.0, 4.583333333333334)	(37.0, 9.333333333333332)	(38.0, 14.0)	(39.0, 16.5)	(40.0, 19.25)	(41.0, 20.249999999999996)	(42.0, 20.166666666666668)	(43.0, 18.166666666666668)	(44.0, 21.75)	(45.0, 35.33333333333333)	(46.0, 56.50000000000001)	(47.0, 288.74999999999994)	(48.0, 474.833333333333)	(49.0, 3860.333333333338)	(50.0, 4145.5833333333485)	(51.0, 4364.166666666676)	(52.0, 15614.000000000067)	(53.0, 21425.916666666428)	(54.0, 48359.00000000256)	(55.0, 73903.66666666779)	(56.0, 24290.083333332277)	(57.0, 6887.499999999938)	(58.0, 6814.166666666649)	(59.0, 4228.583333333336)	(60.0, 705.6666666666669)	(61.0, 269.4166666666667)	(62.0, 222.75)	(63.0, 207.3333333333334)	(64.0, 64.5)	(65.0, 59.75)	(66.0, 48.5)	(67.0, 51.91666666666667)	(68.0, 55.5)	(69.0, 11.25)	(70.0, 4.5)	(71.0, 2.5)	(72.0, 0.5)	(73.0, 0.5)	(74.0, 0.0)	(75.0, 0.0)	(76.0, 0.0)	(77.0, 0.0)	(78.0, 0.25)	(79.0, 0.25)	(80.0, 0.0)	(81.0, 0.5)	(82.0, 0.0)	(83.0, 0.25)	(84.0, 0.0)	(85.0, 0.0)	(86.0, 0.0)	(87.0, 0.0)	(88.0, 0.0)	(89.0, 0.0)	(90.0, 0.0)	(91.0, 0.0)	(92.0, 0.5)	(93.0, 0.25)	(94.0, 0.0)	(95.0, 0.0)	(96.0, 0.0)	(97.0, 0.0)	(98.0, 0.0)	(99.0, 0.0)	(100.0, 0.0)
ERR772080_2	(0.0, 18440.0)	(1.0, 9220.0)	(2.0, 0.0)	(3.0, 0.0)	(4.0, 0.0)	(5.0, 0.0)	(6.0, 0.0)	(7.0, 0.25)	(8.0, 0.0)	(9.0, 0.0)	(10.0, 0.0)	(11.0, 0.0)	(12.0, 0.5)	(13.0, 1.0)	(14.0, 0.5)	(15.0, 0.0)	(16.0, 0.5)	(17.0, 0.5)	(18.0, 0.0)	(19.0, 0.0)	(20.0, 0.0)	(21.0, 0.0)	(22.0, 0.0)	(23.0, 0.0)	(24.0, 0.0)	(25.0, 0.0)	(26.0, 0.0)	(27.0, 0.5)	(28.0, 1.0)	(29.0, 0.8333333333333333)	(30.0, 0.5)	(31.0, 1.3333333333333333)	(32.0, 0.75)	(33.0, 1.75)	(34.0, 4.083333333333333)	(35.0, 5.0)	(36.0, 6.333333333333332)	(37.0, 8.583333333333332)	(38.0, 12.250000000000002)	(39.0, 17.583333333333336)	(40.0, 26.16666666666666)	(41.0, 32.16666666666666)	(42.0, 39.91666666666667)	(43.0, 53.000000000000014)	(44.0, 61.75000000000002)	(45.0, 77.66666666666667)	(46.0, 167.75000000000003)	(47.0, 831.0000000000007)	(48.0, 3290.500000000013)	(49.0, 3020.0000000000146)	(50.0, 5358.333333333317)	(51.0, 7665.833333333268)	(52.0, 15621.83333333362)	(53.0, 20632.333333333157)	(54.0, 20407.999999999607)	(55.0, 18413.41666666709)	(56.0, 16433.16666666829)	(57.0, 12590.250000000793)	(58.0, 36666.41666666605)	(59.0, 34966.749999997606)	(60.0, 16851.5000000062)	(61.0, 5890.999999999411)	(62.0, 1444.7499999999836)	(63.0, 691.9166666666691)	(64.0, 376.16666666666583)	(65.0, 257.33333333333394)	(66.0, 202.91666666666688)	(67.0, 182.58333333333337)	(68.0, 132.33333333333323)	(69.0, 87.3333333333333)	(70.0, 67.00000000000001)	(71.0, 51.50000000000001)	(72.0, 32.416666666666664)	(73.0, 27.5)	(74.0, 15.75)	(75.0, 14.833333333333334)	(76.0, 9.333333333333332)	(77.0, 6.583333333333333)	(78.0, 5.833333333333333)	(79.0, 5.333333333333334)	(80.0, 1.25)	(81.0, 1.3333333333333333)	(82.0, 1.0833333333333333)	(83.0, 1.0)	(84.0, 0.75)	(85.0, 0.25)	(86.0, 1.0)	(87.0, 0.25)	(88.0, 0.5833333333333333)	(89.0, 0.3333333333333333)	(90.0, 0.25)	(91.0, 0.0)	(92.0, 0.75)	(93.0, 0.75)	(94.0, 0.75)	(95.0, 0.25)	(96.0, 0.0)	(97.0, 0.5)	(98.0, 0.75)	(99.0, 0.0)	(100.0, 0.0)
ERR772081_1	(0.0, 10451.0)	(1.0, 5225.5)	(2.0, 0.0)	(3.0, 0.0)	(4.0, 0.0)	(5.0, 0.0)	(6.0, 0.0)	(7.0, 0.0)	(8.0, 0.0)	(9.0, 0.0)	(10.0, 0.0)	(11.0, 0.0)	(12.0, 0.0)	(13.0, 0.0)	(14.0, 0.0)	(15.0, 0.0)	(16.0, 0.0)	(17.0, 0.0)	(18.0, 0.0)	(19.0, 0.0)	(20.0, 0.0)	(21.0, 0.0)	(22.0, 0.0)	(23.0, 0.0)	(24.0, 0.0)	(25.0, 0.0)	(26.0, 0.0)	(27.0, 0.0)	(28.0, 0.0)	(29.0, 0.0)	(30.0, 0.0)	(31.0, 0.25)	(32.0, 0.0)	(33.0, 0.5)	(34.0, 1.25)	(35.0, 1.0)	(36.0, 4.083333333333333)	(37.0, 4.25)	(38.0, 4.333333333333334)	(39.0, 8.666666666666666)	(40.0, 10.25)	(41.0, 12.333333333333334)	(42.0, 13.500000000000002)	(43.0, 13.25)	(44.0, 15.833333333333332)	(45.0, 19.833333333333332)	(46.0, 37.0)	(47.0, 77.41666666666666)	(48.0, 380.6666666666664)	(49.0, 4801.500000000005)	(50.0, 1640.333333333327)	(51.0, 1974.6666666666615)	(52.0, 7701.83333333329)	(53.0, 16147.00000000008)	(54.0, 58392.750000001055)	(55.0, 49276.66666666764)	(56.0, 20275.83333333326)	(57.0, 10699.416666666688)	(58.0, 10942.083333333341)	(59.0, 5946.333333333331)	(60.0, 1018.3333333333337)	(61.0, 284.08333333333337)	(62.0, 147.83333333333331)	(63.0, 101.33333333333333)	(64.0, 44.083333333333336)	(65.0, 36.666666666666664)	(66.0, 15.083333333333334)	(67.0, 25.833333333333332)	(68.0, 34.75)	(69.0, 7.75)	(70.0, 3.0)	(71.0, 3.0)	(72.0, 2.75)	(73.0, 0.0)	(74.0, 0.0)	(75.0, 0.25)	(76.0, 0.0)	(77.0, 0.0)	(78.0, 0.0)	(79.0, 0.0)	(80.0, 0.0)	(81.0, 0.25)	(82.0, 0.0)	(83.0, 0.0)	(84.0, 0.25)	(85.0, 0.0)	(86.0, 0.25)	(87.0, 0.25)	(88.0, 0.25)	(89.0, 0.25)	(90.0, 0.25)	(91.0, 0.25)	(92.0, 0.0)	(93.0, 0.0)	(94.0, 0.0)	(95.0, 0.0)	(96.0, 0.0)	(97.0, 0.0)	(98.0, 0.0)	(99.0, 0.0)	(100.0, 0.0)
ERR772081_2	(0.0, 10154.0)	(1.0, 5077.0)	(2.0, 0.0)	(3.0, 0.0)	(4.0, 0.0)	(5.0, 0.0)	(6.0, 0.0)	(7.0, 0.0)	(8.0, 0.0)	(9.0, 0.0)	(10.0, 0.0)	(11.0, 0.0)	(12.0, 0.0)	(13.0, 0.0)	(14.0, 0.25)	(15.0, 0.25)	(16.0, 0.5)	(17.0, 0.5)	(18.0, 0.25)	(19.0, 0.5)	(20.0, 0.5)	(21.0, 0.25)	(22.0, 0.0)	(23.0, 0.0)	(24.0, 0.25)	(25.0, 1.0833333333333333)	(26.0, 1.0833333333333333)	(27.0, 0.0)	(28.0, 0.0)	(29.0, 0.0)	(30.0, 0.25)	(31.0, 1.0)	(32.0, 1.25)	(33.0, 1.0)	(34.0, 2.25)	(35.0, 3.333333333333333)	(36.0, 5.166666666666666)	(37.0, 5.166666666666666)	(38.0, 4.583333333333333)	(39.0, 8.416666666666664)	(40.0, 15.500000000000002)	(41.0, 19.33333333333333)	(42.0, 22.833333333333332)	(43.0, 25.666666666666664)	(44.0, 30.16666666666666)	(45.0, 44.00000000000001)	(46.0, 57.83333333333334)	(47.0, 119.1666666666666)	(48.0, 320.5833333333333)	(49.0, 1943.999999999997)	(50.0, 5090.416666666666)	(51.0, 4337.833333333345)	(52.0, 9730.083333333336)	(53.0, 13791.58333333357)	(54.0, 25650.416666665016)	(55.0, 35892.08333333196)	(56.0, 21563.499999998938)	(57.0, 18716.916666667374)	(58.0, 26728.999999996824)	(59.0, 20898.583333332743)	(60.0, 10528.666666667328)	(61.0, 3883.916666667042)	(62.0, 1125.4166666666738)	(63.0, 581.8333333333319)	(64.0, 346.9166666666663)	(65.0, 227.58333333333366)	(66.0, 175.6666666666667)	(67.0, 143.16666666666663)	(68.0, 109.99999999999993)	(69.0, 74.25)	(70.0, 56.00000000000001)	(71.0, 42.91666666666667)	(72.0, 34.583333333333336)	(73.0, 20.833333333333336)	(74.0, 19.166666666666668)	(75.0, 10.750000000000002)	(76.0, 6.583333333333333)	(77.0, 5.833333333333333)	(78.0, 4.25)	(79.0, 2.5)	(80.0, 1.5)	(81.0, 1.5)	(82.0, 1.5)	(83.0, 1.0)	(84.0, 0.0)	(85.0, 0.25)	(86.0, 1.0)	(87.0, 1.0)	(88.0, 0.5)	(89.0, 0.5)	(90.0, 0.0)	(91.0, 0.5)	(92.0, 0.5)	(93.0, 1.0)	(94.0, 0.25)	(95.0, 0.25)	(96.0, 0.25)	(97.0, 0.5)	(98.0, 0.0)	(99.0, 0.25)	(100.0, 1.0)
ERR772082_1	(0.0, 32291.0)	(1.0, 16145.5)	(2.0, 0.0)	(3.0, 0.0)	(4.0, 0.0)	(5.0, 0.0)	(6.0, 0.0)	(7.0, 0.0)	(8.0, 0.0)	(9.0, 0.0)	(10.0, 0.0)	(11.0, 0.0)	(12.0, 0.0)	(13.0, 0.0)	(14.0, 0.0)	(15.0, 0.0)	(16.0, 0.0)	(17.0, 0.0)	(18.0, 0.0)	(19.0, 0.0)	(20.0, 0.0)	(21.0, 0.0)	(22.0, 0.0)	(23.0, 0.0)	(24.0, 0.0)	(25.0, 0.0)	(26.0, 0.0)	(27.0, 0.0)	(28.0, 0.0)	(29.0, 0.25)	(30.0, 0.25)	(31.0, 0.25)	(32.0, 0.5)	(33.0, 1.25)	(34.0, 2.75)	(35.0, 6.5)	(36.0, 10.75)	(37.0, 14.583333333333334)	(38.0, 20.75)	(39.0, 24.333333333333332)	(40.0, 30.33333333333333)	(41.0, 28.499999999999993)	(42.0, 35.08333333333333)	(43.0, 35.33333333333333)	(44.0, 38.08333333333333)	(45.0, 53.333333333333336)	(46.0, 84.66666666666669)	(47.0, 145.83333333333331)	(48.0, 1111.666666666667)	(49.0, 5711.333333333317)	(50.0, 9162.166666666642)	(51.0, 11323.083333333367)	(52.0, 22453.74999999995)	(53.0, 20038.416666666573)	(54.0, 69496.25000000576)	(55.0, 129565.99999998722)	(56.0, 28854.083333331953)	(57.0, 12317.083333333412)	(58.0, 3676.9166666666733)	(59.0, 1431.4166666666663)	(60.0, 281.3333333333333)	(61.0, 107.41666666666664)	(62.0, 121.99999999999999)	(63.0, 106.91666666666667)	(64.0, 38.083333333333336)	(65.0, 40.583333333333336)	(66.0, 15.750000000000002)	(67.0, 21.833333333333332)	(68.0, 31.083333333333336)	(69.0, 5.0)	(70.0, 1.25)	(71.0, 0.25)	(72.0, 0.25)	(73.0, 0.25)	(74.0, 0.0)	(75.0, 0.25)	(76.0, 0.3333333333333333)	(77.0, 0.25)	(78.0, 0.25)	(79.0, 0.25)	(80.0, 0.0)	(81.0, 0.0)	(82.0, 0.0)	(83.0, 0.0)	(84.0, 0.3333333333333333)	(85.0, 0.5833333333333333)	(86.0, 0.25)	(87.0, 0.0)	(88.0, 0.25)	(89.0, 0.0)	(90.0, 0.0)	(91.0, 0.0)	(92.0, 0.5)	(93.0, 0.0)	(94.0, 0.0)	(95.0, 0.0)	(96.0, 0.0)	(97.0, 0.0)	(98.0, 0.25)	(99.0, 0.0)	(100.0, 0.0)
ERR772082_2	(0.0, 31553.0)	(1.0, 15776.5)	(2.0, 0.0)	(3.0, 0.0)	(4.0, 0.0)	(5.0, 0.0)	(6.0, 0.5)	(7.0, 1.25)	(8.0, 0.75)	(9.0, 0.0)	(10.0, 0.0)	(11.0, 0.0)	(12.0, 0.0)	(13.0, 0.5)	(14.0, 0.5)	(15.0, 0.0)	(16.0, 0.5)	(17.0, 0.5)	(18.0, 0.0)	(19.0, 0.0)	(20.0, 0.25)	(21.0, 0.0)	(22.0, 0.25)	(23.0, 0.5)	(24.0, 1.25)	(25.0, 0.75)	(26.0, 0.0)	(27.0, 0.3333333333333333)	(28.0, 0.3333333333333333)	(29.0, 0.0)	(30.0, 0.5)	(31.0, 0.25)	(32.0, 1.5)	(33.0, 3.4166666666666665)	(34.0, 4.666666666666666)	(35.0, 4.5)	(36.0, 8.666666666666666)	(37.0, 8.833333333333332)	(38.0, 12.91666666666667)	(39.0, 20.583333333333336)	(40.0, 28.249999999999996)	(41.0, 38.08333333333332)	(42.0, 53.666666666666686)	(43.0, 60.41666666666669)	(44.0, 65.1666666666667)	(45.0, 77.66666666666666)	(46.0, 112.33333333333329)	(47.0, 263.6666666666668)	(48.0, 1935.6666666666636)	(49.0, 8056.9166666666415)	(50.0, 9950.666666666672)	(51.0, 8541.333333333248)	(52.0, 10853.750000000151)	(53.0, 13527.916666666997)	(54.0, 18670.500000000306)	(55.0, 21593.666666664798)	(56.0, 21293.499999998603)	(57.0, 21208.91666666596)	(58.0, 71268.25000000278)	(59.0, 69316.33333334443)	(60.0, 33648.74999997554)	(61.0, 11587.833333335531)	(62.0, 2590.3333333333635)	(63.0, 1190.833333333334)	(64.0, 641.1666666666679)	(65.0, 394.8333333333322)	(66.0, 298.0000000000001)	(67.0, 262.33333333333366)	(68.0, 226.3333333333336)	(69.0, 187.0000000000001)	(70.0, 150.91666666666669)	(71.0, 127.08333333333329)	(72.0, 100.24999999999999)	(73.0, 84.5)	(74.0, 68.25)	(75.0, 47.833333333333336)	(76.0, 31.166666666666668)	(77.0, 23.58333333333333)	(78.0, 20.916666666666668)	(79.0, 15.333333333333332)	(80.0, 13.083333333333334)	(81.0, 6.916666666666666)	(82.0, 4.5)	(83.0, 4.5)	(84.0, 2.5)	(85.0, 0.75)	(86.0, 0.75)	(87.0, 0.25)	(88.0, 0.75)	(89.0, 0.5)	(90.0, 2.0)	(91.0, 0.75)	(92.0, 0.0)	(93.0, 1.25)	(94.0, 0.5)	(95.0, 0.25)	(96.0, 0.75)	(97.0, 1.25)	(98.0, 0.5)	(99.0, 0.0)	(100.0, 1.6666666666666665)
ERR772083_1	(0.0, 25630.0)	(1.0, 12815.0)	(2.0, 0.0)	(3.0, 0.0)	(4.0, 0.0)	(5.0, 0.0)	(6.0, 0.0)	(7.0, 0.0)	(8.0, 0.0)	(9.0, 0.0)	(10.0, 0.0)	(11.0, 0.0)	(12.0, 0.0)	(13.0, 0.0)	(14.0, 0.0)	(15.0, 0.0)	(16.0, 0.0)	(17.0, 0.0)	(18.0, 0.0)	(19.0, 0.0)	(20.0, 0.0)	(21.0, 0.25)	(22.0, 0.0)	(23.0, 0.0)	(24.0, 0.0)	(25.0, 0.0)	(26.0, 0.0)	(27.0, 0.0)	(28.0, 0.0)	(29.0, 0.25)	(30.0, 0.0)	(31.0, 0.25)	(32.0, 0.5)	(33.0, 1.0)	(34.0, 0.5)	(35.0, 1.5)	(36.0, 4.75)	(37.0, 9.583333333333332)	(38.0, 12.166666666666668)	(39.0, 18.0)	(40.0, 26.666666666666664)	(41.0, 27.499999999999996)	(42.0, 32.08333333333333)	(43.0, 34.16666666666666)	(44.0, 35.25)	(45.0, 52.50000000000001)	(46.0, 103.33333333333331)	(47.0, 188.6666666666667)	(48.0, 1077.5000000000014)	(49.0, 8262.83333333325)	(50.0, 8579.249999999944)	(51.0, 17376.58333333353)	(52.0, 41837.58333333387)	(53.0, 19443.583333333347)	(54.0, 38597.16666666668)	(55.0, 76182.83333333365)	(56.0, 27409.166666665536)	(57.0, 18669.6666666667)	(58.0, 15936.08333333338)	(59.0, 4379.000000000003)	(60.0, 982.8333333333338)	(61.0, 317.41666666666674)	(62.0, 242.91666666666663)	(63.0, 278.33333333333337)	(64.0, 132.0)	(65.0, 76.83333333333334)	(66.0, 41.33333333333333)	(67.0, 199.58333333333331)	(68.0, 192.75)	(69.0, 30.333333333333332)	(70.0, 13.416666666666666)	(71.0, 5.25)	(72.0, 1.75)	(73.0, 2.75)	(74.0, 0.75)	(75.0, 0.25)	(76.0, 0.25)	(77.0, 0.5)	(78.0, 0.0)	(79.0, 0.25)	(80.0, 0.0)	(81.0, 0.0)	(82.0, 0.0)	(83.0, 0.5)	(84.0, 0.25)	(85.0, 0.0)	(86.0, 0.25)	(87.0, 0.5)	(88.0, 0.0)	(89.0, 0.25)	(90.0, 0.25)	(91.0, 0.0)	(92.0, 0.0)	(93.0, 0.0)	(94.0, 0.0)	(95.0, 0.0)	(96.0, 0.0)	(97.0, 0.0)	(98.0, 0.0)	(99.0, 0.0)	(100.0, 0.0)
ERR772083_2	(0.0, 24571.0)	(1.0, 12285.5)	(2.0, 0.0)	(3.0, 0.0)	(4.0, 0.0)	(5.0, 0.0)	(6.0, 0.0)	(7.0, 0.0)	(8.0, 0.5)	(9.0, 0.0)	(10.0, 0.0)	(11.0, 0.0)	(12.0, 0.0)	(13.0, 0.0)	(14.0, 0.0)	(15.0, 0.0)	(16.0, 0.25)	(17.0, 0.0)	(18.0, 0.0)	(19.0, 0.0)	(20.0, 0.0)	(21.0, 0.0)	(22.0, 0.0)	(23.0, 0.25)	(24.0, 0.0)	(25.0, 0.0)	(26.0, 0.3333333333333333)	(27.0, 0.3333333333333333)	(28.0, 0.3333333333333333)	(29.0, 0.5833333333333333)	(30.0, 0.3333333333333333)	(31.0, 0.8333333333333333)	(32.0, 1.0)	(33.0, 3.833333333333333)	(34.0, 4.583333333333334)	(35.0, 3.9166666666666665)	(36.0, 4.083333333333334)	(37.0, 7.916666666666665)	(38.0, 11.666666666666668)	(39.0, 19.0)	(40.0, 28.499999999999996)	(41.0, 42.75000000000001)	(42.0, 63.25000000000003)	(43.0, 75.91666666666666)	(44.0, 94.41666666666661)	(45.0, 156.58333333333334)	(46.0, 206.16666666666688)	(47.0, 398.583333333333)	(48.0, 2661.250000000002)	(49.0, 7035.499999999979)	(50.0, 9926.08333333335)	(51.0, 9189.333333333301)	(52.0, 15319.250000000411)	(53.0, 24751.749999999214)	(54.0, 40453.00000000102)	(55.0, 31360.083333325652)	(56.0, 23713.49999999563)	(57.0, 20381.91666666589)	(58.0, 40687.66666666779)	(59.0, 35550.166666664256)	(60.0, 17662.083333337177)	(61.0, 6590.166666665753)	(62.0, 2000.4166666666147)	(63.0, 1030.0833333333453)	(64.0, 649.6666666666673)	(65.0, 415.1666666666655)	(66.0, 378.66666666666606)	(67.0, 370.99999999999955)	(68.0, 290.83333333333337)	(69.0, 193.33333333333348)	(70.0, 123.16666666666663)	(71.0, 85.25)	(72.0, 58.08333333333335)	(73.0, 41.66666666666667)	(74.0, 31.91666666666666)	(75.0, 24.666666666666664)	(76.0, 18.25)	(77.0, 16.5)	(78.0, 9.25)	(79.0, 7.333333333333333)	(80.0, 4.583333333333333)	(81.0, 3.5833333333333335)	(82.0, 2.6666666666666665)	(83.0, 2.0)	(84.0, 1.75)	(85.0, 1.5)	(86.0, 1.0)	(87.0, 1.0)	(88.0, 1.0)	(89.0, 0.75)	(90.0, 0.5)	(91.0, 0.5)	(92.0, 0.75)	(93.0, 1.0)	(94.0, 0.5)	(95.0, 0.5)	(96.0, 0.5)	(97.0, 0.5)	(98.0, 1.0)	(99.0, 0.5)	(100.0, 0.6666666666666666)
ERR772084_1	(0.0, 19946.0)	(1.0, 9973.0)	(2.0, 0.0)	(3.0, 0.0)	(4.0, 0.0)	(5.0, 0.0)	(6.0, 0.0)	(7.0, 0.0)	(8.0, 0.0)	(9.0, 0.0)	(10.0, 0.0)	(11.0, 0.0)	(12.0, 0.0)	(13.0, 0.0)	(14.0, 0.0)	(15.0, 0.0)	(16.0, 0.0)	(17.0, 0.0)	(18.0, 0.0)	(19.0, 0.0)	(20.0, 0.25)	(21.0, 0.0)	(22.0, 0.0)	(23.0, 0.0)	(24.0, 0.0)	(25.0, 0.0)	(26.0, 0.0)	(27.0, 0.0)	(28.0, 0.0)	(29.0, 0.0)	(30.0, 0.0)	(31.0, 0.0)	(32.0, 1.5)	(33.0, 2.0)	(34.0, 2.75)	(35.0, 4.5)	(36.0, 7.0)	(37.0, 11.5)	(38.0, 14.583333333333332)	(39.0, 17.5)	(40.0, 19.333333333333332)	(41.0, 19.083333333333332)	(42.0, 22.000000000000004)	(43.0, 24.166666666666668)	(44.0, 27.666666666666664)	(45.0, 45.833333333333336)	(46.0, 125.74999999999997)	(47.0, 1006.6666666666672)	(48.0, 2205.8333333333308)	(49.0, 9668.666666666646)	(50.0, 6589.249999999962)	(51.0, 7490.6666666663905)	(52.0, 28905.916666662913)	(53.0, 17417.91666666721)	(54.0, 36874.99999999948)	(55.0, 62369.75000000308)	(56.0, 24993.499999999454)	(57.0, 9315.083333333321)	(58.0, 4909.333333333334)	(59.0, 2101.4166666666656)	(60.0, 434.74999999999983)	(61.0, 145.66666666666669)	(62.0, 96.08333333333333)	(63.0, 103.91666666666666)	(64.0, 36.666666666666664)	(65.0, 30.75)	(66.0, 15.666666666666666)	(67.0, 12.083333333333332)	(68.0, 21.833333333333332)	(69.0, 6.75)	(70.0, 2.4166666666666665)	(71.0, 0.5)	(72.0, 0.25)	(73.0, 0.25)	(74.0, 0.0)	(75.0, 0.0)	(76.0, 0.25)	(77.0, 0.5)	(78.0, 0.25)	(79.0, 0.0)	(80.0, 0.0)	(81.0, 0.0)	(82.0, 0.25)	(83.0, 0.0)	(84.0, 0.0)	(85.0, 0.25)	(86.0, 0.25)	(87.0, 0.0)	(88.0, 0.0)	(89.0, 0.0)	(90.0, 0.25)	(91.0, 0.0)	(92.0, 0.25)	(93.0, 0.0)	(94.0, 0.0)	(95.0, 0.25)	(96.0, 0.0)	(97.0, 0.0)	(98.0, 0.0)	(99.0, 0.0)	(100.0, 0.0)
ERR772084_2	(0.0, 19362.0)	(1.0, 9681.0)	(2.0, 0.0)	(3.0, 0.0)	(4.0, 0.0)	(5.0, 0.0)	(6.0, 0.0)	(7.0, 0.0)	(8.0, 0.25)	(9.0, 0.0)	(10.0, 0.0)	(11.0, 0.0)	(12.0, 0.0)	(13.0, 0.75)	(14.0, 1.0)	(15.0, 0.5)	(16.0, 0.0)	(17.0, 0.0)	(18.0, 0.0)	(19.0, 0.0)	(20.0, 0.0)	(21.0, 0.0)	(22.0, 0.25)	(23.0, 0.0)	(24.0, 0.0)	(25.0, 0.3333333333333333)	(26.0, 0.5833333333333333)	(27.0, 1.0833333333333333)	(28.0, 1.0)	(29.0, 0.0)	(30.0, 1.0833333333333333)	(31.0, 0.9166666666666665)	(32.0, 1.9999999999999998)	(33.0, 1.3333333333333333)	(34.0, 1.5833333333333333)	(35.0, 6.166666666666666)	(36.0, 9.25)	(37.0, 9.916666666666666)	(38.0, 15.91666666666667)	(39.0, 21.749999999999993)	(40.0, 27.58333333333332)	(41.0, 36.91666666666666)	(42.0, 52.33333333333335)	(43.0, 64.00000000000004)	(44.0, 68.91666666666667)	(45.0, 97.16666666666663)	(46.0, 217.9166666666668)	(47.0, 913.0833333333337)	(48.0, 3246.6666666666706)	(49.0, 6805.916666666647)	(50.0, 9579.33333333333)	(51.0, 7396.9166666665715)	(52.0, 9282.416666666637)	(53.0, 13824.083333333607)	(54.0, 24297.499999999298)	(55.0, 17095.500000001204)	(56.0, 13542.08333333519)	(57.0, 19039.000000000036)	(58.0, 41668.08333333495)	(59.0, 34699.99999999706)	(60.0, 16296.750000006812)	(61.0, 5750.749999999514)	(62.0, 1520.166666666645)	(63.0, 685.0000000000019)	(64.0, 365.16666666666544)	(65.0, 229.1666666666672)	(66.0, 170.1666666666667)	(67.0, 146.25)	(68.0, 107.33333333333321)	(69.0, 80.41666666666666)	(70.0, 57.08333333333335)	(71.0, 48.000000000000014)	(72.0, 36.583333333333336)	(73.0, 24.166666666666664)	(74.0, 17.75)	(75.0, 14.333333333333334)	(76.0, 9.916666666666666)	(77.0, 7.25)	(78.0, 5.333333333333334)	(79.0, 5.0)	(80.0, 2.5)	(81.0, 1.0)	(82.0, 1.0)	(83.0, 1.25)	(84.0, 0.75)	(85.0, 1.25)	(86.0, 0.25)	(87.0, 0.5)	(88.0, 0.0)	(89.0, 0.0)	(90.0, 0.0)	(91.0, 0.75)	(92.0, 0.5)	(93.0, 0.25)	(94.0, 0.25)	(95.0, 0.5)	(96.0, 0.5)	(97.0, 0.75)	(98.0, 0.75)	(99.0, 0.0)	(100.0, 0.3333333333333333)
