Sample	0	1	2	3	4	5	6	7	8	9	10	11	12	13	14	15
SRR926448	(1.0, 76.0436514810324)	(2.0, 15.292865803865286)	(3.0, 4.810571379079953)	(4.0, 1.7322016282695307)	(5.0, 0.7794907327212888)	(6.0, 0.4157283907846874)	(7.0, 0.25983024424042955)	(8.0, 0.19796590037366063)	(9.0, 0.13362698275222093)	('>10', 0.33406745688055234)	('>50', 0.0)	('>100', 0.0)	('>500', 0.0)	('>1k', 0.0)	('>5k', 0.0)	('>10k+', 0.0)
SRR926449	(1.0, 73.69863514278929)	(2.0, 16.1846120114743)	(3.0, 5.344320403427673)	(4.0, 2.2437010103963018)	(5.0, 0.9318302241873893)	(6.0, 0.38369479819480734)	(7.0, 0.38369479819480734)	(8.0, 0.23387111509016828)	(9.0, 0.18088469057755205)	('>10', 0.4147558056677203)	('>50', 0.0)	('>100', 0.0)	('>500', 0.0)	('>1k', 0.0)	('>5k', 0.0)	('>10k+', 0.0)
SRR926450	(1.0, 75.79361932704252)	(2.0, 15.473264081621865)	(3.0, 4.908413289984933)	(4.0, 1.6176353976687021)	(5.0, 0.7400946263843734)	(6.0, 0.5550709697882801)	(7.0, 0.3700473131921867)	(8.0, 0.12687336452303544)	(9.0, 0.09515502339227658)	('>10', 0.31982660640181854)	('>50', 0.0)	('>100', 0.0)	('>500', 0.0)	('>1k', 0.0)	('>5k', 0.0)	('>10k+', 0.0)
SRR926451	(1.0, 73.68683567816726)	(2.0, 16.280829692821026)	(3.0, 5.025626913418871)	(4.0, 2.3322211138247737)	(5.0, 0.9459598913006089)	(6.0, 0.63981287193423)	(7.0, 0.34914519624367923)	(8.0, 0.22015066561177804)	(9.0, 0.06191737470331258)	('>10', 0.35430497746895534)	('>50', 0.10319562450552097)	('>100', 0.0)	('>500', 0.0)	('>1k', 0.0)	('>5k', 0.0)	('>10k+', 0.0)
SRR926452	(1.0, 72.45330449270703)	(2.0, 16.412849668235364)	(3.0, 5.261465610476162)	(4.0, 2.168893046096285)	(5.0, 1.1326766244775073)	(6.0, 0.6752214200111075)	(7.0, 0.3683025927333314)	(8.0, 0.25722720762327905)	(9.0, 0.13153664026190406)	('>10', 0.7015287480634884)	('>50', 0.27914998100026306)	('>100', 0.15784396831428488)	('>500', 0.0)	('>1k', 0.0)	('>5k', 0.0)	('>10k+', 0.0)
SRR926453	(1.0, 73.86856171411942)	(2.0, 16.206944082826645)	(3.0, 5.1827914171503835)	(4.0, 2.1074234604015745)	(5.0, 1.0261436907478596)	(6.0, 0.5973075214800975)	(7.0, 0.3001853184874336)	(8.0, 0.14702954374894706)	(9.0, 0.08270411835878272)	('>10', 0.4809091326788476)	('>50', 0.0)	('>100', 0.0)	('>500', 0.0)	('>1k', 0.0)	('>5k', 0.0)	('>10k+', 0.0)
SRR926454	(1.0, 77.39492938574102)	(2.0, 14.305768249106688)	(3.0, 4.44104134762634)	(4.0, 1.6845329249617151)	(5.0, 0.701888718734048)	(6.0, 0.35732516590096985)	(7.0, 0.16377403437127785)	(8.0, 0.11910838863365664)	(9.0, 0.09571209800918837)	('>10', 0.6210651693040666)	('>50', 0.11485451761102604)	('>100', 0.0)	('>500', 0.0)	('>1k', 0.0)	('>5k', 0.0)	('>10k+', 0.0)
SRR926455	(1.0, 76.2789832400345)	(2.0, 15.440815843325609)	(3.0, 4.743865108491603)	(4.0, 1.670922897393834)	(5.0, 0.7103113531431278)	(6.0, 0.38559759170626934)	(7.0, 0.20125488339055286)	(8.0, 0.12176766053882189)	(9.0, 0.09132574540411642)	('>10', 0.3551556765715639)	('>50', 0.0)	('>100', 0.0)	('>500', 0.0)	('>1k', 0.0)	('>5k', 0.0)	('>10k+', 0.0)
SRR926456	(1.0, 75.57995028997514)	(2.0, 15.524026512013256)	(3.0, 4.551574150787075)	(4.0, 1.6017674675504006)	(5.0, 0.854391052195526)	(6.0, 0.38318144159072076)	(7.0, 0.19331676332504832)	(8.0, 0.08285004142502071)	(9.0, 0.13980944490472244)	('>10', 0.3918116542391605)	('>50', 0.0)	('>100', 0.6973211819939243)	('>500', 0.0)	('>1k', 0.0)	('>5k', 0.0)	('>10k+', 0.0)
SRR926457	(1.0, 74.96978040427103)	(2.0, 15.657108320462024)	(3.0, 4.976160096702706)	(4.0, 1.9474850580887784)	(5.0, 0.7387012289302263)	(6.0, 0.5741723188503123)	(7.0, 0.3290578201598281)	(8.0, 0.1208783829158552)	(9.0, 0.13598818078033711)	('>10', 0.550668188838896)	('>50', 0.0)	('>100', 0.0)	('>500', 0.0)	('>1k', 0.0)	('>5k', 0.0)	('>10k+', 0.0)
SRR926458	(1.0, 73.27719705768486)	(2.0, 15.207123499806427)	(3.0, 4.773519163763066)	(4.0, 2.1060782036391794)	(5.0, 1.064653503677894)	(6.0, 0.545876887340302)	(7.0, 0.3794037940379404)	(8.0, 0.35617499032133176)	(9.0, 0.17421602787456447)	('>10', 0.6639566395663957)	('>50', 0.24196670538133955)	('>100', 0.0)	('>500', 1.2098335269066978)	('>1k', 0.0)	('>5k', 0.0)	('>10k+', 0.0)
SRR926459	(1.0, 77.76865220022478)	(2.0, 14.480850695945364)	(3.0, 4.214575948819919)	(4.0, 1.78092850350134)	(5.0, 0.8213019797700354)	(6.0, 0.31123022391285554)	(7.0, 0.06051698798305524)	(8.0, 0.17290567995158643)	(9.0, 0.07780755597821389)	('>10', 0.31123022391285554)	('>50', 0.0)	('>100', 0.0)	('>500', 0.0)	('>1k', 0.0)	('>5k', 0.0)	('>10k+', 0.0)
SRR926460	(1.0, 74.35115496288863)	(2.0, 15.632894888313242)	(3.0, 4.907049691859429)	(4.0, 1.9502078548680186)	(5.0, 0.9648739459701414)	(6.0, 0.5382980961728158)	(7.0, 0.36140453941162315)	(8.0, 0.25052867369049286)	(9.0, 0.15234851778475916)	('>10', 0.5306806702835778)	('>50', 0.0567075038421048)	('>100', 0.30385065491515856)	('>500', 0.0)	('>1k', 0.0)	('>5k', 0.0)	('>10k+', 0.0)
SRR926461	(1.0, 79.75644765476687)	(2.0, 13.645413714867804)	(3.0, 3.7296846784275592)	(4.0, 1.2964763624577487)	(5.0, 0.6019354539982406)	(6.0, 0.3889429087373246)	(7.0, 0.2106774088993842)	(8.0, 0.055563272676760665)	(9.0, 0.0416724545075705)	('>10', 0.2731860906607399)	('>50', 0.0)	('>100', 0.0)	('>500', 0.0)	('>1k', 0.0)	('>5k', 0.0)	('>10k+', 0.0)
SRR926462	(1.0, 75.50465377252624)	(2.0, 14.786454551455542)	(3.0, 4.558716746979999)	(4.0, 1.7268466565449865)	(5.0, 0.871344643210773)	(6.0, 0.451514951481946)	(7.0, 0.3326952274077497)	(8.0, 0.1901115585187141)	(9.0, 0.17822958611129447)	('>10', 0.48055977292230506)	('>50', 0.08317380685193743)	('>100', 0.8356987259885141)	('>500', 0.0)	('>1k', 0.0)	('>5k', 0.0)	('>10k+', 0.0)
SRR926463	(1.0, 77.4536163390725)	(2.0, 14.655733872179825)	(3.0, 4.223376363120188)	(4.0, 1.603179639618577)	(5.0, 0.8099397137656351)	(6.0, 0.4007949099046442)	(7.0, 0.28055643693325094)	(8.0, 0.12023847297139327)	(9.0, 0.060119236485696635)	('>10', 0.29725622484594444)	('>50', 0.09518879110235301)	('>100', 0.0)	('>500', 0.0)	('>1k', 0.0)	('>5k', 0.0)	('>10k+', 0.0)
SRR926464	(1.0, 75.94900507089352)	(2.0, 14.977285477004983)	(3.0, 4.603403328530101)	(4.0, 1.6939644267470384)	(5.0, 0.9569799034220281)	(6.0, 0.3959916841746324)	(7.0, 0.33879288534940766)	(8.0, 0.18479611928149509)	(9.0, 0.10889771314802389)	('>10', 0.662186094092024)	('>50', 0.1286972973567555)	('>100', 0.0)	('>500', 0.0)	('>1k', 0.0)	('>5k', 0.0)	('>10k+', 0.0)
SRR926465	(1.0, 77.68627450980392)	(2.0, 14.543417366946779)	(3.0, 4.34453781512605)	(4.0, 1.6974789915966386)	(5.0, 0.6932773109243697)	(6.0, 0.42016806722689076)	(7.0, 0.1568627450980392)	(8.0, 0.05602240896358543)	(9.0, 0.08823529411764706)	('>10', 0.3137254901960784)	('>50', 0.0)	('>100', 0.0)	('>500', 0.0)	('>1k', 0.0)	('>5k', 0.0)	('>10k+', 0.0)
SRR926466	(1.0, 78.43758535919147)	(2.0, 13.96886096694892)	(3.0, 3.9661294728216334)	(4.0, 1.6716744059000272)	(5.0, 0.8467631794591642)	(6.0, 0.29500136574706365)	(7.0, 0.28680688336520077)	(8.0, 0.15296367112810708)	(9.0, 0.09833378858235456)	('>10', 0.27588090685605027)	('>50', 0.0)	('>100', 0.0)	('>500', 0.0)	('>1k', 0.0)	('>5k', 0.0)	('>10k+', 0.0)
SRR926467	(1.0, 76.08255159474672)	(2.0, 13.823639774859286)	(3.0, 4.25515947467167)	(4.0, 1.951219512195122)	(5.0, 0.8255159474671669)	(6.0, 0.3602251407129456)	(7.0, 0.21013133208255158)	(8.0, 0.3602251407129456)	(9.0, 0.0)	('>10', 0.3827392120075047)	('>50', 1.74859287054409)	('>100', 0.0)	('>500', 0.0)	('>1k', 0.0)	('>5k', 0.0)	('>10k+', 0.0)
SRR926468	(1.0, 74.2278067377266)	(2.0, 14.712518478176301)	(3.0, 4.213024196685599)	(4.0, 1.5871780907181203)	(5.0, 0.7196763401540496)	(6.0, 0.49015793978059596)	(7.0, 0.1361549832723878)	(8.0, 0.24896911226950907)	(9.0, 0.17505640706449854)	('>10', 0.45125651598848515)	('>50', 0.0)	('>100', 3.038201198163853)	('>500', 0.0)	('>1k', 0.0)	('>5k', 0.0)	('>10k+', 0.0)
SRR926469	(1.0, 74.791777671836)	(2.0, 14.823747160604617)	(3.0, 4.829075408732718)	(4.0, 2.131299251240921)	(5.0, 0.9534759808183068)	(6.0, 0.6393897753722763)	(7.0, 0.3926077568075381)	(8.0, 0.24678201856473825)	(9.0, 0.07571721024145378)	('>10', 0.8216719481757762)	('>50', 0.0)	('>100', 0.29445581760565354)	('>500', 0.0)	('>1k', 0.0)	('>5k', 0.0)	('>10k+', 0.0)
SRR926470	(1.0, 75.46138613861386)	(2.0, 15.35049504950495)	(3.0, 5.061386138613861)	(4.0, 2.297029702970297)	(5.0, 0.6930693069306931)	(6.0, 0.6653465346534654)	(7.0, 0.11089108910891088)	(8.0, 0.1900990099009901)	(9.0, 0.03564356435643564)	('>10', 0.13465346534653463)	('>50', 0.0)	('>100', 0.0)	('>500', 0.0)	('>1k', 0.0)	('>5k', 0.0)	('>10k+', 0.0)
SRR926471	(1.0, 72.80114258972512)	(2.0, 16.184918965374965)	(3.0, 5.503929286725993)	(4.0, 2.382253883527916)	(5.0, 1.1559459772392842)	(6.0, 0.5779729886196421)	(7.0, 0.2579937398476083)	(8.0, 0.17422953859838486)	(9.0, 0.17339189658589263)	('>10', 0.39787995593381154)	('>50', 0.12648394388632747)	('>100', 0.263857233935054)	('>500', 0.0)	('>1k', 0.0)	('>5k', 0.0)	('>10k+', 0.0)
SRR926472	(1.0, 75.78562162371483)	(2.0, 15.369721377814782)	(3.0, 5.210370399055124)	(4.0, 1.9052413499332004)	(5.0, 0.8228938757333437)	(6.0, 0.32528510852518056)	(7.0, 0.2304102852053362)	(8.0, 0.1394079036536488)	(9.0, 0.12198191569694271)	('>10', 0.08906616066760896)	('>50', 0.0)	('>100', 0.0)	('>500', 0.0)	('>1k', 0.0)	('>5k', 0.0)	('>10k+', 0.0)
SRR926473	(1.0, 74.78670373388296)	(2.0, 15.417245841921105)	(3.0, 5.230551694387193)	(4.0, 2.2671715477160523)	(5.0, 0.9646263720462062)	(6.0, 0.46733451564971484)	(7.0, 0.2768058285002157)	(8.0, 0.17255428270143316)	(9.0, 0.09706178401955616)	('>10', 0.319944399175574)	('>50', 0.0)	('>100', 0.0)	('>500', 0.0)	('>1k', 0.0)	('>5k', 0.0)	('>10k+', 0.0)
SRR926474	(1.0, 73.80542722826601)	(2.0, 16.11911180957284)	(3.0, 5.368972945145164)	(4.0, 2.1351252489398886)	(5.0, 1.1447847940064757)	(6.0, 0.5690054597428637)	(7.0, 0.3129530028585751)	(8.0, 0.10838199233197406)	(9.0, 0.09754379309877664)	('>10', 0.3386937260374189)	('>50', 0.0)	('>100', 0.0)	('>500', 0.0)	('>1k', 0.0)	('>5k', 0.0)	('>10k+', 0.0)
SRR926475	(1.0, 73.35462529941827)	(2.0, 15.949420717300267)	(3.0, 5.514184686079291)	(4.0, 2.4051231077579884)	(5.0, 1.0999038602551776)	(6.0, 0.479069236911144)	(7.0, 0.3992243640926201)	(8.0, 0.20857436164838927)	(9.0, 0.10265769362381659)	('>10', 0.38292949208883964)	('>50', 0.10428718082419464)	('>100', 0.0)	('>500', 0.0)	('>1k', 0.0)	('>5k', 0.0)	('>10k+', 0.0)
SRR926476	(1.0, 75.51319648093842)	(2.0, 15.38441922733648)	(3.0, 5.083513961494327)	(4.0, 1.9737345403544562)	(5.0, 0.8733902843299758)	(6.0, 0.3825066938671427)	(7.0, 0.32130562284839986)	(8.0, 0.17340303455310468)	(9.0, 0.1147520081601428)	('>10', 0.17977814611755707)	('>50', 0.0)	('>100', 0.0)	('>500', 0.0)	('>1k', 0.0)	('>5k', 0.0)	('>10k+', 0.0)
SRR926477	(1.0, 77.78488531481312)	(2.0, 14.091199853787808)	(3.0, 4.708489445307502)	(4.0, 1.6905784519784337)	(5.0, 0.8110207438545189)	(6.0, 0.41122178561637573)	(7.0, 0.2078954582838344)	(8.0, 0.1644887142465503)	(9.0, 0.020561089280818786)	('>10', 0.10965914283103353)	('>50', 0.0)	('>100', 0.0)	('>500', 0.0)	('>1k', 0.0)	('>5k', 0.0)	('>10k+', 0.0)
SRR926478	(1.0, 76.9724623392108)	(2.0, 14.747896269460941)	(3.0, 4.980166464127668)	(4.0, 1.8710017655286268)	(5.0, 0.7107972393552381)	(6.0, 0.19260312292206452)	(7.0, 0.17655286267855916)	(8.0, 0.1650883910760553)	(9.0, 0.08254419553802765)	('>10', 0.1008873501020338)	('>50', 0.0)	('>100', 0.0)	('>500', 0.0)	('>1k', 0.0)	('>5k', 0.0)	('>10k+', 0.0)
SRR926479	(1.0, 76.21091194557111)	(2.0, 15.05691482402198)	(3.0, 4.796545858955907)	(4.0, 1.9364124035064763)	(5.0, 0.9027868637969384)	(6.0, 0.4553185921758472)	(7.0, 0.20149156090540363)	(8.0, 0.14653931702211173)	(9.0, 0.09420384665707184)	('>10', 0.19887478738715164)	('>50', 0.0)	('>100', 0.0)	('>500', 0.0)	('>1k', 0.0)	('>5k', 0.0)	('>10k+', 0.0)
SRR926480	(1.0, 75.21547069794836)	(2.0, 15.580641994699127)	(3.0, 5.047609698635515)	(4.0, 2.073230588004319)	(5.0, 0.8540296456267792)	(6.0, 0.6361048395013252)	(7.0, 0.24737410425051537)	(8.0, 0.06282516933346423)	(9.0, 0.035339157750073624)	('>10', 0.24737410425051537)	('>50', 0.0)	('>100', 0.0)	('>500', 0.0)	('>1k', 0.0)	('>5k', 0.0)	('>10k+', 0.0)
SRR926481	(1.0, 77.00688073394495)	(2.0, 15.064637197664721)	(3.0, 4.62103836530442)	(4.0, 1.626355296080067)	(5.0, 0.7297748123436196)	(6.0, 0.4691409507923269)	(7.0, 0.1824437030859049)	(8.0, 0.1042535446205171)	(9.0, 0.07037114261884904)	('>10', 0.12510425354462051)	('>50', 0.0)	('>100', 0.0)	('>500', 0.0)	('>1k', 0.0)	('>5k', 0.0)	('>10k+', 0.0)
SRR926482	(1.0, 76.3561678463094)	(2.0, 15.05561172901921)	(3.0, 4.595551061678463)	(4.0, 1.8554095045500505)	(5.0, 0.8594539939332658)	(6.0, 0.37158746208291205)	(7.0, 0.19464105156723963)	(8.0, 0.15166835187057634)	(9.0, 0.10237613751263902)	('>10', 0.4575328614762386)	('>50', 0.0)	('>100', 0.0)	('>500', 0.0)	('>1k', 0.0)	('>5k', 0.0)	('>10k+', 0.0)
SRR926483	(1.0, 77.82812097100968)	(2.0, 14.351493719379674)	(3.0, 3.8678306995248093)	(4.0, 1.7092128043614394)	(5.0, 0.6262202084944929)	(6.0, 0.3315283456735551)	(7.0, 0.33521199395881685)	(8.0, 0.2062843039746565)	(9.0, 0.19891700740413304)	('>10', 0.3315283456735551)	('>50', 0.21365160054517993)	('>100', 0.0)	('>500', 0.0)	('>1k', 0.0)	('>5k', 0.0)	('>10k+', 0.0)
SRR926484	(1.0, 75.12281574528947)	(2.0, 15.428145015857222)	(3.0, 4.943722405323052)	(4.0, 1.946396368385051)	(5.0, 0.8006342889123811)	(6.0, 0.45706112803930105)	(7.0, 0.26117778745102915)	(8.0, 0.08705926248367639)	(9.0, 0.09794167029413593)	('>10', 0.34823704993470556)	('>50', 0.0)	('>100', 0.5068092780299732)	('>500', 0.0)	('>1k', 0.0)	('>5k', 0.0)	('>10k+', 0.0)
SRR926485	(1.0, 76.3272799444279)	(2.0, 15.007773477556153)	(3.0, 4.75836062320135)	(4.0, 1.6406999437663323)	(5.0, 0.8435050114121265)	(6.0, 0.4763322417386127)	(7.0, 0.24312791505408357)	(8.0, 0.13231451159405908)	(9.0, 0.10419767788032153)	('>10', 0.29109192550692997)	('>50', 0.1753167278621283)	('>100', 0.0)	('>500', 0.0)	('>1k', 0.0)	('>5k', 0.0)	('>10k+', 0.0)
SRR926486	(1.0, 78.11420050872731)	(2.0, 13.914568897465134)	(3.0, 4.1943689150074555)	(4.0, 1.6559950881501622)	(5.0, 0.7016928339619332)	(6.0, 0.3473379528111569)	(7.0, 0.29471099026401193)	(8.0, 0.1543724234716253)	(9.0, 0.12630471011314798)	('>10', 0.37189720199982457)	('>50', 0.12455047802824312)	('>100', 0.0)	('>500', 0.0)	('>1k', 0.0)	('>5k', 0.0)	('>10k+', 0.0)
SRR926487	(1.0, 77.94670499778859)	(2.0, 14.403656199321835)	(3.0, 4.461521450685537)	(4.0, 1.5627303553000147)	(5.0, 0.6910659000442282)	(6.0, 0.4091110128261831)	(7.0, 0.19349845201238391)	(8.0, 0.07371369600471768)	(9.0, 0.049756744803184434)	('>10', 0.20824119121332746)	('>50', 0.0)	('>100', 0.0)	('>500', 0.0)	('>1k', 0.0)	('>5k', 0.0)	('>10k+', 0.0)
SRR926488	(1.0, 77.1698617641971)	(2.0, 15.119442653372545)	(3.0, 4.3829713620708635)	(4.0, 1.6229732492490605)	(5.0, 0.6526491263937597)	(6.0, 0.27364083853617877)	(7.0, 0.19815371066412946)	(8.0, 0.10064950382939908)	(9.0, 0.12738452828408323)	('>10', 0.3522732634028968)	('>50', 0.0)	('>100', 0.0)	('>500', 0.0)	('>1k', 0.0)	('>5k', 0.0)	('>10k+', 0.0)
SRR926489	(1.0, 77.46353126324072)	(2.0, 14.847769505477876)	(3.0, 4.353550027238061)	(4.0, 1.6524423461049573)	(5.0, 0.6582531323769748)	(6.0, 0.4267296168512802)	(7.0, 0.19066642455057198)	(8.0, 0.048423218933478604)	(9.0, 0.08171418195024514)	('>10', 0.2769202832758308)	('>50', 0.0)	('>100', 0.0)	('>500', 0.0)	('>1k', 0.0)	('>5k', 0.0)	('>10k+', 0.0)
SRR926490	(1.0, 77.4191299498048)	(2.0, 14.709983268265479)	(3.0, 4.334564974902398)	(4.0, 1.7986614612381484)	(5.0, 0.5490100390407139)	(6.0, 0.33463469046291133)	(7.0, 0.3538064696040156)	(8.0, 0.11154489682097045)	(9.0, 0.10980200780814277)	('>10', 0.2788622420524261)	('>50', 0.0)	('>100', 0.0)	('>500', 0.0)	('>1k', 0.0)	('>5k', 0.0)	('>10k+', 0.0)
SRR926491	(1.0, 75.53536577158624)	(2.0, 15.20963725688135)	(3.0, 4.797092671108419)	(4.0, 1.965138973012989)	(5.0, 0.9623797025371827)	(6.0, 0.4522511609125783)	(7.0, 0.25439127801332523)	(8.0, 0.11844673261996097)	(9.0, 0.10902483343428225)	('>10', 0.5962716198936672)	('>50', 0.0)	('>100', 0.0)	('>500', 0.0)	('>1k', 0.0)	('>5k', 0.0)	('>10k+', 0.0)
SRR926492	(1.0, 2.068173113749521)	(2.0, 1.1489850631941785)	(3.0, 0.689391037916507)	(4.0, 0.5106600280863015)	(5.0, 0.44682752457551383)	(6.0, 0.07659900421294523)	(7.0, 0.5361930294906166)	(8.0, 0.10213200561726031)	(9.0, 0.11489850631941785)	('>10', 7.481169411464318)	('>50', 8.936550491510276)	('>100', 31.354525724498917)	('>500', 27.07774798927614)	('>1k', 19.45614707008809)	('>5k', 0.0)	('>10k+', 0.0)
SRR926493	(1.0, 2.19011063445473)	(2.0, 1.1740799277489276)	(3.0, 0.5757507337999549)	(4.0, 0.6321968841724994)	(5.0, 0.5644615037254459)	(6.0, 0.6096184240234815)	(7.0, 0.3951230526078121)	(8.0, 0.1806276811921427)	(9.0, 0.30480921201174077)	('>10', 9.020094829532626)	('>50', 7.93632874237977)	('>100', 29.295552043350643)	('>500', 24.079927748927524)	('>1k', 23.041318582072705)	('>5k', 0.0)	('>10k+', 0.0)
SRR926494	(1.0, 1.8851076495684096)	(2.0, 0.93263220557595)	(3.0, 0.4464728643714654)	(4.0, 0.6349836293283064)	(5.0, 0.2976485762476436)	(6.0, 0.23811886099811488)	(7.0, 0.41670800674670105)	(8.0, 0.3174918146641532)	(9.0, 0.2678837186228793)	('>10', 7.401527929358072)	('>50', 8.006746701061614)	('>100', 23.62337533485465)	('>500', 15.755531302708603)	('>1k', 39.77577140589344)	('>5k', 0.0)	('>10k+', 0.0)
SRR926495	(1.0, 2.22554144884242)	(2.0, 0.7468259895444361)	(3.0, 0.8513816280806573)	(4.0, 0.5377147124719941)	(5.0, 0.22404779686333084)	(6.0, 0.17923823749066467)	(7.0, 0.20911127707244215)	(8.0, 0.35847647498132934)	(9.0, 0.5377147124719941)	('>10', 8.812546676624347)	('>50', 9.574309185959672)	('>100', 25.899925317401046)	('>500', 10.545182972367439)	('>1k', 39.29798356982823)	('>5k', 0.0)	('>10k+', 0.0)
SRR926496	(1.0, 2.141251626641429)	(2.0, 1.1356914704838519)	(3.0, 0.6743168105997871)	(4.0, 0.37856382349461726)	(5.0, 0.35490358452620374)	(6.0, 0.35490358452620374)	(7.0, 0.08281083638944753)	(8.0, 0.47320477936827166)	(9.0, 0.21294215071572223)	('>10', 4.885839346977405)	('>50', 6.979770495682007)	('>100', 27.09097361883355)	('>500', 34.082574233999765)	('>1k', 21.152253637761742)	('>5k', 0.0)	('>10k+', 0.0)
SRR926497	(1.0, 2.2422617596880334)	(2.0, 1.1211308798440167)	(3.0, 0.8774067755300998)	(4.0, 0.4387033877650499)	(5.0, 0.4874482086278333)	(6.0, 0.073117231294175)	(7.0, 0.25591030952961247)	(8.0, 0.2924689251767)	(9.0, 0.21935169388252496)	('>10', 6.7267852790641)	('>50', 6.763343894711187)	('>100', 23.616865708018523)	('>500', 29.149402875944432)	('>1k', 27.735803070923716)	('>5k', 0.0)	('>10k+', 0.0)
SRR926498	(1.0, 0.9593284700709503)	(2.0, 0.5795942840011992)	(3.0, 0.4197062056560408)	(4.0, 0.3597481762766064)	(5.0, 0.24982512241430999)	(6.0, 0.0599580293794344)	(7.0, 0.2098531028280204)	(8.0, 0.3197761566903168)	(9.0, 0.2698111322074548)	('>10', 1.1192165484161087)	('>50', 0.0)	('>100', 0.0)	('>500', 0.0)	('>1k', 33.96622364344958)	('>5k', 61.486959128609975)	('>10k+', 0.0)
SRR926499	(1.0, 1.9727952436717413)	(2.0, 0.8467705612107017)	(3.0, 0.37834429330690933)	(4.0, 0.3963606882262859)	(5.0, 0.2702459237906495)	(6.0, 0.3242951085487794)	(7.0, 0.37834429330690933)	(8.0, 0.2161967390325196)	(9.0, 0.24322133141158453)	('>10', 3.927574092424106)	('>50', 3.846500315286911)	('>100', 23.37627240789118)	('>500', 26.62823169083866)	('>1k', 37.19484731105306)	('>5k', 0.0)	('>10k+', 0.0)
SRR926500	(1.0, 1.802158629567284)	(2.0, 0.9307852262600258)	(3.0, 0.3267650262402218)	(4.0, 0.1188236459055352)	(5.0, 0.24754926230319835)	(6.0, 0.2376472918110704)	(7.0, 0.2079413803346866)	(8.0, 0.07921576393702347)	(9.0, 0.0)	('>10', 5.000495098524606)	('>50', 4.485592632933954)	('>100', 16.23923160708981)	('>500', 29.339538568175065)	('>1k', 40.98425586691752)	('>5k', 0.0)	('>10k+', 0.0)
SRR926501	(1.0, 1.9253095975232197)	(2.0, 0.890092879256966)	(3.0, 0.4934210526315789)	(4.0, 0.46439628482972134)	(5.0, 0.5321207430340558)	(6.0, 0.4063467492260062)	(7.0, 0.0)	(8.0, 0.38699690402476783)	(9.0, 0.0)	('>10', 4.421439628482972)	('>50', 2.9121517027863777)	('>100', 27.902476780185758)	('>500', 0.0)	('>1k', 59.665247678018574)	('>5k', 0.0)	('>10k+', 0.0)
SRR926502	(1.0, 0.8074862274545317)	(2.0, 0.573541619500415)	(3.0, 0.31695721077654515)	(4.0, 0.33205041128971396)	(5.0, 0.22639800769753224)	(6.0, 0.0)	(7.0, 0.05282620179609086)	(8.0, 0.12074560410535054)	(9.0, 0.0)	('>10', 0.905592030790129)	('>50', 1.0112444343823106)	('>100', 0.0)	('>500', 0.0)	('>1k', 11.327446985133198)	('>5k', 84.32571126707418)	('>10k+', 0.0)
SRR926503	(1.0, 2.3083752589523527)	(2.0, 1.0062148564664102)	(3.0, 0.6214856466410181)	(4.0, 0.4735128736312519)	(5.0, 0.2219591595146493)	(6.0, 0.4439183190292986)	(7.0, 0.5179047055341817)	(8.0, 0.23675643681562594)	(9.0, 0.1331754957087896)	('>10', 10.446877774489494)	('>50', 9.115122817401598)	('>100', 43.489197987570286)	('>500', 0.0)	('>1k', 30.985498668245043)	('>5k', 0.0)	('>10k+', 0.0)
SRR926504	(1.0, 1.8293844883440258)	(2.0, 0.7876516547036779)	(3.0, 0.6097948294480087)	(4.0, 0.5335704757670076)	(5.0, 0.28584132630375403)	(6.0, 0.2667852378835038)	(7.0, 0.2667852378835038)	(8.0, 0.15244870736200217)	(9.0, 0.45734612208600645)	('>10', 6.180524677634504)	('>50', 5.4373372292447435)	('>100', 27.472527472527474)	('>500', 15.568824239344469)	('>1k', 40.15117830146732)	('>5k', 0.0)	('>10k+', 0.0)
SRR926505	(1.0, 2.3297692740574)	(2.0, 0.8778840742824985)	(3.0, 0.7765897580191334)	(4.0, 0.9454136184580754)	(5.0, 0.3376477208778841)	(6.0, 0.20258863252673046)	(7.0, 0.5514912774338773)	(8.0, 0.09003939223410241)	(9.0, 0.20258863252673046)	('>10', 8.745075970737197)	('>50', 2.5211029825548676)	('>100', 40.29262802476084)	('>500', 22.025886325267304)	('>1k', 20.101294316263367)	('>5k', 0.0)	('>10k+', 0.0)
SRR926506	(1.0, 1.0371420973317969)	(2.0, 0.744614839110008)	(3.0, 0.372307419555004)	(4.0, 0.2127470968885737)	(5.0, 0.3545784948142895)	(6.0, 0.0)	(7.0, 0.186153709777502)	(8.0, 0.0)	(9.0, 0.23934048399964544)	('>10', 1.0282776349614395)	('>50', 0.0)	('>100', 0.0)	('>500', 6.364683981916497)	('>1k', 89.46015424164524)	('>5k', 0.0)	('>10k+', 0.0)
SRR926507	(1.0, 2.013422818791946)	(2.0, 0.8948545861297539)	(3.0, 0.5937016004130098)	(4.0, 0.619514713474445)	(5.0, 0.21510927551196007)	(6.0, 0.2581311306143521)	(7.0, 0.2409223885733953)	(8.0, 0.13766993632765445)	(9.0, 0.38719669592152817)	('>10', 6.005850972293925)	('>50', 5.024952675959388)	('>100', 26.02822233694717)	('>500', 25.77009120633282)	('>1k', 31.810359662708652)	('>5k', 0.0)	('>10k+', 0.0)
SRR926508	(1.0, 1.8255908720456397)	(2.0, 0.8149959250203749)	(3.0, 0.5623471882640587)	(4.0, 0.293398533007335)	(5.0, 0.40749796251018744)	(6.0, 0.3422982885085574)	(7.0, 0.22819885900570497)	(8.0, 0.13039934800325997)	(9.0, 0.293398533007335)	('>10', 5.525672371638142)	('>50', 7.481662591687041)	('>100', 41.80929095354523)	('>500', 13.553382233088834)	('>1k', 26.731866340668297)	('>5k', 0.0)	('>10k+', 0.0)
SRR926509	(1.0, 1.5340860122382143)	(2.0, 0.8273722313194863)	(3.0, 0.6722399379470827)	(4.0, 0.3102645867448074)	(5.0, 0.3878307334310092)	(6.0, 0.051710764457467896)	(7.0, 0.18098767560113763)	(8.0, 0.20684305782987158)	(9.0, 0.3102645867448074)	('>10', 5.895027148151341)	('>50', 5.49857795397742)	('>100', 30.810997155907955)	('>500', 6.162199431181591)	('>1k', 47.15159872446781)	('>5k', 0.0)	('>10k+', 0.0)
SRR926510	(1.0, 0.9651813097600578)	(2.0, 0.5051416200613387)	(3.0, 0.568284322569006)	(4.0, 0.39689698719105176)	(5.0, 0.4510193036261952)	(6.0, 0.054122316435143425)	(7.0, 0.06314270250766733)	(8.0, 0.2164892657405737)	(9.0, 0.16236694930543027)	('>10', 0.9020386072523904)	('>50', 0.6224066390041494)	('>100', 1.0102832401226773)	('>500', 0.0)	('>1k', 36.3792170304889)	('>5k', 57.703409705935414)	('>10k+', 0.0)
SRR926511	(1.0, 2.21606648199446)	(2.0, 0.7467180537155245)	(3.0, 0.6503673371070697)	(4.0, 0.5781042996507286)	(5.0, 0.1806575936408527)	(6.0, 0.2890521498253643)	(7.0, 0.16861375406479587)	(8.0, 0.2890521498253643)	(9.0, 0.32518366855353487)	('>10', 8.924485125858125)	('>50', 4.106949295435385)	('>100', 33.602312417198604)	('>500', 22.762856798747443)	('>1k', 25.159580874382755)	('>5k', 0.0)	('>10k+', 0.0)
SRR926512	(1.0, 1.995387546375213)	(2.0, 0.8623282863732077)	(3.0, 0.6317056051338614)	(4.0, 0.4411912162839667)	(5.0, 0.3509475584077008)	(6.0, 0.3008121929208864)	(7.0, 0.2807580467261606)	(8.0, 0.4010829238945152)	(9.0, 0.2707309736287977)	('>10', 6.447408001604332)	('>50', 8.723553594705706)	('>100', 41.331595307329785)	('>500', 23.693973729068485)	('>1k', 14.268525017547379)	('>5k', 0.0)	('>10k+', 0.0)
SRR926513	(1.0, 2.26540810660744)	(2.0, 1.0438645197112715)	(3.0, 0.5996668517490283)	(4.0, 0.26651860077734596)	(5.0, 0.22209883398112162)	(6.0, 0.39977790116601886)	(7.0, 0.699611327040533)	(8.0, 0.26651860077734596)	(9.0, 0.5996668517490283)	('>10', 7.495835646862854)	('>50', 4.98611882287618)	('>100', 38.57856746252082)	('>500', 26.840644086618543)	('>1k', 15.735702387562464)	('>5k', 0.0)	('>10k+', 0.0)
SRR926514	(1.0, 1.5473157845079724)	(2.0, 0.7736578922539862)	(3.0, 0.6793093688083782)	(4.0, 0.37739409378243227)	(5.0, 0.18869704689121614)	(6.0, 0.22643645626945935)	(7.0, 0.19813189923577695)	(8.0, 0.22643645626945935)	(9.0, 0.0)	('>10', 5.9439569770733085)	('>50', 6.227002547410133)	('>100', 30.087744126804417)	('>500', 21.35107085574111)	('>1k', 32.17284649495235)	('>5k', 0.0)	('>10k+', 0.0)
SRR926515	(1.0, 1.681337157551182)	(2.0, 0.7120957373157947)	(3.0, 0.8604490159232518)	(4.0, 0.31648699436257544)	(5.0, 0.19780437147660962)	(6.0, 0.23736524577193155)	(7.0, 0.13846306003362674)	(8.0, 0.15824349718128772)	(9.0, 0.35604786865789734)	('>10', 4.885767975472258)	('>50', 6.7352388487785575)	('>100', 24.715656216002373)	('>500', 0.0)	('>1k', 59.00504401147265)	('>5k', 0.0)	('>10k+', 0.0)
SRR926516	(1.0, 2.454288869799975)	(2.0, 0.8835439931279911)	(3.0, 0.8467296600809915)	(4.0, 0.6872008835439931)	(5.0, 0.24542888697999754)	(6.0, 0.29451466437599705)	(7.0, 0.34360044177199656)	(8.0, 0.09817155479199902)	(9.0, 0.1104429991409989)	('>10', 6.99472327892993)	('>50', 6.479322616271935)	('>100', 36.94931893483863)	('>500', 29.32875199410971)	('>1k', 14.283961222235858)	('>5k', 0.0)	('>10k+', 0.0)
SRR926517	(1.0, 0.8511362669163334)	(2.0, 0.5106817601497999)	(3.0, 0.38301132011235)	(4.0, 0.30640905608988)	(5.0, 0.25534088007489997)	(6.0, 0.25534088007489997)	(7.0, 0.17873861605243)	(8.0, 0.13618180270661334)	(9.0, 0.07660226402247)	('>10', 1.7703634351859732)	('>50', 0.0)	('>100', 1.8299429738701165)	('>500', 0.0)	('>1k', 0.0)	('>5k', 93.44625074474423)	('>10k+', 0.0)
SRR926518	(1.0, 2.786729857819905)	(2.0, 0.966824644549763)	(3.0, 0.8815165876777251)	(4.0, 0.6066350710900473)	(5.0, 0.5213270142180095)	(6.0, 0.3412322274881517)	(7.0, 0.2654028436018957)	(8.0, 0.2274881516587678)	(9.0, 0.17061611374407584)	('>10', 6.018957345971564)	('>50', 5.109004739336493)	('>100', 26.33175355450237)	('>500', 22.34123222748815)	('>1k', 33.43127962085308)	('>5k', 0.0)	('>10k+', 0.0)
SRR926519	(1.0, 3.127761088531543)	(2.0, 0.9895741297048949)	(3.0, 0.7686870471814808)	(4.0, 0.56547093125994)	(5.0, 0.26506449902809687)	(6.0, 0.26506449902809687)	(7.0, 0.37109029863933557)	(8.0, 0.35341933203746245)	(9.0, 0.07951934970842905)	('>10', 7.121399540554868)	('>50', 2.5446191906697297)	('>100', 22.963421099134123)	('>500', 46.47464216292631)	('>1k', 14.11026683159569)	('>5k', 0.0)	('>10k+', 0.0)
SRR926520	(1.0, 3.0185295875672447)	(2.0, 1.0161386730424387)	(3.0, 0.8069336521219366)	(4.0, 0.7172743574417215)	(5.0, 0.697350069735007)	(6.0, 0.35863717872086076)	(7.0, 0.6276150627615062)	(8.0, 0.3984857541342897)	(9.0, 0.26897788404064554)	('>10', 5.668459852560271)	('>50', 2.3909145248057384)	('>100', 34.10041841004184)	('>500', 9.862522414823669)	('>1k', 40.06774257820283)	('>5k', 0.0)	('>10k+', 0.0)
SRR926521	(1.0, 1.9554790308695118)	(2.0, 0.9346943795351125)	(3.0, 0.6272291231090887)	(4.0, 0.541138851309802)	(5.0, 0.4304513589964334)	(6.0, 0.14758332308449146)	(7.0, 0.6026319025950068)	(8.0, 0.1967777641126553)	(9.0, 0.0)	('>10', 0.8732013282499078)	('>50', 0.7133193949083754)	('>100', 0.0)	('>500', 0.0)	('>1k', 92.97749354322961)	('>5k', 0.0)	('>10k+', 0.0)
SRR926522	(1.0, 2.7184014869888475)	(2.0, 1.1384758364312269)	(3.0, 0.4182156133828996)	(4.0, 0.37174721189591076)	(5.0, 0.34851301115241634)	(6.0, 0.34851301115241634)	(7.0, 0.4065985130111524)	(8.0, 0.5576208178438662)	(9.0, 0.31366171003717475)	('>10', 8.178438661710038)	('>50', 5.1231412639405205)	('>100', 35.39730483271376)	('>500', 10.594795539033457)	('>1k', 34.08457249070632)	('>5k', 0.0)	('>10k+', 0.0)
SRR926523	(1.0, 2.657047334154496)	(2.0, 1.1789547774062996)	(3.0, 0.5278901988386416)	(4.0, 0.5630828787612177)	(5.0, 0.3959176491289812)	(6.0, 0.15836705965159248)	(7.0, 0.4311103290515573)	(8.0, 0.0703853598451522)	(9.0, 0.2375505894773887)	('>10', 7.768784092908675)	('>50', 6.0355446067218015)	('>100', 27.21273975013197)	('>500', 27.679042759106103)	('>1k', 25.08358261481612)	('>5k', 0.0)	('>10k+', 0.0)
SRR926524	(1.0, 2.721461187214612)	(2.0, 1.1506849315068493)	(3.0, 0.7123287671232876)	(4.0, 0.4018264840182648)	(5.0, 0.273972602739726)	(6.0, 0.7123287671232876)	(7.0, 0.1917808219178082)	(8.0, 0.365296803652968)	(9.0, 0.2465753424657534)	('>10', 7.132420091324201)	('>50', 6.91324200913242)	('>100', 20.292237442922374)	('>500', 17.698630136986303)	('>1k', 41.18721461187215)	('>5k', 0.0)	('>10k+', 0.0)
SRR926525	(1.0, 1.5576028112831228)	(2.0, 0.6268401557602811)	(3.0, 0.4558837496438408)	(4.0, 0.41789343717352073)	(5.0, 0.3799031247032007)	(6.0, 0.2279418748219204)	(7.0, 0.19944914046918036)	(8.0, 0.2279418748219204)	(9.0, 0.08547820305822015)	('>10', 1.2631778896381423)	('>50', 1.4056415614018425)	('>100', 1.757051951752303)	('>500', 0.0)	('>1k', 91.39519422547251)	('>5k', 0.0)	('>10k+', 0.0)
SRR926526	(1.0, 2.213139268268368)	(2.0, 0.89721862227096)	(3.0, 0.59814574818064)	(4.0, 0.3190110656963413)	(5.0, 0.49845479015053334)	(6.0, 0.358887448908384)	(7.0, 0.5582693649685974)	(8.0, 0.07975276642408533)	(9.0, 0.358887448908384)	('>10', 5.68238460771608)	('>50', 4.236865716279533)	('>100', 16.55866812880072)	('>500', 0.0)	('>1k', 67.64031502342738)	('>5k', 0.0)	('>10k+', 0.0)
SRR926527	(1.0, 2.2619380061435357)	(2.0, 1.0983896490738154)	(3.0, 0.4188774085450991)	(4.0, 0.5212696639672345)	(5.0, 0.46541934282788794)	(6.0, 0.3351019268360793)	(7.0, 0.5212696639672345)	(8.0, 0.4468025691147724)	(9.0, 0.08377548170901983)	('>10', 4.607651493996091)	('>50', 2.7925160569673273)	('>100', 28.72568183933724)	('>500', 0.0)	('>1k', 57.72130689751466)	('>5k', 0.0)	('>10k+', 0.0)
SRR926528	(1.0, 1.2665709701933632)	(2.0, 0.5572912268850798)	(3.0, 0.3546398716541417)	(4.0, 0.43907793633369924)	(5.0, 0.21109516169889384)	(6.0, 0.30397703284640715)	(7.0, 0.11821329055138056)	(8.0, 0.2702018069745842)	(9.0, 0.22798277463480535)	('>10', 1.8745250358861776)	('>50', 1.4185594866165667)	('>100', 3.58017394241324)	('>500', 0.0)	('>1k', 30.161276703537954)	('>5k', 59.216414759773706)	('>10k+', 0.0)
SRR926529	(1.0, 1.9126844374278948)	(2.0, 0.7164976622745765)	(3.0, 0.4918331410528873)	(4.0, 0.3643208452243609)	(5.0, 0.3036007043536341)	(6.0, 0.14572833808974436)	(7.0, 0.042504098609508774)	(8.0, 0.09715222539316291)	(9.0, 0.38253688748557896)	('>10', 6.940312101524075)	('>50', 3.6432084522436092)	('>100', 28.0284170259275)	('>500', 8.96836480660635)	('>1k', 47.96283927378712)	('>5k', 0.0)	('>10k+', 0.0)
SRR926530	(1.0, 2.87672655519784)	(2.0, 0.8308235538477516)	(3.0, 0.7477411984629765)	(4.0, 0.5400353100010385)	(5.0, 0.3634853048083913)	(6.0, 0.2492470661543255)	(7.0, 0.5088794267317479)	(8.0, 0.4154117769238758)	(9.0, 0.18693529961574412)	('>10', 8.547097310208745)	('>50', 7.570879634437637)	('>100', 38.404818776612316)	('>500', 25.72437428601101)	('>1k', 13.033544500986602)	('>5k', 0.0)	('>10k+', 0.0)
SRR926531	(1.0, 2.5335775335775335)	(2.0, 0.9768009768009768)	(3.0, 0.8547008547008548)	(4.0, 0.5291005291005291)	(5.0, 0.4578754578754579)	(6.0, 0.6715506715506716)	(7.0, 0.14245014245014245)	(8.0, 0.40700040700040696)	(9.0, 0.4578754578754579)	('>10', 5.901505901505902)	('>50', 4.273504273504273)	('>100', 34.6052096052096)	('>500', 34.93080993080993)	('>1k', 13.258038258038257)	('>5k', 0.0)	('>10k+', 0.0)
SRR926532	(1.0, 0.9821115398105928)	(2.0, 0.5331462644686075)	(3.0, 0.3156787092248334)	(4.0, 0.22448263767099264)	(5.0, 0.175377060680463)	(6.0, 0.16836197825324448)	(7.0, 0.5401613468958261)	(8.0, 0.22448263767099264)	(9.0, 0.12627148368993335)	('>10', 0.8839003858295336)	('>50', 0.9821115398105928)	('>100', 5.857593826727464)	('>500', 0.0)	('>1k', 23.486495966327606)	('>5k', 65.49982462293931)	('>10k+', 0.0)
SRR926533	(1.0, 2.403846153846154)	(2.0, 0.8522727272727272)	(3.0, 0.590034965034965)	(4.0, 0.17482517482517482)	(5.0, 0.4370629370629371)	(6.0, 0.3933566433566434)	(7.0, 0.30594405594405594)	(8.0, 0.08741258741258741)	(9.0, 0.0)	('>10', 4.840472027972028)	('>50', 6.118881118881119)	('>100', 40.18793706293706)	('>500', 0.0)	('>1k', 43.60795454545455)	('>5k', 0.0)	('>10k+', 0.0)
SRR926534	(1.0, 2.2254830031792614)	(2.0, 0.7988913344746067)	(3.0, 0.6847640009782343)	(4.0, 0.42390152441509743)	(5.0, 0.2445585717779408)	(6.0, 0.293470286133529)	(7.0, 0.28531833374093096)	(8.0, 0.2608624765631369)	(9.0, 0.1467351430667645)	('>10', 4.027064481943426)	('>50', 4.385750387217739)	('>100', 26.436781609195403)	('>500', 22.48308469878536)	('>1k', 37.30333414852857)	('>5k', 0.0)	('>10k+', 0.0)
SRR926535	(1.0, 2.273149007236964)	(2.0, 1.0948227871590277)	(3.0, 0.7236964186305437)	(4.0, 0.48246427908702916)	(5.0, 0.13917238819818148)	(6.0, 0.1113379105585452)	(7.0, 0.5195769159398775)	(8.0, 0.07422527370569679)	(9.0, 0.33401373167563553)	('>10', 7.598812395620709)	('>50', 5.019484134347745)	('>100', 26.554091668213026)	('>500', 24.512896641306366)	('>1k', 30.562256448320653)	('>5k', 0.0)	('>10k+', 0.0)
SRR926536	(1.0, 1.4477862880627685)	(2.0, 0.5604334018307491)	(3.0, 0.47636839155613675)	(4.0, 0.22417336073229963)	(5.0, 0.4203250513730618)	(6.0, 0.28021670091537454)	(7.0, 0.13076779376050812)	(8.0, 0.22417336073229963)	(9.0, 0.08406501027461237)	('>10', 0.7005417522884364)	('>50', 0.0)	('>100', 0.0)	('>500', 6.090042966560807)	('>1k', 89.36110592191294)	('>5k', 0.0)	('>10k+', 0.0)
SRR926537	(1.0, 2.4437927663734116)	(2.0, 1.1078527207559465)	(3.0, 0.8471814923427826)	(4.0, 0.5647876615618551)	(5.0, 0.3258390355164549)	(6.0, 0.13033561420658196)	(7.0, 0.0760291082871728)	(8.0, 0.34756163788421857)	(9.0, 0.5865102639296188)	('>10', 6.744868035190615)	('>50', 7.016400564787661)	('>100', 21.96155099380906)	('>500', 29.781687846203976)	('>1k', 28.065602259150644)	('>5k', 0.0)	('>10k+', 0.0)
SRR926538	(1.0, 2.4359594006766554)	(2.0, 0.8893185113581441)	(3.0, 0.6669888835186081)	(4.0, 0.6959884001933301)	(5.0, 0.5316578057032383)	(6.0, 0.28999516674722087)	(7.0, 0.4736587723537941)	(8.0, 0.4639922667955534)	(9.0, 0.2609956500724988)	('>10', 6.9018849685838575)	('>50', 8.912518124697922)	('>100', 24.079265345577575)	('>500', 42.34896085065249)	('>1k', 11.048815853069115)	('>5k', 0.0)	('>10k+', 0.0)
SRR926539	(1.0, 2.863961813842482)	(2.0, 1.4168276698109632)	(3.0, 0.9773837936129105)	(4.0, 0.6818956699624957)	(5.0, 0.6818956699624957)	(6.0, 0.8182748039549949)	(7.0, 0.45080880403076107)	(8.0, 0.3030647422055537)	(9.0, 0.3068530514831231)	('>10', 6.008258514225101)	('>50', 3.5458574838049777)	('>100', 7.747092472629466)	('>500', 5.083911050498163)	('>1k', 30.458006591658144)	('>5k', 0.0)	('>10k+', 38.655907868318366)
SRR926540	(1.0, 3.368915875036725)	(2.0, 1.5473508960924494)	(3.0, 0.9989227303887963)	(4.0, 0.9401625697776907)	(5.0, 0.7100186073841935)	(6.0, 0.6757418470277152)	(7.0, 0.7198119674860445)	(8.0, 0.5092547252962492)	(9.0, 0.3966310841249633)	('>10', 6.953285672314171)	('>50', 6.297130545490158)	('>100', 13.935951424933895)	('>500', 8.39290960728626)	('>1k', 54.55391244736069)	('>5k', 0.0)	('>10k+', 0.0)
SRR926541	(1.0, 2.4188990618288684)	(2.0, 0.7460155985079688)	(3.0, 0.8138351983723295)	(4.0, 0.5425567989148864)	(5.0, 0.2825816661015033)	(6.0, 0.5425567989148864)	(7.0, 0.3164914660336837)	(8.0, 0.5425567989148864)	(9.0, 0.20345879959308238)	('>10', 5.95682152141969)	('>50', 7.426246185147507)	('>100', 31.34395840397875)	('>500', 17.00011303266644)	('>1k', 31.863908669605518)	('>5k', 0.0)	('>10k+', 0.0)
SRR926542	(1.0, 7.207301720520352)	(2.0, 3.5879143936214857)	(3.0, 2.5493075954678974)	(4.0, 2.308015107007973)	(5.0, 1.5736466638690727)	(6.0, 1.8254301300881242)	(7.0, 2.1296684851028114)	(8.0, 1.6785564414603442)	(9.0, 1.4162819974821654)	('>10', 21.265211917750733)	('>50', 7.417121275702895)	('>100', 12.096097356273605)	('>500', 34.94544691565254)	('>1k', 0.0)	('>5k', 0.0)	('>10k+', 0.0)
SRR926543	(1.0, 2.190780465540849)	(2.0, 0.6389776357827476)	(3.0, 0.37654039251483346)	(4.0, 0.5933363760839799)	(5.0, 0.3423094477407576)	(6.0, 0.2053856686444546)	(7.0, 0.23961661341853036)	(8.0, 0.18256503879507074)	(9.0, 0.3080785029666819)	('>10', 5.625285257873117)	('>50', 3.925148334094021)	('>100', 24.17845732542218)	('>500', 29.415791875855774)	('>1k', 31.777727065267)	('>5k', 0.0)	('>10k+', 0.0)
SRR926544	(1.0, 2.1152726567048323)	(2.0, 0.8732777023093343)	(3.0, 0.34931108092373375)	(4.0, 0.38812342324859306)	(5.0, 0.43663885115466716)	(6.0, 0.17465554046186688)	(7.0, 0.20376479720551136)	(8.0, 0.15524936929943722)	(9.0, 0.34931108092373375)	('>10', 4.715699592470406)	('>50', 4.531340966427324)	('>100', 24.18979235396856)	('>500', 28.497962352027944)	('>1k', 33.019600232874055)	('>5k', 0.0)	('>10k+', 0.0)
SRR926545	(1.0, 5.112510201702227)	(2.0, 2.751544829194357)	(3.0, 1.8800279818118222)	(4.0, 1.5040223854494577)	(5.0, 1.4573860324122654)	(6.0, 1.3990905911157747)	(7.0, 0.7957327736970968)	(8.0, 0.6762271190392911)	(9.0, 0.8919202518363064)	('>10', 14.935292060160895)	('>50', 6.348373557187828)	('>100', 17.13885974116824)	('>500', 6.158913372974233)	('>1k', 38.9500991022502)	('>5k', 0.0)	('>10k+', 0.0)
SRR926546	(1.0, 2.4043062200956937)	(2.0, 0.9330143540669857)	(3.0, 0.7177033492822966)	(4.0, 0.43062200956937796)	(5.0, 0.4784688995215311)	(6.0, 0.3588516746411483)	(7.0, 0.5023923444976076)	(8.0, 0.4784688995215311)	(9.0, 0.3229665071770335)	('>10', 7.703349282296651)	('>50', 11.566985645933014)	('>100', 29.22248803827751)	('>500', 13.80382775119617)	('>1k', 31.076555023923447)	('>5k', 0.0)	('>10k+', 0.0)
SRR926547	(1.0, 2.2424017790956263)	(2.0, 1.3899184581171238)	(3.0, 0.6115641215715345)	(4.0, 0.5189028910303929)	(5.0, 0.23165307635285398)	(6.0, 0.3891771682727947)	(7.0, 0.3891771682727947)	(8.0, 0.2965159377316531)	(9.0, 0.5003706449221645)	('>10', 8.682357301704966)	('>50', 9.96108228317272)	('>100', 41.743884358784285)	('>500', 12.27761304670126)	('>1k', 20.76538176426983)	('>5k', 0.0)	('>10k+', 0.0)
SRR926548	(1.0, 4.603303547251556)	(2.0, 2.1894704266759506)	(3.0, 1.6363003365440407)	(4.0, 1.114076824881049)	(5.0, 1.0637886348690573)	(6.0, 0.8123476848090982)	(7.0, 0.9206607094503114)	(8.0, 0.8665041971297048)	(9.0, 0.9051874202158524)	('>10', 12.274186685234614)	('>50', 4.94758423271827)	('>100', 5.4117829097520405)	('>500', 2.6149858806235735)	('>1k', 20.622026227225252)	('>5k', 40.017794282619626)	('>10k+', 0.0)
SRR926549	(1.0, 2.2340425531914896)	(2.0, 1.127659574468085)	(3.0, 0.5425531914893618)	(4.0, 0.425531914893617)	(5.0, 0.3191489361702127)	(6.0, 0.5106382978723404)	(7.0, 0.22340425531914895)	(8.0, 0.425531914893617)	(9.0, 0.09574468085106383)	('>10', 7.872340425531915)	('>50', 10.47872340425532)	('>100', 21.95744680851064)	('>500', 40.13829787234043)	('>1k', 13.648936170212767)	('>5k', 0.0)	('>10k+', 0.0)
SRR926550	(1.0, 2.0826658122396666)	(2.0, 0.756167894905479)	(3.0, 0.7113104774110862)	(4.0, 0.33322652995834673)	(5.0, 0.5767382249279077)	(6.0, 0.2306952899711631)	(7.0, 0.31400192246074976)	(8.0, 0.15379685998077539)	(9.0, 0.11534764498558155)	('>10', 5.549503364306312)	('>50', 4.2486382569689205)	('>100', 28.727971803909004)	('>500', 24.024351169496956)	('>1k', 32.17558474847805)	('>5k', 0.0)	('>10k+', 0.0)
SRR926551	(1.0, 1.7706614334775432)	(2.0, 0.9009410820213193)	(3.0, 0.7359172204629588)	(4.0, 0.4995316890415236)	(5.0, 0.28990678381874135)	(6.0, 0.4014093929797957)	(7.0, 0.06244146113019045)	(8.0, 0.3924891842469113)	(9.0, 0.08028187859595914)	('>10', 3.849070068239597)	('>50', 2.3549351054814682)	('>100', 6.6098746710673035)	('>500', 0.0)	('>1k', 9.210115516703091)	('>5k', 27.179876009098614)	('>10k+', 45.66254850363499)
SRR926552	(1.0, 2.177797632343087)	(2.0, 0.8487826669644852)	(3.0, 0.7371007371007371)	(4.0, 0.5360732633459906)	(5.0, 0.27920482465937013)	(6.0, 0.20102747375474647)	(7.0, 0.3908867545231181)	(8.0, 0.35738217556399376)	(9.0, 0.5025686843868662)	('>10', 7.985257985257984)	('>50', 6.120169756533393)	('>100', 39.74759883850793)	('>500', 8.778199687290597)	('>1k', 31.3379495197677)	('>5k', 0.0)	('>10k+', 0.0)
SRR926553	(1.0, 2.878934364593404)	(2.0, 0.8164142227951445)	(3.0, 0.515630035449565)	(4.0, 0.2578150177247825)	(5.0, 0.6982490063379525)	(6.0, 0.3222687721559781)	(7.0, 0.4511762810183694)	(8.0, 0.3437533569663766)	(9.0, 0.29004189494038024)	('>10', 7.65925448490708)	('>50', 8.443441830486625)	('>100', 34.16048984853368)	('>500', 18.841980878719518)	('>1k', 24.320550005371146)	('>5k', 0.0)	('>10k+', 0.0)
SRR926554	(1.0, 4.9137208428476455)	(2.0, 2.335462612365234)	(3.0, 1.8990085845593547)	(4.0, 1.3758418359973408)	(5.0, 1.1706217302078215)	(6.0, 0.9538399283174842)	(7.0, 0.6879209179986704)	(8.0, 0.9249356880654391)	(9.0, 0.8324421192588952)	('>10', 12.36523397982484)	('>50', 5.668121513426019)	('>100', 12.879729456311239)	('>500', 5.916697979593606)	('>1k', 21.224383617076626)	('>5k', 26.85203919414978)	('>10k+', 0.0)
SRR926555	(1.0, 1.5244506038408236)	(2.0, 0.8315185111859038)	(3.0, 0.5048505246485845)	(4.0, 0.27717283706196794)	(5.0, 0.3464660463274599)	(6.0, 0.4751534349633736)	(7.0, 0.27717283706196794)	(8.0, 0.15838447832112454)	(9.0, 0.08909126905563254)	('>10', 6.256186893684419)	('>50', 3.2468818055830533)	('>100', 41.24925757275787)	('>500', 0.0)	('>1k', 44.76341318550782)	('>5k', 0.0)	('>10k+', 0.0)
SRR926556	(1.0, 3.3754495988195146)	(2.0, 1.457161302222632)	(3.0, 0.8023609702111961)	(4.0, 0.4795720741492207)	(5.0, 0.32278889606197547)	(6.0, 0.5533523932491008)	(7.0, 0.38734667527437056)	(8.0, 0.5902425527990408)	(9.0, 0.3320114359494605)	('>10', 5.478188693166098)	('>50', 4.270035967905561)	('>100', 38.68855482799963)	('>500', 20.427925850779303)	('>1k', 22.835008761412894)	('>5k', 0.0)	('>10k+', 0.0)
SRR926557	(1.0, 4.25531914893617)	(2.0, 2.1417035320553333)	(3.0, 1.474615546661049)	(4.0, 1.657186995295274)	(5.0, 1.158626500947967)	(6.0, 0.9900990099009901)	(7.0, 0.639000070219788)	(8.0, 0.8145495400603889)	(9.0, 0.6951759005687803)	('>10', 13.074924513727968)	('>50', 8.008566814128221)	('>100', 22.498420054771433)	('>500', 2.580577206656836)	('>1k', 19.651007653956885)	('>5k', 20.360227512112914)	('>10k+', 0.0)
SRR926558	(1.0, 2.532396874072609)	(2.0, 1.1277079829854586)	(3.0, 0.9793253536452665)	(4.0, 0.6330992185181522)	(5.0, 0.2967652586803838)	(6.0, 0.5935305173607676)	(7.0, 0.13849045405084578)	(8.0, 0.07913740231476903)	(9.0, 0.08902957760411515)	('>10', 5.974873874765061)	('>50', 4.530616282520526)	('>100', 31.496686121278067)	('>500', 7.241072311801365)	('>1k', 44.28726877040261)	('>5k', 0.0)	('>10k+', 0.0)
SRR926559	(1.0, 2.888214109173081)	(2.0, 1.2004801920768309)	(3.0, 0.5931784478497282)	(4.0, 0.677918226113975)	(5.0, 0.4236988913212344)	(6.0, 0.2542193347927406)	(7.0, 0.4943153732081068)	(8.0, 0.3389591130569875)	(9.0, 0.2542193347927406)	('>10', 6.920415224913495)	('>50', 4.371160228797401)	('>100', 23.458795282819008)	('>500', 24.984111291575452)	('>1k', 33.14031494950921)	('>5k', 0.0)	('>10k+', 0.0)
SRR926560	(1.0, 3.805938937682978)	(2.0, 2.2166457549142615)	(3.0, 1.3488080301129235)	(4.0, 0.8782936010037641)	(5.0, 0.9410288582183186)	(6.0, 0.5646173149309912)	(7.0, 0.8051024675867837)	(8.0, 0.1672940192388122)	(9.0, 0.18820577164366373)	('>10', 7.559598494353827)	('>50', 4.297365119196988)	('>100', 5.1547469677959015)	('>500', 0.0)	('>1k', 72.07235466332078)	('>5k', 0.0)	('>10k+', 0.0)
SRR926561	(1.0, 2.886721083018117)	(2.0, 1.7121242285486762)	(3.0, 1.1347800119450528)	(4.0, 0.5574357953414294)	(5.0, 0.6967947441767868)	(6.0, 0.836153693012144)	(7.0, 0.418076846506072)	(8.0, 1.1148715906828588)	(9.0, 0.35835158271949036)	('>10', 11.905235914791957)	('>50', 10.312562213816443)	('>100', 37.08938881146725)	('>500', 0.0)	('>1k', 30.977503483973724)	('>5k', 0.0)	('>10k+', 0.0)
SRR926562	(1.0, 2.3587652882935353)	(2.0, 1.2667443214909726)	(3.0, 0.5896913220733838)	(4.0, 0.29120559114735)	(5.0, 0.25480489225393127)	(6.0, 0.3931275480489225)	(7.0, 0.4076878276062901)	(8.0, 0.29120559114735)	(9.0, 0.19656377402446126)	('>10', 7.702387885847409)	('>50', 5.860512521840419)	('>100', 29.695690157251022)	('>500', 27.48252766453116)	('>1k', 23.209085614443797)	('>5k', 0.0)	('>10k+', 0.0)
SRR926563	(1.0, 4.985189739004079)	(2.0, 1.889006874196613)	(3.0, 1.4586709886547813)	(4.0, 1.2518862124853294)	(5.0, 1.0618677695188061)	(6.0, 1.0395126585815682)	(7.0, 0.8215503269434975)	(8.0, 0.5365226624937126)	(9.0, 0.5532889956966411)	('>10', 11.89850779634494)	('>50', 3.671826971441346)	('>100', 8.472587045213212)	('>500', 4.426311965573129)	('>1k', 57.93326999385234)	('>5k', 0.0)	('>10k+', 0.0)
SRR926564	(1.0, 2.668491276086213)	(2.0, 1.0092370851864523)	(3.0, 0.6414642490591858)	(4.0, 0.6158056790968184)	(5.0, 0.29934998289428666)	(6.0, 0.3079028395484092)	(7.0, 0.29934998289428666)	(8.0, 0.20526855969893945)	(9.0, 0.0769757098871023)	('>10', 5.123161135819363)	('>50', 3.4639069449196027)	('>100', 28.250085528566544)	('>500', 16.455696202531644)	('>1k', 40.58330482381115)	('>5k', 0.0)	('>10k+', 0.0)
SRR926565	(1.0, 2.6976586359009165)	(2.0, 1.153715643026807)	(3.0, 0.40719375636240246)	(4.0, 0.3732609433322022)	(5.0, 0.4241601628775025)	(6.0, 0.35629453681710216)	(7.0, 0.23752969121140144)	(8.0, 0.4750593824228029)	(9.0, 0.2290464879538514)	('>10', 6.073973532405836)	('>50', 5.598914149983034)	('>100', 31.10790634543604)	('>500', 22.99796403121819)	('>1k', 27.867322701051915)	('>5k', 0.0)	('>10k+', 0.0)
SRR926566	(1.0, 6.568231477189962)	(2.0, 3.2708733364232274)	(3.0, 2.6021320267496524)	(4.0, 1.6420578692974905)	(5.0, 1.4235582334635504)	(6.0, 0.7945441303052374)	(7.0, 0.9733165596239157)	(8.0, 1.1653313911143481)	(9.0, 0.9534529563662849)	('>10', 14.043567503145072)	('>50', 9.077666688737338)	('>100', 5.820035754485864)	('>500', 0.0)	('>1k', 51.66523207309805)	('>5k', 0.0)	('>10k+', 0.0)
SRR926567	(1.0, 2.7849578921037272)	(2.0, 0.8171433336112732)	(3.0, 0.7754523472025348)	(4.0, 0.33352789126990745)	(5.0, 0.25014591845243056)	(6.0, 0.40023346952388894)	(7.0, 0.17510214291670143)	(8.0, 0.33352789126990745)	(9.0, 0.3001751021429167)	('>10', 8.121404152422246)	('>50', 3.1685149670641204)	('>100', 21.095639122821648)	('>500', 20.587009088635035)	('>1k', 40.85716668056366)	('>5k', 0.0)	('>10k+', 0.0)
SRR926568	(1.0, 2.836758960421267)	(2.0, 0.7813827076609479)	(3.0, 0.713436385255648)	(4.0, 0.5095974180397486)	(5.0, 0.552063869543061)	(6.0, 0.356718192627824)	(7.0, 0.23781212841854932)	(8.0, 0.13589264481059962)	(9.0, 0.22931883811788686)	('>10', 9.138780363512824)	('>50', 4.5948700526584)	('>100', 31.22982843553593)	('>500', 21.870222524205875)	('>1k', 26.81331747919144)	('>5k', 0.0)	('>10k+', 0.0)
SRR926569	(1.0, 5.615120274914089)	(2.0, 2.597938144329897)	(3.0, 1.5876288659793816)	(4.0, 1.209621993127148)	(5.0, 1.3402061855670102)	(6.0, 1.0721649484536082)	(7.0, 1.1546391752577319)	(8.0, 0.7697594501718213)	(9.0, 0.8041237113402062)	('>10', 11.085910652920962)	('>50', 2.7010309278350517)	('>100', 3.5463917525773194)	('>500', 17.237113402061855)	('>1k', 0.0)	('>5k', 49.27835051546392)	('>10k+', 0.0)
SRR926570	(1.0, 2.0081157007595465)	(2.0, 0.9572364998439288)	(3.0, 0.37457080428675477)	(4.0, 0.45780876079492244)	(5.0, 0.312142336905629)	(6.0, 0.18728540214337738)	(7.0, 0.29133284777858703)	(8.0, 0.24971386952450317)	(9.0, 0.09364270107168869)	('>10', 5.046301113307669)	('>50', 6.430132140255957)	('>100', 22.81760482780148)	('>500', 13.838310269482884)	('>1k', 46.93580272604307)	('>5k', 0.0)	('>10k+', 0.0)
SRR926571	(1.0, 2.5949062950504564)	(2.0, 1.1725132148005766)	(3.0, 0.49014896684286396)	(4.0, 0.23065833733781835)	(5.0, 0.5766458433445458)	(6.0, 0.23065833733781835)	(7.0, 0.5382027871215762)	(8.0, 0.30754444978375783)	(9.0, 0.3459875060067275)	('>10', 6.852474771744353)	('>50', 4.757328207592504)	('>100', 28.342143200384427)	('>500', 11.494473810667948)	('>1k', 42.06631427198462)	('>5k', 0.0)	('>10k+', 0.0)
SRR926572	(1.0, 3.0214672075726843)	(2.0, 1.6734279918864097)	(3.0, 1.1536511156186613)	(4.0, 0.828262339418526)	(5.0, 0.697261663286004)	(6.0, 0.6085192697768762)	(7.0, 0.47329276538201487)	(8.0, 0.5409060175794456)	(9.0, 0.3803245436105477)	('>10', 6.279580797836376)	('>50', 1.301555104800541)	('>100', 7.720588235294118)	('>500', 0.0)	('>1k', 8.688302907369845)	('>5k', 66.63286004056795)	('>10k+', 0.0)
