Sample	0	1	2	3	4	5	6	7	8	9	10	11	12	13	14	15	16	17	18	19	20	21	22	23	24	25	26	27	28	29	30	31	32	33	34	35	36	37	38	39	40	41	42	43	44	45	46	47	48	49	50
SRR1654656	(30, 49.0)	(40, 35.0)	(50, 115.0)	(60, 152.0)	(70, 82.0)	(80, 64.0)	(90, 56.0)	(100, 57.0)	(110, 63.0)	(120, 99.0)	(130, 152.0)	(140, 134.0)	(150, 97.0)	(160, 62.0)	(170, 54.0)	(180, 83.0)	(190, 169.0)	(200, 315.0)	(210, 133.0)	(220, 132.0)	(230, 159.0)	(240, 239.0)	(250, 208.0)	(260, 179.0)	(270, 160.0)	(280, 95.0)	(290, 179.0)	(300, 169.0)	(310, 189.0)	(320, 122.0)	(330, 199.0)	(340, 212.0)	(350, 221.0)	(360, 274.0)	(370, 234.0)	(380, 207.0)	(390, 215.0)	(400, 440.0)	(410, 638.0)	(420, 622.0)	(430, 214.0)	(440, 103.0)	(450, 71.0)	(460, 82.0)	(470, 120.0)	(480, 211.0)	(490, 217.0)	(500, 177.0)	(510, 222.0)	(520, 145.0)	(530, 1.0)
SRR1654658	(30, 44.0)	(40, 25.0)	(50, 64.0)	(60, 83.0)	(70, 62.0)	(80, 47.0)	(90, 48.0)	(100, 33.0)	(110, 42.0)	(120, 93.0)	(130, 89.0)	(140, 82.0)	(150, 59.0)	(160, 44.0)	(170, 34.0)	(180, 54.0)	(190, 98.0)	(200, 145.0)	(210, 106.0)	(220, 85.0)	(230, 89.0)	(240, 125.0)	(250, 115.0)	(260, 151.0)	(270, 66.0)	(280, 113.0)	(290, 232.0)	(300, 199.0)	(310, 169.0)	(320, 110.0)	(330, 236.0)	(340, 198.0)	(350, 203.0)	(360, 319.0)	(370, 279.0)	(380, 111.0)	(390, 182.0)	(400, 345.0)	(410, 505.0)	(420, 489.0)	(430, 192.0)	(440, 123.0)	(450, 106.0)	(460, 94.0)	(470, 157.0)	(480, 247.0)	(490, 235.0)	(500, 209.0)	(510, 95.0)	(520, 13.0)	
SRR1654661	(30, 27.0)	(40, 34.0)	(50, 72.0)	(60, 95.0)	(70, 58.0)	(80, 46.0)	(90, 47.0)	(100, 24.0)	(110, 55.0)	(120, 70.0)	(130, 80.0)	(140, 106.0)	(150, 91.0)	(160, 50.0)	(170, 37.0)	(180, 74.0)	(190, 134.0)	(200, 378.0)	(210, 101.0)	(220, 96.0)	(230, 114.0)	(240, 231.0)	(250, 128.0)	(260, 117.0)	(270, 78.0)	(280, 52.0)	(290, 90.0)	(300, 109.0)	(310, 98.0)	(320, 87.0)	(330, 152.0)	(340, 142.0)	(350, 163.0)	(360, 215.0)	(370, 201.0)	(380, 94.0)	(390, 175.0)	(400, 252.0)	(410, 435.0)	(420, 415.0)	(430, 202.0)	(440, 69.0)	(450, 27.0)	(460, 35.0)	(470, 77.0)	(480, 111.0)	(490, 108.0)	(500, 104.0)	(510, 104.0)	(520, 30.0)	(530, 2.0)
SRR1654662	(30, 39.0)	(40, 26.0)	(50, 77.0)	(60, 92.0)	(70, 53.0)	(80, 32.0)	(90, 37.0)	(100, 40.0)	(110, 46.0)	(120, 60.0)	(130, 96.0)	(140, 74.0)	(150, 56.0)	(160, 40.0)	(170, 30.0)	(180, 46.0)	(190, 87.0)	(200, 124.0)	(210, 74.0)	(220, 55.0)	(230, 74.0)	(240, 111.0)	(250, 124.0)	(260, 124.0)	(270, 91.0)	(280, 52.0)	(290, 120.0)	(300, 120.0)	(310, 127.0)	(320, 102.0)	(330, 134.0)	(340, 158.0)	(350, 154.0)	(360, 187.0)	(370, 172.0)	(380, 102.0)	(390, 140.0)	(400, 330.0)	(410, 456.0)	(420, 386.0)	(430, 165.0)	(440, 88.0)	(450, 62.0)	(460, 59.0)	(470, 99.0)	(480, 159.0)	(490, 152.0)	(500, 136.0)	(510, 158.0)	(520, 74.0)	
SRR1654663	(30, 28.0)	(40, 16.0)	(50, 57.0)	(60, 78.0)	(70, 49.0)	(80, 38.0)	(90, 36.0)	(100, 38.0)	(110, 39.0)	(120, 56.0)	(130, 71.0)	(140, 63.0)	(150, 45.0)	(160, 53.0)	(170, 35.0)	(180, 42.0)	(190, 63.0)	(200, 81.0)	(210, 76.0)	(220, 71.0)	(230, 68.0)	(240, 93.0)	(250, 126.0)	(260, 110.0)	(270, 85.0)	(280, 58.0)	(290, 117.0)	(300, 111.0)	(310, 101.0)	(320, 77.0)	(330, 141.0)	(340, 141.0)	(350, 159.0)	(360, 209.0)	(370, 172.0)	(380, 109.0)	(390, 173.0)	(400, 298.0)	(410, 404.0)	(420, 372.0)	(430, 149.0)	(440, 89.0)	(450, 54.0)	(460, 57.0)	(470, 133.0)	(480, 178.0)	(490, 123.0)	(500, 145.0)	(510, 159.0)	(520, 64.0)	(530, 3.0)
SRR1654988	(30, 31.0)	(40, 54.0)	(50, 122.0)	(60, 119.0)	(70, 103.0)	(80, 60.0)	(90, 39.0)	(100, 39.0)	(110, 63.0)	(120, 90.0)	(130, 113.0)	(140, 106.0)	(150, 82.0)	(160, 62.0)	(170, 46.0)	(180, 61.0)	(190, 116.0)	(200, 139.0)	(210, 103.0)	(220, 87.0)	(230, 103.0)	(240, 162.0)	(250, 203.0)	(260, 201.0)	(270, 130.0)	(280, 88.0)	(290, 131.0)	(300, 156.0)	(310, 159.0)	(320, 134.0)	(330, 238.0)	(340, 248.0)	(350, 226.0)	(360, 285.0)	(370, 186.0)	(380, 128.0)	(390, 170.0)	(400, 515.0)	(410, 859.0)	(420, 539.0)	(430, 249.0)	(440, 131.0)	(450, 76.0)	(460, 154.0)	(470, 268.0)	(480, 382.0)	(490, 293.0)	(500, 187.0)	(510, 388.0)	(520, 122.0)	(530, 4.0)
SRR1654993	(20, 39.0)	(40, 84.0)	(60, 160.0)	(80, 79.0)	(100, 75.0)	(120, 211.0)	(140, 175.0)	(160, 102.0)	(180, 173.0)	(200, 240.0)	(220, 192.0)	(240, 266.0)	(260, 206.0)	(280, 163.0)	(300, 258.0)	(320, 255.0)	(340, 324.0)	(360, 369.0)	(380, 346.0)	(400, 950.0)	(420, 749.0)	(440, 297.0)	(460, 425.0)	(480, 615.0)	(500, 472.0)	(520, 61.0)	(540, 1.0)																								
SRR1655000	(30, 36.0)	(40, 53.0)	(50, 142.0)	(60, 175.0)	(70, 119.0)	(80, 109.0)	(90, 78.0)	(100, 56.0)	(110, 58.0)	(120, 119.0)	(130, 168.0)	(140, 144.0)	(150, 91.0)	(160, 57.0)	(170, 61.0)	(180, 90.0)	(190, 174.0)	(200, 188.0)	(210, 135.0)	(220, 112.0)	(230, 141.0)	(240, 224.0)	(250, 230.0)	(260, 193.0)	(270, 148.0)	(280, 116.0)	(290, 193.0)	(300, 186.0)	(310, 138.0)	(320, 194.0)	(330, 234.0)	(340, 245.0)	(350, 260.0)	(360, 336.0)	(370, 227.0)	(380, 197.0)	(390, 198.0)	(400, 559.0)	(410, 990.0)	(420, 634.0)	(430, 405.0)	(440, 197.0)	(450, 156.0)	(460, 254.0)	(470, 352.0)	(480, 535.0)	(490, 483.0)	(500, 377.0)	(510, 482.0)	(520, 147.0)	(530, 3.0)
SRR1655058	(30, 28.0)	(40, 26.0)	(50, 59.0)	(60, 58.0)	(70, 84.0)	(80, 35.0)	(90, 31.0)	(100, 28.0)	(110, 47.0)	(120, 70.0)	(130, 83.0)	(140, 81.0)	(150, 61.0)	(160, 37.0)	(170, 42.0)	(180, 57.0)	(190, 79.0)	(200, 136.0)	(210, 91.0)	(220, 93.0)	(230, 129.0)	(240, 176.0)	(250, 169.0)	(260, 100.0)	(270, 76.0)	(280, 63.0)	(290, 110.0)	(300, 112.0)	(310, 76.0)	(320, 92.0)	(330, 147.0)	(340, 145.0)	(350, 140.0)	(360, 204.0)	(370, 133.0)	(380, 65.0)	(390, 109.0)	(400, 262.0)	(410, 560.0)	(420, 366.0)	(430, 167.0)	(440, 102.0)	(450, 67.0)	(460, 95.0)	(470, 178.0)	(480, 252.0)	(490, 192.0)	(500, 159.0)	(510, 244.0)	(520, 24.0)	(530, 1.0)
SRR1655059	(30, 38.0)	(40, 19.0)	(50, 54.0)	(60, 90.0)	(70, 86.0)	(80, 36.0)	(90, 35.0)	(100, 35.0)	(110, 51.0)	(120, 80.0)	(130, 93.0)	(140, 83.0)	(150, 65.0)	(160, 30.0)	(170, 37.0)	(180, 60.0)	(190, 119.0)	(200, 221.0)	(210, 127.0)	(220, 78.0)	(230, 117.0)	(240, 194.0)	(250, 157.0)	(260, 123.0)	(270, 96.0)	(280, 72.0)	(290, 154.0)	(300, 125.0)	(310, 121.0)	(320, 111.0)	(330, 169.0)	(340, 184.0)	(350, 172.0)	(360, 215.0)	(370, 128.0)	(380, 79.0)	(390, 104.0)	(400, 268.0)	(410, 447.0)	(420, 338.0)	(430, 198.0)	(440, 105.0)	(450, 108.0)	(460, 109.0)	(470, 165.0)	(480, 276.0)	(490, 267.0)	(500, 151.0)	(510, 167.0)	(520, 34.0)	
SRR1655068	(30, 52.0)	(40, 44.0)	(50, 81.0)	(60, 93.0)	(70, 83.0)	(80, 63.0)	(90, 44.0)	(100, 47.0)	(110, 42.0)	(120, 116.0)	(130, 127.0)	(140, 134.0)	(150, 80.0)	(160, 66.0)	(170, 42.0)	(180, 56.0)	(190, 90.0)	(200, 123.0)	(210, 135.0)	(220, 93.0)	(230, 147.0)	(240, 204.0)	(250, 183.0)	(260, 208.0)	(270, 131.0)	(280, 95.0)	(290, 194.0)	(300, 213.0)	(310, 180.0)	(320, 161.0)	(330, 256.0)	(340, 248.0)	(350, 244.0)	(360, 369.0)	(370, 259.0)	(380, 202.0)	(390, 212.0)	(400, 490.0)	(410, 764.0)	(420, 645.0)	(430, 270.0)	(440, 170.0)	(450, 144.0)	(460, 129.0)	(470, 174.0)	(480, 294.0)	(490, 322.0)	(500, 262.0)	(510, 199.0)	(520, 78.0)	
SRR1655069	(30, 32.0)	(40, 17.0)	(50, 50.0)	(60, 49.0)	(70, 47.0)	(80, 28.0)	(90, 33.0)	(100, 18.0)	(110, 33.0)	(120, 66.0)	(130, 93.0)	(140, 54.0)	(150, 38.0)	(160, 30.0)	(170, 33.0)	(180, 42.0)	(190, 82.0)	(200, 100.0)	(210, 72.0)	(220, 44.0)	(230, 59.0)	(240, 86.0)	(250, 104.0)	(260, 94.0)	(270, 57.0)	(280, 50.0)	(290, 82.0)	(300, 99.0)	(310, 83.0)	(320, 108.0)	(330, 129.0)	(340, 149.0)	(350, 145.0)	(360, 188.0)	(370, 120.0)	(380, 77.0)	(390, 141.0)	(400, 273.0)	(410, 478.0)	(420, 413.0)	(430, 258.0)	(440, 122.0)	(450, 125.0)	(460, 112.0)	(470, 193.0)	(480, 269.0)	(490, 291.0)	(500, 242.0)	(510, 161.0)	(520, 28.0)	
SRR1655070	(30, 40.0)	(40, 30.0)	(50, 60.0)	(60, 70.0)	(70, 71.0)	(80, 37.0)	(90, 33.0)	(100, 56.0)	(110, 57.0)	(120, 78.0)	(130, 95.0)	(140, 110.0)	(150, 82.0)	(160, 53.0)	(170, 58.0)	(180, 48.0)	(190, 93.0)	(200, 94.0)	(210, 94.0)	(220, 92.0)	(230, 125.0)	(240, 190.0)	(250, 223.0)	(260, 207.0)	(270, 99.0)	(280, 96.0)	(290, 155.0)	(300, 174.0)	(310, 128.0)	(320, 106.0)	(330, 219.0)	(340, 227.0)	(350, 236.0)	(360, 278.0)	(370, 222.0)	(380, 137.0)	(390, 171.0)	(400, 403.0)	(410, 568.0)	(420, 485.0)	(430, 189.0)	(440, 100.0)	(450, 40.0)	(460, 59.0)	(470, 98.0)	(480, 150.0)	(490, 138.0)	(500, 133.0)	(510, 165.0)	(520, 66.0)	(530, 2.0)
SRR1655071	(30, 39.0)	(40, 31.0)	(50, 63.0)	(60, 78.0)	(70, 59.0)	(80, 47.0)	(90, 37.0)	(100, 53.0)	(110, 58.0)	(120, 88.0)	(130, 86.0)	(140, 107.0)	(150, 68.0)	(160, 59.0)	(170, 36.0)	(180, 57.0)	(190, 73.0)	(200, 136.0)	(210, 96.0)	(220, 84.0)	(230, 88.0)	(240, 159.0)	(250, 163.0)	(260, 161.0)	(270, 132.0)	(280, 81.0)	(290, 144.0)	(300, 145.0)	(310, 152.0)	(320, 126.0)	(330, 200.0)	(340, 211.0)	(350, 220.0)	(360, 323.0)	(370, 225.0)	(380, 107.0)	(390, 170.0)	(400, 387.0)	(410, 574.0)	(420, 485.0)	(430, 256.0)	(440, 126.0)	(450, 114.0)	(460, 141.0)	(470, 212.0)	(480, 300.0)	(490, 248.0)	(500, 249.0)	(510, 179.0)	(520, 41.0)	
SRR1655073	(30, 30.0)	(40, 28.0)	(50, 73.0)	(60, 68.0)	(70, 45.0)	(80, 36.0)	(90, 33.0)	(100, 21.0)	(110, 30.0)	(120, 57.0)	(130, 67.0)	(140, 58.0)	(150, 40.0)	(160, 35.0)	(170, 34.0)	(180, 32.0)	(190, 49.0)	(200, 66.0)	(210, 63.0)	(220, 53.0)	(230, 56.0)	(240, 86.0)	(250, 112.0)	(260, 124.0)	(270, 86.0)	(280, 51.0)	(290, 68.0)	(300, 75.0)	(310, 84.0)	(320, 77.0)	(330, 106.0)	(340, 87.0)	(350, 117.0)	(360, 144.0)	(370, 93.0)	(380, 80.0)	(390, 86.0)	(400, 179.0)	(410, 282.0)	(420, 275.0)	(430, 253.0)	(440, 53.0)	(450, 29.0)	(460, 63.0)	(470, 91.0)	(480, 153.0)	(490, 110.0)	(500, 76.0)	(510, 136.0)	(520, 96.0)	(530, 1.0)
SRR1655074	(30, 42.0)	(40, 51.0)	(50, 128.0)	(60, 160.0)	(70, 85.0)	(80, 47.0)	(90, 54.0)	(100, 60.0)	(110, 69.0)	(120, 118.0)	(130, 160.0)	(140, 144.0)	(150, 81.0)	(160, 68.0)	(170, 71.0)	(180, 75.0)	(190, 137.0)	(200, 112.0)	(210, 100.0)	(220, 85.0)	(230, 130.0)	(240, 128.0)	(250, 174.0)	(260, 203.0)	(270, 181.0)	(280, 70.0)	(290, 124.0)	(300, 136.0)	(310, 158.0)	(320, 150.0)	(330, 195.0)	(340, 200.0)	(350, 223.0)	(360, 269.0)	(370, 195.0)	(380, 200.0)	(390, 228.0)	(400, 398.0)	(410, 596.0)	(420, 574.0)	(430, 240.0)	(440, 117.0)	(450, 81.0)	(460, 111.0)	(470, 126.0)	(480, 201.0)	(490, 233.0)	(500, 208.0)	(510, 246.0)	(520, 164.0)	(530, 3.0)
SRR1655076	(30, 22.0)	(40, 34.0)	(50, 67.0)	(60, 94.0)	(70, 70.0)	(80, 52.0)	(90, 22.0)	(100, 28.0)	(110, 32.0)	(120, 45.0)	(130, 96.0)	(140, 66.0)	(150, 44.0)	(160, 38.0)	(170, 27.0)	(180, 74.0)	(190, 111.0)	(200, 132.0)	(210, 96.0)	(220, 77.0)	(230, 85.0)	(240, 94.0)	(250, 89.0)	(260, 102.0)	(270, 96.0)	(280, 46.0)	(290, 61.0)	(300, 111.0)	(310, 127.0)	(320, 123.0)	(330, 111.0)	(340, 117.0)	(350, 130.0)	(360, 178.0)	(370, 126.0)	(380, 101.0)	(390, 113.0)	(400, 254.0)	(410, 535.0)	(420, 388.0)	(430, 199.0)	(440, 82.0)	(450, 72.0)	(460, 59.0)	(470, 88.0)	(480, 104.0)	(490, 87.0)	(500, 67.0)	(510, 93.0)	(520, 46.0)	(530, 1.0)
SRR1655079	(30, 36.0)	(40, 58.0)	(50, 103.0)	(60, 161.0)	(70, 120.0)	(80, 59.0)	(90, 37.0)	(100, 47.0)	(110, 42.0)	(120, 102.0)	(130, 139.0)	(140, 110.0)	(150, 80.0)	(160, 60.0)	(170, 59.0)	(180, 79.0)	(190, 164.0)	(200, 218.0)	(210, 190.0)	(220, 150.0)	(230, 154.0)	(240, 138.0)	(250, 191.0)	(260, 170.0)	(270, 104.0)	(280, 92.0)	(290, 118.0)	(300, 160.0)	(310, 199.0)	(320, 188.0)	(330, 215.0)	(340, 239.0)	(350, 225.0)	(360, 250.0)	(370, 276.0)	(380, 145.0)	(390, 206.0)	(400, 442.0)	(410, 903.0)	(420, 703.0)	(430, 351.0)	(440, 123.0)	(450, 83.0)	(460, 101.0)	(470, 170.0)	(480, 182.0)	(490, 179.0)	(500, 163.0)	(510, 188.0)	(520, 83.0)	(530, 2.0)
SRR1655080	(20, 78.0)	(40, 208.0)	(60, 403.0)	(80, 167.0)	(100, 139.0)	(120, 260.0)	(140, 237.0)	(160, 146.0)	(180, 398.0)	(200, 527.0)	(220, 501.0)	(240, 263.0)	(260, 330.0)	(280, 206.0)	(300, 472.0)	(320, 513.0)	(340, 483.0)	(360, 540.0)	(380, 505.0)	(400, 1856.0)	(420, 1056.0)	(440, 192.0)	(460, 196.0)	(480, 294.0)	(500, 207.0)	(520, 24.0)	(540, 0.0)	(560, 0.0)	(580, 0.0)	(600, 0.0)	(620, 0.0)	(640, 0.0)	(660, 0.0)	(680, 1.0)																	
SRR1655081	(30, 9.0)	(40, 43.0)	(50, 43.0)	(60, 14.0)	(70, 20.0)	(80, 9.0)	(90, 3.0)	(100, 2.0)	(110, 11.0)	(120, 22.0)	(130, 22.0)	(140, 23.0)	(150, 18.0)	(160, 17.0)	(170, 15.0)	(180, 22.0)	(190, 23.0)	(200, 43.0)	(210, 37.0)	(220, 23.0)	(230, 20.0)	(240, 16.0)	(250, 24.0)	(260, 18.0)	(270, 20.0)	(280, 11.0)	(290, 13.0)	(300, 19.0)	(310, 22.0)	(320, 31.0)	(330, 32.0)	(340, 42.0)	(350, 37.0)	(360, 48.0)	(370, 43.0)	(380, 49.0)	(390, 87.0)	(400, 137.0)	(410, 136.0)	(420, 101.0)	(430, 72.0)	(440, 35.0)	(450, 7.0)	(460, 19.0)	(470, 19.0)	(480, 30.0)	(490, 23.0)	(500, 19.0)	(510, 20.0)	(520, 17.0)	
SRR1655082	(30, 66.0)	(40, 58.0)	(50, 118.0)	(60, 181.0)	(70, 96.0)	(80, 80.0)	(90, 45.0)	(100, 50.0)	(110, 47.0)	(120, 88.0)	(130, 81.0)	(140, 81.0)	(150, 76.0)	(160, 54.0)	(170, 45.0)	(180, 63.0)	(190, 109.0)	(200, 121.0)	(210, 92.0)	(220, 90.0)	(230, 76.0)	(240, 108.0)	(250, 130.0)	(260, 125.0)	(270, 85.0)	(280, 85.0)	(290, 134.0)	(300, 193.0)	(310, 149.0)	(320, 150.0)	(330, 217.0)	(340, 246.0)	(350, 224.0)	(360, 285.0)	(370, 284.0)	(380, 154.0)	(390, 234.0)	(400, 425.0)	(410, 986.0)	(420, 630.0)	(430, 247.0)	(440, 100.0)	(450, 74.0)	(460, 49.0)	(470, 101.0)	(480, 125.0)	(490, 96.0)	(500, 102.0)	(510, 133.0)	(520, 50.0)	(530, 2.0)
SRR1655083	(30, 65.0)	(40, 55.0)	(50, 109.0)	(60, 123.0)	(70, 82.0)	(80, 54.0)	(90, 22.0)	(100, 41.0)	(110, 37.0)	(120, 68.0)	(130, 94.0)	(140, 86.0)	(150, 65.0)	(160, 47.0)	(170, 32.0)	(180, 55.0)	(190, 93.0)	(200, 123.0)	(210, 102.0)	(220, 88.0)	(230, 90.0)	(240, 121.0)	(250, 115.0)	(260, 103.0)	(270, 77.0)	(280, 45.0)	(290, 98.0)	(300, 111.0)	(310, 107.0)	(320, 97.0)	(330, 137.0)	(340, 168.0)	(350, 150.0)	(360, 194.0)	(370, 148.0)	(380, 108.0)	(390, 152.0)	(400, 316.0)	(410, 553.0)	(420, 386.0)	(430, 221.0)	(440, 104.0)	(450, 80.0)	(460, 85.0)	(470, 199.0)	(480, 230.0)	(490, 160.0)	(500, 142.0)	(510, 229.0)	(520, 60.0)	(530, 2.0)
SRR1655085	(30, 65.0)	(40, 54.0)	(50, 128.0)	(60, 140.0)	(70, 85.0)	(80, 48.0)	(90, 51.0)	(100, 48.0)	(110, 56.0)	(120, 78.0)	(130, 116.0)	(140, 94.0)	(150, 68.0)	(160, 54.0)	(170, 57.0)	(180, 107.0)	(190, 155.0)	(200, 240.0)	(210, 122.0)	(220, 115.0)	(230, 111.0)	(240, 100.0)	(250, 114.0)	(260, 154.0)	(270, 109.0)	(280, 99.0)	(290, 100.0)	(300, 169.0)	(310, 197.0)	(320, 137.0)	(330, 185.0)	(340, 177.0)	(350, 196.0)	(360, 235.0)	(370, 196.0)	(380, 179.0)	(390, 242.0)	(400, 514.0)	(410, 785.0)	(420, 648.0)	(430, 295.0)	(440, 103.0)	(450, 92.0)	(460, 151.0)	(470, 159.0)	(480, 184.0)	(490, 168.0)	(500, 115.0)	(510, 167.0)	(520, 49.0)	(530, 1.0)
SRR1655086	(30, 16.0)	(40, 18.0)	(50, 38.0)	(60, 42.0)	(70, 36.0)	(80, 21.0)	(90, 22.0)	(100, 12.0)	(110, 17.0)	(120, 31.0)	(130, 70.0)	(140, 64.0)	(150, 38.0)	(160, 24.0)	(170, 23.0)	(180, 25.0)	(190, 49.0)	(200, 58.0)	(210, 38.0)	(220, 35.0)	(230, 31.0)	(240, 66.0)	(250, 69.0)	(260, 76.0)	(270, 61.0)	(280, 42.0)	(290, 56.0)	(300, 54.0)	(310, 60.0)	(320, 52.0)	(330, 84.0)	(340, 96.0)	(350, 104.0)	(360, 142.0)	(370, 108.0)	(380, 93.0)	(390, 144.0)	(400, 273.0)	(410, 354.0)	(420, 318.0)	(430, 156.0)	(440, 53.0)	(450, 51.0)	(460, 103.0)	(470, 139.0)	(480, 125.0)	(490, 86.0)	(500, 90.0)	(510, 128.0)	(520, 91.0)	
SRR1655087	(20, 40.0)	(40, 127.0)	(60, 165.0)	(80, 60.0)	(100, 58.0)	(120, 138.0)	(140, 107.0)	(160, 49.0)	(180, 117.0)	(200, 174.0)	(220, 148.0)	(240, 174.0)	(260, 144.0)	(280, 137.0)	(300, 218.0)	(320, 188.0)	(340, 306.0)	(360, 409.0)	(380, 220.0)	(400, 808.0)	(420, 567.0)	(440, 111.0)	(460, 192.0)	(480, 199.0)	(500, 150.0)	(520, 88.0)	(540, 1.0)																								
SRR1655088	(30, 47.0)	(40, 37.0)	(50, 92.0)	(60, 132.0)	(70, 70.0)	(80, 48.0)	(90, 30.0)	(100, 30.0)	(110, 27.0)	(120, 63.0)	(130, 78.0)	(140, 72.0)	(150, 47.0)	(160, 37.0)	(170, 24.0)	(180, 62.0)	(190, 78.0)	(200, 92.0)	(210, 76.0)	(220, 64.0)	(230, 60.0)	(240, 76.0)	(250, 112.0)	(260, 78.0)	(270, 70.0)	(280, 72.0)	(290, 72.0)	(300, 87.0)	(310, 97.0)	(320, 98.0)	(330, 114.0)	(340, 139.0)	(350, 145.0)	(360, 201.0)	(370, 178.0)	(380, 118.0)	(390, 167.0)	(400, 294.0)	(410, 500.0)	(420, 353.0)	(430, 151.0)	(440, 64.0)	(450, 48.0)	(460, 84.0)	(470, 139.0)	(480, 158.0)	(490, 105.0)	(500, 87.0)	(510, 141.0)	(520, 77.0)	(530, 1.0)
SRR1655136	(30, 52.0)	(40, 46.0)	(50, 102.0)	(60, 95.0)	(70, 65.0)	(80, 49.0)	(90, 28.0)	(100, 42.0)	(110, 37.0)	(120, 89.0)	(130, 88.0)	(140, 55.0)	(150, 51.0)	(160, 38.0)	(170, 33.0)	(180, 37.0)	(190, 81.0)	(200, 114.0)	(210, 78.0)	(220, 84.0)	(230, 82.0)	(240, 110.0)	(250, 117.0)	(260, 140.0)	(270, 86.0)	(280, 72.0)	(290, 129.0)	(300, 133.0)	(310, 115.0)	(320, 100.0)	(330, 163.0)	(340, 162.0)	(350, 160.0)	(360, 207.0)	(370, 178.0)	(380, 120.0)	(390, 159.0)	(400, 340.0)	(410, 608.0)	(420, 466.0)	(430, 149.0)	(440, 58.0)	(450, 55.0)	(460, 121.0)	(470, 196.0)	(480, 222.0)	(490, 179.0)	(500, 102.0)	(510, 203.0)	(520, 80.0)	
SRR1655137	(30, 37.0)	(40, 49.0)	(50, 100.0)	(60, 110.0)	(70, 73.0)	(80, 68.0)	(90, 38.0)	(100, 30.0)	(110, 33.0)	(120, 70.0)	(130, 96.0)	(140, 93.0)	(150, 70.0)	(160, 41.0)	(170, 64.0)	(180, 80.0)	(190, 68.0)	(200, 98.0)	(210, 72.0)	(220, 53.0)	(230, 67.0)	(240, 89.0)	(250, 92.0)	(260, 82.0)	(270, 53.0)	(280, 52.0)	(290, 75.0)	(300, 95.0)	(310, 101.0)	(320, 107.0)	(330, 151.0)	(340, 150.0)	(350, 148.0)	(360, 205.0)	(370, 157.0)	(380, 99.0)	(390, 152.0)	(400, 366.0)	(410, 455.0)	(420, 326.0)	(430, 165.0)	(440, 75.0)	(450, 50.0)	(460, 96.0)	(470, 126.0)	(480, 174.0)	(490, 118.0)	(500, 109.0)	(510, 145.0)	(520, 81.0)	(530, 6.0)
SRR1655138	(30, 38.0)	(40, 57.0)	(50, 134.0)	(60, 162.0)	(70, 87.0)	(80, 50.0)	(90, 56.0)	(100, 65.0)	(110, 129.0)	(120, 131.0)	(130, 112.0)	(140, 149.0)	(150, 80.0)	(160, 89.0)	(170, 81.0)	(180, 104.0)	(190, 109.0)	(200, 128.0)	(210, 153.0)	(220, 197.0)	(230, 65.0)	(240, 87.0)	(250, 259.0)	(260, 207.0)	(270, 101.0)	(280, 175.0)	(290, 216.0)	(300, 212.0)	(310, 415.0)	(320, 401.0)	(330, 769.0)	(340, 656.0)	(350, 479.0)	(360, 683.0)	(370, 621.0)	(380, 982.0)	(390, 600.0)	(400, 330.0)	(410, 256.0)	(420, 220.0)	(430, 476.0)	(440, 292.0)	(450, 291.0)	(460, 145.0)	(470, 86.0)	(480, 145.0)	(490, 97.0)	(500, 53.0)	(510, 8.0)	(520, 1.0)	
SRR1655139	(30, 33.0)	(40, 70.0)	(50, 128.0)	(60, 175.0)	(70, 72.0)	(80, 47.0)	(90, 64.0)	(100, 66.0)	(110, 117.0)	(120, 86.0)	(130, 110.0)	(140, 121.0)	(150, 64.0)	(160, 112.0)	(170, 97.0)	(180, 79.0)	(190, 91.0)	(200, 108.0)	(210, 115.0)	(220, 123.0)	(230, 60.0)	(240, 70.0)	(250, 150.0)	(260, 132.0)	(270, 121.0)	(280, 138.0)	(290, 167.0)	(300, 169.0)	(310, 309.0)	(320, 281.0)	(330, 530.0)	(340, 445.0)	(350, 398.0)	(360, 481.0)	(370, 493.0)	(380, 644.0)	(390, 1315.0)	(400, 1075.0)	(410, 274.0)	(420, 183.0)	(430, 354.0)	(440, 213.0)	(450, 199.0)	(460, 104.0)	(470, 43.0)	(480, 111.0)	(490, 58.0)	(500, 14.0)	(510, 14.0)	(520, 1.0)	
SRR1655140	(30, 47.0)	(40, 90.0)	(50, 215.0)	(60, 261.0)	(70, 102.0)	(80, 70.0)	(90, 62.0)	(100, 61.0)	(110, 99.0)	(120, 112.0)	(130, 176.0)	(140, 128.0)	(150, 119.0)	(160, 254.0)	(170, 213.0)	(180, 128.0)	(190, 152.0)	(200, 143.0)	(210, 207.0)	(220, 105.0)	(230, 92.0)	(240, 82.0)	(250, 58.0)	(260, 79.0)	(270, 138.0)	(280, 118.0)	(290, 152.0)	(300, 133.0)	(310, 231.0)	(320, 163.0)	(330, 248.0)	(340, 218.0)	(350, 302.0)	(360, 166.0)	(370, 506.0)	(380, 1317.0)	(390, 4342.0)	(400, 3405.0)	(410, 535.0)	(420, 110.0)	(430, 66.0)	(440, 62.0)	(450, 56.0)	(460, 34.0)	(470, 32.0)	(480, 29.0)	(490, 9.0)	(500, 12.0)	(510, 8.0)		
SRR1655141	(30, 46.0)	(40, 69.0)	(50, 130.0)	(60, 168.0)	(70, 67.0)	(80, 43.0)	(90, 52.0)	(100, 53.0)	(110, 95.0)	(120, 86.0)	(130, 106.0)	(140, 133.0)	(150, 80.0)	(160, 79.0)	(170, 69.0)	(180, 69.0)	(190, 94.0)	(200, 117.0)	(210, 88.0)	(220, 121.0)	(230, 73.0)	(240, 56.0)	(250, 151.0)	(260, 127.0)	(270, 104.0)	(280, 88.0)	(290, 125.0)	(300, 145.0)	(310, 300.0)	(320, 238.0)	(330, 412.0)	(340, 394.0)	(350, 315.0)	(360, 431.0)	(370, 413.0)	(380, 554.0)	(390, 788.0)	(400, 685.0)	(410, 302.0)	(420, 344.0)	(430, 507.0)	(440, 184.0)	(450, 120.0)	(460, 81.0)	(470, 66.0)	(480, 89.0)	(490, 56.0)	(500, 33.0)	(510, 18.0)	(520, 5.0)	
SRR1655142	(30, 69.0)	(40, 100.0)	(50, 212.0)	(60, 197.0)	(70, 108.0)	(80, 57.0)	(90, 58.0)	(100, 50.0)	(110, 74.0)	(120, 94.0)	(130, 135.0)	(140, 124.0)	(150, 83.0)	(160, 126.0)	(170, 114.0)	(180, 97.0)	(190, 100.0)	(200, 110.0)	(210, 85.0)	(220, 92.0)	(230, 77.0)	(240, 84.0)	(250, 91.0)	(260, 120.0)	(270, 70.0)	(280, 95.0)	(290, 111.0)	(300, 95.0)	(310, 167.0)	(320, 158.0)	(330, 244.0)	(340, 210.0)	(350, 219.0)	(360, 214.0)	(370, 310.0)	(380, 708.0)	(390, 1767.0)	(400, 1504.0)	(410, 417.0)	(420, 248.0)	(430, 319.0)	(440, 133.0)	(450, 71.0)	(460, 48.0)	(470, 53.0)	(480, 87.0)	(490, 40.0)	(500, 45.0)	(510, 26.0)	(520, 2.0)	(530, 3.0)
SRR1655143	(30, 42.0)	(40, 76.0)	(50, 123.0)	(60, 166.0)	(70, 65.0)	(80, 52.0)	(90, 53.0)	(100, 66.0)	(110, 132.0)	(120, 114.0)	(130, 107.0)	(140, 119.0)	(150, 70.0)	(160, 103.0)	(170, 89.0)	(180, 78.0)	(190, 113.0)	(200, 134.0)	(210, 126.0)	(220, 170.0)	(230, 62.0)	(240, 68.0)	(250, 221.0)	(260, 181.0)	(270, 130.0)	(280, 148.0)	(290, 175.0)	(300, 204.0)	(310, 386.0)	(320, 345.0)	(330, 605.0)	(340, 542.0)	(350, 370.0)	(360, 571.0)	(370, 577.0)	(380, 918.0)	(390, 906.0)	(400, 573.0)	(410, 245.0)	(420, 195.0)	(430, 375.0)	(440, 320.0)	(450, 220.0)	(460, 146.0)	(470, 100.0)	(480, 133.0)	(490, 90.0)	(500, 80.0)	(510, 24.0)	(520, 2.0)	
SRR1655144	(30, 24.0)	(40, 75.0)	(50, 117.0)	(60, 140.0)	(70, 70.0)	(80, 36.0)	(90, 55.0)	(100, 60.0)	(110, 98.0)	(120, 78.0)	(130, 100.0)	(140, 114.0)	(150, 84.0)	(160, 74.0)	(170, 84.0)	(180, 89.0)	(190, 98.0)	(200, 97.0)	(210, 115.0)	(220, 141.0)	(230, 48.0)	(240, 72.0)	(250, 176.0)	(260, 153.0)	(270, 85.0)	(280, 139.0)	(290, 177.0)	(300, 150.0)	(310, 338.0)	(320, 319.0)	(330, 582.0)	(340, 558.0)	(350, 347.0)	(360, 618.0)	(370, 493.0)	(380, 618.0)	(390, 464.0)	(400, 396.0)	(410, 248.0)	(420, 190.0)	(430, 395.0)	(440, 271.0)	(450, 203.0)	(460, 104.0)	(470, 82.0)	(480, 121.0)	(490, 84.0)	(500, 20.0)	(510, 6.0)	(520, 1.0)	
SRR1655145	(30, 55.0)	(40, 85.0)	(50, 203.0)	(60, 233.0)	(70, 111.0)	(80, 83.0)	(90, 83.0)	(100, 67.0)	(110, 139.0)	(120, 128.0)	(130, 137.0)	(140, 129.0)	(150, 88.0)	(160, 152.0)	(170, 111.0)	(180, 116.0)	(190, 129.0)	(200, 147.0)	(210, 154.0)	(220, 187.0)	(230, 75.0)	(240, 96.0)	(250, 264.0)	(260, 157.0)	(270, 129.0)	(280, 156.0)	(290, 195.0)	(300, 200.0)	(310, 406.0)	(320, 373.0)	(330, 695.0)	(340, 646.0)	(350, 529.0)	(360, 658.0)	(370, 645.0)	(380, 760.0)	(390, 1304.0)	(400, 1074.0)	(410, 331.0)	(420, 198.0)	(430, 463.0)	(440, 376.0)	(450, 291.0)	(460, 130.0)	(470, 114.0)	(480, 140.0)	(490, 103.0)	(500, 47.0)	(510, 14.0)		
SRR1655146	(30, 39.0)	(40, 76.0)	(50, 164.0)	(60, 168.0)	(70, 81.0)	(80, 56.0)	(90, 45.0)	(100, 62.0)	(110, 81.0)	(120, 89.0)	(130, 77.0)	(140, 116.0)	(150, 74.0)	(160, 90.0)	(170, 70.0)	(180, 71.0)	(190, 87.0)	(200, 123.0)	(210, 86.0)	(220, 108.0)	(230, 66.0)	(240, 69.0)	(250, 140.0)	(260, 107.0)	(270, 103.0)	(280, 94.0)	(290, 130.0)	(300, 143.0)	(310, 268.0)	(320, 264.0)	(330, 478.0)	(340, 397.0)	(350, 317.0)	(360, 464.0)	(370, 410.0)	(380, 594.0)	(390, 899.0)	(400, 702.0)	(410, 287.0)	(420, 274.0)	(430, 506.0)	(440, 279.0)	(450, 178.0)	(460, 113.0)	(470, 91.0)	(480, 141.0)	(490, 118.0)	(500, 77.0)	(510, 25.0)	(520, 3.0)	
SRR1655147	(30, 45.0)	(40, 77.0)	(50, 142.0)	(60, 171.0)	(70, 77.0)	(80, 61.0)	(90, 66.0)	(100, 70.0)	(110, 121.0)	(120, 102.0)	(130, 95.0)	(140, 126.0)	(150, 78.0)	(160, 91.0)	(170, 74.0)	(180, 96.0)	(190, 108.0)	(200, 140.0)	(210, 128.0)	(220, 171.0)	(230, 44.0)	(240, 78.0)	(250, 220.0)	(260, 171.0)	(270, 114.0)	(280, 142.0)	(290, 163.0)	(300, 179.0)	(310, 350.0)	(320, 330.0)	(330, 698.0)	(340, 603.0)	(350, 424.0)	(360, 708.0)	(370, 552.0)	(380, 650.0)	(390, 593.0)	(400, 498.0)	(410, 312.0)	(420, 262.0)	(430, 439.0)	(440, 292.0)	(450, 254.0)	(460, 140.0)	(470, 81.0)	(480, 131.0)	(490, 123.0)	(500, 40.0)	(510, 13.0)	(520, 8.0)	
SRR1655160	(30, 31.0)	(40, 32.0)	(50, 70.0)	(60, 78.0)	(70, 39.0)	(80, 36.0)	(90, 29.0)	(100, 43.0)	(110, 62.0)	(120, 58.0)	(130, 67.0)	(140, 73.0)	(150, 49.0)	(160, 88.0)	(170, 67.0)	(180, 60.0)	(190, 84.0)	(200, 63.0)	(210, 64.0)	(220, 79.0)	(230, 53.0)	(240, 56.0)	(250, 82.0)	(260, 96.0)	(270, 76.0)	(280, 75.0)	(290, 96.0)	(300, 91.0)	(310, 159.0)	(320, 157.0)	(330, 240.0)	(340, 247.0)	(350, 226.0)	(360, 209.0)	(370, 316.0)	(380, 555.0)	(390, 1429.0)	(400, 1099.0)	(410, 287.0)	(420, 133.0)	(430, 174.0)	(440, 106.0)	(450, 91.0)	(460, 59.0)	(470, 38.0)	(480, 54.0)	(490, 39.0)	(500, 26.0)	(510, 11.0)	(520, 1.0)	
SRR1655161	(30, 42.0)	(40, 50.0)	(50, 73.0)	(60, 117.0)	(70, 118.0)	(80, 71.0)	(90, 41.0)	(100, 50.0)	(110, 68.0)	(120, 84.0)	(130, 93.0)	(140, 125.0)	(150, 96.0)	(160, 103.0)	(170, 81.0)	(180, 127.0)	(190, 125.0)	(200, 135.0)	(210, 68.0)	(220, 56.0)	(230, 78.0)	(240, 52.0)	(250, 52.0)	(260, 73.0)	(270, 64.0)	(280, 59.0)	(290, 61.0)	(300, 74.0)	(310, 118.0)	(320, 140.0)	(330, 132.0)	(340, 167.0)	(350, 163.0)	(360, 135.0)	(370, 123.0)	(380, 199.0)	(390, 906.0)	(400, 1058.0)	(410, 855.0)	(420, 304.0)	(430, 252.0)	(440, 79.0)	(450, 37.0)	(460, 21.0)	(470, 31.0)	(480, 21.0)	(490, 35.0)	(500, 17.0)	(510, 20.0)	(520, 3.0)	(530, 1.0)
SRR1655162	(30, 36.0)	(40, 41.0)	(50, 63.0)	(60, 111.0)	(70, 59.0)	(80, 44.0)	(90, 62.0)	(100, 65.0)	(110, 98.0)	(120, 77.0)	(130, 65.0)	(140, 89.0)	(150, 67.0)	(160, 58.0)	(170, 67.0)	(180, 52.0)	(190, 56.0)	(200, 70.0)	(210, 65.0)	(220, 88.0)	(230, 42.0)	(240, 44.0)	(250, 80.0)	(260, 69.0)	(270, 65.0)	(280, 73.0)	(290, 88.0)	(300, 107.0)	(310, 177.0)	(320, 184.0)	(330, 332.0)	(340, 298.0)	(350, 263.0)	(360, 258.0)	(370, 353.0)	(380, 529.0)	(390, 513.0)	(400, 313.0)	(410, 195.0)	(420, 156.0)	(430, 434.0)	(440, 272.0)	(450, 298.0)	(460, 88.0)	(470, 91.0)	(480, 292.0)	(490, 173.0)	(500, 54.0)	(510, 14.0)	(520, 3.0)	(530, 1.0)
SRR1655168	(30, 31.0)	(40, 24.0)	(50, 46.0)	(60, 156.0)	(70, 87.0)	(80, 54.0)	(90, 36.0)	(100, 55.0)	(110, 60.0)	(120, 65.0)	(130, 84.0)	(140, 79.0)	(150, 67.0)	(160, 88.0)	(170, 101.0)	(180, 109.0)	(190, 130.0)	(200, 181.0)	(210, 145.0)	(220, 164.0)	(230, 90.0)	(240, 106.0)	(250, 78.0)	(260, 67.0)	(270, 76.0)	(280, 82.0)	(290, 63.0)	(300, 70.0)	(310, 80.0)	(320, 78.0)	(330, 115.0)	(340, 93.0)	(350, 96.0)	(360, 79.0)	(370, 120.0)	(380, 212.0)	(390, 759.0)	(400, 750.0)	(410, 325.0)	(420, 84.0)	(430, 82.0)	(440, 24.0)	(450, 16.0)	(460, 16.0)	(470, 23.0)	(480, 19.0)	(490, 21.0)	(500, 16.0)	(510, 11.0)	(520, 6.0)	(530, 1.0)
SRR1655175	(30, 39.0)	(40, 41.0)	(50, 74.0)	(60, 100.0)	(70, 65.0)	(80, 38.0)	(90, 39.0)	(100, 47.0)	(110, 44.0)	(120, 88.0)	(130, 109.0)	(140, 110.0)	(150, 63.0)	(160, 36.0)	(170, 50.0)	(180, 63.0)	(190, 79.0)	(200, 106.0)	(210, 67.0)	(220, 62.0)	(230, 99.0)	(240, 129.0)	(250, 146.0)	(260, 131.0)	(270, 100.0)	(280, 70.0)	(290, 99.0)	(300, 100.0)	(310, 122.0)	(320, 115.0)	(330, 118.0)	(340, 159.0)	(350, 138.0)	(360, 193.0)	(370, 159.0)	(380, 110.0)	(390, 165.0)	(400, 307.0)	(410, 522.0)	(420, 451.0)	(430, 296.0)	(440, 141.0)	(450, 72.0)	(460, 91.0)	(470, 138.0)	(480, 250.0)	(490, 260.0)	(500, 208.0)	(510, 223.0)	(520, 97.0)	(530, 11.0)
SRR1655176	(30, 20.0)	(40, 33.0)	(50, 60.0)	(60, 178.0)	(70, 109.0)	(80, 38.0)	(90, 40.0)	(100, 51.0)	(110, 69.0)	(120, 68.0)	(130, 65.0)	(140, 81.0)	(150, 59.0)	(160, 166.0)	(170, 159.0)	(180, 143.0)	(190, 120.0)	(200, 128.0)	(210, 187.0)	(220, 187.0)	(230, 121.0)	(240, 155.0)	(250, 67.0)	(260, 44.0)	(270, 62.0)	(280, 82.0)	(290, 73.0)	(300, 60.0)	(310, 86.0)	(320, 77.0)	(330, 90.0)	(340, 101.0)	(350, 115.0)	(360, 62.0)	(370, 147.0)	(380, 350.0)	(390, 1319.0)	(400, 1232.0)	(410, 461.0)	(420, 63.0)	(430, 42.0)	(440, 23.0)	(450, 10.0)	(460, 12.0)	(470, 14.0)	(480, 18.0)	(490, 6.0)	(500, 3.0)	(510, 3.0)	(520, 3.0)	
SRR1655177	(30, 48.0)	(40, 84.0)	(50, 65.0)	(60, 257.0)	(70, 519.0)	(80, 63.0)	(90, 38.0)	(100, 38.0)	(110, 96.0)	(120, 106.0)	(130, 150.0)	(140, 182.0)	(150, 119.0)	(160, 64.0)	(170, 113.0)	(180, 211.0)	(190, 399.0)	(200, 393.0)	(210, 371.0)	(220, 697.0)	(230, 370.0)	(240, 44.0)	(250, 32.0)	(260, 14.0)	(270, 16.0)	(280, 18.0)	(290, 27.0)	(300, 36.0)	(310, 27.0)	(320, 42.0)	(330, 50.0)	(340, 53.0)	(350, 32.0)	(360, 17.0)	(370, 31.0)	(380, 58.0)	(390, 229.0)	(400, 203.0)	(410, 93.0)	(420, 23.0)	(430, 28.0)	(440, 10.0)	(450, 8.0)	(460, 3.0)	(470, 13.0)	(480, 20.0)	(490, 5.0)	(500, 6.0)	(510, 1.0)		
SRR1655179	(30, 41.0)	(40, 53.0)	(50, 74.0)	(60, 140.0)	(70, 103.0)	(80, 62.0)	(90, 55.0)	(100, 49.0)	(110, 42.0)	(120, 75.0)	(130, 66.0)	(140, 77.0)	(150, 66.0)	(160, 41.0)	(170, 37.0)	(180, 58.0)	(190, 94.0)	(200, 112.0)	(210, 84.0)	(220, 67.0)	(230, 64.0)	(240, 62.0)	(250, 76.0)	(260, 83.0)	(270, 52.0)	(280, 62.0)	(290, 83.0)	(300, 128.0)	(310, 113.0)	(320, 87.0)	(330, 106.0)	(340, 151.0)	(350, 130.0)	(360, 153.0)	(370, 160.0)	(380, 104.0)	(390, 154.0)	(400, 308.0)	(410, 456.0)	(420, 488.0)	(430, 349.0)	(440, 128.0)	(450, 65.0)	(460, 80.0)	(470, 135.0)	(480, 188.0)	(490, 138.0)	(500, 117.0)	(510, 259.0)	(520, 67.0)	(530, 1.0)
SRR1655180	(30, 46.0)	(40, 65.0)	(50, 78.0)	(60, 158.0)	(70, 96.0)	(80, 67.0)	(90, 45.0)	(100, 68.0)	(110, 81.0)	(120, 77.0)	(130, 91.0)	(140, 110.0)	(150, 82.0)	(160, 271.0)	(170, 282.0)	(180, 227.0)	(190, 188.0)	(200, 194.0)	(210, 197.0)	(220, 181.0)	(230, 104.0)	(240, 138.0)	(250, 75.0)	(260, 55.0)	(270, 82.0)	(280, 95.0)	(290, 107.0)	(300, 111.0)	(310, 145.0)	(320, 113.0)	(330, 130.0)	(340, 113.0)	(350, 168.0)	(360, 113.0)	(370, 218.0)	(380, 359.0)	(390, 2278.0)	(400, 2014.0)	(410, 697.0)	(420, 85.0)	(430, 21.0)	(440, 13.0)	(450, 25.0)	(460, 10.0)	(470, 8.0)	(480, 9.0)	(490, 12.0)	(500, 5.0)	(510, 2.0)	(520, 0.0)	(530, 1.0)
SRR1655181	(30, 18.0)	(40, 32.0)	(50, 44.0)	(60, 149.0)	(70, 107.0)	(80, 47.0)	(90, 36.0)	(100, 50.0)	(110, 83.0)	(120, 86.0)	(130, 85.0)	(140, 101.0)	(150, 48.0)	(160, 100.0)	(170, 122.0)	(180, 127.0)	(190, 126.0)	(200, 152.0)	(210, 126.0)	(220, 195.0)	(230, 168.0)	(240, 133.0)	(250, 86.0)	(260, 48.0)	(270, 41.0)	(280, 70.0)	(290, 76.0)	(300, 66.0)	(310, 75.0)	(320, 80.0)	(330, 95.0)	(340, 112.0)	(350, 84.0)	(360, 96.0)	(370, 91.0)	(380, 472.0)	(390, 1025.0)	(400, 828.0)	(410, 432.0)	(420, 97.0)	(430, 91.0)	(440, 50.0)	(450, 26.0)	(460, 36.0)	(470, 37.0)	(480, 32.0)	(490, 44.0)	(500, 28.0)	(510, 9.0)	(520, 1.0)	(530, 1.0)
SRR1655182	(30, 31.0)	(40, 35.0)	(50, 33.0)	(60, 111.0)	(70, 124.0)	(80, 51.0)	(90, 36.0)	(100, 48.0)	(110, 53.0)	(120, 65.0)	(130, 74.0)	(140, 66.0)	(150, 47.0)	(160, 112.0)	(170, 93.0)	(180, 123.0)	(190, 140.0)	(200, 153.0)	(210, 176.0)	(220, 171.0)	(230, 105.0)	(240, 138.0)	(250, 100.0)	(260, 76.0)	(270, 66.0)	(280, 55.0)	(290, 61.0)	(300, 60.0)	(310, 71.0)	(320, 101.0)	(330, 87.0)	(340, 104.0)	(350, 111.0)	(360, 83.0)	(370, 78.0)	(380, 203.0)	(390, 695.0)	(400, 682.0)	(410, 247.0)	(420, 79.0)	(430, 67.0)	(440, 31.0)	(450, 6.0)	(460, 24.0)	(470, 24.0)	(480, 36.0)	(490, 26.0)	(500, 16.0)	(510, 9.0)	(520, 5.0)	(530, 1.0)
SRR1655183	(20, 30.0)	(40, 85.0)	(60, 271.0)	(80, 98.0)	(100, 107.0)	(120, 145.0)	(140, 112.0)	(160, 130.0)	(180, 213.0)	(200, 243.0)	(220, 476.0)	(240, 162.0)	(260, 112.0)	(280, 121.0)	(300, 136.0)	(320, 140.0)	(340, 214.0)	(360, 166.0)	(380, 794.0)	(400, 944.0)	(420, 205.0)	(440, 82.0)	(460, 79.0)	(480, 96.0)	(500, 17.0)	(520, 0.0)	(540, 0.0)	(560, 0.0)	(580, 0.0)	(600, 0.0)	(620, 0.0)	(640, 1.0)																			
SRR1655184	(30, 55.0)	(40, 58.0)	(50, 55.0)	(60, 99.0)	(70, 119.0)	(80, 49.0)	(90, 32.0)	(100, 40.0)	(110, 55.0)	(120, 131.0)	(130, 142.0)	(140, 147.0)	(150, 91.0)	(160, 105.0)	(170, 89.0)	(180, 178.0)	(190, 194.0)	(200, 273.0)	(210, 138.0)	(220, 149.0)	(230, 97.0)	(240, 66.0)	(250, 55.0)	(260, 53.0)	(270, 61.0)	(280, 49.0)	(290, 71.0)	(300, 86.0)	(310, 129.0)	(320, 113.0)	(330, 135.0)	(340, 169.0)	(350, 177.0)	(360, 138.0)	(370, 141.0)	(380, 414.0)	(390, 922.0)	(400, 836.0)	(410, 548.0)	(420, 214.0)	(430, 202.0)	(440, 47.0)	(450, 12.0)	(460, 21.0)	(470, 9.0)	(480, 13.0)	(490, 9.0)	(500, 12.0)	(510, 7.0)	(520, 1.0)	
SRR1655185	(30, 25.0)	(40, 26.0)	(50, 24.0)	(60, 73.0)	(70, 76.0)	(80, 33.0)	(90, 32.0)	(100, 40.0)	(110, 30.0)	(120, 48.0)	(130, 68.0)	(140, 56.0)	(150, 41.0)	(160, 59.0)	(170, 53.0)	(180, 94.0)	(190, 100.0)	(200, 96.0)	(210, 79.0)	(220, 89.0)	(230, 57.0)	(240, 66.0)	(250, 75.0)	(260, 61.0)	(270, 74.0)	(280, 48.0)	(290, 47.0)	(300, 53.0)	(310, 65.0)	(320, 81.0)	(330, 82.0)	(340, 92.0)	(350, 94.0)	(360, 92.0)	(370, 61.0)	(380, 117.0)	(390, 364.0)	(400, 436.0)	(410, 285.0)	(420, 82.0)	(430, 47.0)	(440, 23.0)	(450, 17.0)	(460, 12.0)	(470, 12.0)	(480, 16.0)	(490, 15.0)	(500, 13.0)	(510, 12.0)	(520, 1.0)	
SRR1655186	(20, 62.0)	(40, 125.0)	(60, 299.0)	(80, 108.0)	(100, 143.0)	(120, 188.0)	(140, 165.0)	(160, 741.0)	(180, 385.0)	(200, 385.0)	(220, 279.0)	(240, 245.0)	(260, 115.0)	(280, 240.0)	(300, 291.0)	(320, 304.0)	(340, 366.0)	(360, 371.0)	(380, 3002.0)	(400, 2984.0)	(420, 73.0)	(440, 23.0)	(460, 12.0)	(480, 29.0)	(500, 10.0)	(520, 0.0)	(540, 1.0)																								
