Sample	0	1	2	3	4	5	6	7	8	9	10	11	12	13	14	15	16	17	18	19	20	21	22	23	24	25	26	27	28	29	30	31	32	33	34	35	36	37	38	39	40	41	42	43	44	45	46	47	48	49	50	51	52	53	54	55	56	57	58	59	60	61	62	63	64	65	66	67	68	69	70	71	72	73
SRR1654656	(1, 37.217688651906805)	(2, 37.13480931957807)	(3, 36.38657702561725)	(4, 35.3322128202156)	(5, 35.37255129245392)	(6, 35.42077199489973)	(7, 39.10838066535296)	(8, 39.26034542714733)	(9, 39.27877593601484)	(10, 39.09171206676713)	(20, 38.56361423438044)	(30, 38.14901933573133)	(40, 37.01941305836136)	(50, 34.96716533617589)	(60, 34.08249127359655)	(70, 34.329100550002195)	(80, 34.516593799124756)	(90, 34.63458588006031)	(100, 34.89461401491447)	(110, 35.019968268782975)	(120, 34.537900778521056)	(130, 32.69032631718599)	(140, 30.10643830077902)	(150, 29.098627728912618)	(160, 30.528513651610332)	(170, 32.093254283193346)	(180, 32.019060512675935)	(190, 31.76460345164145)	(200, 29.791210578798154)	(210, 30.41822652156737)	(220, 31.014701535749793)	(230, 31.471194197431668)	(240, 31.058363764184538)	(250, 27.190738847082883)	(260, 24.47468882482653)	(270, 27.374963458463498)	(280, 27.139409763562924)	(290, 28.112632014605264)	(300, 23.52435375934665)	(310, 25.918162321607902)	(320, 28.00090594352407)	(330, 25.69506570087173)	(340, 24.664358037977262)	(350, 26.14121259260213)	(360, 23.781411663427594)	(370, 24.030903446499007)	(380, 24.571066928661402)	(390, 26.51911373198983)	(400, 26.917021577521222)	(410, 21.754827440878724)	(420, 17.04810148305931)	(430, 16.657015698143816)	(440, 16.783940477409274)	(450, 18.45014613513488)	(460, 18.838883289994737)	(470, 19.825421249246926)	(480, 20.3032113228749)	(490, 20.85322516958926)	(500, 21.77320569076002)	(510, 21.25718815853049)	(520, 21.908763616906043)	(530, 24.857142857142858)												
SRR1654658	(1, 37.00582055650199)	(2, 36.84057353776264)	(3, 35.564735945485516)	(4, 33.41496308915389)	(5, 33.378052243043726)	(6, 33.44818285065304)	(7, 38.23140261215219)	(8, 38.53634298693924)	(9, 38.60505394662124)	(10, 38.57866269165247)	(20, 38.55888699602498)	(30, 38.11039052005133)	(40, 37.14390643109682)	(50, 35.530939525326836)	(60, 34.59803987827433)	(70, 35.42559178329066)	(80, 35.58303769124674)	(90, 35.73928210331308)	(100, 35.68816506377516)	(110, 35.58818525118949)	(120, 34.588603602589245)	(130, 32.86046942756236)	(140, 32.25491210592143)	(150, 30.274003931760614)	(160, 31.298132100975295)	(170, 33.709326072883144)	(180, 34.14000501995305)	(190, 32.52806351662678)	(200, 29.72092488887614)	(210, 31.627976717873857)	(220, 31.42462520557122)	(230, 31.4923914761133)	(240, 31.561871392760263)	(250, 27.56961691713795)	(260, 24.87498794012481)	(270, 29.751735829083298)	(280, 28.439344008200578)	(290, 28.3461191127909)	(300, 23.80838599059575)	(310, 26.101850900238183)	(320, 28.189227946925865)	(330, 26.219045012354503)	(340, 25.37907415592698)	(350, 25.500436554928665)	(360, 23.349940761246522)	(370, 21.78293251750384)	(380, 25.145596377509175)	(390, 26.673030550581462)	(400, 26.389818768802918)	(410, 21.870584351079184)	(420, 18.81821889632768)	(430, 18.85340977840761)	(440, 18.878673878703076)	(450, 20.20910776970888)	(460, 20.9446766037206)	(470, 21.956402916055062)	(480, 21.666907302856934)	(490, 21.602612074420072)	(500, 21.687793306596365)	(510, 20.926047291539273)	(520, 23.45769230769231)													
SRR1654661	(1, 36.95264765784114)	(2, 36.853021045485406)	(3, 35.98506449422946)	(4, 34.34097080787509)	(5, 34.37508486082824)	(6, 34.492701968771215)	(7, 38.70112016293279)	(8, 38.95977596741344)	(9, 39.0183299389002)	(10, 38.75930074677529)	(20, 38.359877800407325)	(30, 38.17433542535903)	(40, 36.93865606755549)	(50, 35.38113390325613)	(60, 34.260054096818536)	(70, 34.10618269957629)	(80, 34.64777439550533)	(90, 34.277068055839244)	(100, 34.851685171861945)	(110, 34.56883488631456)	(120, 34.32962556434317)	(130, 32.094446231454775)	(140, 29.952953854172875)	(150, 29.20630671827475)	(160, 30.704892959259688)	(170, 32.87141001287084)	(180, 32.90862605361745)	(190, 31.728237657042705)	(200, 28.22466000236178)	(210, 29.40319829181122)	(220, 30.33719140517963)	(230, 30.56654550970225)	(240, 30.950333817987786)	(250, 27.793844154886507)	(260, 24.9318049233625)	(270, 27.47924030770858)	(280, 28.255602144510682)	(290, 28.882420275692073)	(300, 24.76484110986215)	(310, 26.330461486246882)	(320, 28.08837766741137)	(330, 26.3269504103752)	(340, 25.09154311393956)	(350, 25.468383066978273)	(360, 23.14609632116134)	(370, 23.11660999941422)	(380, 24.791525984997495)	(390, 26.29938308882282)	(400, 26.581711028278477)	(410, 21.702885807044243)	(420, 17.36626707055133)	(430, 16.37836353187283)	(440, 16.44795461714012)	(450, 18.38633691157759)	(460, 19.915622809659236)	(470, 20.776377857166125)	(480, 20.378484604263832)	(490, 21.31881458854639)	(500, 22.001208856898813)	(510, 21.11333961430304)	(520, 20.487935969259496)	(530, 16.785714285714285)												
SRR1654662	(1, 37.20035714285714)	(2, 37.16732142857143)	(3, 36.31321428571429)	(4, 34.88625)	(5, 34.91982142857143)	(6, 34.98642857142857)	(7, 39.0225)	(8, 39.19857142857143)	(9, 39.223214285714285)	(10, 39.089107142857145)	(20, 38.73433928571429)	(30, 38.288069074217255)	(40, 37.095191987820556)	(50, 35.34369444766545)	(60, 34.148528994621074)	(70, 34.342113989057076)	(80, 34.901955643577686)	(90, 34.77588748684089)	(100, 35.00225130576233)	(110, 35.32298842223457)	(120, 34.62203100461855)	(130, 32.3011729091052)	(140, 30.48506172659072)	(150, 29.745140972233127)	(160, 30.77385237764769)	(170, 32.60523926993252)	(180, 33.09424291489194)	(190, 31.978885586799926)	(200, 29.6735347585407)	(210, 30.974079422513263)	(220, 31.233339556273894)	(230, 31.455213074785046)	(240, 31.543013244770407)	(250, 28.292073513106082)	(260, 25.526744974118685)	(270, 27.7425592999696)	(280, 28.105048775689568)	(290, 28.600538829376166)	(300, 24.555091248743913)	(310, 26.376063954642568)	(320, 28.072475425865555)	(330, 26.017303818427422)	(340, 25.0774311753898)	(350, 25.55574897543851)	(360, 23.19941071872453)	(370, 22.982936118488833)	(380, 24.84262229390262)	(390, 26.796926606067096)	(400, 26.704857282556894)	(410, 21.399000552841436)	(420, 17.733477586345423)	(430, 17.46228054177411)	(440, 16.975966173156827)	(450, 19.18249737274264)	(460, 19.967546985080126)	(470, 21.151845937866533)	(480, 20.833651435712625)	(490, 20.85651748672527)	(500, 21.836460871876575)	(510, 21.141046598559228)	(520, 18.383008992892712)													
SRR1654663	(1, 36.992659514398646)	(2, 36.85431959345003)	(3, 35.74797666102014)	(4, 33.923207227555054)	(5, 33.8849990589121)	(6, 33.93431206474685)	(7, 38.3630717108978)	(8, 38.63278750235272)	(9, 38.65593826463392)	(10, 38.58343685300206)	(20, 38.55718050065876)	(30, 38.13434071461938)	(40, 37.021365282535)	(50, 35.16603420906462)	(60, 34.14237719635027)	(70, 34.8196094131491)	(80, 35.296511263655105)	(90, 35.358836702256546)	(100, 34.968395748802315)	(110, 35.29603566263074)	(120, 34.24576208735359)	(130, 31.688517498037733)	(140, 30.646069933035598)	(150, 30.118400577748595)	(160, 31.22622806947093)	(170, 32.306882020781856)	(180, 32.15645616091591)	(190, 31.47353429267639)	(200, 29.685948459103866)	(210, 31.183291129158796)	(220, 31.112920539504564)	(230, 31.720562962278898)	(240, 31.29011482462173)	(250, 27.21246306236707)	(260, 25.54171386261235)	(270, 28.595431539032425)	(280, 27.3659824209453)	(290, 27.96778788398534)	(300, 23.253641668337686)	(310, 26.62185234480781)	(320, 28.03802428996127)	(330, 26.301158293347704)	(340, 25.763041178406336)	(350, 26.014186996578275)	(360, 23.845603610392452)	(370, 23.74612004678635)	(380, 25.059434116739705)	(390, 26.862140571094347)	(400, 26.486456986639837)	(410, 21.3433082412732)	(420, 17.616464987069513)	(430, 16.841450395303568)	(440, 16.79726492248182)	(450, 19.010204671329163)	(460, 20.285920217306796)	(470, 20.133231285643173)	(480, 20.48464774416273)	(490, 21.351656224596603)	(500, 22.03581163004234)	(510, 21.2022719738933)	(520, 20.583528598835887)	(530, 17.433333333333334)												
SRR1654988	(1, 37.26114285714286)	(2, 37.171885714285715)	(3, 36.34925714285714)	(4, 34.76651428571429)	(5, 34.83085714285714)	(6, 34.92697142857143)	(7, 38.964685714285714)	(8, 39.161142857142856)	(9, 39.23177142857143)	(10, 39.14470857142857)	(20, 38.76027428571429)	(30, 38.37032701628782)	(40, 37.18195384101564)	(50, 35.23587690091253)	(60, 34.41794347336586)	(70, 34.70487420397133)	(80, 34.89160506613732)	(90, 35.34559308813396)	(100, 35.32141269333034)	(110, 35.6423865013984)	(120, 34.51977613278119)	(130, 32.37603116537307)	(140, 30.78352260495715)	(150, 30.313568744475827)	(160, 31.743245548254475)	(170, 33.10183831191366)	(180, 33.39379507661485)	(190, 32.117065051729654)	(200, 30.176147717603403)	(210, 31.078754069732167)	(220, 30.83061922108386)	(230, 32.44706027586122)	(240, 31.177749080547443)	(250, 27.83886086479484)	(260, 25.659475923264797)	(270, 28.535311001690673)	(280, 28.070047496207412)	(290, 28.77307841748361)	(300, 24.199070981196222)	(310, 27.23808210254982)	(320, 27.985952104567826)	(330, 25.9009695065711)	(340, 25.688646955722835)	(350, 25.662622451404168)	(360, 23.435299901402484)	(370, 22.81456291824008)	(380, 24.32446194204276)	(390, 27.55518852571256)	(400, 26.996169812568752)	(410, 21.071246454896635)	(420, 17.91614749583053)	(430, 17.404673826607592)	(440, 16.665004489461797)	(450, 20.007276291593126)	(460, 21.37132748583347)	(470, 21.10725137575494)	(480, 20.521287381248104)	(490, 20.87908984286965)	(500, 22.49185412440314)	(510, 21.48452122343005)	(520, 20.71257135373492)	(530, 18.440476190476193)												
SRR1654993	(1, 37.135172224509404)	(2, 36.98078770413064)	(3, 35.787017977219705)	(4, 33.734046932894195)	(5, 33.6707835872101)	(6, 33.715383559763964)	(7, 38.22958693563881)	(8, 38.524907369287774)	(9, 38.60065870728695)	(10, 38.58332647179909)	(20, 38.45224372169617)	(30, 38.4914283621069)	(40, 37.352701315337164)	(50, 35.87585620892896)	(60, 34.48367756427931)	(70, 34.42088337081763)	(80, 35.09386887888453)	(90, 35.014526789821744)	(100, 35.182168923377844)	(110, 35.44432516534798)	(120, 34.02911917998204)	(130, 30.242958995881565)	(140, 30.840201000356206)	(150, 30.495421603390554)	(160, 31.59285689799766)	(170, 32.76686073745299)	(180, 32.653514827999004)	(190, 30.18865277857706)	(200, 28.381821971680715)	(210, 30.595503671260303)	(220, 31.245910769073852)	(230, 32.33730069478567)	(240, 31.413446712555128)	(250, 28.404610167143936)	(260, 26.44076815861245)	(270, 29.317215837699187)	(280, 29.271133287150217)	(290, 29.479006509679607)	(300, 26.39522690320228)	(310, 28.378759541540585)	(320, 28.427733056771853)	(330, 27.210985297618798)	(340, 26.498169182294703)	(350, 25.173816357622634)	(360, 23.74560136607781)	(370, 21.82005897704092)	(380, 25.457414098983936)	(390, 26.996066569895255)	(400, 25.897056540170325)	(410, 21.34128366605905)	(420, 19.111883883475052)	(430, 18.78388721422863)	(440, 18.897508126308615)	(450, 20.940705790537606)	(460, 21.59388247531941)	(470, 21.53480618263503)	(480, 21.29359232738023)	(490, 21.838528363114374)	(500, 22.660788025803985)	(510, 21.53448745714072)	(520, 21.41500536310186)	(530, 23.4)	(540, 26.0)											
SRR1655000	(1, 37.34128047147067)	(2, 37.35583534244129)	(3, 36.65586213054737)	(4, 35.459683900348246)	(5, 35.51379587463166)	(6, 35.5861237610501)	(7, 38.99142780605411)	(8, 39.151799267791766)	(9, 39.195910349138316)	(10, 39.13677114028038)	(20, 38.67314938833824)	(30, 38.41395632507317)	(40, 37.30192329424161)	(50, 35.61941545560901)	(60, 34.66924676347993)	(70, 35.12486873542669)	(80, 35.123089847817795)	(90, 35.31243560486796)	(100, 35.59082779996832)	(110, 35.749876657007434)	(120, 34.77333851460773)	(130, 32.57140587697661)	(140, 32.02308513133058)	(150, 30.979436225135544)	(160, 32.48793271929119)	(170, 34.11677695351336)	(180, 34.602640888064904)	(190, 32.38197922814843)	(200, 30.738861105879455)	(210, 31.452820727228776)	(220, 30.885559507818538)	(230, 33.14253684949503)	(240, 31.428851713002096)	(250, 28.45485872271302)	(260, 26.002761648638277)	(270, 29.637708398163447)	(280, 28.786718149347916)	(290, 29.90856642965334)	(300, 25.6445093048714)	(310, 28.301468535586963)	(320, 28.216612428298845)	(330, 26.729013675834132)	(340, 26.244097075417084)	(350, 25.707559947704226)	(360, 24.50393932038993)	(370, 22.84066696418659)	(380, 25.249815334274995)	(390, 27.999042667069084)	(400, 27.290517603212805)	(410, 21.47594675342227)	(420, 18.721679107727212)	(430, 18.104683205483475)	(440, 17.50149688446864)	(450, 20.662795857216146)	(460, 21.967003364698503)	(470, 21.662981860091158)	(480, 21.20991393690032)	(490, 20.934350916185004)	(500, 22.909667219463238)	(510, 22.053575634537047)	(520, 19.567067439819706)	(530, 19.425925925925924)												
SRR1655058	(1, 37.10183470796162)	(2, 36.91937384278741)	(3, 35.66335633731695)	(4, 33.407507153677834)	(5, 33.37518936206026)	(6, 33.4150816360882)	(7, 38.217135162430566)	(8, 38.53459013634068)	(9, 38.63238512035011)	(10, 38.534253492678)	(20, 38.5150311395388)	(30, 38.20184110131194)	(40, 37.166478551264916)	(50, 35.49028978023638)	(60, 34.16062383951621)	(70, 34.245741747245305)	(80, 34.51048588689647)	(90, 35.08288421107379)	(100, 35.592710894661266)	(110, 35.460202121260764)	(120, 34.42352914398807)	(130, 31.804463940689573)	(140, 31.089522137694615)	(150, 30.19136011273709)	(160, 32.1830291559803)	(170, 33.28033581126986)	(180, 32.848772058131196)	(190, 31.859118300409374)	(200, 30.71850450342647)	(210, 30.740968936776028)	(220, 30.712852197673023)	(230, 32.48036739979908)	(240, 30.659698535276892)	(250, 26.89916338076049)	(260, 25.157114237043725)	(270, 29.48788167290573)	(280, 28.184890784301302)	(290, 28.38676876550229)	(300, 23.55999392581097)	(310, 28.059335955082606)	(320, 28.29767544278038)	(330, 26.441674933476236)	(340, 26.347544494265605)	(350, 26.00513217615992)	(360, 23.844112800467723)	(370, 22.27880866638389)	(380, 24.542303598367713)	(390, 27.460637055476507)	(400, 27.28524423519201)	(410, 21.394636434886145)	(420, 18.612850702679697)	(430, 17.805232891608945)	(440, 17.131295083979403)	(450, 20.245218478386214)	(460, 21.40546817036377)	(470, 21.275083688001203)	(480, 20.677758197870133)	(490, 20.949312818810814)	(500, 22.648477405888674)	(510, 21.151266703243245)	(520, 23.560750000000002)	(530, 22.0)												
SRR1655059	(1, 37.05366922234392)	(2, 36.881395712721016)	(3, 35.640744797371305)	(4, 33.7000469410108)	(5, 33.6592082616179)	(6, 33.700985761226725)	(7, 38.170865279299015)	(8, 38.46299483648881)	(9, 38.47848537005164)	(10, 38.345188546393366)	(20, 38.4447191362854)	(30, 38.17374572864607)	(40, 37.10537834684004)	(50, 35.48275002776911)	(60, 34.22306126585416)	(70, 33.846676761661676)	(80, 34.19587482646806)	(90, 34.96222727565818)	(100, 35.30651839342639)	(110, 35.095834626561555)	(120, 34.090340961284205)	(130, 31.962270930951725)	(140, 30.979514730443213)	(150, 30.038860279191436)	(160, 31.43917208954745)	(170, 33.33517328427125)	(180, 33.31649966560826)	(190, 31.84050289023574)	(200, 29.764170428126345)	(210, 31.365088091637006)	(220, 31.00237519508558)	(230, 31.7311171327756)	(240, 30.612671973043028)	(250, 27.524193463314948)	(260, 25.288264093522052)	(270, 29.38961418917655)	(280, 28.482296041063638)	(290, 28.302620825863592)	(300, 23.971863556232943)	(310, 26.857846156511123)	(320, 28.222056286903477)	(330, 25.89940231105216)	(340, 25.591804759617894)	(350, 25.583153588918986)	(360, 22.840521014676884)	(370, 21.135377301719554)	(380, 24.301859233954904)	(390, 27.314251146089088)	(400, 27.137521369441703)	(410, 21.28784298528049)	(420, 18.860949654125164)	(430, 18.351302527112328)	(440, 17.36862719475298)	(450, 20.006858882796955)	(460, 21.406746834546823)	(470, 22.1368965444011)	(480, 20.893870258176047)	(490, 20.436158180936886)	(500, 22.511264393959884)	(510, 21.598208251291435)	(520, 19.62670001333867)													
SRR1655068	(1, 37.11669242658424)	(2, 37.00342238904835)	(3, 35.712629719584896)	(4, 33.54184146610731)	(5, 33.49624641201148)	(6, 33.50805917421064)	(7, 38.35901965113712)	(8, 38.66085228527269)	(9, 38.72322808567012)	(10, 38.68028262309561)	(20, 38.67524839920513)	(30, 38.33038230330214)	(40, 37.31272036669909)	(50, 35.627037601092304)	(60, 34.627717349329544)	(70, 34.89864086317774)	(80, 35.234685268460495)	(90, 35.28437589274375)	(100, 35.448622775776386)	(110, 35.581070902540844)	(120, 34.58912415702214)	(130, 32.002284228437745)	(140, 30.88544229842563)	(150, 30.18047828423709)	(160, 31.50989545342975)	(170, 32.41066706582582)	(180, 32.64576036215029)	(190, 31.352248944838273)	(200, 29.53286804601429)	(210, 30.888077767508577)	(220, 31.173974785957245)	(230, 32.027375543614866)	(240, 31.403387329666163)	(250, 27.79857353279393)	(260, 25.001004471100686)	(270, 28.326772971365024)	(280, 28.32336450007013)	(290, 28.64814996976376)	(300, 24.69643646367759)	(310, 26.722441512222918)	(320, 28.089601583544862)	(330, 26.501204004374028)	(340, 25.61622146983775)	(350, 25.304965789331085)	(360, 23.42930673014438)	(370, 22.222275537008876)	(380, 24.897133719047964)	(390, 26.75225047188335)	(400, 26.374824934237825)	(410, 21.535617475984917)	(420, 18.553233760420483)	(430, 18.053442706901357)	(440, 17.95924080940525)	(450, 19.48994008479544)	(460, 20.00449851257652)	(470, 21.015636912119106)	(480, 20.866721025225196)	(490, 21.37082149487113)	(500, 22.550193445994328)	(510, 21.14014065575989)	(520, 20.55672532470778)													
SRR1655069	(1, 37.62295945234334)	(2, 37.59838511497279)	(3, 36.59768299104792)	(4, 34.835000877654906)	(5, 34.81411269088994)	(6, 34.854660347551345)	(7, 38.643672108127085)	(8, 38.75987361769352)	(9, 38.73178866069861)	(10, 38.59794628751975)	(20, 38.43952957697034)	(30, 38.528832214934106)	(40, 37.54966688110344)	(50, 35.88460186796154)	(60, 35.06077104649687)	(70, 35.18067077264339)	(80, 35.621079757510024)	(90, 35.74125375322252)	(100, 35.55196713506492)	(110, 35.70300449466107)	(120, 34.16906289925952)	(130, 30.731941783921098)	(140, 31.19712951189848)	(150, 31.274379052505264)	(160, 32.649591358927744)	(170, 33.01216145685924)	(180, 33.39124453476363)	(190, 31.189081088137847)	(200, 28.8584830946823)	(210, 31.827933398589636)	(220, 32.12074891286719)	(230, 33.21847998980027)	(240, 31.920830912307718)	(250, 29.234897411067408)	(260, 26.360716814107043)	(270, 29.502352005311288)	(280, 29.97139478850776)	(290, 29.888541792833518)	(300, 26.765265076861812)	(310, 28.58930026645528)	(320, 28.980237023476924)	(330, 27.96149018912369)	(340, 27.059071165856476)	(350, 25.30056792449935)	(360, 23.830611589662546)	(370, 21.69995817245303)	(380, 26.535416501361357)	(390, 27.84682587752716)	(400, 26.71887507625302)	(410, 21.74541450128185)	(420, 19.257273161841198)	(430, 18.53030382037592)	(440, 18.349111816557265)	(450, 20.921256182446427)	(460, 21.418232141703648)	(470, 21.614314205169403)	(480, 21.691084686387317)	(490, 21.77803712635407)	(500, 22.48199296960898)	(510, 21.297817404811997)	(520, 19.964783133533135)													
SRR1655070	(1, 37.139337175792505)	(2, 37.079971181556196)	(3, 36.213400576368876)	(4, 35.168299711815564)	(5, 35.15806916426513)	(6, 35.16887608069164)	(7, 38.513688760806915)	(8, 38.64553314121037)	(9, 38.62694524495677)	(10, 38.54085014409222)	(20, 38.363731988472615)	(30, 37.969810764597305)	(40, 37.02914100720938)	(50, 34.51371996416196)	(60, 33.612747037118)	(70, 34.15598493425351)	(80, 34.819314347548186)	(90, 35.13311127516239)	(100, 34.80670760792048)	(110, 35.013435394698746)	(120, 33.96398680741408)	(130, 30.818622021314354)	(140, 29.292678158539324)	(150, 30.05100969806262)	(160, 30.953301259968658)	(170, 30.050042201849372)	(180, 29.040567782284853)	(190, 29.897668112543084)	(200, 28.827162190100392)	(210, 31.39412042459444)	(220, 31.8651944909982)	(230, 31.395052497771673)	(240, 30.340488259274093)	(250, 25.032734067180463)	(260, 23.2844263135594)	(270, 27.034586454804707)	(280, 26.380761005473726)	(290, 26.35133408900928)	(300, 20.97174711054773)	(310, 25.359106562102713)	(320, 27.519218752926314)	(330, 25.15701229093167)	(340, 24.875549205069543)	(350, 25.668654769140538)	(360, 23.70362326249765)	(370, 23.736367879301213)	(380, 24.70402767962632)	(390, 26.74786231676918)	(400, 25.39303194408881)	(410, 21.03904542097009)	(420, 17.13481630345884)	(430, 15.62827754202163)	(440, 15.858483208290483)	(450, 18.060552184762862)	(460, 18.015953743978475)	(470, 19.10976554850898)	(480, 19.790735198045432)	(490, 21.13764161606673)	(500, 21.761690906067944)	(510, 20.420912395677025)	(520, 19.77714772865668)	(530, 17.75)												
SRR1655071	(1, 36.7971635001338)	(2, 36.57733476050308)	(3, 35.526759432700025)	(4, 33.70711800909821)	(5, 33.65975381321916)	(6, 33.71942734814022)	(7, 37.91463740968692)	(8, 38.24203906877174)	(9, 38.34399250735884)	(10, 38.3495986085095)	(20, 38.24048702167514)	(30, 38.11056908695298)	(40, 37.0481655421888)	(50, 35.564285484769)	(60, 34.769821215647475)	(70, 35.16259074974095)	(80, 35.38005689306127)	(90, 35.662220690323224)	(100, 35.41462381284116)	(110, 35.489484874727886)	(120, 34.34652294282999)	(130, 31.759027654592973)	(140, 31.484817324929473)	(150, 30.704262850969165)	(160, 32.12963250495734)	(170, 33.46571192716678)	(180, 33.575843533697835)	(190, 32.090382970376325)	(200, 30.006189199219385)	(210, 31.794980914481982)	(220, 31.30901644531226)	(230, 32.11669813298518)	(240, 31.070342054285867)	(250, 27.589427160862478)	(260, 25.164326647353718)	(270, 29.09907608046069)	(280, 28.187297485720176)	(290, 28.806245996481273)	(300, 24.260286477427623)	(310, 27.299687480199026)	(320, 28.018486710578962)	(330, 26.48261853910143)	(340, 25.882078056772144)	(350, 25.451810005291044)	(360, 23.797533637339534)	(370, 22.592576149327577)	(380, 25.735679882101323)	(390, 27.355484536947973)	(400, 26.254176704820566)	(410, 21.49911249476243)	(420, 18.563237395994832)	(430, 17.967731260833204)	(440, 17.6885397191127)	(450, 20.226962382654854)	(460, 21.341751255745017)	(470, 21.373044237899812)	(480, 21.29985577891882)	(490, 21.447841108875444)	(500, 22.257472004840388)	(510, 20.851806365739392)	(520, 18.506329849012776)													
SRR1655073	(1, 36.96421003060984)	(2, 36.95596891923711)	(3, 36.15587473510713)	(4, 34.62137979750412)	(5, 34.389215917117966)	(6, 34.43159877560631)	(7, 37.78737932658347)	(8, 38.30021191429244)	(9, 38.6225570991288)	(10, 38.364374852837294)	(20, 37.97756063103367)	(30, 37.61313420747525)	(40, 36.37622686932012)	(50, 34.80092443223852)	(60, 34.18709522048769)	(70, 34.21277223162377)	(80, 33.72904191909089)	(90, 35.134670859315975)	(100, 34.292666036778435)	(110, 34.80120079809528)	(120, 33.63442484613745)	(130, 30.87492011672299)	(140, 30.188564027773577)	(150, 30.555246368169993)	(160, 31.860849094921)	(170, 31.73662472006407)	(180, 31.04534529834155)	(190, 30.38845794518708)	(200, 29.415170661275596)	(210, 31.6704601307843)	(220, 31.4246427509505)	(230, 31.899853972906794)	(240, 30.098001695719137)	(250, 27.075316885776118)	(260, 25.128189945585227)	(270, 28.133986132760064)	(280, 26.638631465032592)	(290, 28.023351251596058)	(300, 23.641071676573922)	(310, 27.30537876190258)	(320, 27.9419440262836)	(330, 25.887208344715724)	(340, 25.956992322870484)	(350, 26.256390108491036)	(360, 24.001733397851062)	(370, 23.24585420351902)	(380, 24.91676889327706)	(390, 26.868265105178374)	(400, 26.533175045050534)	(410, 21.28678772028928)	(420, 18.301776723999318)	(430, 16.681047252285715)	(440, 15.964412548202318)	(450, 19.522806088640003)	(460, 20.371836751811788)	(470, 20.782417274042977)	(480, 20.6847540956908)	(490, 20.559029731862623)	(500, 22.328515337381695)	(510, 21.656562340939423)	(520, 21.254249809397095)	(530, 20.666666666666668)												
SRR1655074	(1, 37.110247872734)	(2, 37.087680355160934)	(3, 36.247256135158466)	(4, 34.92551486003207)	(5, 34.89086200517943)	(6, 34.96707362190159)	(7, 38.53903070662227)	(8, 38.81033419657171)	(9, 38.870020964360585)	(10, 38.804390183746456)	(20, 38.2954988284622)	(30, 38.01466036942155)	(40, 36.748212945002635)	(50, 34.71798772730585)	(60, 33.75667807529574)	(70, 34.22791463072342)	(80, 34.58330029675901)	(90, 35.115799601751554)	(100, 34.49517603202946)	(110, 34.93425324042376)	(120, 33.559681284340684)	(130, 30.399224759872446)	(140, 29.513482656231616)	(150, 30.46485868593777)	(160, 30.94868651552006)	(170, 30.464479992777996)	(180, 30.096780693658552)	(190, 29.871235355088753)	(200, 29.19689466347358)	(210, 31.159550892163878)	(220, 31.66200561520754)	(230, 31.754760001618983)	(240, 31.481647949959132)	(250, 28.220867955313537)	(260, 25.370872333937236)	(270, 26.550132145396947)	(280, 27.197481299463902)	(290, 27.734561733211706)	(300, 24.0436748329732)	(310, 26.52584863858001)	(320, 27.61667692410174)	(330, 25.81167189153802)	(340, 25.15569636639691)	(350, 25.505320743886926)	(360, 23.723384828091675)	(370, 24.0260023065644)	(380, 24.626494765187555)	(390, 26.366382101371073)	(400, 26.317682490413965)	(410, 21.181180099987007)	(420, 17.50443250664774)	(430, 16.6841427817716)	(440, 16.732771541278062)	(450, 18.517574262804725)	(460, 18.873591270101564)	(470, 19.657334665719414)	(480, 20.4427729312062)	(490, 20.98852033668339)	(500, 21.713710702559464)	(510, 21.328383259695084)	(520, 20.491729150848226)	(530, 19.0)												
SRR1655076	(1, 37.1216744913928)	(2, 37.02856025039124)	(3, 36.312597809076685)	(4, 35.03345070422535)	(5, 35.00978090766823)	(6, 35.20559467918623)	(7, 38.62206572769953)	(8, 38.878129890453835)	(9, 38.94953051643193)	(10, 38.848474178403755)	(20, 38.345539906103284)	(30, 38.2134195979776)	(40, 36.7466465888935)	(50, 35.50806429118079)	(60, 34.08664820654192)	(70, 33.97941309882687)	(80, 33.996902859248266)	(90, 34.502608304659994)	(100, 34.17319114834314)	(110, 34.6725215185831)	(120, 34.24593191781772)	(130, 31.37809227699889)	(140, 30.21521516459194)	(150, 30.54757857385029)	(160, 30.936592771697963)	(170, 32.42641658485274)	(180, 32.20448419578478)	(190, 31.667405851339385)	(200, 29.89328458488372)	(210, 29.543944478374478)	(220, 29.609970074518497)	(230, 30.734393855691287)	(240, 30.377935902257594)	(250, 29.051959915179246)	(260, 26.156933120923686)	(270, 26.34066926927922)	(280, 28.179236862569248)	(290, 29.935307903200947)	(300, 27.63461258767041)	(310, 27.294267539714042)	(320, 27.786334535037593)	(330, 27.255511643184047)	(340, 25.16941485428236)	(350, 24.9616913145412)	(360, 23.43902104931101)	(370, 22.621971920105565)	(380, 24.13222949989603)	(390, 26.214561647363734)	(400, 26.593631300342924)	(410, 20.596547162306962)	(420, 17.589822763533853)	(430, 17.1303490333422)	(440, 17.118334943005255)	(450, 18.54563498838395)	(460, 21.27035856906295)	(470, 21.093741213427382)	(480, 19.764126054080133)	(490, 20.252343921665354)	(500, 22.115699212832062)	(510, 21.531288885704644)	(520, 20.235224222585924)	(530, 17.0)												
SRR1655079	(1, 37.082334132693845)	(2, 36.98766700924974)	(3, 36.15667466027178)	(4, 34.75345437935366)	(5, 34.74900079936051)	(6, 34.98013018156903)	(7, 38.80118762133151)	(8, 39.041338357885124)	(9, 39.086445129610595)	(10, 38.967694415895856)	(20, 38.641783715884436)	(30, 38.32819934608862)	(40, 36.99317052326492)	(50, 35.44342090788645)	(60, 34.182486452816974)	(70, 34.17064106569231)	(80, 34.0743614647581)	(90, 34.41223048246489)	(100, 34.95897830896444)	(110, 35.164913766840456)	(120, 34.47736054734314)	(130, 32.17771923408442)	(140, 30.364553686876594)	(150, 30.334508941532242)	(160, 31.588401281882874)	(170, 33.32443146665429)	(180, 33.7966081222203)	(190, 32.21484767739125)	(200, 30.26164553649368)	(210, 30.00934285121204)	(220, 30.410975708092298)	(230, 31.618624099379087)	(240, 31.077393736840452)	(250, 28.205290970424482)	(260, 25.487093753481638)	(270, 27.415849995651605)	(280, 28.904895574955894)	(290, 29.952194057629118)	(300, 26.532099141454033)	(310, 26.910918675903986)	(320, 28.05573285407843)	(330, 26.815015950237516)	(340, 25.663194207820425)	(350, 25.406829698898495)	(360, 23.438926642351596)	(370, 22.562049842401407)	(380, 24.17955299525205)	(390, 26.61064673605523)	(400, 26.677645536987864)	(410, 20.78678443676126)	(420, 18.117857901540326)	(430, 17.2076271339692)	(440, 16.772531677406498)	(450, 19.36193520830923)	(460, 21.37236443162586)	(470, 20.854835101459088)	(480, 20.6392408578661)	(490, 20.430400917135273)	(500, 22.03738017357333)	(510, 22.017395992686602)	(520, 20.324836603666498)	(530, 17.5)												
SRR1655080	(1, 36.99931386002744)	(2, 36.929425602822974)	(3, 36.270535189178595)	(4, 35.35561654577534)	(5, 35.34522642619094)	(6, 35.41776122328955)	(7, 38.80415604783376)	(8, 38.96255636149775)	(9, 38.97206430111743)	(10, 38.723583611056654)	(20, 38.166057569577816)	(40, 36.17610720825574)	(60, 33.86642274595726)	(80, 33.51820367400241)	(100, 34.357554036076564)	(120, 32.83131167645685)	(140, 30.811914418682193)	(160, 32.35551021076053)	(180, 31.695681708996794)	(200, 29.84272671575684)	(220, 29.809609345630854)	(240, 29.86200137890045)	(260, 25.38106770993577)	(280, 29.311245724144793)	(300, 27.250851674420097)	(320, 26.722024355696398)	(340, 24.50011225654197)	(360, 22.674969560292816)	(380, 25.093244983505066)	(400, 23.627368018559675)	(420, 17.333051479751905)	(440, 18.411706801648023)	(460, 20.713718416130448)	(480, 20.332710353338946)	(500, 22.05481365557576)	(520, 15.40052882205514)	(540, 12.05)	(560, 13.8)	(580, 11.8)	(600, 12.7)	(620, 11.1)	(640, 12.65)	(660, 11.0)	(680, 16.666666666666668)																														
SRR1655081	(1, 35.793190416141236)	(2, 36.37263556116015)	(3, 36.290037831021436)	(4, 35.37831021437579)	(5, 35.36317780580076)	(6, 35.51639344262295)	(7, 38.21500630517024)	(8, 38.222572509457756)	(9, 38.1733921815889)	(10, 38.5249684741488)	(20, 38.40422446406053)	(30, 38.480939056863804)	(40, 37.22360422877502)	(50, 35.97897499202232)	(60, 34.56486194236064)	(70, 34.51513153226292)	(80, 34.862295820406636)	(90, 35.05439637475614)	(100, 34.90192414061262)	(110, 35.038095876572854)	(120, 34.400520476293956)	(130, 32.46561692046424)	(140, 31.719622502760622)	(150, 31.451439610806954)	(160, 31.032523861677948)	(170, 33.012233331007145)	(180, 32.77554991520245)	(190, 31.54440847687227)	(200, 31.156657043073324)	(210, 30.592641374769464)	(220, 30.627519840299016)	(230, 31.06544089257979)	(240, 30.71913987264137)	(250, 29.683527407826908)	(260, 27.552372355698015)	(270, 27.290274812797247)	(280, 28.377027715874895)	(290, 29.810976661506658)	(300, 27.56517769494164)	(310, 27.37909011783042)	(320, 27.79562319600555)	(330, 27.613762227743432)	(340, 25.635717189065332)	(350, 25.54265282292326)	(360, 24.459591650864233)	(370, 24.48151053075143)	(380, 26.060246808687832)	(390, 26.081222408447267)	(400, 25.876949322795404)	(410, 21.28901721458328)	(420, 18.223395036970057)	(430, 16.93443340627541)	(440, 17.353200007159185)	(450, 18.958011467734426)	(460, 19.963413745090417)	(470, 20.971506475577645)	(480, 19.95797798342986)	(490, 20.626804061213164)	(500, 22.062442259064852)	(510, 21.212149297757005)	(520, 20.86846374913602)													
SRR1655082	(1, 37.146989528795814)	(2, 37.10405759162304)	(3, 36.42185863874346)	(4, 35.56649214659686)	(5, 35.55667539267016)	(6, 35.61897905759162)	(7, 39.08795811518325)	(8, 39.20222513089005)	(9, 39.18285340314136)	(10, 39.06460732984293)	(20, 38.68298429319371)	(30, 38.31354428680778)	(40, 36.8306983632135)	(50, 35.50397607701553)	(60, 34.0827359120973)	(70, 34.30469165566866)	(80, 33.352055201591135)	(90, 34.77353767559927)	(100, 34.67448509888128)	(110, 35.01044819283622)	(120, 33.586288585534774)	(130, 31.967313859305882)	(140, 31.084036069140115)	(150, 30.856518474354562)	(160, 31.4171773954106)	(170, 33.426664135908666)	(180, 33.09568179835818)	(190, 31.78522597584287)	(200, 29.50867353729104)	(210, 30.06721776724089)	(220, 30.198134576822792)	(230, 31.701177692288667)	(240, 31.7707390471819)	(250, 28.63835635700489)	(260, 24.57046405520844)	(270, 27.08576537661154)	(280, 29.35393176610515)	(290, 29.677324044257222)	(300, 26.849087603363444)	(310, 26.77703722420573)	(320, 28.02353664606906)	(330, 26.41315584000976)	(340, 25.17216725807517)	(350, 25.41937636246326)	(360, 22.749451987552074)	(370, 22.93697417978698)	(380, 24.2961735954397)	(390, 26.155028988215623)	(400, 26.388998671636603)	(410, 20.66672139334729)	(420, 17.693615948354225)	(430, 16.604031040150975)	(440, 16.550273437290393)	(450, 18.489461695058424)	(460, 20.715057124806503)	(470, 20.723856969122192)	(480, 20.04241586820725)	(490, 21.32980297946917)	(500, 21.99789533803779)	(510, 21.54114472692516)	(520, 20.75391135891136)	(530, 18.75)												
SRR1655083	(1, 37.3098410659817)	(2, 37.220099534435704)	(3, 36.47214641194413)	(4, 35.27468293466046)	(5, 35.27596724995986)	(6, 35.34949430085086)	(7, 38.90078664312089)	(8, 39.11077219457377)	(9, 39.02729170011238)	(10, 38.88831273077541)	(20, 38.541017819874774)	(30, 38.116677785163745)	(40, 36.88920789469459)	(50, 35.55962050684415)	(60, 34.39482951742055)	(70, 34.18948290398416)	(80, 34.63031203352112)	(90, 35.17480155727025)	(100, 35.29361806376575)	(110, 35.66576248687947)	(120, 34.28742438721031)	(130, 31.685581782956366)	(140, 30.7858374464473)	(150, 30.910899383187523)	(160, 31.867348828768286)	(170, 33.55201467070354)	(180, 33.89013221771997)	(190, 31.467534293190916)	(200, 29.75717172479035)	(210, 31.251123428133315)	(220, 30.68418634250829)	(230, 31.81774681417732)	(240, 31.16248525217652)	(250, 28.09459838164713)	(260, 26.374752189502694)	(270, 28.500168998826148)	(280, 28.71433991499153)	(290, 29.47874583175698)	(300, 25.982894603341578)	(310, 28.338814600976878)	(320, 28.1740761693493)	(330, 26.70346161584626)	(340, 26.38565662154823)	(350, 25.528162958019216)	(360, 24.002260682956678)	(370, 23.402878407683865)	(380, 25.027254442151513)	(390, 27.397527832583222)	(400, 26.472102294469114)	(410, 20.891816808985144)	(420, 18.42731999768738)	(430, 17.148015977920068)	(440, 16.570276539462764)	(450, 20.0097295443482)	(460, 21.717604100957807)	(470, 20.834927956760833)	(480, 20.56067656465094)	(490, 20.97605981477629)	(500, 22.48435529847237)	(510, 21.78849344564642)	(520, 19.13658994212839)	(530, 19.357142857142858)												
SRR1655085	(1, 37.27633549675487)	(2, 37.226285571642535)	(3, 36.4900149775337)	(4, 35.362705941088365)	(5, 35.36520219670494)	(6, 35.426360459311034)	(7, 38.95332001997004)	(8, 39.11932101847229)	(9, 39.12780828756865)	(10, 38.96610084872692)	(20, 38.492224163754365)	(30, 38.12419656741502)	(40, 36.90018596363766)	(50, 35.654953031557774)	(60, 34.49835013609065)	(70, 34.64044430367537)	(80, 34.825869802866734)	(90, 34.91170575257856)	(100, 35.0802511702971)	(110, 35.27216539886644)	(120, 34.94360737890109)	(130, 32.72488633605285)	(140, 31.359001370576294)	(150, 30.688172061029114)	(160, 31.663214106100973)	(170, 33.53412527684101)	(180, 33.49220553021701)	(190, 31.817454286621704)	(200, 30.381351261153792)	(210, 30.254563471245724)	(220, 29.88456429424561)	(230, 31.204347782009478)	(240, 30.813593659787763)	(250, 28.756233016317186)	(260, 26.91521456066517)	(270, 27.842355179710836)	(280, 28.45624446149436)	(290, 29.311972281889194)	(300, 26.652240081208124)	(310, 26.98278563595388)	(320, 27.637837551493636)	(330, 26.922175414886897)	(340, 25.2486393948025)	(350, 25.22562784455619)	(360, 23.72169986095547)	(370, 23.701122956173116)	(380, 24.916729436525628)	(390, 26.540744510717325)	(400, 26.4887148275771)	(410, 20.872082673546505)	(420, 17.728608430587315)	(430, 16.935802732634343)	(440, 17.26245106785708)	(450, 19.22552540493907)	(460, 20.143518497476528)	(470, 20.5303192682503)	(480, 20.109731094996455)	(490, 20.56047909499618)	(500, 22.32424548619634)	(510, 21.965375810055914)	(520, 21.9469041358566)	(530, 22.0)												
SRR1655086	(1, 36.470868910095426)	(2, 36.531391260673026)	(3, 36.26368658965344)	(4, 35.55173279758915)	(5, 35.548216976393775)	(6, 35.62029131089905)	(7, 38.02611752887996)	(8, 38.08111501757911)	(9, 38.150929181315924)	(10, 38.62471120040181)	(20, 38.66732797589151)	(30, 38.463789546667314)	(40, 37.1718233543477)	(50, 35.749376534784055)	(60, 34.32299381389059)	(70, 34.42224842512246)	(80, 35.16262657881314)	(90, 35.68193395499187)	(100, 35.27449530716999)	(110, 35.74356117082506)	(120, 34.88472942115432)	(130, 32.02129918240545)	(140, 31.767186412199397)	(150, 31.862889103933945)	(160, 31.55215043651227)	(170, 31.91948941916699)	(180, 31.92743600298092)	(190, 32.18138949460153)	(200, 32.253142431453895)	(210, 32.42400787866733)	(220, 32.175692790319765)	(230, 33.03888693203253)	(240, 31.452028984425965)	(250, 27.995020826179474)	(260, 26.801820759159845)	(270, 28.258971318785957)	(280, 27.78962941423174)	(290, 28.267125196774646)	(300, 25.36831770729891)	(310, 27.445579103730694)	(320, 27.709856550754107)	(330, 27.191711674058354)	(340, 26.66235044051272)	(350, 26.360008246714166)	(360, 24.595831212887553)	(370, 24.755028993283194)	(380, 26.00413941669574)	(390, 26.308414716449626)	(400, 24.98140094700662)	(410, 20.904620850947225)	(420, 18.208666430816805)	(430, 17.210984577340497)	(440, 17.792923574156948)	(450, 20.25632156095077)	(460, 20.652488459515034)	(470, 20.533752513946595)	(480, 20.571326708327494)	(490, 21.61669016259612)	(500, 22.40489151953356)	(510, 21.60894725543827)	(520, 21.12155838313733)													
SRR1655087	(1, 37.204121687929344)	(2, 37.13287536800785)	(3, 36.321099116781156)	(4, 35.1315014720314)	(5, 35.11148184494603)	(6, 35.174092247301274)	(7, 38.91952894995093)	(8, 39.13856722276742)	(9, 39.162904808635915)	(10, 39.04959764474975)	(20, 38.666202158979395)	(30, 38.132052983816)	(40, 36.94642166053064)	(50, 35.005826024377356)	(60, 33.300929059516974)	(70, 34.0605535814005)	(80, 33.90884739190126)	(90, 34.79298946082764)	(100, 35.045225905517405)	(110, 35.5784953286099)	(120, 34.51354245304883)	(130, 32.049625004940886)	(140, 30.9008773938806)	(150, 31.222919962788513)	(160, 31.94557768751909)	(170, 33.4885058264644)	(180, 33.33747270287505)	(190, 32.5569449905439)	(200, 30.315156955698967)	(210, 30.551691783627234)	(220, 30.657792378426244)	(230, 31.90594618109847)	(240, 31.296582300005024)	(250, 27.15735784242201)	(260, 24.784489863272206)	(270, 28.484300054160606)	(280, 28.87445826757199)	(290, 29.184269401624363)	(300, 24.702432047709667)	(310, 26.354684180800735)	(320, 28.96840393643375)	(330, 26.573211238440553)	(340, 25.187174963810076)	(350, 26.722578136432286)	(360, 24.04762911380211)	(370, 23.079217280803146)	(380, 24.721571489300707)	(390, 26.708520168491436)	(400, 27.05045032884279)	(410, 20.635093302570343)	(420, 17.565350356090924)	(430, 16.919302349035263)	(440, 16.189919050593033)	(450, 19.388595349823873)	(460, 21.418933360339334)	(470, 20.90116405532024)	(480, 20.12984154487327)	(490, 19.493837872864937)	(500, 22.291229450756)	(510, 22.51260672105453)	(520, 21.140885755013493)	(530, 18.4)	(540, 19.0)											
SRR1655088	(1, 37.21787603930461)	(2, 37.18027210884354)	(3, 36.35393046107332)	(4, 35.14342403628118)	(5, 35.141723356009074)	(6, 35.190854119425545)	(7, 38.94708994708995)	(8, 39.15419501133787)	(9, 39.122260015117156)	(10, 39.010449735449725)	(20, 38.57938397581255)	(30, 38.04939468035669)	(40, 36.97436708906892)	(50, 35.09210894551522)	(60, 33.71165557411171)	(70, 34.19527586006052)	(80, 34.370644469649406)	(90, 35.17634054542121)	(100, 35.27358549459698)	(110, 35.6654164230547)	(120, 34.66616466002235)	(130, 31.63599881351477)	(140, 30.624530252000188)	(150, 30.346865783925132)	(160, 31.348021148801724)	(170, 33.38008255013196)	(180, 32.951864541761054)	(190, 32.24775618714448)	(200, 30.372480788129234)	(210, 30.346962582887546)	(220, 29.90107763912838)	(230, 32.052004002189776)	(240, 30.81101084657127)	(250, 26.899379957557898)	(260, 25.83542162986829)	(270, 28.597743704581035)	(280, 28.194462041221847)	(290, 28.90146000385321)	(300, 24.668981775905202)	(310, 27.30729153514607)	(320, 28.31766243189609)	(330, 26.695515994536596)	(340, 26.154005440511593)	(350, 26.297995161095532)	(360, 24.49738996152709)	(370, 23.809213443167312)	(380, 25.21822279232499)	(390, 26.703731796124522)	(400, 26.08513455355478)	(410, 20.064825717142977)	(420, 16.655105122982576)	(430, 16.197982113572955)	(440, 16.822139473141956)	(450, 19.316829517710882)	(460, 19.995714918777104)	(470, 20.421115691228547)	(480, 19.351525242639816)	(490, 20.24467667127831)	(500, 21.867598142431724)	(510, 21.049904925165823)	(520, 20.528017040149393)	(530, 12.0)												
SRR1655136	(1, 37.37284894837476)	(2, 37.28601019757807)	(3, 36.40423836838751)	(4, 35.044773741236455)	(5, 34.97259400892288)	(6, 35.02629063097514)	(7, 38.70793499043977)	(8, 39.014818355640536)	(9, 39.07791586998088)	(10, 38.94555449330784)	(20, 38.52243467176546)	(30, 37.93077495965103)	(40, 36.870863979378136)	(50, 34.99689633008052)	(60, 34.034037411872454)	(70, 34.65245904543533)	(80, 34.474306801762125)	(90, 35.36845146860452)	(100, 34.91099906044158)	(110, 35.48200771662263)	(120, 34.56180284543283)	(130, 32.37217237067527)	(140, 31.554058264609644)	(150, 31.48869952363978)	(160, 32.24544570301144)	(170, 33.57602514150148)	(180, 33.866687502767796)	(190, 32.98314870650255)	(200, 31.046298242687424)	(210, 31.180769621798714)	(220, 30.830881858904643)	(230, 32.40957754971793)	(240, 31.08453561964614)	(250, 27.329304442249686)	(260, 25.60617351396873)	(270, 29.443588374311368)	(280, 28.060442157226344)	(290, 28.265948917460797)	(300, 23.577904110894906)	(310, 27.002478027945358)	(320, 28.02423552098822)	(330, 25.922150780807662)	(340, 25.29398123356252)	(350, 26.302306225306495)	(360, 23.80437067816167)	(370, 23.711885994337784)	(380, 25.283989336847924)	(390, 27.335044127635136)	(400, 26.452571181150716)	(410, 20.7092845877526)	(420, 17.620260705752845)	(430, 16.97078281584254)	(440, 16.58340183745252)	(450, 20.16801972716882)	(460, 21.501934169992033)	(470, 20.9621422545668)	(480, 20.506787381569996)	(490, 20.736591646039393)	(500, 22.50163321075804)	(510, 22.114434056557986)	(520, 19.88102307638598)													
SRR1655137	(1, 37.158439201451905)	(2, 37.13411978221416)	(3, 36.270780399274045)	(4, 34.86787658802178)	(5, 34.82704174228675)	(6, 34.87241379310345)	(7, 38.82867513611615)	(8, 39.061887477313974)	(9, 39.13157894736842)	(10, 38.98067150635209)	(20, 38.489455535390206)	(30, 38.19190757768916)	(40, 36.922451217925115)	(50, 35.02623053763351)	(60, 33.28774383246106)	(70, 33.798830143595026)	(80, 34.10858054130224)	(90, 34.88854550081661)	(100, 35.04031599220254)	(110, 35.4176933223047)	(120, 34.143075533659285)	(130, 30.450493968956454)	(140, 30.079111294704926)	(150, 30.40577462946294)	(160, 31.285422842849016)	(170, 32.35806528726555)	(180, 31.828529502976682)	(190, 31.418131675718477)	(200, 29.355488346451466)	(210, 29.76886377938307)	(220, 30.032644771413175)	(230, 31.437590622904672)	(240, 30.860437205127187)	(250, 26.95587269760653)	(260, 26.193047359519927)	(270, 28.89706735898981)	(280, 27.840474865860347)	(290, 28.559567109298104)	(300, 24.662877396462097)	(310, 27.633470539856027)	(320, 28.207608928927776)	(330, 26.32300301136018)	(340, 25.907198312422658)	(350, 25.75049058792637)	(360, 24.033089488380032)	(370, 23.683725088205183)	(380, 24.85213979362674)	(390, 26.78485939145388)	(400, 25.94130545191461)	(410, 20.091666675729574)	(420, 17.263159926862485)	(430, 17.067798245138974)	(440, 17.178680375739113)	(450, 19.559875488165112)	(460, 20.19573668682056)	(470, 20.75507322156889)	(480, 20.220147816153656)	(490, 20.939162672966837)	(500, 22.46402838677449)	(510, 21.85072377635516)	(520, 21.27788015749035)	(530, 17.355555555555554)												
SRR1655138	(1, 36.82568406329224)	(2, 36.93023865722528)	(3, 36.251507998950956)	(4, 35.38902001923245)	(5, 35.37328437800507)	(6, 35.45362356849375)	(7, 38.86441122475741)	(8, 39.0573476702509)	(9, 39.06477838971938)	(10, 39.00938893259901)	(20, 38.71816592359472)	(30, 38.629781863710136)	(40, 37.12697923882116)	(50, 35.9766278950622)	(60, 34.63863619382845)	(70, 35.133002537846224)	(80, 35.41306608971131)	(90, 36.08348783498349)	(100, 35.80559116358732)	(110, 34.39984583719219)	(120, 33.215674961779506)	(130, 32.17732668164082)	(140, 31.891357596703124)	(150, 31.676578124662342)	(160, 30.776005138558684)	(170, 31.766782018405326)	(180, 33.123063941788004)	(190, 32.8839276211675)	(200, 32.0056903561376)	(210, 30.99970725702213)	(220, 24.377712450389193)	(230, 26.416782386781517)	(240, 31.256396068199628)	(250, 29.738207740428106)	(260, 28.328479178732643)	(270, 29.24006894842686)	(280, 28.791136308206283)	(290, 28.753757918728912)	(300, 29.499540376904385)	(310, 29.00129574373919)	(320, 28.662707283571212)	(330, 26.940861252400175)	(340, 25.61913141832948)	(350, 25.621753244614098)	(360, 24.192361886351513)	(370, 23.483530708221018)	(380, 22.47733518561319)	(390, 21.31664221890629)	(400, 21.06311104110818)	(410, 20.674020574956536)	(420, 20.451191571456782)	(430, 20.24407889071635)	(440, 19.339926994359956)	(450, 18.97392030238857)	(460, 19.10819879989156)	(470, 20.67290701503252)	(480, 21.465381567923128)	(490, 20.940749242229565)	(500, 22.013707167703117)	(510, 24.008333333333333)	(520, 27.0)													
SRR1655139	(1, 36.79403300076746)	(2, 36.79086722947045)	(3, 36.029067536454335)	(4, 35.14130851880276)	(5, 35.13536070606293)	(6, 35.250767459708364)	(7, 38.85926707597851)	(8, 39.1172294704528)	(9, 39.12308135072909)	(10, 39.03083269378358)	(20, 38.82092287029931)	(30, 38.70243998636188)	(40, 37.163529029318)	(50, 36.07866888393216)	(60, 34.7195556247316)	(70, 35.08281815726362)	(80, 35.15592230100552)	(90, 35.90060717996922)	(100, 35.466957309389954)	(110, 34.751862872577064)	(120, 34.03062397059892)	(130, 32.24921581666837)	(140, 32.62501361562534)	(150, 32.50023400867668)	(160, 30.361186830667993)	(170, 32.4826746698101)	(180, 33.05427468756718)	(190, 32.12263612096463)	(200, 32.09040961005437)	(210, 30.83639986553767)	(220, 27.223533387355936)	(230, 27.631175951087)	(240, 30.637897423775787)	(250, 30.095109629238078)	(260, 29.520089906652807)	(270, 29.639046227492447)	(280, 28.905460842008743)	(290, 29.07680180233741)	(300, 30.149475005214093)	(310, 28.813507005320826)	(320, 27.575640618170944)	(330, 26.792998206554262)	(340, 25.37982639958017)	(350, 24.922098090767335)	(360, 25.022699360208485)	(370, 25.874674115799383)	(380, 25.853745704845174)	(390, 21.936477216048115)	(400, 19.894505760070857)	(410, 20.68773891751028)	(420, 20.373434981890284)	(430, 20.102445164276702)	(440, 18.977808736753072)	(450, 18.6517082165605)	(460, 19.314497700488648)	(470, 20.79349382899305)	(480, 20.46015747534011)	(490, 20.637312498581597)	(500, 21.090927148716176)	(510, 22.868333333333332)	(520, 19.4)													
SRR1655140	(1, 36.64083640836408)	(2, 36.55771347187156)	(3, 35.91726548844436)	(4, 35.103709458147215)	(5, 35.0642843270538)	(6, 35.33113225869101)	(7, 38.757169676959926)	(8, 39.153233637599534)	(9, 39.17045380980126)	(10, 39.11745322716386)	(20, 38.961248138797174)	(30, 38.87959800449668)	(40, 37.30273421369797)	(50, 36.17127390228721)	(60, 34.78837165571285)	(70, 35.26899746937114)	(80, 34.61640435766611)	(90, 35.54125266508594)	(100, 34.900101876514626)	(110, 35.130034214821166)	(120, 34.70080573088206)	(130, 32.493739703558475)	(140, 34.12132676415468)	(150, 34.110363062575765)	(160, 29.348543177049628)	(170, 32.424570573626895)	(180, 32.697168873837455)	(190, 31.28632578652532)	(200, 32.292577749686714)	(210, 30.7641680743295)	(220, 32.26875010874952)	(230, 29.253440933589623)	(240, 29.811503415097015)	(250, 31.52135953387499)	(260, 32.19309580733929)	(270, 30.367362446237376)	(280, 29.53876967208449)	(290, 30.161384033415125)	(300, 30.84649125762137)	(310, 28.145736330012255)	(320, 26.59070022083364)	(330, 26.92231002789523)	(340, 25.107703198071526)	(350, 24.499756739202475)	(360, 26.82324287189072)	(370, 29.106892212007743)	(380, 28.377807917715387)	(390, 22.039991678511605)	(400, 16.85652335064628)	(410, 18.737585925083486)	(420, 18.928712659308825)	(430, 20.50095402991214)	(440, 19.440631858205144)	(450, 18.251736222304967)	(460, 19.576148188202964)	(470, 20.150815946086038)	(480, 20.73277813400785)	(490, 22.718623315964393)	(500, 23.33863066843717)	(510, 20.084523809523812)														
SRR1655141	(1, 36.780243059426915)	(2, 36.721596610547444)	(3, 35.97625153305831)	(4, 35.08741219756941)	(5, 35.062214293678224)	(6, 35.19991080388003)	(7, 38.77745568067789)	(8, 39.06277176942803)	(9, 39.08997658601851)	(10, 38.93357118965325)	(20, 38.6705541308953)	(30, 38.573110288956826)	(40, 36.93421964261354)	(50, 35.8529628212856)	(60, 34.774154754364574)	(70, 35.20157587786335)	(80, 35.187779420001924)	(90, 35.732590815946764)	(100, 35.23804699329958)	(110, 34.72036029991686)	(120, 33.44849402635951)	(130, 30.861056856810176)	(140, 31.468667435078068)	(150, 31.574093673103977)	(160, 30.65403177296355)	(170, 32.40777055793065)	(180, 32.75454112807317)	(190, 31.92857066133153)	(200, 31.399883044647755)	(210, 30.903724984800863)	(220, 27.579299862406987)	(230, 27.86344663966849)	(240, 30.150136228896372)	(250, 29.691874238103587)	(260, 28.783370118632558)	(270, 28.399411163310912)	(280, 28.365085060101972)	(290, 29.278644616315148)	(300, 29.537217953731556)	(310, 28.478597365286326)	(320, 27.745724335628147)	(330, 26.785619075626805)	(340, 25.12024338821983)	(350, 24.6989072238815)	(360, 24.514739580221924)	(370, 24.341012493586717)	(380, 24.757481581931838)	(390, 22.493073783021817)	(400, 21.818107241956653)	(410, 21.082574350071177)	(420, 20.229611032164975)	(430, 19.361288002747923)	(440, 19.22587436106091)	(450, 18.88392505881694)	(460, 18.89968815753946)	(470, 20.678637394096988)	(480, 20.60801060241683)	(490, 20.282461965348453)	(500, 20.836780586337646)	(510, 22.498054919908466)	(520, 20.2)													
SRR1655142	(1, 36.71224926178597)	(2, 36.76336421952958)	(3, 36.1576214234803)	(4, 35.53334690968333)	(5, 35.46380205681702)	(6, 35.52652479380919)	(7, 38.86457590876693)	(8, 39.09479686386315)	(9, 39.04989308624376)	(10, 38.912259444048466)	(20, 38.66520720904185)	(30, 38.53658796089084)	(40, 36.98695874402352)	(50, 35.97814397173112)	(60, 34.49531542052569)	(70, 34.82546860927331)	(80, 34.82877140796826)	(90, 35.4147615772878)	(100, 34.87876281629012)	(110, 34.97747702725962)	(120, 34.010981649083334)	(130, 31.482603501256268)	(140, 32.580546568717445)	(150, 32.54622028270539)	(160, 29.82800341281874)	(170, 32.41900559582031)	(180, 32.7382874060863)	(190, 31.455671187043606)	(200, 31.770750964635198)	(210, 30.882463287821896)	(220, 30.347332001220092)	(230, 29.032898957514156)	(240, 29.79603495449702)	(250, 30.617188349657955)	(260, 30.680293540774052)	(270, 29.282689902305048)	(280, 28.796457599043897)	(290, 29.906426091882945)	(300, 30.337802385201105)	(310, 28.45679532630499)	(320, 27.259085055391733)	(330, 27.19668000081303)	(340, 25.327901396148693)	(350, 24.52049457904855)	(360, 25.77845251135322)	(370, 26.96753134316203)	(380, 26.92017743784674)	(390, 22.5609657092698)	(400, 20.69183552063236)	(410, 21.23323360679104)	(420, 20.382467380748913)	(430, 18.95768609839031)	(440, 18.361937287965926)	(450, 19.141677358899972)	(460, 19.99234842019637)	(470, 20.75239503113329)	(480, 21.414409405413846)	(490, 21.352306964773273)	(500, 20.56908288446811)	(510, 20.381471038299562)	(520, 19.801666666666666)	(530, 21.361111111111114)												
SRR1655143	(1, 36.65059578368469)	(2, 36.831714023831346)	(3, 36.20174152153987)	(4, 35.29505041246563)	(5, 35.29083409715857)	(6, 35.362603116406966)	(7, 38.883134738771766)	(8, 39.089459211732354)	(9, 39.075985334555455)	(10, 39.017571035747025)	(20, 38.770916590284145)	(30, 38.64787551228819)	(40, 37.15150118555718)	(50, 36.04584349579166)	(60, 34.64634869885957)	(70, 35.18702864397087)	(80, 35.35741207984801)	(90, 36.05345730513725)	(100, 35.73002315140883)	(110, 34.48991645898057)	(120, 33.37134560676041)	(130, 32.392671638752994)	(140, 32.42076178688887)	(150, 32.221770668192)	(160, 30.692153708580197)	(170, 32.048090923432866)	(180, 33.32481091912508)	(190, 32.95692754677615)	(200, 32.336804274223944)	(210, 31.182309811240504)	(220, 25.4102080496531)	(230, 26.7785094338203)	(240, 31.2213678906555)	(250, 30.266711906934926)	(260, 29.086832365356134)	(270, 29.634170358192318)	(280, 29.16705510413157)	(290, 29.250905736880355)	(300, 29.8020504499345)	(310, 28.960349036723322)	(320, 28.61397993753493)	(330, 27.132881732857108)	(340, 25.60815105814578)	(350, 25.656190038065525)	(360, 24.998214517400015)	(370, 25.002011252268396)	(380, 23.89579097162947)	(390, 21.63232952499873)	(400, 20.806740394644663)	(410, 21.124497660389487)	(420, 21.02022477755174)	(430, 20.88413297587138)	(440, 20.073000574643746)	(450, 19.794080241161648)	(460, 19.050163912496856)	(470, 20.231037972456967)	(480, 21.4795462873774)	(490, 22.427744101766493)	(500, 22.32152035321472)	(510, 21.497278554778553)	(520, 20.785714285714285)													
SRR1655144	(1, 36.97349842511133)	(2, 36.92733789507983)	(3, 36.14087107635495)	(4, 35.24828934506354)	(5, 35.246768762897794)	(6, 35.31041598783534)	(7, 38.820571304442275)	(8, 39.0456174649723)	(9, 39.085587053328986)	(10, 38.961681329423264)	(20, 38.68227435646791)	(30, 38.58225039150772)	(40, 37.03668835180878)	(50, 35.975247334872904)	(60, 34.74027061082096)	(70, 35.18415062012869)	(80, 35.459120577117105)	(90, 36.1613852396273)	(100, 35.78254536234854)	(110, 34.601848264488964)	(120, 33.61236812127541)	(130, 32.04968396210647)	(140, 31.98006677120851)	(150, 31.88109442577408)	(160, 31.015346489815578)	(170, 32.098024563964415)	(180, 33.19361588559485)	(190, 32.604020402854005)	(200, 31.779650950209838)	(210, 31.057749133745165)	(220, 24.759061355016737)	(230, 26.83799148101511)	(240, 31.470398563109335)	(250, 29.803814589798872)	(260, 28.54365550899947)	(270, 29.615024190617124)	(280, 29.1242647593519)	(290, 28.719486145081312)	(300, 29.55277876294239)	(310, 29.142492320840965)	(320, 28.669444039618895)	(330, 26.930019953303365)	(340, 25.655172531065944)	(350, 25.52511931302069)	(360, 23.771319340820284)	(370, 23.026573667494052)	(380, 22.85755879042267)	(390, 21.743963718556266)	(400, 20.887223954288796)	(410, 20.390315388790555)	(420, 20.27534875964466)	(430, 20.14062722696997)	(440, 18.586698025764424)	(450, 17.995518555084317)	(460, 18.62501603323229)	(470, 20.726883210399688)	(480, 20.576497510172413)	(490, 18.250266936498626)	(500, 18.92298319327731)	(510, 20.594761904761903)	(520, 14.4)													
SRR1655145	(1, 36.930947657561426)	(2, 36.93834884785594)	(3, 36.31802227987181)	(4, 35.45994201129254)	(5, 35.45933160384557)	(6, 35.52350068670838)	(7, 38.859606287196705)	(8, 39.07416450480696)	(9, 39.09117961239127)	(10, 38.95783610560049)	(20, 38.70573019990844)	(30, 38.50965877250698)	(40, 37.079349310268)	(50, 36.015008256453065)	(60, 34.561949424732646)	(70, 34.95799143012416)	(80, 35.294809449299066)	(90, 36.05542273470174)	(100, 35.709695795363686)	(110, 34.69400321521975)	(120, 34.01531341673999)	(130, 32.428171170881676)	(140, 32.505194232022255)	(150, 32.47132219951503)	(160, 30.64702257954091)	(170, 32.47588984182203)	(180, 33.24827834179099)	(190, 32.404117561024414)	(200, 32.198037785764726)	(210, 30.939319393159003)	(220, 26.17123841590331)	(230, 27.2702320990333)	(240, 30.966542902384937)	(250, 30.00273404444256)	(260, 29.319364667958165)	(270, 29.8549883778381)	(280, 28.942065060080722)	(290, 28.888927132324625)	(300, 30.04409048928614)	(310, 29.018437848803256)	(320, 28.033810953888327)	(330, 27.013647390822126)	(340, 25.677500953755544)	(350, 25.17882975520482)	(360, 24.527116966944668)	(370, 25.15738553823694)	(380, 25.07185721731258)	(390, 21.826394044131654)	(400, 19.75827487102802)	(410, 20.561395822334678)	(420, 20.7415165401131)	(430, 20.516036503186857)	(440, 19.190351322971072)	(450, 19.0493887026769)	(460, 19.316476452220222)	(470, 20.275466394382317)	(480, 20.681918616852187)	(490, 20.28656033957482)	(500, 20.759426981135743)	(510, 19.296959706959704)														
SRR1655146	(1, 36.991157894736844)	(2, 37.01715789473684)	(3, 36.44842105263158)	(4, 35.624842105263156)	(5, 35.590315789473685)	(6, 35.653473684210525)	(7, 38.99336842105263)	(8, 39.17378947368421)	(9, 39.148736842105265)	(10, 39.01933684210526)	(20, 38.68415789473685)	(30, 38.55736919747846)	(40, 37.09111823825707)	(50, 36.1524794208227)	(60, 34.81224097867134)	(70, 35.06054468421502)	(80, 35.33296780752257)	(90, 35.7741166050006)	(100, 35.452544764386666)	(110, 34.87036044943899)	(120, 33.68951301532597)	(130, 31.928796119826)	(140, 32.27820185119518)	(150, 32.064381612287264)	(160, 30.5161804806462)	(170, 32.410504144454144)	(180, 33.36783467406725)	(190, 32.609811333669214)	(200, 31.939679716635)	(210, 31.191741811561762)	(220, 27.234954358779937)	(230, 28.236455935783294)	(240, 31.10591907638704)	(250, 30.514553099946404)	(260, 29.594562979077875)	(270, 29.333023401436925)	(280, 28.866216861838097)	(290, 29.441132100117567)	(300, 30.231222909735987)	(310, 29.22034348336149)	(320, 28.554850197030255)	(330, 27.357342666449473)	(340, 25.920623520739888)	(350, 25.3287967700804)	(360, 24.802479179329016)	(370, 25.10384965034225)	(380, 24.728523885265943)	(390, 22.25734522025517)	(400, 21.537489058161803)	(410, 21.336987494236475)	(420, 20.871115217681687)	(430, 19.91628828258913)	(440, 18.89789817435181)	(450, 19.219471974745648)	(460, 19.845047097989315)	(470, 20.73126862993836)	(480, 21.314990797993367)	(490, 21.59007587327404)	(500, 21.258500916537407)	(510, 20.9387987012987)	(520, 27.041666666666668)													
SRR1655147	(1, 37.02243920758614)	(2, 36.98826401276875)	(3, 36.35395737489438)	(4, 35.564454041874)	(5, 35.55684912214816)	(6, 35.62012956529903)	(7, 38.96967420899446)	(8, 39.129565299032954)	(9, 39.09060182142522)	(10, 38.95428598253685)	(20, 38.691221481551025)	(30, 38.50530430322311)	(40, 37.0692507953073)	(50, 36.022490016647694)	(60, 34.693889922841635)	(70, 35.14991427330603)	(80, 35.41077785246766)	(90, 36.109486349047145)	(100, 35.65474309791356)	(110, 34.60088014093161)	(120, 33.80317258104009)	(130, 32.038038659369064)	(140, 32.06824690442994)	(150, 31.86197827122977)	(160, 30.845228728058412)	(170, 32.12307691007963)	(180, 33.10279710110587)	(190, 32.29126060247538)	(200, 31.6606090951302)	(210, 31.084464179342508)	(220, 25.165798075801494)	(230, 27.12972673281407)	(240, 31.361249924420445)	(250, 29.6775465185087)	(260, 28.59300541590966)	(270, 29.624274921038165)	(280, 28.8972477964083)	(290, 28.581627723815085)	(300, 29.562820812912282)	(310, 29.09129318928736)	(320, 28.44673884643202)	(330, 26.834688400476086)	(340, 25.732445422706956)	(350, 25.336872852384698)	(360, 23.75903722014496)	(370, 23.268306106557095)	(380, 23.603280024619576)	(390, 22.230561134654373)	(400, 21.224551204666888)	(410, 20.475484723971725)	(420, 20.153462559922932)	(430, 20.18667947965105)	(440, 18.95062010599849)	(450, 18.252550758671816)	(460, 19.058432287406934)	(470, 20.63083042912232)	(480, 20.94996831458331)	(490, 19.673904034018555)	(500, 21.22076201379293)	(510, 22.9725752025752)	(520, 17.29717261904762)													
SRR1655160	(1, 36.71622165570911)	(2, 36.6006977056219)	(3, 35.65825841942842)	(4, 34.163558298671674)	(5, 34.07849188246344)	(6, 34.1227693546223)	(7, 38.402924996645645)	(8, 38.58419428418087)	(9, 38.62109217764659)	(10, 38.62531866362539)	(20, 38.7079967798202)	(30, 38.65019810938948)	(40, 37.242929038230955)	(50, 36.148760716240055)	(60, 35.016916760404534)	(70, 35.34672324244667)	(80, 35.08626127053448)	(90, 35.87098109920244)	(100, 35.31318968509902)	(110, 34.97976691388484)	(120, 34.12136454088233)	(130, 31.85841197285925)	(140, 32.78584206007164)	(150, 32.74110365341354)	(160, 29.935855165496868)	(170, 32.29738303681199)	(180, 32.9083152705698)	(190, 31.539364681492508)	(200, 31.68320812353395)	(210, 30.73358337025585)	(220, 29.27200294461098)	(230, 28.487804692026646)	(240, 30.024987139461906)	(250, 30.22344918606792)	(260, 30.470681953183593)	(270, 29.769813274343583)	(280, 29.10286031805226)	(290, 29.258292381507857)	(300, 29.763898415824094)	(310, 27.862512225324934)	(320, 26.739741703202963)	(330, 26.634167097134235)	(340, 24.819058851445078)	(350, 24.339529777237008)	(360, 25.49715807284336)	(370, 26.926871605905063)	(380, 26.838476382453063)	(390, 21.984184024310714)	(400, 19.773200587288954)	(410, 20.463283406408934)	(420, 20.48101727535844)	(430, 20.317621734012558)	(440, 18.78955729192102)	(450, 19.065445885040088)	(460, 19.066651984625764)	(470, 20.423790962530173)	(480, 20.71616287587886)	(490, 20.984760091081885)	(500, 23.183663471601214)	(510, 23.929365079365077)	(520, 27.2)													
SRR1655161	(1, 36.63646675173685)	(2, 36.54884446334893)	(3, 35.43882036013044)	(4, 33.94243584290373)	(5, 33.98256061250532)	(6, 34.09542038848717)	(7, 38.74039415851411)	(8, 38.909825606125054)	(9, 38.916773004395296)	(10, 38.76592939174819)	(20, 38.16951651779385)	(30, 38.086918478164)	(40, 36.084019413960746)	(50, 35.613143111321655)	(60, 34.31039277135974)	(70, 33.58352534612833)	(80, 33.972513610800256)	(90, 34.98423342997379)	(100, 33.744703050906125)	(110, 34.060794322928544)	(120, 33.05209343947282)	(130, 29.097256153405926)	(140, 29.31755889389829)	(150, 30.58263364743424)	(160, 30.946585022592267)	(170, 32.56114454614071)	(180, 31.01264623092066)	(190, 29.656985989112364)	(200, 29.892508418383272)	(210, 30.240461906318792)	(220, 30.185001713394236)	(230, 28.221424691322454)	(240, 27.91385399537763)	(250, 27.698323559504132)	(260, 29.053424177843386)	(270, 28.724020464761697)	(280, 29.401568464650428)	(290, 30.748448863010083)	(300, 30.237114894440698)	(310, 28.82077308507843)	(320, 27.72606578474481)	(330, 27.436485972956184)	(340, 25.36625308824646)	(350, 23.5847516086367)	(360, 24.27358607864604)	(370, 23.296998354309107)	(380, 27.434089928674968)	(390, 25.38120909547635)	(400, 23.086634754267713)	(410, 19.50391798444506)	(420, 20.138724300411432)	(430, 18.804816601351426)	(440, 19.661878330707786)	(450, 19.870201868442958)	(460, 20.921341502716874)	(470, 21.389828744916485)	(480, 21.575174288236038)	(490, 20.90143817036752)	(500, 19.979600285483762)	(510, 19.648446986450082)	(520, 23.825)	(530, 27.25)												
SRR1655162	(1, 36.99263070077864)	(2, 36.77071746384872)	(3, 35.421440489432705)	(4, 33.235539488320356)	(5, 33.19229699666296)	(6, 33.28184093437152)	(7, 37.76640711902113)	(8, 38.20328142380423)	(9, 38.25180756395996)	(10, 38.07007786429366)	(20, 38.193020022246934)	(30, 38.18966356664758)	(40, 37.270174410876635)	(50, 36.36117190275242)	(60, 34.69072600892415)	(70, 34.73299731856998)	(80, 35.39001183883799)	(90, 36.210167341204865)	(100, 35.70099427432696)	(110, 34.320806844635094)	(120, 33.50689982670727)	(130, 31.957211988618262)	(140, 31.3785499583101)	(150, 31.98388665065429)	(160, 30.336848065441966)	(170, 30.965419078693394)	(180, 32.93841852052216)	(190, 32.77736131548471)	(200, 32.376109228553425)	(210, 31.180661474788298)	(220, 25.035798595671068)	(230, 27.0608589727427)	(240, 31.638287206564264)	(250, 30.647817699867016)	(260, 30.06074113617247)	(270, 31.14299396300861)	(280, 30.11591190991549)	(290, 30.013304815426455)	(300, 30.496538606238982)	(310, 30.31666160422127)	(320, 30.0658887818979)	(330, 28.18814633715556)	(340, 26.75382817945827)	(350, 26.94203387785082)	(360, 25.133361495914396)	(370, 24.448417890788935)	(380, 24.27280884147332)	(390, 22.797204976449198)	(400, 21.63842489740214)	(410, 22.060180789344496)	(420, 21.139883811181818)	(430, 21.27125357429579)	(440, 19.130581292486735)	(450, 17.959059680092164)	(460, 19.797330795032344)	(470, 22.234880191514925)	(480, 21.964401425998773)	(490, 20.304240374757892)	(500, 20.593497873957357)	(510, 21.8750700280112)	(520, 15.05)	(530, 15.0)												
SRR1655168	(1, 36.21291512915129)	(2, 36.096125461254616)	(3, 34.92619926199262)	(4, 32.82287822878229)	(5, 32.836531365313654)	(6, 33.03173431734317)	(7, 37.82453874538746)	(8, 38.30332103321033)	(9, 38.46420664206642)	(10, 38.23214022140222)	(20, 37.67341328413284)	(30, 37.67308700134434)	(40, 36.059410317796946)	(50, 35.6187543909252)	(60, 33.809129961103054)	(70, 32.61509724686766)	(80, 33.20264282249795)	(90, 33.958650295744214)	(100, 33.42549648685231)	(110, 33.61770385956909)	(120, 33.03028400567611)	(130, 30.142878325183794)	(140, 30.69718413316224)	(150, 31.24246401268557)	(160, 30.873608578125687)	(170, 32.1252830898356)	(180, 30.454377451063532)	(190, 28.729875768920362)	(200, 29.22517879371714)	(210, 28.363942431112662)	(220, 28.15715537557586)	(230, 27.515736193367605)	(240, 27.77119260596786)	(250, 28.438322854521232)	(260, 28.982923060598814)	(270, 28.54743729762904)	(280, 28.163838790947807)	(290, 28.720553741584148)	(300, 28.864235678964853)	(310, 27.10053497852285)	(320, 26.264312408708076)	(330, 26.231709871311445)	(340, 25.16769323232714)	(350, 23.8818904693025)	(360, 24.778057164366224)	(370, 26.350115456505257)	(380, 27.68382688796773)	(390, 24.11919088661262)	(400, 21.415149949222346)	(410, 20.058472535572342)	(420, 19.848788066240804)	(430, 18.972541456015094)	(440, 19.50420203357262)	(450, 19.95727556653646)	(460, 21.57445350834363)	(470, 21.59171090709079)	(480, 21.523691767331794)	(490, 21.42757322779062)	(500, 21.407332904813927)	(510, 22.25581816059757)	(520, 20.195476190476192)	(530, 19.0)												
SRR1655175	(1, 37.11834862385321)	(2, 37.19128440366973)	(3, 36.487614678899085)	(4, 35.25122324159022)	(5, 35.20749235474006)	(6, 35.28318042813456)	(7, 38.730886850152906)	(8, 38.956269113149844)	(9, 39.019571865443424)	(10, 39.016039755351684)	(20, 38.561850152905194)	(30, 38.154004751022136)	(40, 37.020974383404216)	(50, 35.313172429484766)	(60, 34.07617837568473)	(70, 34.18432658411964)	(80, 34.48227266661262)	(90, 35.06625212364583)	(100, 34.82287070674947)	(110, 35.28266203523386)	(120, 34.22712546754188)	(130, 31.127093008170107)	(140, 30.17923147029533)	(150, 30.145616975354823)	(160, 30.71776197248143)	(170, 31.74325575621696)	(180, 31.507449135384142)	(190, 31.065746164655376)	(200, 29.71441809360754)	(210, 31.544339147718222)	(220, 31.806840245161503)	(230, 32.138103172664685)	(240, 31.506696529840326)	(250, 28.378415102800858)	(260, 25.79471821778602)	(270, 27.977754396248372)	(280, 28.14667507967613)	(290, 28.787623056244957)	(300, 25.309323369470583)	(310, 27.12121785416324)	(320, 28.333120111867697)	(330, 26.51202054234301)	(340, 25.992703767745923)	(350, 26.236841951314382)	(360, 23.797399438595413)	(370, 22.777854516111592)	(380, 24.909370817064957)	(390, 26.98686419163011)	(400, 27.08678791311321)	(410, 21.342119260101736)	(420, 18.0395572944527)	(430, 17.470895333465485)	(440, 17.432164580645313)	(450, 19.1123174740411)	(460, 20.2707336921817)	(470, 21.530956382422595)	(480, 21.109040677094292)	(490, 21.128625508666367)	(500, 22.057841625426835)	(510, 21.592083086558247)	(520, 21.28628488535666)	(530, 16.932337662337662)												
SRR1655176	(1, 35.82949577382687)	(2, 36.14762459924221)	(3, 35.154036723987176)	(4, 33.09312153890994)	(5, 33.09035266686097)	(6, 33.24336928009327)	(7, 38.30370154473914)	(8, 38.545759253861846)	(9, 38.58437773243952)	(10, 38.4422471582629)	(20, 38.09889245118042)	(30, 38.02283158436115)	(40, 36.47376139703406)	(50, 35.946184612384414)	(60, 34.07684876333916)	(70, 33.35664481671698)	(80, 33.628436314114076)	(90, 34.15215959206973)	(100, 33.98441256646893)	(110, 33.95864660630609)	(120, 33.70419284717972)	(130, 31.141250075623002)	(140, 31.54318945506491)	(150, 32.21836238110941)	(160, 30.7154376995693)	(170, 32.34307593784059)	(180, 30.828667351171738)	(190, 29.48883037640183)	(200, 30.525854828486672)	(210, 28.81663840924453)	(220, 28.75344240472956)	(230, 28.026764841431277)	(240, 28.120135720908593)	(250, 29.35964396614462)	(260, 30.09065842287303)	(270, 29.8526342862248)	(280, 28.76402809553442)	(290, 28.77525333823948)	(300, 29.093258835849262)	(310, 27.11470746666948)	(320, 25.85108536403921)	(330, 26.192647875842944)	(340, 25.202230667400514)	(350, 24.114012555241853)	(360, 25.13649170041232)	(370, 27.735536040722234)	(380, 28.691002816624803)	(390, 23.91273820261268)	(400, 19.75495635518999)	(410, 17.873844839560306)	(420, 19.387376911217967)	(430, 18.94120742896719)	(440, 19.795716067322843)	(450, 19.802374645083813)	(460, 19.639789075332608)	(470, 21.503595859633563)	(480, 21.796670310521485)	(490, 21.727987012987015)	(500, 23.72222222222222)	(510, 20.608333333333334)	(520, 20.444444444444446)													
SRR1655177	(1, 36.40474465773271)	(2, 36.08819268381021)	(3, 34.7345164795364)	(4, 32.6769286490402)	(5, 32.5530604853314)	(6, 32.563201738500545)	(7, 37.08493299529156)	(8, 37.448750452734515)	(9, 37.482614994567186)	(10, 36.22178558493299)	(20, 36.01204273813836)	(30, 35.42917233493688)	(40, 34.68642974034018)	(50, 35.75478082449085)	(60, 31.477156559937207)	(70, 25.16152759291618)	(80, 29.010797014157646)	(90, 29.29352362249177)	(100, 31.859830015666375)	(110, 31.74687514762818)	(120, 31.839201616864095)	(130, 30.10162415347237)	(140, 27.863690169629457)	(150, 27.70458195560235)	(160, 30.066969637118255)	(170, 29.942908477225274)	(180, 29.9441979126546)	(190, 25.11454324130961)	(200, 26.154435863238763)	(210, 26.751458779284825)	(220, 24.387038187278925)	(230, 25.39890878084497)	(240, 26.795165277815915)	(250, 26.663206977229986)	(260, 28.16394715004526)	(270, 27.717346194945634)	(280, 27.30830788900435)	(290, 28.312102047147807)	(300, 28.44218427815149)	(310, 26.58937439482806)	(320, 26.304538970987437)	(330, 25.89997502736917)	(340, 24.903332101856613)	(350, 23.15802847808797)	(360, 24.540285658078016)	(370, 26.399640654905255)	(380, 28.106344097970254)	(390, 24.107412157645953)	(400, 21.44077729752158)	(410, 20.998216937407626)	(420, 20.20854477330837)	(430, 20.08893694624488)	(440, 19.059959375835007)	(450, 19.520773474653527)	(460, 20.850686478569227)	(470, 22.464540894117274)	(480, 22.850194338489338)	(490, 24.626010101010102)	(500, 20.40642857142857)	(510, 23.5)														
SRR1655179	(1, 37.34107353188625)	(2, 37.171462224465756)	(3, 35.820629311795386)	(4, 33.550563688372876)	(5, 33.59750967524819)	(6, 33.72791519434629)	(7, 38.5944809019014)	(8, 38.88642099949521)	(9, 38.93925626787818)	(10, 38.81443715295306)	(20, 38.34241965337372)	(30, 37.87972639858294)	(40, 36.508668176006076)	(50, 35.37941097403841)	(60, 34.18861987909888)	(70, 34.36629981885382)	(80, 34.78001718581321)	(90, 34.74232336086509)	(100, 34.30442151554924)	(110, 34.51450518791807)	(120, 34.42455497540563)	(130, 32.71489139944166)	(140, 30.82164323315045)	(150, 29.456886516683873)	(160, 31.14813684640709)	(170, 33.470364456248)	(180, 33.68855242965174)	(190, 32.59314413161524)	(200, 31.00628724378644)	(210, 30.404674552682916)	(220, 29.601005225935864)	(230, 31.774076552921475)	(240, 31.800647929075883)	(250, 28.88560978796922)	(260, 26.44831173923949)	(270, 28.81373338405886)	(280, 28.589374635412362)	(290, 29.95314889420782)	(300, 25.573470601547193)	(310, 27.30530165533303)	(320, 28.72832700590603)	(330, 27.748243474696505)	(340, 26.757416531670817)	(350, 26.927593049410937)	(360, 24.49265251547783)	(370, 24.28260310351513)	(380, 25.821038703687112)	(390, 27.40051713574233)	(400, 27.591497991904237)	(410, 22.31972649273145)	(420, 18.190362746635966)	(430, 16.692901705288186)	(440, 16.299565301499157)	(450, 19.570883163524435)	(460, 21.264536598765527)	(470, 21.2964982430074)	(480, 20.282285048259865)	(490, 21.07025838445388)	(500, 22.842172745166692)	(510, 22.20562627797289)	(520, 20.432995152758576)	(530, 16.25)												
SRR1655180	(1, 36.44581231079717)	(2, 36.28365287588294)	(3, 35.20060544904137)	(4, 33.89566094853683)	(5, 33.84954591321897)	(6, 33.89041372351161)	(7, 37.99909182643794)	(8, 38.31069626639758)	(9, 38.41392532795157)	(10, 38.271352169525734)	(20, 38.19101917255298)	(30, 38.100388756675095)	(40, 36.79209727685706)	(50, 35.95054077881657)	(60, 34.12273367908971)	(70, 33.92859929980857)	(80, 33.98038371764268)	(90, 34.915812688269504)	(100, 33.85158422231132)	(110, 34.462378435280044)	(120, 34.198105206359486)	(130, 31.375822763110612)	(140, 32.18217700497769)	(150, 33.0213290575713)	(160, 30.500380892433462)	(170, 32.17067198894351)	(180, 30.114651054642696)	(190, 29.00819399022135)	(200, 30.472324947324175)	(210, 28.52635606004455)	(220, 30.478752919051196)	(230, 28.302021910222766)	(240, 28.277986714724967)	(250, 28.969995257647877)	(260, 30.75369520097799)	(270, 30.09910716593202)	(280, 29.453546910207486)	(290, 29.953266334166436)	(300, 30.29806266112818)	(310, 27.09420353630337)	(320, 25.93413955378613)	(330, 26.38623889953311)	(340, 25.11360792494074)	(350, 24.03414845068957)	(360, 25.67707363015962)	(370, 28.20869483557251)	(380, 29.237892407864592)	(390, 23.57238035839891)	(400, 18.61527354550365)	(410, 17.514887786328657)	(420, 19.145998580618134)	(430, 20.120747365392994)	(440, 19.795082145290273)	(450, 19.27674133598422)	(460, 20.38882332667621)	(470, 21.66791742995597)	(480, 22.07611695775489)	(490, 20.406052631578945)	(500, 20.3025)	(510, 18.75)	(520, 25.1)	(530, 23.5)												
SRR1655181	(1, 36.57165304839724)	(2, 36.57023884349466)	(3, 35.54399748585795)	(4, 33.98491514770585)	(5, 34.021370207416716)	(6, 34.11942174732872)	(7, 38.57369578881207)	(8, 38.76759899434318)	(9, 38.80311125078567)	(10, 38.5985072281584)	(20, 38.07333438089252)	(30, 38.00675546423967)	(40, 36.28139365589838)	(50, 36.0556684230382)	(60, 34.13861208902359)	(70, 32.906884794883894)	(80, 33.358481337405046)	(90, 34.14556191528505)	(100, 34.08511743093245)	(110, 33.82879206112899)	(120, 33.302891313243684)	(130, 30.606196795501223)	(140, 30.66091198109321)	(150, 31.499053707565302)	(160, 30.855751115302876)	(170, 31.8206124555923)	(180, 31.717704352607093)	(190, 30.380325270341324)	(200, 30.4797902114512)	(210, 29.822698838713347)	(220, 27.899458017065086)	(230, 27.7385300729757)	(240, 28.60199718309493)	(250, 29.48429111493337)	(260, 29.72479801800879)	(270, 29.77687968636271)	(280, 29.339249524841062)	(290, 29.240653480623166)	(300, 28.965025149376306)	(310, 27.6143648787423)	(320, 26.89197183594765)	(330, 26.492550817777584)	(340, 25.455003283585505)	(350, 24.27763671855002)	(360, 25.456303328084296)	(370, 26.929223055618706)	(380, 27.76811057172818)	(390, 24.561996019692977)	(400, 22.003363689834053)	(410, 19.595217121421378)	(420, 20.51472046655142)	(430, 19.433336290737607)	(440, 19.925333895271358)	(450, 20.65911795550418)	(460, 20.987400777770326)	(470, 21.439260510985175)	(480, 21.997619887632965)	(490, 21.94766242135713)	(500, 22.18204838743632)	(510, 20.869772727272725)	(520, 15.4)	(530, 21.7)												
SRR1655182	(1, 35.967816534977835)	(2, 35.62150703411062)	(3, 34.31046444401619)	(4, 32.44806321063789)	(5, 32.36403931393332)	(6, 32.41799961456928)	(7, 36.77818462131432)	(8, 37.337251878974755)	(9, 37.612256696858736)	(10, 37.21183272306802)	(20, 37.097687415687034)	(30, 37.19189765157014)	(40, 36.107853271346784)	(50, 35.62659084706872)	(60, 33.93565924530517)	(70, 32.26289244081819)	(80, 32.75035252834019)	(90, 33.7576942229792)	(100, 32.78759473556933)	(110, 33.52286808317356)	(120, 33.02965347505431)	(130, 29.72207998974876)	(140, 30.389881883181744)	(150, 31.327108937515323)	(160, 30.317716298328207)	(170, 31.729846982398385)	(180, 29.635254629250717)	(190, 28.21975171737595)	(200, 28.98250781030822)	(210, 27.562473590094363)	(220, 27.75883671625312)	(230, 27.367444498330702)	(240, 27.120155258550835)	(250, 27.735817923637804)	(260, 28.359515873643016)	(270, 27.818017916505276)	(280, 27.541883063819533)	(290, 28.293495826868337)	(300, 28.502788752902394)	(310, 26.98868286729057)	(320, 25.877891601221116)	(330, 25.877516452507848)	(340, 24.589225427807524)	(350, 23.274016401287902)	(360, 24.388651127327446)	(370, 26.40059411625483)	(380, 27.586689815755733)	(390, 23.897030629139113)	(400, 21.328890168882264)	(410, 20.350248622523146)	(420, 20.159690428631823)	(430, 19.07449862049698)	(440, 19.6716306278716)	(450, 19.627408783562082)	(460, 20.99162549015703)	(470, 21.224077787503532)	(480, 21.226418255714755)	(490, 20.47396405728549)	(500, 21.69196745695657)	(510, 22.16883838383838)	(520, 20.675)	(530, 16.6)												
SRR1655183	(1, 36.48619424599344)	(2, 36.28499710368797)	(3, 35.01351612280363)	(4, 33.09113728519019)	(5, 33.02992855763661)	(6, 33.08515157366287)	(7, 37.52230160262599)	(8, 37.94149449700714)	(9, 37.98455300251014)	(10, 37.59806912531377)	(20, 37.7324966209693)	(30, 37.77957369166266)	(40, 36.50695559172398)	(50, 36.20911839184664)	(60, 34.03634186067795)	(70, 31.246734298705015)	(80, 32.331299828206106)	(90, 32.709993043501704)	(100, 33.680260550928416)	(110, 33.329291819980526)	(120, 32.79894182866763)	(130, 29.69254304837825)	(140, 29.35514434257024)	(150, 29.9566975789043)	(160, 30.636691817523854)	(170, 31.853536410171092)	(180, 32.381448082297325)	(190, 29.775466265863265)	(200, 29.766381025567046)	(210, 29.97234693359393)	(220, 25.486037639423152)	(230, 27.085969635016387)	(240, 28.237946282515974)	(250, 28.80194778298435)	(260, 27.942253963738334)	(270, 28.64585404906208)	(280, 28.41876667417831)	(290, 27.414444105042627)	(300, 27.129821442658915)	(310, 27.084075421737616)	(320, 26.41829357264904)	(330, 25.822841782853732)	(340, 24.835633969580712)	(350, 22.789302517290746)	(360, 23.582780655849298)	(370, 24.43607107111103)	(380, 26.79547538304404)	(390, 25.16099009636669)	(400, 23.336066138074713)	(410, 19.694926534589108)	(420, 20.552888070326055)	(430, 19.26023372993885)	(440, 19.569582602590707)	(450, 20.365682181500354)	(460, 20.118452493008437)	(470, 20.31566519978518)	(480, 21.258400571559264)	(490, 20.31193611353789)	(500, 20.835694444444446)	(510, 20.10833333333333)	(520, 13.5)	(530, 13.9)	(540, 12.8)	(550, 12.6)	(560, 11.2)	(570, 11.2)	(580, 11.2)	(590, 12.6)	(600, 11.6)	(610, 11.4)	(620, 13.5)	(630, 13.5)	(640, 13.3)	(650, 11.0)
SRR1655184	(1, 35.70211247502141)	(2, 35.83157293748216)	(3, 34.70639451898373)	(4, 33.07208107336569)	(5, 32.96474450471025)	(6, 32.98130174136455)	(7, 37.49143591207537)	(8, 37.91079075078504)	(9, 38.04795889237796)	(10, 38.03057379389095)	(20, 37.98237225235512)	(30, 37.83994127021208)	(40, 36.44523664728011)	(50, 35.79705534021945)	(60, 33.96563022921798)	(70, 33.03968385157646)	(80, 33.4766827601547)	(90, 34.38191457099032)	(100, 33.51008998001453)	(110, 33.971120007435786)	(120, 32.436370178982045)	(130, 28.60084942430428)	(140, 29.050905834293967)	(150, 30.229900280084053)	(160, 30.6542416888234)	(170, 31.831221556747323)	(180, 30.49756430353039)	(190, 28.702849201428982)	(200, 29.286315432052113)	(210, 29.538739967605228)	(220, 28.281498102678984)	(230, 27.335984642975824)	(240, 27.986385835784898)	(250, 28.013093427511546)	(260, 28.67179639340634)	(270, 28.18338810159736)	(280, 28.92738562022614)	(290, 29.78333598492855)	(300, 29.002312758615382)	(310, 27.637450731023495)	(320, 27.209363120872116)	(330, 26.698159846069224)	(340, 24.980978202340037)	(350, 23.31949884152269)	(360, 24.437302663206644)	(370, 24.382251408529733)	(380, 26.681629937233204)	(390, 24.129663135898596)	(400, 22.481803571733998)	(410, 19.620995850044558)	(420, 19.622551949910537)	(430, 17.119898486234256)	(440, 19.338500022434808)	(450, 20.423366209641678)	(460, 20.150911855135128)	(470, 21.163961698076896)	(480, 21.135615285615287)	(490, 21.550743994885675)	(500, 22.463576817918923)	(510, 24.12142857142857)	(520, 20.8)													
SRR1655185	(1, 35.95469522240527)	(2, 35.704283360790775)	(3, 34.049148819330036)	(4, 32.115595826468976)	(5, 32.07413509060955)	(6, 32.241350906095555)	(7, 37.144700713893464)	(8, 37.38522789676002)	(9, 37.51263042284459)	(10, 37.212877539813284)	(20, 37.03121911037891)	(30, 37.11325571556223)	(40, 35.87035769350994)	(50, 35.57498367975893)	(60, 33.92552661022219)	(70, 31.305293487323276)	(80, 32.58730483540875)	(90, 33.23088937405066)	(100, 32.14387781016087)	(110, 33.576135852785164)	(120, 32.53391113634653)	(130, 28.259074297849516)	(140, 28.838678949733502)	(150, 30.1870117383494)	(160, 30.59986375518862)	(170, 32.26692879348884)	(180, 30.212940383707792)	(190, 27.721086784914338)	(200, 28.495178978444734)	(210, 28.381535420528838)	(220, 26.78989067813515)	(230, 27.387019479199317)	(240, 26.880606245696775)	(250, 26.86304800775499)	(260, 26.85114408168139)	(270, 26.72031817913565)	(280, 27.23857043322328)	(290, 27.48809182167679)	(300, 27.652821633869628)	(310, 27.155853648420198)	(320, 26.179087247497215)	(330, 26.08289780046916)	(340, 24.605115374168687)	(350, 22.50812133179571)	(360, 23.313172279295724)	(370, 23.89462342225458)	(380, 26.787641162206977)	(390, 24.677301534517365)	(400, 21.989361574010353)	(410, 19.47625202213259)	(420, 19.907654030891916)	(430, 19.275939362185557)	(440, 19.726373434938466)	(450, 19.50574195314681)	(460, 20.59847065591264)	(470, 21.286963006193268)	(480, 21.064902271948064)	(490, 21.995031634075694)	(500, 21.61558995906055)	(510, 19.1230439005439)	(520, 16.5)													
SRR1655186	(1, 36.63210305134296)	(2, 36.489585236616115)	(3, 34.910926365795724)	(4, 33.391010414763386)	(5, 33.35401059747853)	(6, 33.37895121505573)	(7, 37.960898958523664)	(8, 38.11227845788416)	(9, 38.15466837200804)	(10, 37.97617394482003)	(20, 37.8797551617029)	(30, 37.80443121708308)	(40, 36.82269077881362)	(50, 36.01167652440338)	(60, 34.28668318548157)	(70, 33.85524761750177)	(80, 34.17882720952012)	(90, 34.60755499026967)	(100, 33.65241694058212)	(110, 34.24701708234476)	(120, 34.035410885550476)	(130, 31.437728086235353)	(140, 32.52983053466003)	(150, 33.197534926329816)	(160, 29.91740773290912)	(170, 32.2038815319453)	(180, 30.44889215115261)	(190, 28.84020854580252)	(200, 30.913554290586234)	(210, 28.723885754157806)	(220, 30.122645427762215)	(230, 28.67577576117244)	(240, 28.188692032723587)	(250, 29.07265178326957)	(260, 30.70170332911393)	(270, 30.047376898004835)	(280, 29.305722612320785)	(290, 29.487136410572525)	(300, 30.038078200986774)	(310, 26.638463307219205)	(320, 25.354216088367274)	(330, 26.008042814683726)	(340, 24.568516745825622)	(350, 23.520077305698617)	(360, 25.50266651524923)	(370, 28.324774673464695)	(380, 29.21358992483451)	(390, 23.22749131790164)	(400, 17.968209392501876)	(410, 17.806545207436553)	(420, 18.87432450499731)	(430, 21.539114284617856)	(440, 21.099645094338875)	(450, 19.376388603160983)	(460, 21.751711907840058)	(470, 23.00861911035824)	(480, 22.65467394801011)	(490, 22.539768564768565)	(500, 21.61679653679654)	(510, 19.453333333333333)	(520, 14.4)	(530, 14.3)	(540, 13.0)											
