Sample	0	1	2	3	4	5	6	7	8	9	10	11	12	13	14	15	16	17	18	19	20	21	22	23	24	25	26	27	28	29	30	31	32	33	34	35	36	37	38	39	40	41	42	43	44	45	46	47	48	49	50	51	52	53	54	55	56	57	58	59	60	61	62	63	64	65	66	67	68	69	70	71	72	73
SRR1654656	(1, 0.0)	(2, 0.0)	(3, 0.0)	(4, 0.01159151501101194)	(5, 0.0)	(6, 0.0)	(7, 0.0)	(8, 0.01159151501101194)	(9, 0.0)	(10, 0.001159151501101194)	(20, 0.002318303002202388)	(30, 0.0034817729187702376)	(40, 0.011671335200746966)	(50, 0.0023561288802497497)	(60, 0.008371803764919751)	(70, 0.009715576498020451)	(80, 0.012255052145246876)	(90, 0.0049365042145404735)	(100, 0.008697488910701639)	(110, 0.038815501158204466)	(120, 0.001264446298965683)	(130, 0.014121573913601642)	(140, 0.04581871498141069)	(150, 0.026586905948820207)	(160, 0.010749076251259657)	(170, 0.018960170099811754)	(180, 0.021878247552371055)	(190, 0.018043276103762718)	(200, 0.01578237539097248)	(210, 0.05798911588901775)	(220, 0.08034807392022801)	(230, 0.017026809485480774)	(240, 0.03506367244154726)	(250, 0.0066318494570173254)	(260, 0.010296363667564737)	(270, 0.012362030905077261)	(280, 0.0036133041860129)	(290, 0.0258493353028065)	(300, 0.22775991425509112)	(310, 0.6216237686685732)	(320, 0.016363933889707083)	(330, 0.01055097174449767)	(340, 0.0441306266548985)	(350, 0.046216060080878106)	(360, 0.02459298608036988)	(370, 0.07921837866385001)	(380, 0.06685981724983285)	(390, 0.08560885608856089)	(400, 0.0782625709254549)	(410, 0.030864197530864196)	(420, 0.8169585647159333)	(430, 0.16425980425706657)	(440, 0.13861081164330818)	(450, 0.12299114463758609)	(460, 0.0706401766004415)	(470, 0.11473372215316952)	(480, 0.2975168783613686)	(490, 0.27430661383724475)	(500, 0.0848356309650053)	(510, 0.07388252678241596)	(520, 0.34071550255536626)	(530, 0.0)												
SRR1654658	(1, 0.0)	(2, 0.0)	(3, 0.0)	(4, 0.0)	(5, 0.0)	(6, 0.0)	(7, 0.0)	(8, 0.0)	(9, 0.0)	(10, 0.0014196479273140261)	(20, 0.008517887563884156)	(30, 0.0056852907315547855)	(40, 0.0014302264048398862)	(50, 0.0028796452277079464)	(60, 0.005820637068727172)	(70, 0.007353049309548669)	(80, 0.0029633580773732794)	(90, 0.0014945225747634917)	(100, 0.0060097056746645835)	(110, 0.009061938348612767)	(120, 0.004575681776584711)	(130, 0.01237528037744605)	(140, 0.03918802413982287)	(150, 0.026968716289104636)	(160, 0.022398924851607122)	(170, 0.02253992787223081)	(180, 0.00971927494208932)	(190, 0.009844296050796567)	(200, 0.03519887363604365)	(210, 0.03768478391202316)	(220, 0.048648272986308985)	(230, 0.010579584927618006)	(240, 0.017970420687548297)	(250, 0.0018405698404225948)	(260, 0.0)	(270, 0.005776785026573211)	(280, 0.005874290189935382)	(290, 0.024151672503320853)	(300, 0.24227483317039994)	(310, 1.173345140580031)	(320, 0.03640417737935428)	(330, 0.009403135945837937)	(340, 0.029914742982499878)	(350, 0.04705021303290901)	(360, 0.04779308405960079)	(370, 0.05606777971592325)	(380, 0.04261596459596787)	(390, 0.061376888191768675)	(400, 0.1919819311123659)	(410, 0.04813372423751805)	(420, 0.5963517305893358)	(430, 0.15905147484094853)	(440, 0.2638957611743361)	(450, 0.04469873055605221)	(460, 0.06970722963553076)	(470, 0.08956560680698611)	(480, 0.1869696533870272)	(490, 0.08863283846665189)	(500, 0.10384215991692627)	(510, 0.0)	(520, 0.0)													
SRR1654661	(1, 0.0)	(2, 0.0)	(3, 0.0)	(4, 0.0)	(5, 0.0)	(6, 0.0)	(7, 0.0)	(8, 0.016972165648336725)	(9, 0.0)	(10, 0.0016972165648336728)	(20, 0.0033944331296673455)	(30, 0.0)	(40, 0.010258514567090685)	(50, 0.0017260723224303098)	(60, 0.015746102839547214)	(70, 0.0035498127473775755)	(80, 0.0035791621181481413)	(90, 0.0018057386373896242)	(100, 0.005451670937142234)	(110, 0.016473861473129302)	(120, 0.007402472425790214)	(130, 0.007505817008181341)	(140, 0.05536992840095465)	(150, 0.06230772226332801)	(160, 0.01580746507538185)	(170, 0.003983984382781219)	(180, 0.022136805457728764)	(190, 0.020484247613585152)	(200, 0.05817962420272367)	(210, 0.13759258834590776)	(220, 0.05847269325225119)	(230, 0.023984266321293232)	(240, 0.03737386321166064)	(250, 0.005244388504300398)	(260, 0.0027157677475422304)	(270, 0.0027875341472933042)	(280, 0.0028392958546280523)	(290, 0.017318016509842406)	(300, 0.19109611537427965)	(310, 0.6125715692913871)	(320, 0.018995757614132844)	(330, 0.0)	(340, 0.020736132711249352)	(350, 0.02901599506728084)	(360, 0.039057922899660195)	(370, 0.030124370615828205)	(380, 0.06378422707184837)	(390, 0.028949146000192993)	(400, 0.08092360811394043)	(410, 0.05160957357589833)	(420, 0.594850822567153)	(430, 0.1295840352468576)	(440, 0.3482114593225704)	(450, 0.11976047904191617)	(460, 0.036101083032490974)	(470, 0.11940298507462686)	(480, 0.29175784099197666)	(490, 0.0664451827242525)	(500, 0.0)	(510, 0.0)	(520, 0.0)	(530, 0.0)												
SRR1654662	(1, 0.0)	(2, 0.0)	(3, 0.0)	(4, 0.0)	(5, 0.0)	(6, 0.0)	(7, 0.0)	(8, 0.0)	(9, 0.0)	(10, 0.0017857142857142859)	(20, 0.0)	(30, 0.003576601870562778)	(40, 0.014416232677995423)	(50, 0.003637884933699547)	(60, 0.01107971857514819)	(70, 0.005617346365576902)	(80, 0.0018881818696776873)	(90, 0.005698330389195966)	(100, 0.009567729960389598)	(110, 0.009644689633887583)	(120, 0.001949621773375965)	(130, 0.01187342924425623)	(140, 0.020128014170121975)	(150, 0.01427435306592712)	(160, 0.008246742536698003)	(170, 0.029058906554859064)	(180, 0.03136566087447462)	(190, 0.027561058344640434)	(200, 0.05418174725298541)	(210, 0.0710290331172867)	(220, 0.056173463655769015)	(230, 0.027352921064028632)	(240, 0.025600446844163096)	(250, 0.009577397342272236)	(260, 0.007413631196560076)	(270, 0.01016208525989533)	(280, 0.007752338622151016)	(290, 0.03687024308024545)	(300, 0.2157644616813241)	(310, 0.517929414428438)	(320, 0.02624518838212994)	(330, 0.00903750564844103)	(340, 0.025307646072569676)	(350, 0.013240210519347258)	(360, 0.04221487370716949)	(370, 0.030272070231202937)	(380, 0.0753489847715736)	(390, 0.06213238339822716)	(400, 0.04122766834631241)	(410, 0.027382256297918947)	(420, 0.3726893261776983)	(430, 0.1958041958041958)	(440, 0.31746031746031744)	(450, 0.12585812356979406)	(460, 0.11115227862171174)	(470, 0.08126777732629012)	(480, 0.1635322976287817)	(490, 0.24482528377476076)	(500, 0.09970089730807577)	(510, 0.0)	(520, 0.0)													
SRR1654663	(1, 0.0)	(2, 0.0)	(3, 0.0)	(4, 0.0)	(5, 0.0)	(6, 0.0)	(7, 0.0)	(8, 0.0)	(9, 0.0)	(10, 0.0)	(20, 0.0018821757952192733)	(30, 0.005652059233580768)	(40, 0.009471849662802151)	(50, 0.003814027994965483)	(60, 0.0)	(70, 0.0019563728846718185)	(80, 0.007893127059612842)	(90, 0.005964214711729623)	(100, 0.01201730491908348)	(110, 0.010081051655308683)	(120, 0.004076474664709959)	(130, 0.01444043321299639)	(140, 0.01882845188284519)	(150, 0.023287323228046403)	(160, 0.004281188457915918)	(170, 0.010802402454305837)	(180, 0.017431472523641432)	(190, 0.008809020436927413)	(200, 0.031351472399507335)	(210, 0.07074233814837635)	(220, 0.06257677242913759)	(230, 0.016479506556489394)	(240, 0.01918327218665324)	(250, 0.002461962676645822)	(260, 0.00254000508001016)	(270, 0.010409347594139537)	(280, 0.005309405612041732)	(290, 0.0243434042898488)	(300, 0.4487323311644604)	(310, 0.7434191495516344)	(320, 0.002968856693287415)	(330, 0.006094959468519534)	(340, 0.02238638907544213)	(350, 0.023414503612523417)	(360, 0.03205813207950417)	(370, 0.07351234233537104)	(380, 0.07721693895797772)	(390, 0.03429208281538)	(400, 0.15256984838371315)	(410, 0.0847314014573801)	(420, 0.40555764175741643)	(430, 0.20323325635103923)	(440, 0.1975873544093178)	(450, 0.11224604332697272)	(460, 0.07154781779155736)	(470, 0.13361838588989847)	(480, 0.23801428085685142)	(490, 0.09182736455463728)	(500, 0.06485084306095978)	(510, 0.0)	(520, 0.0)	(530, 0.0)												
SRR1654988	(1, 0.011428571428571429)	(2, 0.0)	(3, 0.0)	(4, 0.022857142857142857)	(5, 0.0)	(6, 0.0)	(7, 0.0)	(8, 0.022857142857142857)	(9, 0.0)	(10, 0.005714285714285714)	(20, 0.0034285714285714284)	(30, 0.0011436936730866004)	(40, 0.01265065783420738)	(50, 0.008133765584875843)	(60, 0.011776898436027888)	(70, 0.0047773743550544616)	(80, 0.006027436892735733)	(90, 0.0036398490675919972)	(100, 0.008529927861181516)	(110, 0.0024517916467458596)	(120, 0.0024746349913387774)	(130, 0.01252112940587241)	(140, 0.021612825304804403)	(150, 0.01028727207262814)	(160, 0.009091499448016105)	(170, 0.023542029061326984)	(180, 0.030277499868358697)	(190, 0.018626929217668974)	(200, 0.018976103663743443)	(210, 0.03447087211306446)	(220, 0.06977782739756615)	(230, 0.01981515293051958)	(240, 0.007193520077114535)	(250, 0.005918823337920422)	(260, 0.012236345003747382)	(270, 0.007826318343324933)	(280, 0.004785681241724759)	(290, 0.03561368860685725)	(300, 0.670216825096634)	(310, 0.32751650376132235)	(320, 0.019226063550879156)	(330, 0.005403750202640632)	(340, 0.045351473922902494)	(350, 0.019745285813012145)	(360, 0.05200857101250286)	(370, 0.0549438473879695)	(380, 0.09085127646043427)	(390, 0.037485650024599956)	(400, 0.027867855695176327)	(410, 0.05138435497521461)	(420, 0.3541020132091987)	(430, 0.1640496836184673)	(440, 0.15423371549020617)	(450, 0.05442473059758355)	(460, 0.04583476566976052)	(470, 0.03965369109774635)	(480, 0.08406893652795291)	(490, 0.06981615080288574)	(500, 0.08153946510110893)	(510, 0.16551724137931034)	(520, 0.0)	(530, 0.0)												
SRR1654993	(1, 0.0)	(2, 0.013723068478111704)	(3, 0.013723068478111704)	(4, 0.0)	(5, 0.013723068478111704)	(6, 0.0)	(7, 0.0)	(8, 0.0)	(9, 0.0)	(10, 0.0027446136956223413)	(20, 0.004116920543433511)	(30, 0.0013734943068660981)	(40, 0.008287063893262616)	(50, 0.0027795536036912473)	(60, 0.0098208398221025)	(70, 0.00568133397721785)	(80, 0.017192469698272157)	(90, 0.007201601636203892)	(100, 0.005787037037037038)	(110, 0.011636532895023928)	(120, 0.011748810432943665)	(130, 0.016446630683432262)	(140, 0.012135738232126334)	(150, 0.019999384634318943)	(160, 0.009316336195518842)	(170, 0.006262917266862904)	(180, 0.007894404446128584)	(190, 0.030379584918934475)	(200, 0.08336193791987447)	(210, 0.04509620523784073)	(220, 0.0761447087887915)	(230, 0.01717504809013465)	(240, 0.026301023986533875)	(250, 0.010791755099104284)	(260, 0.011048502927853277)	(270, 0.005618398381901266)	(280, 0.007608178792201617)	(290, 0.023129409043598937)	(300, 0.3624901497241923)	(310, 0.1640905131373701)	(320, 0.01454001620173234)	(330, 0.004256315307838005)	(340, 0.026442201753999382)	(350, 0.011423610317804839)	(360, 0.026279953173901617)	(370, 0.08028098344204716)	(380, 0.09339005914703746)	(390, 0.027000756021168592)	(400, 0.09433127966276567)	(410, 0.023736055067647758)	(420, 0.14166666666666666)	(430, 0.09370222419490062)	(440, 0.1331336328840073)	(450, 0.07226303745634108)	(460, 0.05982849165724922)	(470, 0.10823347506764593)	(480, 0.04878524734120402)	(490, 0.06971556051310653)	(500, 0.026567481402763018)	(510, 0.16051364365971107)	(520, 0.0)	(530, 0.0)	(540, 0.0)											
SRR1655000	(1, 0.0)	(2, 0.0)	(3, 0.0)	(4, 0.0)	(5, 0.0)	(6, 0.0)	(7, 0.0)	(8, 0.0)	(9, 0.0)	(10, 0.0044646843468166796)	(20, 0.003571747477453344)	(30, 0.0017875656930392192)	(40, 0.011671963942609852)	(50, 0.002717588231031234)	(60, 0.011928684816619411)	(70, 0.004657401542531391)	(80, 0.004704686808999125)	(90, 0.005702175379907435)	(100, 0.012425447316103379)	(110, 0.005762747678092915)	(120, 0.0009687481835971557)	(130, 0.01767530465351493)	(140, 0.013973310976035772)	(150, 0.013133568390531706)	(160, 0.007124319373059895)	(170, 0.0122872765251582)	(180, 0.010312893179052452)	(190, 0.005226517257959986)	(200, 0.04160710094522799)	(210, 0.030426514534094)	(220, 0.13856660544808702)	(230, 0.014484518278347873)	(240, 0.015897348549366946)	(250, 0.002334948339267994)	(260, 0.005998944185823295)	(270, 0.006111199383991102)	(280, 0.004977600796416127)	(290, 0.030320640776208406)	(300, 0.7023454710379682)	(310, 0.21210032345299326)	(320, 0.016269421622061336)	(330, 0.008362019706493109)	(340, 0.030355594102341718)	(350, 0.026946914578280787)	(360, 0.04225418238157092)	(370, 0.032863386900653976)	(380, 0.06297765144423075)	(390, 0.01928065624342705)	(400, 0.0374784498913125)	(410, 0.02809231567119025)	(420, 0.3021066544385402)	(430, 0.14687041029967815)	(440, 0.09315163015352769)	(450, 0.04412089124200309)	(460, 0.051324568676220934)	(470, 0.022707661565012034)	(480, 0.03957932828225715)	(490, 0.038405407481373374)	(500, 0.03719776813391197)	(510, 0.08869179600886917)	(520, 0.0)	(530, 0.0)												
SRR1655058	(1, 0.0)	(2, 0.0168321831341525)	(3, 0.0)	(4, 0.0168321831341525)	(5, 0.0)	(6, 0.0)	(7, 0.0)	(8, 0.0)	(9, 0.0)	(10, 0.0016832183134152501)	(20, 0.0)	(30, 0.003370521419663622)	(40, 0.006774838250736763)	(50, 0.001707562795621809)	(60, 0.0068933427542350965)	(70, 0.005234505862646567)	(80, 0.00881849768073511)	(90, 0.00532235744952631)	(100, 0.005350168530308705)	(110, 0.007174759197144446)	(120, 0.0)	(130, 0.0091940496110917)	(140, 0.020549992527275445)	(150, 0.015138899402013472)	(160, 0.011466136676349182)	(170, 0.01926002966044568)	(180, 0.02331047611647468)	(190, 0.011805446245868094)	(200, 0.03617072582589824)	(210, 0.026831785345717236)	(220, 0.06921576441470731)	(230, 0.010734451147512827)	(240, 0.0331858407079646)	(250, 0.00462064504204787)	(260, 0.011952857928330663)	(270, 0.0)	(280, 0.00990515811108635)	(290, 0.035373187124159884)	(300, 0.9290737809150598)	(310, 0.3640549294643574)	(320, 0.008189784608664792)	(330, 0.005625404325935926)	(340, 0.03532840698324845)	(350, 0.027577753945150912)	(360, 0.009654684130917517)	(370, 0.0448817538408424)	(380, 0.1175716117999145)	(390, 0.03638215818962381)	(400, 0.050705983306030114)	(410, 0.03166704365528161)	(420, 0.2588490248013484)	(430, 0.4303851947493006)	(440, 0.1342069945527749)	(450, 0.05082592121982211)	(460, 0.018045655508436342)	(470, 0.08308235538477515)	(480, 0.10715242432360034)	(490, 0.0371540033438603)	(500, 0.11444921316165953)	(510, 0.12453300124533001)	(520, 0.0)	(530, 0.0)												
SRR1655059	(1, 0.0)	(2, 0.0)	(3, 0.0)	(4, 0.0)	(5, 0.0)	(6, 0.0)	(7, 0.0)	(8, 0.0)	(9, 0.0)	(10, 0.0)	(20, 0.0)	(30, 0.006266253093962466)	(40, 0.006302785831337451)	(50, 0.001585439325237023)	(60, 0.00480823169265783)	(70, 0.008133652172498495)	(80, 0.004929751047572098)	(90, 0.009912931419036132)	(100, 0.013297651302338724)	(110, 0.015054698738750795)	(120, 0.0033815771675909643)	(130, 0.0)	(140, 0.01917746125281124)	(150, 0.0529838752406351)	(160, 0.007129235211292708)	(170, 0.026880756962116056)	(180, 0.016273687255894693)	(190, 0.009162207725573555)	(200, 0.03221222169587873)	(210, 0.013771123920442248)	(220, 0.05196985748266006)	(230, 0.016315209854386753)	(240, 0.023090809857676645)	(250, 0.0065664193315385115)	(260, 0.004523249502442555)	(270, 0.013905304873809357)	(280, 0.00945000945000945)	(290, 0.036243264793292575)	(300, 0.5297381436569506)	(310, 0.4698247890979883)	(320, 0.021343578250893763)	(330, 0.0)	(340, 0.03778191118344571)	(350, 0.024512056867971935)	(360, 0.03916960438699569)	(370, 0.03834890531306652)	(380, 0.06123037026365077)	(390, 0.037045269319107954)	(400, 0.1227431105479886)	(410, 0.02283000776220264)	(420, 0.25785010314004125)	(430, 0.24332544778641435)	(440, 0.24819494584837545)	(450, 0.07320644216691069)	(460, 0.03549560741858195)	(470, 0.04028603081881358)	(480, 0.11775480832133978)	(490, 0.08121827411167512)	(500, 0.036192544335866814)	(510, 0.16194331983805668)	(520, 0.0)													
SRR1655068	(1, 0.0)	(2, 0.022079929344226097)	(3, 0.022079929344226097)	(4, 0.0)	(5, 0.0)	(6, 0.011039964672113049)	(7, 0.0)	(8, 0.0)	(9, 0.0)	(10, 0.00441598586884522)	(20, 0.00220799293442261)	(30, 0.006632545902744769)	(40, 0.006675938803894298)	(50, 0.0)	(60, 0.005655276938911698)	(70, 0.004572735067162046)	(80, 0.00922509225092251)	(90, 0.0034806822137138874)	(100, 0.009329228472805299)	(110, 0.010546421833436844)	(120, 0.008270516789149081)	(130, 0.014389179337138472)	(140, 0.026812918951858625)	(150, 0.01729783159325385)	(160, 0.01121746933891714)	(170, 0.017569178640898537)	(180, 0.02650912671362569)	(190, 0.015282535882120706)	(200, 0.05040127166285426)	(210, 0.04474920701772858)	(220, 0.098683771853788)	(230, 0.016251354279523296)	(240, 0.02494595044071179)	(250, 0.0028534741047224997)	(260, 0.011761765440992692)	(270, 0.003009917678751486)	(280, 0.004594251060506286)	(290, 0.026530166359749054)	(300, 0.281785939853277)	(310, 0.615549310852402)	(320, 0.0326797385620915)	(330, 0.001777935816517024)	(340, 0.042932875382662584)	(350, 0.033123550844650546)	(360, 0.018631997350115934)	(370, 0.05377066810055115)	(380, 0.0845924289776065)	(390, 0.041708579700188916)	(400, 0.0886453380610847)	(410, 0.03790750568612585)	(420, 0.45667892934162124)	(430, 0.19299984351364038)	(440, 0.16566086853626788)	(450, 0.11028934734656805)	(460, 0.08570816370259267)	(470, 0.08706664555960107)	(480, 0.23462704076644836)	(490, 0.09761539534235114)	(500, 0.0767067246228586)	(510, 0.05649717514124294)	(520, 0.0)													
SRR1655069	(1, 0.0)	(2, 0.0)	(3, 0.0)	(4, 0.0)	(5, 0.0)	(6, 0.0)	(7, 0.0)	(8, 0.0)	(9, 0.0)	(10, 0.00175530981218185)	(20, 0.0035106196243637)	(30, 0.01230250092268757)	(40, 0.008835639435225928)	(50, 0.0017779042065213526)	(60, 0.0107571221112645)	(70, 0.005427015684075327)	(80, 0.003642390136407511)	(90, 0.010992634934593822)	(100, 0.0073651261277849385)	(110, 0.005545491515397982)	(120, 0.009316191540898081)	(130, 0.011352455914629531)	(140, 0.023045457164256496)	(150, 0.019369334469667623)	(160, 0.013659336156262804)	(170, 0.015703825844571383)	(180, 0.01185981696349153)	(190, 0.027998320100793953)	(200, 0.06325626951251861)	(210, 0.0269888722803521)	(220, 0.07558896401125435)	(230, 0.012735338441619086)	(240, 0.0021528988783396843)	(250, 0.017616876968135475)	(260, 0.004503591614312415)	(270, 0.0022899539719251644)	(280, 0.0046399406087602076)	(290, 0.028180921516133578)	(300, 0.462951857804217)	(310, 0.20901981999704913)	(320, 0.012579882252302117)	(330, 0.005177189303926898)	(340, 0.02687955272424267)	(350, 0.05033275543873385)	(360, 0.020539906103286383)	(370, 0.037075943891738246)	(380, 0.03812670775878503)	(390, 0.022884043283533297)	(400, 0.04218815918998734)	(410, 0.039948865452221156)	(420, 0.0945038547624969)	(430, 0.10145014023989975)	(440, 0.11475631159713784)	(450, 0.04380841121495327)	(460, 0.0641025641025641)	(470, 0.05490985631920929)	(480, 0.0)	(490, 0.06613756613756613)	(500, 0.10574550581600281)	(510, 0.0)	(520, 0.0)													
SRR1655070	(1, 0.0)	(2, 0.014409221902017292)	(3, 0.0)	(4, 0.014409221902017292)	(5, 0.0)	(6, 0.0)	(7, 0.0)	(8, 0.0)	(9, 0.0)	(10, 0.005763688760806917)	(20, 0.011527377521613834)	(30, 0.015881495170581694)	(40, 0.0029009050823857047)	(50, 0.0014607923337618324)	(60, 0.0058992699653417895)	(70, 0.005963295913651475)	(80, 0.010525366132379033)	(90, 0.006046314771146986)	(100, 0.010647845332440942)	(110, 0.018401239016760464)	(120, 0.0030986133705166938)	(130, 0.006279434850863422)	(140, 0.031919817418644365)	(150, 0.01623007757977083)	(160, 0.006560818790185015)	(170, 0.013236267372600927)	(180, 0.061813990009522694)	(190, 0.02197170720164957)	(200, 0.03608123432184461)	(210, 0.07339706062247697)	(220, 0.046064987066369016)	(230, 0.005422503389064618)	(240, 0.012983399795975147)	(250, 0.009665384392337283)	(260, 0.00404122044857547)	(270, 0.006256647688168679)	(280, 0.004251881457544964)	(290, 0.02829470018500381)	(300, 0.6017257039055405)	(310, 0.9371697005284791)	(320, 0.007233273056057867)	(330, 0.00999225600159876)	(340, 0.053258061939126036)	(350, 0.04507677137625018)	(360, 0.039526893490224695)	(370, 0.08321959988016378)	(380, 0.14774166314900802)	(390, 0.044413190717643145)	(400, 0.11125303885615392)	(410, 0.055614540674452706)	(420, 0.26811594202898553)	(430, 0.38917892738490745)	(440, 0.3679750223015165)	(450, 0.09604994597190539)	(460, 0.07673615551860852)	(470, 0.23876404494382023)	(480, 0.20246330352623587)	(490, 0.25045537340619306)	(500, 0.2237851662404092)	(510, 0.05980861244019139)	(520, 0.0)	(530, 0.0)												
SRR1655071	(1, 0.0)	(2, 0.02675943270002676)	(3, 0.0)	(4, 0.0)	(5, 0.0)	(6, 0.0)	(7, 0.0)	(8, 0.0)	(9, 0.0)	(10, 0.0026759432700026757)	(20, 0.0026759432700026757)	(30, 0.004017623977179896)	(40, 0.01347218667061851)	(50, 0.006781408091576136)	(60, 0.006840132424963747)	(70, 0.0)	(80, 0.00696000779520873)	(90, 0.009800901682954832)	(100, 0.00845928265283104)	(110, 0.004259608967896747)	(120, 0.005735589331803842)	(130, 0.017432485436611127)	(140, 0.020619164040177915)	(150, 0.016426736754076816)	(160, 0.007541933148304572)	(170, 0.007590593736242049)	(180, 0.013755788894493099)	(190, 0.023163876706405583)	(200, 0.025128785023244126)	(210, 0.043215903452470505)	(220, 0.04544716766758643)	(230, 0.01479484481851657)	(240, 0.013403478202593574)	(250, 0.005177144632163874)	(260, 0.0053290700772715156)	(270, 0.01641616810156136)	(280, 0.007445184826713323)	(290, 0.03029155622870125)	(300, 0.5179625503303232)	(310, 0.6662506793341518)	(320, 0.022738548040350588)	(330, 0.0042633923813178145)	(340, 0.03129610587025529)	(350, 0.030546548240048873)	(360, 0.05000500050005)	(370, 0.046147999348498836)	(380, 0.05934885824101289)	(390, 0.03506208911614317)	(400, 0.10169383798900435)	(410, 0.040678968973040935)	(420, 0.3940185141229528)	(430, 0.17248318288966827)	(440, 0.2518729010591578)	(450, 0.027789356676392943)	(460, 0.06110135186741006)	(470, 0.07997156566554113)	(480, 0.10271627482309974)	(490, 0.016191709844559588)	(500, 0.11837821840781297)	(510, 0.07727975270479134)	(520, 0.0)													
SRR1655073	(1, 0.02354603249352484)	(2, 0.0)	(3, 0.0)	(4, 0.0)	(5, 0.0)	(6, 0.0)	(7, 0.0)	(8, 0.0)	(9, 0.0)	(10, 0.0)	(20, 0.0)	(30, 0.0)	(40, 0.014264317809000785)	(50, 0.007227522405319457)	(60, 0.007346638912697441)	(70, 0.0)	(80, 0.007525398218989088)	(90, 0.0050631629578998)	(100, 0.002549004613698351)	(110, 0.005124394680878322)	(120, 0.005186318491818583)	(130, 0.015786150284150705)	(140, 0.02677017802168384)	(150, 0.019019671774807085)	(160, 0.005484711367064308)	(170, 0.011084323994790368)	(180, 0.025146689019279127)	(190, 0.011313497001923294)	(200, 0.025875452820424357)	(210, 0.026419303704573478)	(220, 0.03572385460391176)	(230, 0.012091532904083914)	(240, 0.027816411682892908)	(250, 0.02546067916361669)	(260, 0.013312034078807242)	(270, 0.003435953820780649)	(280, 0.003526714865103157)	(290, 0.04300766970109669)	(300, 0.7108393797650179)	(310, 0.2925420766688196)	(320, 0.011774402449075709)	(330, 0.008110628979277343)	(340, 0.05931198102016608)	(350, 0.057188104874186164)	(360, 0.05603025633842274)	(370, 0.04495279956046151)	(380, 0.10378288620206527)	(390, 0.027005130974885227)	(400, 0.017495771855135008)	(410, 0.03299023489047242)	(420, 0.27404085700049824)	(430, 0.23496742497062909)	(440, 0.10245901639344263)	(450, 0.13498920086393087)	(460, 0.05716735743890238)	(470, 0.08071025020177562)	(480, 0.040096230954290296)	(490, 0.08207934336525308)	(500, 0.03664345914254306)	(510, 0.10934937124111535)	(520, 0.2808988764044944)	(530, 0.0)												
SRR1655074	(1, 0.0)	(2, 0.0)	(3, 0.0)	(4, 0.012331976815883588)	(5, 0.0)	(6, 0.0)	(7, 0.0)	(8, 0.0)	(9, 0.012331976815883588)	(10, 0.0012331976815883586)	(20, 0.002466395363176717)	(30, 0.0024695321471347254)	(40, 0.009940975458216837)	(50, 0.002513320599175631)	(60, 0.00894763079518873)	(70, 0.0039009167154281255)	(80, 0.003935148748622698)	(90, 0.006604409103517507)	(100, 0.006656105645708808)	(110, 0.01206644589539732)	(120, 0.0067913559621313995)	(130, 0.05949663083032391)	(140, 0.035356678169372636)	(150, 0.01583759268591174)	(160, 0.01308139534883721)	(170, 0.02495119839138156)	(180, 0.03414793479229147)	(190, 0.030147269411073093)	(200, 0.01691761123329386)	(210, 0.03283148069977956)	(220, 0.06492272612110464)	(230, 0.012900312832586192)	(240, 0.02301950080568253)	(250, 0.008445945945945946)	(260, 0.006976054692268788)	(270, 0.0180437018458707)	(280, 0.003695696361586932)	(290, 0.024431956999755682)	(300, 0.30597517559896087)	(310, 0.28169572893729294)	(320, 0.02660336430237793)	(330, 0.01268418493541636)	(340, 0.013275804845668768)	(350, 0.030027949091077078)	(360, 0.031994487103760585)	(370, 0.07582888819161177)	(380, 0.1099052067591702)	(390, 0.08155418984650337)	(400, 0.0702000702000702)	(410, 0.02991548874429736)	(420, 0.1727541954590326)	(430, 0.10544597444485795)	(440, 0.17546322290847838)	(450, 0.1649793775778028)	(460, 0.08832503613296933)	(470, 0.28495102404274264)	(480, 0.07268196448966878)	(490, 0.02710394362379726)	(500, 0.055980593394289985)	(510, 0.13054830287206268)	(520, 0.0)	(530, 0.0)												
SRR1655076	(1, 0.0)	(2, 0.0)	(3, 0.0)	(4, 0.0)	(5, 0.0)	(6, 0.0)	(7, 0.0)	(8, 0.019561815336463225)	(9, 0.019561815336463225)	(10, 0.0)	(20, 0.0)	(30, 0.003915273481852707)	(40, 0.007881773399014778)	(50, 0.0)	(60, 0.008085708510208206)	(70, 0.004116496861171144)	(80, 0.008337328303145257)	(90, 0.0020995611917109325)	(100, 0.006336867897427232)	(110, 0.008497440146155971)	(120, 0.0)	(130, 0.04988937573207236)	(140, 0.024344900849858356)	(150, 0.035812610515477766)	(160, 0.002262699400384659)	(170, 0.009108505066605942)	(180, 0.011521268261210194)	(190, 0.01175530164104011)	(200, 0.03149529993216397)	(210, 0.07979054980675726)	(220, 0.1146409191654141)	(230, 0.013005254122665559)	(240, 0.06374501992031872)	(250, 0.010890576928312778)	(260, 0.011215162900241127)	(270, 0.008647776080251362)	(280, 0.0)	(290, 0.03579952267303103)	(300, 0.13782542113323124)	(310, 0.1750756008276301)	(320, 0.016629527388831607)	(330, 0.017227122381477396)	(340, 0.021537798836958864)	(350, 0.03369019989518604)	(360, 0.02391867649990034)	(370, 0.051120388514952715)	(380, 0.10689946995679481)	(390, 0.03266296486398208)	(400, 0.05083108829360037)	(410, 0.04361370716510903)	(420, 0.05463485703879075)	(430, 0.0249719066050693)	(440, 0.07526719855486978)	(450, 0.11872455902306649)	(460, 0.057948618891249755)	(470, 0.09080590238365494)	(480, 0.1440922190201729)	(490, 0.07830853563038372)	(500, 0.058105752469494475)	(510, 0.0)	(520, 0.0)	(530, 0.0)												
SRR1655079	(1, 0.0)	(2, 0.011419435879867533)	(3, 0.0)	(4, 0.0)	(5, 0.0)	(6, 0.0)	(7, 0.0)	(8, 0.011419435879867533)	(9, 0.0)	(10, 0.0)	(20, 0.0)	(30, 0.0011432883258829043)	(40, 0.016095839225560193)	(50, 0.0023207240659085635)	(60, 0.00825228411435308)	(70, 0.0036008353938113643)	(80, 0.01332332065599186)	(90, 0.007314129679519218)	(100, 0.003676290377922651)	(110, 0.006157938814719937)	(120, 0.0024846263743089634)	(130, 0.01512153937270814)	(140, 0.020508876498109337)	(150, 0.024652912936291682)	(160, 0.005241639584862145)	(170, 0.009237875288683603)	(180, 0.013314515484781509)	(190, 0.008113809704116407)	(200, 0.030572540300166758)	(210, 0.07741935483870968)	(220, 0.11416360522810767)	(230, 0.02695659987420253)	(240, 0.0352258281898519)	(250, 0.00942847714379999)	(260, 0.006478677054145543)	(270, 0.0066184622003077585)	(280, 0.00336490738092434)	(290, 0.025644971021182746)	(300, 0.36435615814458633)	(310, 0.32076258132328156)	(320, 0.01504381511151228)	(330, 0.019429925971982044)	(340, 0.044890630101207966)	(350, 0.017079054674323777)	(360, 0.04281014825830291)	(370, 0.07695452468556863)	(380, 0.06826801517067003)	(390, 0.039524650206845674)	(400, 0.04005264061337758)	(410, 0.03140922733300761)	(420, 0.2746274729186798)	(430, 0.10974689622059126)	(440, 0.18989431968295906)	(450, 0.08984725965858043)	(460, 0.058570870753611864)	(470, 0.044893378226711564)	(480, 0.08493771234428087)	(490, 0.018646280067126608)	(500, 0.0)	(510, 0.0)	(520, 0.0)	(530, 0.0)												
SRR1655080	(1, 0.0)	(2, 0.0)	(3, 0.0)	(4, 0.009801999607920015)	(5, 0.0)	(6, 0.0)	(7, 0.0)	(8, 0.0)	(9, 0.0)	(10, 0.0019603999215840034)	(20, 0.0029427055234582675)	(40, 0.007971501880776225)	(60, 0.006701410904742021)	(80, 0.011146141842616477)	(100, 0.0064682007082679785)	(120, 0.00988022966044944)	(140, 0.025512518142235124)	(160, 0.009257277087660628)	(180, 0.01546560390209083)	(200, 0.050035785086802585)	(220, 0.07737574066909653)	(240, 0.02562605885451517)	(260, 0.00969816331707026)	(280, 0.024772020003406153)	(300, 0.07098853575945493)	(320, 0.017807060499488048)	(340, 0.019581925882410534)	(360, 0.02283005740128718)	(380, 0.03287150892400594)	(400, 0.052057041898031294)	(420, 0.0746742336556771)	(440, 0.0850805226374962)	(460, 0.08725311334972634)	(480, 0.11498658489842851)	(500, 0.07493443237167478)	(520, 0.0)	(540, 0.0)	(560, 0.0)	(580, 0.0)	(600, 0.0)	(620, 0.0)	(640, 0.0)	(660, 0.0)	(680, 0.0)																														
SRR1655081	(1, 0.0)	(2, 0.0)	(3, 0.0)	(4, 0.0)	(5, 0.0)	(6, 0.0)	(7, 0.0)	(8, 0.0)	(9, 0.0)	(10, 0.0)	(20, 0.0)	(30, 0.006309148264984228)	(40, 0.012890750886239123)	(50, 0.0)	(60, 0.020208824520040417)	(70, 0.013636053726051681)	(80, 0.013767467474358093)	(90, 0.0)	(100, 0.006927126627874758)	(110, 0.013909173099659226)	(120, 0.007021485746383936)	(130, 0.0)	(140, 0.03626341746446185)	(150, 0.03687315634218289)	(160, 0.014947683109118088)	(170, 0.015121729925903524)	(180, 0.030627871362940276)	(190, 0.0)	(200, 0.047938638542665384)	(210, 0.14068189341277723)	(220, 0.09341032608695653)	(230, 0.017269665831966152)	(240, 0.017548477669562166)	(250, 0.01785076758300607)	(260, 0.0)	(270, 0.018532246108228317)	(280, 0.009392317084624777)	(290, 0.028530670470756064)	(300, 0.10587102983638114)	(310, 0.39370078740157477)	(320, 0.020269585486976792)	(330, 0.010411244143675169)	(340, 0.010863661053775122)	(350, 0.03375717339934736)	(360, 0.0)	(370, 0.06324310650139134)	(380, 0.07972362476747276)	(390, 0.014324595330181922)	(400, 0.0)	(410, 0.04572473708276177)	(420, 0.445859872611465)	(430, 0.043782837127845885)	(440, 0.29274004683840754)	(450, 0.06666666666666667)	(460, 0.07199424046076314)	(470, 0.08368200836820083)	(480, 0.10548523206751054)	(490, 0.0)	(500, 0.0)	(510, 0.0)	(520, 0.0)													
SRR1655082	(1, 0.026178010471204192)	(2, 0.013089005235602096)	(3, 0.0)	(4, 0.0)	(5, 0.0)	(6, 0.0)	(7, 0.0)	(8, 0.0)	(9, 0.0)	(10, 0.0013089005235602093)	(20, 0.0013089005235602093)	(30, 0.0013110627474630936)	(40, 0.013261016589531752)	(50, 0.002679779722106843)	(60, 0.012313922942206654)	(70, 0.004183283598739437)	(80, 0.0028228253659087384)	(90, 0.007121086962713989)	(100, 0.014337534230862977)	(110, 0.007216985898009555)	(120, 0.0014568340083330905)	(130, 0.014761019100758716)	(140, 0.022415828563743145)	(150, 0.021167541087709216)	(160, 0.015276971493171195)	(170, 0.009233752443097001)	(180, 0.010860795630857071)	(190, 0.025143791055096332)	(200, 0.04324774551104419)	(210, 0.11739002836925687)	(220, 0.10247425747483595)	(230, 0.023462376403552875)	(240, 0.01700448918514488)	(250, 0.024292059966685174)	(260, 0.003556187766714083)	(270, 0.0036231227695150453)	(280, 0.00919963201471941)	(290, 0.022473593527605064)	(300, 0.21321548332073423)	(310, 0.28214107053526766)	(320, 0.012385434728758977)	(330, 0.010691528033186504)	(340, 0.02703555175055198)	(350, 0.021366506813541616)	(360, 0.015263680073265663)	(370, 0.09619613016710642)	(380, 0.046553580261281965)	(390, 0.03679175864606328)	(400, 0.07793439956627812)	(410, 0.01307075636110143)	(420, 0.3246753246753247)	(430, 0.10500892575868949)	(440, 0.1153994101807924)	(450, 0.12800455127293414)	(460, 0.06247071685147587)	(470, 0.0529567519858782)	(480, 0.1330082021724673)	(490, 0.05998800239952009)	(500, 0.04164931278633903)	(510, 0.08130081300813008)	(520, 0.0)	(530, 0.0)												
SRR1655083	(1, 0.016053941242575052)	(2, 0.0)	(3, 0.0)	(4, 0.0)	(5, 0.0)	(6, 0.0)	(7, 0.0)	(8, 0.0)	(9, 0.016053941242575052)	(10, 0.0064215764970300205)	(20, 0.0016053941242575051)	(30, 0.006435213488207471)	(40, 0.013037384700629056)	(50, 0.0016513367571048762)	(60, 0.010100840053197757)	(70, 0.0017131501404783116)	(80, 0.0034676468548443026)	(90, 0.0017446222020621434)	(100, 0.007017666976613624)	(110, 0.005297732570459844)	(120, 0.005344068974116893)	(130, 0.010847359571890876)	(140, 0.02206531332744925)	(150, 0.03542198773280635)	(160, 0.013204806549584048)	(170, 0.009493971328206589)	(180, 0.015315401550684407)	(190, 0.009695747445170547)	(200, 0.035652742290094484)	(210, 0.10966471030239028)	(220, 0.06615944426066822)	(230, 0.02942041776993233)	(240, 0.015072563627750743)	(250, 0.011060478697518028)	(260, 0.011339925610087998)	(270, 0.018516803999629666)	(280, 0.004695056105920466)	(290, 0.03332222592469177)	(300, 0.5524186649067487)	(310, 0.20866329788571283)	(320, 0.028376112472591253)	(330, 0.013280212483399735)	(340, 0.024970867321458298)	(350, 0.03475742215785663)	(360, 0.03647749034866401)	(370, 0.08368200836820083)	(380, 0.10760642948416169)	(390, 0.027976919041790522)	(400, 0.026576559474543453)	(410, 0.05385996409335727)	(420, 0.2350452462098954)	(430, 0.09962994591517223)	(440, 0.09660280148124295)	(450, 0.07801664355062413)	(460, 0.0185821796896776)	(470, 0.021510002151000216)	(480, 0.06980315510261063)	(490, 0.07698229407236336)	(500, 0.0278473962684489)	(510, 0.049333991119881605)	(520, 0.0)	(530, 0.0)												
SRR1655085	(1, 0.024962556165751375)	(2, 0.012481278082875687)	(3, 0.0)	(4, 0.012481278082875687)	(5, 0.0)	(6, 0.0)	(7, 0.0)	(8, 0.012481278082875687)	(9, 0.0)	(10, 0.003744383424862706)	(20, 0.0)	(30, 0.0025016573479930454)	(40, 0.015151897775196344)	(50, 0.0012773512843767165)	(60, 0.00909185369908562)	(70, 0.009231783712495879)	(80, 0.009305911912896665)	(90, 0.013392259274139548)	(100, 0.004046507863713615)	(110, 0.006782880010852608)	(120, 0.005471881369611907)	(130, 0.022187092658845716)	(140, 0.016899028305872414)	(150, 0.025650891368475055)	(160, 0.008625274930638414)	(170, 0.010139784167451293)	(180, 0.010249051962693451)	(190, 0.016418645610997505)	(200, 0.027736686390532544)	(210, 0.07140930225177333)	(220, 0.12270136747445066)	(230, 0.018103121965669898)	(240, 0.031794374069177865)	(250, 0.011925855254191087)	(260, 0.008729050279329608)	(270, 0.005349119178375294)	(280, 0.010910876325216853)	(290, 0.0296060544381326)	(300, 0.16890609580201926)	(310, 0.3369325346784363)	(320, 0.02444788525792519)	(330, 0.0042049492252381054)	(340, 0.015316616340641548)	(350, 0.03641246216517603)	(360, 0.009588187353180882)	(370, 0.05063034783048959)	(380, 0.06365034742481303)	(390, 0.04757773362066553)	(400, 0.03106747856343979)	(410, 0.06959749449019835)	(420, 0.24907289533403443)	(430, 0.25441484585453455)	(440, 0.10568031704095111)	(450, 0.08565718092700104)	(460, 0.05384449709239716)	(470, 0.07810466024472794)	(480, 0.20239500758981277)	(490, 0.023142791020597086)	(500, 0.07202016564638099)	(510, 0.2018842530282638)	(520, 0.0)	(530, 0.0)												
SRR1655086	(1, 0.0)	(2, 0.07533902561526871)	(3, 0.0)	(4, 0.0)	(5, 0.0)	(6, 0.0)	(7, 0.0)	(8, 0.0)	(9, 0.0)	(10, 0.0)	(20, 0.0)	(30, 0.0025145845906256285)	(40, 0.025258903763576663)	(50, 0.005084530316512012)	(60, 0.012849836807072551)	(70, 0.0)	(80, 0.0026167735182519953)	(90, 0.013158933600021055)	(100, 0.0026426362939668616)	(110, 0.015923144290225844)	(120, 0.0026699417952688632)	(130, 0.027037988373665)	(140, 0.016522098306484923)	(150, 0.030738277538702286)	(160, 0.00846286213997574)	(170, 0.005682948313585088)	(180, 0.025728252479917668)	(190, 0.023097355352812102)	(200, 0.03815561621320184)	(210, 0.023818739393217613)	(220, 0.1504257047444267)	(230, 0.03037759348704396)	(240, 0.006151764018332257)	(250, 0.012585344366485228)	(260, 0.009686168151879117)	(270, 0.006580029610133246)	(280, 0.010058001139906795)	(290, 0.037421330158190165)	(300, 0.40287569895460706)	(310, 0.2232934004394981)	(320, 0.014460270407056611)	(330, 0.011102886750555143)	(340, 0.019191647794879668)	(350, 0.03970459779242436)	(360, 0.0250857095074839)	(370, 0.03545156430027475)	(380, 0.20324264400203243)	(390, 0.03918303374638782)	(400, 0.09713977334052887)	(410, 0.051463493084593116)	(420, 0.2346434257940166)	(430, 0.1472444257467396)	(440, 0.08353221957040573)	(450, 0.07592053650512463)	(460, 0.04182350480970305)	(470, 0.14965081476554706)	(480, 0.06493506493506493)	(490, 0.05714285714285715)	(500, 0.0)	(510, 0.05906674542232723)	(520, 0.0)													
SRR1655087	(1, 0.0)	(2, 0.0)	(3, 0.0)	(4, 0.0)	(5, 0.0)	(6, 0.0)	(7, 0.0)	(8, 0.0)	(9, 0.0)	(10, 0.005888125613346418)	(20, 0.001962708537782139)	(30, 0.005903303882406187)	(40, 0.023828435266084195)	(50, 0.004020423752663531)	(60, 0.0020468734008801557)	(70, 0.004165625260351578)	(80, 0.002107481559536354)	(90, 0.01696173009646984)	(100, 0.006390456917669613)	(110, 0.008570081844281614)	(120, 0.002166190104843601)	(130, 0.0021979471173923554)	(140, 0.017853954650955184)	(150, 0.02258406919758802)	(160, 0.00912221487377135)	(170, 0.006875687568756875)	(180, 0.00692265091378992)	(190, 0.009351037965214139)	(200, 0.031001096961892495)	(210, 0.04635389982678279)	(220, 0.06945133445778351)	(230, 0.02023523460225117)	(240, 0.061809472301630225)	(250, 0.002642426804777508)	(260, 0.0135585866529273)	(270, 0.016558575962467226)	(280, 0.00840712924560027)	(290, 0.03704653614887008)	(300, 0.31638153269275837)	(310, 0.6403253216800194)	(320, 0.021831337325349302)	(330, 0.006415602745877976)	(340, 0.03351880404907153)	(350, 0.03880754983242195)	(360, 0.01885298442743486)	(370, 0.09450630726876771)	(380, 0.11826544021024966)	(390, 0.08710002750527185)	(400, 0.04952701698776683)	(410, 0.04319654427645788)	(420, 0.41073384446878425)	(430, 0.13304305757135945)	(440, 0.09962994591517223)	(450, 0.12279355333844973)	(460, 0.11411803064884252)	(470, 0.05785920925747348)	(480, 0.05250721974271463)	(490, 0.03497726477789437)	(500, 0.047664442326024785)	(510, 0.0)	(520, 0.0)	(530, 0.0)	(540, 0.0)											
SRR1655088	(1, 0.01889644746787604)	(2, 0.0)	(3, 0.0)	(4, 0.01889644746787604)	(5, 0.0)	(6, 0.0)	(7, 0.0)	(8, 0.0)	(9, 0.0)	(10, 0.001889644746787604)	(20, 0.003779289493575208)	(30, 0.007576618555138841)	(40, 0.01146723238346425)	(50, 0.0038671255655671143)	(60, 0.003953741227636651)	(70, 0.004042935980108755)	(80, 0.0)	(90, 0.0041212470893692435)	(100, 0.004148861137617724)	(110, 0.01460493646852636)	(120, 0.006314460113660282)	(130, 0.008538433624351612)	(140, 0.010853049706967658)	(150, 0.026413682287424887)	(160, 0.004442371337820128)	(170, 0.004471372040510631)	(180, 0.02031510992731705)	(190, 0.013746334310850442)	(200, 0.04681538353502961)	(210, 0.054907016161760844)	(220, 0.07765105556903665)	(230, 0.012307389356569685)	(240, 0.020016012810248198)	(250, 0.00256522073724444)	(260, 0.00790076637433831)	(270, 0.008055421298533913)	(280, 0.005465824929627504)	(290, 0.025060563027316015)	(300, 0.39650844363304427)	(310, 0.40507220852412823)	(320, 0.027145226964258785)	(330, 0.009307231719045699)	(340, 0.022690437601296597)	(350, 0.03386616093199675)	(360, 0.0252288618179197)	(370, 0.08547008547008547)	(380, 0.11899388617619303)	(390, 0.052056220718375845)	(400, 0.10545994918747903)	(410, 0.04708375022070508)	(420, 0.6428801028608165)	(430, 0.18369221349117257)	(440, 0.10285714285714286)	(450, 0.15811238141571393)	(460, 0.19891261105954117)	(470, 0.12294452128477024)	(480, 0.30036043251902284)	(490, 0.11065006915629322)	(500, 0.14992503748125938)	(510, 0.0)	(520, 0.35714285714285715)	(530, 0.0)												
SRR1655136	(1, 0.015933715742511154)	(2, 0.0)	(3, 0.0)	(4, 0.0)	(5, 0.0)	(6, 0.0)	(7, 0.0)	(8, 0.0)	(9, 0.0)	(10, 0.009560229445506692)	(20, 0.0015933715742511153)	(30, 0.007987475638199303)	(40, 0.006447557181772756)	(50, 0.006525604841998792)	(60, 0.009945465696431234)	(70, 0.0)	(80, 0.008486803021301876)	(90, 0.00170902192675132)	(100, 0.017193356487053404)	(110, 0.005188157166574433)	(120, 0.0034976041411633033)	(130, 0.021307196505619772)	(140, 0.025188916876574305)	(150, 0.014542810398109434)	(160, 0.016483818384952106)	(170, 0.009220839096357769)	(180, 0.011129454100276381)	(190, 0.016878903246375723)	(200, 0.03247869779526957)	(210, 0.03896356906292616)	(220, 0.04546173308032891)	(230, 0.020102118763317654)	(240, 0.022523906054835473)	(250, 0.008385744234800839)	(260, 0.002160900663396504)	(270, 0.0022111174987838856)	(280, 0.01575724833423375)	(290, 0.03905442348778975)	(300, 0.601724628067848)	(310, 0.49144254278728605)	(320, 0.020097977640999874)	(330, 0.012954039069381834)	(340, 0.043401600434016)	(350, 0.028237420229287852)	(360, 0.05667243333532184)	(370, 0.06687685105569886)	(380, 0.08637299847186233)	(390, 0.038429290106204585)	(400, 0.07566585956416465)	(410, 0.06852757092603591)	(420, 0.619704059693942)	(430, 0.19461310913903163)	(440, 0.06728909075616116)	(450, 0.044275214734791464)	(460, 0.09450902561194593)	(470, 0.13542489560997628)	(480, 0.04420215117135701)	(490, 0.04085801838610827)	(500, 0.02966478789676654)	(510, 0.09638554216867469)	(520, 0.0)													
SRR1655137	(1, 0.018148820326678763)	(2, 0.0)	(3, 0.0)	(4, 0.018148820326678763)	(5, 0.0)	(6, 0.0)	(7, 0.0)	(8, 0.018148820326678763)	(9, 0.0)	(10, 0.0036297640653357535)	(20, 0.0036297640653357535)	(30, 0.005454942177612917)	(40, 0.011004328369158536)	(50, 0.00557911180540058)	(60, 0.009490187146490529)	(70, 0.003862196817549822)	(80, 0.003916423522039673)	(90, 0.013857544443124679)	(100, 0.0099589690475242)	(110, 0.0040076144674882274)	(120, 0.0020233085140822274)	(130, 0.016479894528675015)	(140, 0.016809901031707677)	(150, 0.008551393877201984)	(160, 0.004326007959854646)	(170, 0.008738394320043691)	(180, 0.019969380283565197)	(190, 0.011282352144775144)	(200, 0.023070179485996403)	(210, 0.06347415191480359)	(220, 0.05720551079754017)	(230, 0.012080504481867161)	(240, 0.014744913005013271)	(250, 0.005038037180714394)	(260, 0.015473887814313345)	(270, 0.015723270440251572)	(280, 0.010636600542466628)	(290, 0.027036526347094927)	(300, 0.30758146752383064)	(310, 0.32446278639533227)	(320, 0.014670070122935188)	(330, 0.009105256768240864)	(340, 0.022329973204032155)	(350, 0.023421554522032994)	(360, 0.04970531846907619)	(370, 0.07266330120850542)	(380, 0.12020193925795337)	(390, 0.04183750313781273)	(400, 0.06972204146137398)	(410, 0.052195093661195846)	(420, 0.5147115310747484)	(430, 0.19751693002257337)	(440, 0.11666136387739952)	(450, 0.1694532309082693)	(460, 0.07344840249724569)	(470, 0.08503401360544217)	(480, 0.23748629886737302)	(490, 0.048697345994643294)	(500, 0.06770480704129993)	(510, 0.1768867924528302)	(520, 0.0)	(530, 0.0)												
SRR1655138	(1, 0.0)	(2, 0.008742022904100009)	(3, 0.0)	(4, 0.008742022904100009)	(5, 0.0)	(6, 0.0)	(7, 0.0)	(8, 0.0)	(9, 0.0)	(10, 0.0)	(20, 0.0026226068712300026)	(30, 0.002624465265202215)	(40, 0.005276395166822027)	(50, 0.0008862419795100854)	(60, 0.005396265784077418)	(70, 0.0009085953116481918)	(80, 0.005486767745121349)	(90, 0.011021510314296736)	(100, 0.01385847723052191)	(110, 0.014911046289479325)	(120, 0.0028299484006074956)	(130, 0.018128560115259477)	(140, 0.01062042597563095)	(150, 0.00879301248607773)	(160, 0.009858627284736873)	(170, 0.01192084558531352)	(180, 0.05713369284124852)	(190, 0.007090115366305746)	(200, 0.008210686208099841)	(210, 0.012479850241797099)	(220, 0.010611318031812731)	(230, 0.02257773190556057)	(240, 0.005419877944348693)	(250, 0.02093387100328331)	(260, 0.07250974349678238)	(270, 0.006926007156874062)	(280, 0.005856172405715624)	(290, 0.014384867119789979)	(300, 0.012285012285012284)	(310, 0.010218679746576743)	(320, 0.07009408783328391)	(330, 0.008704482808646453)	(340, 0.016607433487228884)	(350, 0.026921282170932197)	(360, 0.005926862516545824)	(370, 0.03019113309644906)	(380, 0.008251052009131165)	(390, 0.011091393078970719)	(400, 0.07205908845253108)	(410, 0.056812312777605616)	(420, 0.034973187223128935)	(430, 0.08526966531656363)	(440, 0.010026067776218167)	(450, 0.42147986262878556)	(460, 0.544069640914037)	(470, 0.14132278123233466)	(480, 0.03923107100823853)	(490, 0.0)	(500, 0.0)	(510, 0.0)	(520, 0.0)													
SRR1655139	(1, 0.009593246354566385)	(2, 0.009593246354566385)	(3, 0.0)	(4, 0.0)	(5, 0.0)	(6, 0.0)	(7, 0.0)	(8, 0.0)	(9, 0.0)	(10, 0.001918649270913277)	(20, 0.0009593246354566385)	(30, 0.0028804608737397984)	(40, 0.010613969914219824)	(50, 0.0039002700937039894)	(60, 0.00495549961347103)	(70, 0.0030052290986316193)	(80, 0.01007627742006993)	(90, 0.008105123451161565)	(100, 0.006117018565151345)	(110, 0.004119167516244967)	(120, 0.007282639228456392)	(130, 0.022072966922082427)	(140, 0.013825815989024428)	(150, 0.01075245693640997)	(160, 0.011933433140228688)	(170, 0.024136833905668866)	(180, 0.029896690325652467)	(190, 0.007823764124688447)	(200, 0.028251460600513045)	(210, 0.04579488471137774)	(220, 0.009294220156839965)	(230, 0.02112328960030042)	(240, 0.005913520673668275)	(250, 0.02153908746066125)	(260, 0.057265394643857985)	(270, 0.00742408869311292)	(280, 0.010065045355610633)	(290, 0.008964819486956188)	(300, 0.01964199195987796)	(310, 0.009457797954413413)	(320, 0.036596523330283626)	(330, 0.01929069594895385)	(340, 0.011347241809722965)	(350, 0.012046119428669766)	(360, 0.01292180462231411)	(370, 0.014324009085514334)	(380, 0.027602070155261643)	(390, 0.011193507765496012)	(400, 0.02962085308056872)	(410, 0.04984334947308459)	(420, 0.0657030223390276)	(430, 0.0519318653926049)	(440, 0.029507229271171435)	(450, 0.4257332071901609)	(460, 0.6650332516625832)	(470, 0.09157509157509157)	(480, 0.0)	(490, 0.0)	(500, 0.0)	(510, 0.0)	(520, 0.0)													
SRR1655140	(1, 0.0)	(2, 0.0)	(3, 0.0)	(4, 0.0)	(5, 0.0)	(6, 0.0)	(7, 0.0)	(8, 0.0)	(9, 0.019421246844047387)	(10, 0.0006473748948015796)	(20, 0.003884249368809478)	(30, 0.0025917142894167347)	(40, 0.009764989258511816)	(50, 0.005258936905904471)	(60, 0.004011901975861723)	(70, 0.006763108595234713)	(80, 0.001360433161918755)	(90, 0.006835597055224788)	(100, 0.00411757035898351)	(110, 0.004141129700182209)	(120, 0.004865266859887265)	(130, 0.009833670487750057)	(140, 0.012767587351576796)	(150, 0.024330203801236547)	(160, 0.016666062823810734)	(170, 0.05018302042744126)	(180, 0.0381217204108176)	(190, 0.00528676948174554)	(200, 0.03128982775331405)	(210, 0.1393577157721966)	(220, 0.005489421101334714)	(230, 0.0)	(240, 0.005569567881097683)	(250, 0.007998464294855389)	(260, 0.009648939420742004)	(270, 0.010540910896869348)	(280, 0.009018759018759018)	(290, 0.004969026402093617)	(300, 0.021803849217996562)	(310, 0.0008516726851536417)	(320, 0.004330766632309251)	(330, 0.01761757529311241)	(340, 0.011688860515928321)	(350, 0.0055282725069794435)	(360, 0.017903753192050734)	(370, 0.010623400453908928)	(380, 0.018799544633252216)	(390, 0.006675389175188913)	(400, 0.008677542519958347)	(410, 0.08847991505928154)	(420, 0.027472527472527472)	(430, 0.07259528130671505)	(440, 0.09541984732824427)	(450, 0.0)	(460, 0.09285051067780872)	(470, 0.13315579227696406)	(480, 0.0)	(490, 0.0)	(500, 0.0)	(510, 0.0)														
SRR1655141	(1, 0.01114951499609767)	(2, 0.0)	(3, 0.0)	(4, 0.0)	(5, 0.0)	(6, 0.0)	(7, 0.0)	(8, 0.0)	(9, 0.0)	(10, 0.001114951499609767)	(20, 0.0)	(30, 0.0033486627673349114)	(40, 0.006749384118699168)	(50, 0.004548659282676431)	(60, 0.006949189840284454)	(70, 0.0011736538190695272)	(80, 0.004723665564478035)	(90, 0.005935563522400817)	(100, 0.01194571865443425)	(110, 0.0024087389047464203)	(120, 0.004873353720196396)	(130, 0.03206590777351603)	(140, 0.005002376128661114)	(150, 0.008884601715997361)	(160, 0.011536243030186502)	(170, 0.014234507033140522)	(180, 0.030013571354003548)	(190, 0.005270995032087182)	(200, 0.02140096036809652)	(210, 0.023053973420124763)	(220, 0.01513150654781556)	(230, 0.019521717911176184)	(240, 0.016899980283356337)	(250, 0.018529604606744778)	(260, 0.03347402124872653)	(270, 0.008884808458337652)	(280, 0.009012527413104215)	(290, 0.010685391543275835)	(300, 0.014010180731331435)	(310, 0.0096728949362395)	(320, 0.035446627506582944)	(330, 0.01597359033065332)	(340, 0.017422951835217592)	(350, 0.024704065877509007)	(360, 0.030954960532425323)	(370, 0.024628722015614612)	(380, 0.02206835673498662)	(390, 0.020012007204322592)	(400, 0.10362694300518134)	(410, 0.03042658066086533)	(420, 0.04404316229905307)	(430, 0.03292723081988805)	(440, 0.07012622720897616)	(450, 0.3037974683544304)	(460, 0.23201856148491878)	(470, 0.0429553264604811)	(480, 0.0)	(490, 0.0)	(500, 0.2583979328165375)	(510, 0.0)	(520, 0.0)													
SRR1655142	(1, 0.0)	(2, 0.0)	(3, 0.0)	(4, 0.010182262498727217)	(5, 0.010182262498727217)	(6, 0.0)	(7, 0.0)	(8, 0.010182262498727217)	(9, 0.0)	(10, 0.004072904999490887)	(20, 0.0)	(30, 0.0010198774107352297)	(40, 0.011342661813382279)	(50, 0.0031425788001634143)	(60, 0.004281738385784628)	(70, 0.0010881156014014928)	(80, 0.003292939936775553)	(90, 0.00994760925790835)	(100, 0.005556728642713462)	(110, 0.003356906275176797)	(120, 0.01016443801951572)	(130, 0.01602123958619427)	(140, 0.01277510016839905)	(150, 0.021157304559399133)	(160, 0.013089939786276983)	(170, 0.03623232164639669)	(180, 0.018337408312958436)	(190, 0.009903564045110735)	(200, 0.03384688671321658)	(210, 0.0457119638367575)	(220, 0.024409357776949858)	(230, 0.0116910446597906)	(240, 0.013122154132822443)	(250, 0.010612331529236973)	(260, 0.025567875982344706)	(270, 0.005456207117622185)	(280, 0.008271298593879239)	(290, 0.012588292887614518)	(300, 0.01986999347128786)	(310, 0.005780513887684615)	(320, 0.019229346941794245)	(330, 0.013707392853879192)	(340, 0.00947867298578199)	(350, 0.004901320088877271)	(360, 0.015228426395939087)	(370, 0.01767658912536237)	(380, 0.038202204267186214)	(390, 0.016625893641783247)	(400, 0.08408857329720638)	(410, 0.06498781478472786)	(420, 0.051514527096641255)	(430, 0.06034092623321768)	(440, 0.045662100456621)	(450, 0.1199040767386091)	(460, 0.2178649237472767)	(470, 0.17520805957074026)	(480, 0.0)	(490, 0.10330578512396695)	(500, 0.0)	(510, 0.0)	(520, 0.0)	(530, 0.0)												
SRR1655143	(1, 0.01833180568285976)	(2, 0.0)	(3, 0.0)	(4, 0.0)	(5, 0.0)	(6, 0.0)	(7, 0.0)	(8, 0.0)	(9, 0.0)	(10, 0.001833180568285976)	(20, 0.000916590284142988)	(30, 0.0036699267849606403)	(40, 0.006465557053922746)	(50, 0.0018640718786116393)	(60, 0.006617758281651792)	(70, 0.0019095266283488325)	(80, 0.009600706612006644)	(90, 0.010616838305552606)	(100, 0.017467926945247753)	(110, 0.012743598792298944)	(120, 0.003967978414197427)	(130, 0.015046493665426167)	(140, 0.015208662854361845)	(150, 0.013314488211556976)	(160, 0.013434193121693121)	(170, 0.01356483993488877)	(180, 0.04632212829123985)	(190, 0.008503401360544217)	(200, 0.008619389316266943)	(210, 0.021851714266984245)	(220, 0.010010344022156227)	(230, 0.015767896562598548)	(240, 0.00453381089474758)	(250, 0.020696791997240428)	(260, 0.06477980754508086)	(270, 0.007210758451609802)	(280, 0.0036620646720621087)	(290, 0.012458420023172661)	(300, 0.017839849125847393)	(310, 0.01324257753529147)	(320, 0.05005561735261402)	(330, 0.008873901854645488)	(340, 0.016480437720425855)	(350, 0.022860358380079836)	(360, 0.0037823628420674397)	(370, 0.03442933379239112)	(380, 0.02251519775848698)	(390, 0.013272721239672165)	(400, 0.08761412893110762)	(410, 0.06711034058497847)	(420, 0.0437172120909318)	(430, 0.05164146071560309)	(440, 0.01001001001001001)	(450, 0.23984410133413284)	(460, 0.4582586172544332)	(470, 0.07938608097380259)	(480, 0.0)	(490, 0.06958942240779402)	(500, 0.0)	(510, 0.0)	(520, 0.0)													
SRR1655144	(1, 0.0)	(2, 0.0)	(3, 0.0)	(4, 0.01086130118388183)	(5, 0.0)	(6, 0.0)	(7, 0.0)	(8, 0.0)	(9, 0.0)	(10, 0.0010861301183881828)	(20, 0.0010861301183881828)	(30, 0.0021733933189889373)	(40, 0.008748141020033243)	(50, 0.0033163462707686184)	(60, 0.004488078541374474)	(70, 0.003403869064503319)	(80, 0.011409273457466229)	(90, 0.01605725558563105)	(100, 0.013842906087417953)	(110, 0.006988282978872091)	(120, 0.0035333608150285613)	(130, 0.020214030915576695)	(140, 0.01324630909660172)	(150, 0.012199287561606402)	(160, 0.008621645256247612)	(170, 0.014903314745587997)	(180, 0.047723105518298045)	(190, 0.011436994866060084)	(200, 0.003859910964720414)	(210, 0.019550596944893386)	(220, 0.011953302431832973)	(230, 0.02017701971967394)	(240, 0.006771947883089092)	(250, 0.017916207276736495)	(260, 0.0900761424891979)	(270, 0.01004823151125402)	(280, 0.0014564520827264782)	(290, 0.010439658772296129)	(300, 0.025981171292334026)	(310, 0.009498329876996628)	(320, 0.05184293263763463)	(330, 0.01252975817566721)	(340, 0.016372306243988295)	(350, 0.02433305313453966)	(360, 0.007313505607020965)	(370, 0.03171948441419879)	(380, 0.016877067440761492)	(390, 0.016777819722327083)	(400, 0.010453143782992735)	(410, 0.08790656787642849)	(420, 0.035891177948460265)	(430, 0.09651662718259191)	(440, 0.0)	(450, 0.4692919812283207)	(460, 0.4760571268552226)	(470, 0.03627130939426913)	(480, 0.0)	(490, 0.0)	(500, 0.0)	(510, 0.0)	(520, 0.0)													
SRR1655145	(1, 0.0)	(2, 0.0)	(3, 0.0)	(4, 0.0076300930871356625)	(5, 0.0)	(6, 0.0)	(7, 0.0)	(8, 0.015260186174271325)	(9, 0.0)	(10, 0.0022890279261406988)	(20, 0.003052037234854265)	(30, 0.000763743565460461)	(40, 0.00999008676006117)	(50, 0.003106506578027679)	(60, 0.0031669622498099823)	(70, 0.004810197618952179)	(80, 0.01050080775444265)	(90, 0.0162683629146399)	(100, 0.006540810569949882)	(110, 0.013197508970181878)	(120, 0.00667406375399401)	(130, 0.01349516282757399)	(140, 0.005971880971880971)	(150, 0.01808692057258023)	(160, 0.01392709167508095)	(170, 0.016711523915070275)	(180, 0.03643408097252337)	(190, 0.006290834254491206)	(200, 0.02456309531390726)	(210, 0.02578886289535248)	(220, 0.024393447544705685)	(230, 0.02087662861426633)	(240, 0.0028709232889297196)	(250, 0.02137914949856177)	(260, 0.05956813104988831)	(270, 0.004030876514097991)	(280, 0.005113415557055491)	(290, 0.007289692374981775)	(300, 0.01912939976194525)	(310, 0.007664093720917501)	(320, 0.05614630121917682)	(330, 0.014544573056178412)	(340, 0.013411297677163241)	(350, 0.024450932731169186)	(360, 0.013998413513135178)	(370, 0.033384874894574076)	(380, 0.01979414093428345)	(390, 0.011990407673860911)	(400, 0.0338129766690461)	(410, 0.09945300845350571)	(420, 0.027925160569673275)	(430, 0.08601865943227685)	(440, 0.018709073900841908)	(450, 0.256914009369805)	(460, 0.5425709515859767)	(470, 0.055524708495280406)	(480, 0.0)	(490, 0.10204081632653061)	(500, 0.0)	(510, 0.0)														
SRR1655146	(1, 0.031578947368421054)	(2, 0.0)	(3, 0.0)	(4, 0.010526315789473684)	(5, 0.0)	(6, 0.0)	(7, 0.0)	(8, 0.010526315789473684)	(9, 0.0)	(10, 0.002105263157894737)	(20, 0.0010526315789473684)	(30, 0.0031607560528478414)	(40, 0.008493109964541265)	(50, 0.004298163609597799)	(60, 0.008760402978537012)	(70, 0.005544528105212965)	(80, 0.007823239491712954)	(90, 0.010115655663081228)	(100, 0.005652975160827143)	(110, 0.007979572294924991)	(120, 0.002302449806594216)	(130, 0.023240410425648117)	(140, 0.008224360555966774)	(150, 0.011886790210039584)	(160, 0.0036005760921747477)	(170, 0.02667151603321816)	(180, 0.040373886659489086)	(190, 0.004936321453253036)	(200, 0.012496094970321775)	(210, 0.018991428535254422)	(220, 0.02054363596677067)	(230, 0.019476725313250665)	(240, 0.009159546209910628)	(250, 0.022525208358177312)	(260, 0.026977446854429696)	(270, 0.006840132424963747)	(280, 0.005546081000513012)	(290, 0.009850275807722617)	(300, 0.014354204346453075)	(310, 0.01479793420838451)	(320, 0.04459548816681788)	(330, 0.01624932971514925)	(340, 0.010614960016983936)	(350, 0.016839426711072858)	(360, 0.010019437709155761)	(370, 0.01551590380139643)	(380, 0.012315574275228454)	(390, 0.008831841733396137)	(400, 0.10427963627262868)	(410, 0.08274292806536691)	(420, 0.10050845453470497)	(430, 0.07616726331022926)	(440, 0.044218439089100156)	(450, 0.21712158808933005)	(460, 0.29171528588098017)	(470, 0.0)	(480, 0.0321646831778707)	(490, 0.12861736334405144)	(500, 0.0)	(510, 0.0)	(520, 0.0)													
SRR1655147	(1, 0.0)	(2, 0.0)	(3, 0.0)	(4, 0.009388789784996713)	(5, 0.0)	(6, 0.0)	(7, 0.0)	(8, 0.018777579569993427)	(9, 0.009388789784996713)	(10, 0.0037555159139986854)	(20, 0.0037555159139986854)	(30, 0.0009399291293436476)	(40, 0.008521274782707493)	(50, 0.0019135276839617676)	(60, 0.006799219061124979)	(70, 0.0029469837621194706)	(80, 0.00692335842226552)	(90, 0.00796194191763371)	(100, 0.001001662760181902)	(110, 0.01921832011652371)	(120, 0.0020459102254593068)	(130, 0.015501152252317423)	(140, 0.012540102201832947)	(150, 0.01163061177017911)	(160, 0.007469136461123144)	(170, 0.00967866821525358)	(180, 0.05750244114136921)	(190, 0.005484801614725595)	(200, 0.005559632619476505)	(210, 0.01917069815171916)	(220, 0.011505361498458282)	(230, 0.026781243814114876)	(240, 0.004685980717189349)	(250, 0.02973075825325849)	(260, 0.06587374199451053)	(270, 0.007459903021260724)	(280, 0.006310422293459878)	(290, 0.011570651684815449)	(300, 0.017086602789059317)	(310, 0.013616928565592743)	(320, 0.054144937448348585)	(330, 0.016789279282029366)	(340, 0.027750797835437768)	(350, 0.022428648860811543)	(360, 0.012351015871055394)	(370, 0.03143665513989311)	(380, 0.016768207478620536)	(390, 0.006769334912844814)	(400, 0.030164612600189607)	(410, 0.03655543370410987)	(420, 0.03588731383455949)	(430, 0.07429420505200594)	(440, 0.01024380249948781)	(450, 0.32827888072534)	(460, 0.3695652173913043)	(470, 0.055601890464275786)	(480, 0.0)	(490, 0.0)	(500, 0.0)	(510, 0.0)	(520, 3.225806451612903)													
SRR1655160	(1, 0.0)	(2, 0.013417415805715819)	(3, 0.013417415805715819)	(4, 0.0)	(5, 0.0)	(6, 0.0)	(7, 0.0)	(8, 0.0)	(9, 0.013417415805715819)	(10, 0.001341741580571582)	(20, 0.002683483161143164)	(30, 0.0013428045816492326)	(40, 0.004049949375632805)	(50, 0.0013601371018198633)	(60, 0.005490809757168939)	(70, 0.00553794182392114)	(80, 0.0013915947676036739)	(90, 0.008384689556869156)	(100, 0.0028098569782798056)	(110, 0.005663716814159292)	(120, 0.004278868096759471)	(130, 0.020154324542208914)	(140, 0.005815305885089555)	(150, 0.01908509014034882)	(160, 0.013348164627363738)	(170, 0.04197775179155048)	(180, 0.018176860856130145)	(190, 0.006121824303642486)	(200, 0.015471733143546742)	(210, 0.053156561708514426)	(220, 0.00791352104205245)	(230, 0.009593706528517293)	(240, 0.00161277316345456)	(250, 0.00977421561919656)	(260, 0.02147766323024055)	(270, 0.006711634618611363)	(280, 0.005098832367387868)	(290, 0.013788111201116837)	(300, 0.03154684706789583)	(310, 0.0071656336211529505)	(320, 0.014718869590815427)	(330, 0.011419218544810917)	(340, 0.006027243138988227)	(350, 0.014698780001259895)	(360, 0.015400184802217626)	(370, 0.014038043096792305)	(380, 0.010243540167481881)	(390, 0.006422401335859478)	(400, 0.020208824520040417)	(410, 0.060916179337231965)	(420, 0.05934718100890207)	(430, 0.056980056980056974)	(440, 0.0)	(450, 0.14919806042521447)	(460, 0.35860655737704916)	(470, 0.13157894736842105)	(480, 0.0)	(490, 0.0)	(500, 0.0)	(510, 0.0)	(520, 0.0)													
SRR1655161	(1, 0.0)	(2, 0.0)	(3, 0.0)	(4, 0.0)	(5, 0.0)	(6, 0.0)	(7, 0.0)	(8, 0.0)	(9, 0.0)	(10, 0.008507018290089324)	(20, 0.002835672763363108)	(30, 0.0014197890193517243)	(40, 0.030052376999914136)	(50, 0.007229194378578451)	(60, 0.004387183574384698)	(70, 0.005965252404742376)	(80, 0.0060433915513386114)	(90, 0.0015233220607500837)	(100, 0.0046027094616364166)	(110, 0.007741615830056049)	(120, 0.0015653861807707961)	(130, 0.033358219624164055)	(140, 0.02098771411504496)	(150, 0.014831416235456973)	(160, 0.006688851357000719)	(170, 0.018685873479649385)	(180, 0.02592285358772294)	(190, 0.015913430935709738)	(200, 0.050699838846940806)	(210, 0.10333056555032752)	(220, 0.05414589518101533)	(230, 0.018881818696776874)	(240, 0.015288766578756257)	(250, 0.007726482518833302)	(260, 0.007821513071703722)	(270, 0.003961572744379519)	(280, 0.008030193527664016)	(290, 0.020280684675914658)	(300, 0.020589264757355515)	(310, 0.027261670091850855)	(320, 0.017247326664367024)	(330, 0.0044419766796224315)	(340, 0.027536198627779437)	(350, 0.019127316198445904)	(360, 0.012387889599127892)	(370, 0.007660487206986364)	(380, 0.029297395195227185)	(390, 0.02367003964731641)	(400, 0.026641800985746637)	(410, 0.02494595044071179)	(420, 0.04381480940557909)	(430, 0.07853403141361257)	(440, 0.1348314606741573)	(450, 0.0)	(460, 0.21551724137931033)	(470, 0.1707941929974381)	(480, 0.22497187851518563)	(490, 0.0)	(500, 0.0)	(510, 0.0)	(520, 0.0)	(530, 0.0)												
SRR1655162	(1, 0.0)	(2, 0.0)	(3, 0.0)	(4, 0.0)	(5, 0.0)	(6, 0.0)	(7, 0.0)	(8, 0.0)	(9, 0.05561735261401557)	(10, 0.01807563959955506)	(20, 0.006952169076751946)	(30, 0.0027846620812564393)	(40, 0.0)	(50, 0.002821829674360856)	(60, 0.004287858214821696)	(70, 0.008675158683110912)	(80, 0.008746610688358261)	(90, 0.010274173662889685)	(100, 0.0014822500555843772)	(110, 0.010505462840677153)	(120, 0.004562876437306077)	(130, 0.021521906225980016)	(140, 0.01087564477036853)	(150, 0.01418082122711373)	(160, 0.015890924692907878)	(170, 0.014446459814764282)	(180, 0.04866258982303038)	(190, 0.006542361792607131)	(200, 0.014873083024854574)	(210, 0.03342748742290786)	(220, 0.018648492862713188)	(230, 0.07193012502140778)	(240, 0.006895006291693241)	(250, 0.03832418778852016)	(260, 0.021190930281839375)	(270, 0.008940225651295439)	(280, 0.0072390328652092075)	(290, 0.011005337588730534)	(300, 0.020552680256347978)	(310, 0.02299555419285605)	(320, 0.043655990792554666)	(330, 0.006247527020554364)	(340, 0.027068483262654517)	(350, 0.035698136557271706)	(360, 0.01523422622825949)	(370, 0.05542469170015242)	(380, 0.01838404265097895)	(390, 0.02997152704930316)	(400, 0.017991274231997482)	(410, 0.1162438087536642)	(420, 0.08863283846665189)	(430, 0.12120438887471294)	(440, 0.025911210917256865)	(450, 0.16532829475673122)	(460, 0.6740563211503895)	(470, 0.016837851490149856)	(480, 0.04377325454147516)	(490, 0.0)	(500, 0.0)	(510, 0.0)	(520, 0.0)	(530, 0.0)												
SRR1655168	(1, 0.0)	(2, 0.0)	(3, 0.0)	(4, 0.0)	(5, 0.0)	(6, 0.0)	(7, 0.0)	(8, 0.0)	(9, 0.0)	(10, 0.001845018450184502)	(20, 0.001845018450184502)	(30, 0.0)	(40, 0.02974530581892545)	(50, 0.007491478443270779)	(60, 0.005708522824577094)	(70, 0.011712573447595994)	(80, 0.007924087244200559)	(90, 0.011986575035959726)	(100, 0.010085728693898134)	(110, 0.008157937673356175)	(120, 0.004131292474850758)	(130, 0.012577561630051987)	(140, 0.03418000042725001)	(150, 0.041178127912268915)	(160, 0.02643579406516423)	(170, 0.024755817617140026)	(180, 0.043782837127845885)	(190, 0.014235213172317256)	(200, 0.15475693335626028)	(210, 0.21529077068969935)	(220, 0.15777510362347907)	(230, 0.019372336303758234)	(240, 0.02270276406152449)	(250, 0.002915961975855835)	(260, 0.0029857876507822763)	(270, 0.012162860704837778)	(280, 0.021803457405388568)	(290, 0.015995393326721903)	(300, 0.03257010715565254)	(310, 0.03339678722906857)	(320, 0.010293713972001099)	(330, 0.02128112364332837)	(340, 0.01103468569536911)	(350, 0.015284677111196025)	(360, 0.03161680433150219)	(370, 0.008190343584913388)	(380, 0.013117621337997376)	(390, 0.020798668885191347)	(400, 0.00977230528681716)	(410, 0.06712911165808906)	(420, 0.07173601147776185)	(430, 0.20942408376963353)	(440, 0.14419610670511895)	(450, 0.08291873963515754)	(460, 0.0)	(470, 0.2347417840375587)	(480, 0.0)	(490, 0.0)	(500, 0.0)	(510, 0.0)	(520, 0.0)	(530, 0.0)												
SRR1655175	(1, 0.0)	(2, 0.0)	(3, 0.0)	(4, 0.0)	(5, 0.0)	(6, 0.0)	(7, 0.0)	(8, 0.0)	(9, 0.0)	(10, 0.0015290519877675841)	(20, 0.0045871559633027525)	(30, 0.0061238862181940655)	(40, 0.009253261774775609)	(50, 0.0)	(60, 0.006307655917369707)	(70, 0.004796699870489103)	(80, 0.004836057645807138)	(90, 0.009729361591723556)	(100, 0.008169400692765179)	(110, 0.021375953696395687)	(120, 0.003325739561334952)	(130, 0.023664238265073276)	(140, 0.025857165020427158)	(150, 0.022736812648663774)	(160, 0.007062146892655367)	(170, 0.033796403351180206)	(180, 0.03590535348820509)	(190, 0.00909454690967296)	(200, 0.048113399581783525)	(210, 0.05082065953922602)	(220, 0.0951728338663012)	(230, 0.011591067150915695)	(240, 0.029595722431584554)	(250, 0.02439619419370578)	(260, 0.0062686754288818775)	(270, 0.008560727661851257)	(280, 0.00655279367436984)	(290, 0.031050390347764373)	(300, 0.3091682011411944)	(310, 0.28474734508110633)	(320, 0.02157342154465698)	(330, 0.0024626295958824836)	(340, 0.022986157225315423)	(350, 0.02652308834840729)	(360, 0.011076957159868185)	(370, 0.06434253626579317)	(380, 0.10331206320267396)	(390, 0.059986108480141444)	(400, 0.07153075822603719)	(410, 0.050936446986913256)	(420, 0.26828298887122415)	(430, 0.19415119524329572)	(440, 0.14850434905593665)	(450, 0.09852963468243142)	(460, 0.11371943790106408)	(470, 0.07963192355335338)	(480, 0.05279831045406547)	(490, 0.02987303958177745)	(500, 0.04563084645220169)	(510, 0.1298139333621809)	(520, 0.0)	(530, 0.0)												
SRR1655176	(1, 0.0)	(2, 0.0)	(3, 0.0)	(4, 0.01457301078402798)	(5, 0.0)	(6, 0.0)	(7, 0.0)	(8, 0.0)	(9, 0.0)	(10, 0.001457301078402798)	(20, 0.004371903235208394)	(30, 0.001457917219460279)	(40, 0.02490842490842491)	(50, 0.005894662383212001)	(60, 0.0030016959582163925)	(70, 0.007672359557458301)	(80, 0.0046560715172585055)	(90, 0.012493362900958867)	(100, 0.0015721292919129671)	(110, 0.0015874527732799948)	(120, 0.01443811662789765)	(130, 0.0032453834420536785)	(140, 0.014763295167481382)	(150, 0.04150410890678177)	(160, 0.04049607694254619)	(170, 0.03824424163407214)	(180, 0.03037721351607312)	(190, 0.025613816824618538)	(200, 0.13824798699721635)	(210, 0.23509914632031298)	(220, 0.19424863825696892)	(230, 0.0041378739603591674)	(240, 0.014868625076998238)	(250, 0.008700759141235073)	(260, 0.006613902422892921)	(270, 0.008900360464598816)	(280, 0.006783953688209488)	(290, 0.006922970415839756)	(300, 0.028085942985535742)	(310, 0.007145068711744112)	(320, 0.009723370120083622)	(330, 0.01733832016446635)	(340, 0.007602442918324422)	(350, 0.013052785464418107)	(360, 0.021381798743819323)	(370, 0.010956502684343158)	(380, 0.014520532032293663)	(390, 0.02457347468932107)	(400, 0.05619781631342324)	(410, 0.08040739748056822)	(420, 0.06138735420503376)	(430, 0.17699115044247787)	(440, 0.125)	(450, 0.0)	(460, 0.0)	(470, 0.0)	(480, 0.7782101167315175)	(490, 0.0)	(500, 0.0)	(510, 0.0)	(520, 0.0)													
SRR1655177	(1, 0.0)	(2, 0.0)	(3, 0.0)	(4, 0.0)	(5, 0.0)	(6, 0.0)	(7, 0.0)	(8, 0.0)	(9, 0.036218761318362915)	(10, 0.009054690329590729)	(20, 0.0018109380659181455)	(30, 0.0018134339184680112)	(40, 0.01657519613982099)	(50, 0.0018661242465523352)	(60, 0.0038315644277558524)	(70, 0.010531858873091101)	(80, 0.015522785231178622)	(90, 0.013427024123886674)	(100, 0.0067646793541986106)	(110, 0.0022874919937780217)	(120, 0.009383063570255689)	(130, 0.0024117306579201233)	(140, 0.02770501712673786)	(150, 0.14983833232564864)	(160, 0.029485873586018334)	(170, 0.06856453293840162)	(180, 0.02858858172046085)	(190, 0.037211610022326966)	(200, 0.5765674293795554)	(210, 0.1029908544121282)	(220, 0.3259591749492359)	(230, 0.3863134657836645)	(240, 0.0)	(250, 0.00922509225092251)	(260, 0.0)	(270, 0.0)	(280, 0.009748488984207448)	(290, 0.04988526389304599)	(300, 0.030838815789473683)	(310, 0.021310602024507193)	(320, 0.032963410614218216)	(330, 0.023299161230195712)	(340, 0.012347203358439314)	(350, 0.0)	(360, 0.013524479307546659)	(370, 0.08347245409015025)	(380, 0.014734050390452334)	(390, 0.0)	(400, 0.032020493115593976)	(410, 0.0)	(420, 0.3795066413662239)	(430, 0.0)	(440, 0.0)	(450, 0.0)	(460, 0.0)	(470, 0.0)	(480, 0.0)	(490, 0.0)	(500, 0.0)	(510, 0.0)														
SRR1655179	(1, 0.0)	(2, 0.0)	(3, 0.0)	(4, 0.0)	(5, 0.0)	(6, 0.0)	(7, 0.0)	(8, 0.0)	(9, 0.0)	(10, 0.0016826518593303047)	(20, 0.0016826518593303047)	(30, 0.005054419247228493)	(40, 0.023818030248898416)	(50, 0.00688041832943443)	(60, 0.008746610688358261)	(70, 0.007161784716751414)	(80, 0.007271801770683732)	(90, 0.0036697247706422016)	(100, 0.009276954190400208)	(110, 0.005609888363221572)	(120, 0.00566582938299118)	(130, 0.030648405325160423)	(140, 0.021372088053002777)	(150, 0.013789842795792128)	(160, 0.003987002372266411)	(170, 0.00602167804094741)	(180, 0.01418813466566674)	(190, 0.018501767946714907)	(200, 0.03154839523829554)	(210, 0.0773212483085977)	(220, 0.14620840152755046)	(230, 0.03543115284113557)	(240, 0.0291538651297347)	(250, 0.0022780081097088707)	(260, 0.006978854072161351)	(270, 0.01179161851755772)	(280, 0.011959719664171071)	(290, 0.03160709944079747)	(300, 0.18734076035369934)	(310, 0.3941165863836583)	(320, 0.02379127124692696)	(330, 0.010817242684839634)	(340, 0.022472541363521448)	(350, 0.014596409283316304)	(360, 0.04265951611920288)	(370, 0.061099141396276174)	(380, 0.10020374762016099)	(390, 0.06984459577440195)	(400, 0.1466606498194946)	(410, 0.03491315353059265)	(420, 0.38697550997843994)	(430, 0.08905380333951762)	(440, 0.15347115645030243)	(450, 0.07816316560820713)	(460, 0.07343684431389005)	(470, 0.10605703511666273)	(480, 0.131521262604121)	(490, 0.05743825387708214)	(500, 0.051586278050038695)	(510, 0.22665457842248413)	(520, 0.0)	(530, 0.0)												
SRR1655180	(1, 0.0)	(2, 0.0)	(3, 0.0)	(4, 0.0)	(5, 0.0)	(6, 0.0)	(7, 0.0)	(8, 0.0)	(9, 0.08072653884964683)	(10, 0.007063572149344097)	(20, 0.007063572149344097)	(30, 0.004040689745739598)	(40, 0.014238929232521716)	(50, 0.0030716618714611895)	(60, 0.0020721523446403777)	(70, 0.015757626691318596)	(80, 0.008477539817944833)	(90, 0.00533219579822971)	(100, 0.004288394532296971)	(110, 0.00540616519078357)	(120, 0.006542647155038929)	(130, 0.007704499427665756)	(140, 0.021139532037517107)	(150, 0.020245419473844044)	(160, 0.017141289939205558)	(170, 0.02958649908873583)	(180, 0.02563445270443476)	(190, 0.021296586282492952)	(200, 0.061555034047628215)	(210, 0.3058789404986354)	(220, 0.07703327296807849)	(230, 0.006895600606812853)	(240, 0.006999762008091725)	(250, 0.004268396790165614)	(260, 0.008620441941323526)	(270, 0.004345307068366165)	(280, 0.00881588033911753)	(290, 0.010430947129999403)	(300, 0.028783517648841087)	(310, 0.004633347748192994)	(320, 0.004729623206684535)	(330, 0.006424051649375261)	(340, 0.008193900460497207)	(350, 0.016771769757144773)	(360, 0.018902941985152598)	(370, 0.024675690919345745)	(380, 0.033329012905734444)	(390, 0.0)	(400, 0.015586844703070608)	(410, 0.0704390702042733)	(420, 0.07215007215007214)	(430, 0.10604453870625664)	(440, 0.12836970474967907)	(450, 0.0)	(460, 0.0)	(470, 0.0)	(480, 0.0)	(490, 0.0)	(500, 0.0)	(510, 0.0)	(520, 0.0)	(530, 0.0)												
SRR1655181	(1, 0.0)	(2, 0.0)	(3, 0.0)	(4, 0.0)	(5, 0.0)	(6, 0.0)	(7, 0.0)	(8, 0.0)	(9, 0.0)	(10, 0.009428032683846638)	(20, 0.0015713387806411063)	(30, 0.0015719810104693934)	(40, 0.01105670510187964)	(50, 0.0031771751735531943)	(60, 0.004837227301310889)	(70, 0.0016478536705940511)	(80, 0.0016698393614534282)	(90, 0.0016806157776209202)	(100, 0.006767960475110826)	(110, 0.005134612422338987)	(120, 0.006947580505089103)	(130, 0.0017635751194822144)	(140, 0.01610853573410177)	(150, 0.030883822327186845)	(160, 0.005513185702471744)	(170, 0.01876806426185203)	(180, 0.03078876979621683)	(190, 0.01576447868839537)	(200, 0.15370924682469056)	(210, 0.14193279064913378)	(220, 0.233468081886768)	(230, 0.04503186004097899)	(240, 0.011626825411589619)	(250, 0.002383676582761251)	(260, 0.007276961141027507)	(270, 0.0024522425758356017)	(280, 0.014891293557033655)	(290, 0.025326714618579677)	(300, 0.015470695923471623)	(310, 0.0026255677790322156)	(320, 0.008034064433196755)	(330, 0.019163906151613876)	(340, 0.008457136413610351)	(350, 0.0319906936164025)	(360, 0.023837902264600714)	(370, 0.018386859524393232)	(380, 0.032440147927074545)	(390, 0.04151617054842861)	(400, 0.0387086784857165)	(410, 0.08038585209003216)	(420, 0.09893643334157803)	(430, 0.2573174654229656)	(440, 0.20721094073767096)	(450, 0.04967709885742673)	(460, 0.0)	(470, 0.07374631268436578)	(480, 0.0)	(490, 0.0)	(500, 0.0)	(510, 0.0)	(520, 0.0)	(530, 0.0)												
SRR1655182	(1, 0.0)	(2, 0.0)	(3, 0.0)	(4, 0.0)	(5, 0.0)	(6, 0.0)	(7, 0.0)	(8, 0.0)	(9, 0.03854307188282906)	(10, 0.015417228753131625)	(20, 0.007708614376565812)	(30, 0.0019297940909704936)	(40, 0.005833511579520486)	(50, 0.003915426781519186)	(60, 0.003963456927131845)	(70, 0.006096445772114857)	(80, 0.0020697934346152256)	(90, 0.0041785930677141)	(100, 0.008433125316242199)	(110, 0.010642600200080883)	(120, 0.0)	(130, 0.019694516171386057)	(140, 0.02445694466060431)	(150, 0.047278130487640145)	(160, 0.02746875429199286)	(170, 0.03750058594665542)	(180, 0.028915662650602407)	(190, 0.042223436490984055)	(200, 0.2272257797975625)	(210, 0.23466580352807898)	(220, 0.22642363862787276)	(230, 0.011777869383428537)	(240, 0.009140489320861644)	(250, 0.003168869030642964)	(260, 0.0032607277944437197)	(270, 0.01665057111458923)	(280, 0.01360266612256002)	(290, 0.010416666666666668)	(300, 0.04611891585071662)	(310, 0.018147502903600465)	(320, 0.011241849658997228)	(330, 0.015517709586065095)	(340, 0.016073940124573034)	(350, 0.0674564694970277)	(360, 0.022023521120556753)	(370, 0.0)	(380, 0.03841352155958897)	(390, 0.005774672287347693)	(400, 0.03199658703071672)	(410, 0.023196474135931337)	(420, 0.0)	(430, 0.047370914258645196)	(440, 0.0)	(450, 0.06944444444444445)	(460, 0.07722007722007722)	(470, 0.0966183574879227)	(480, 0.0)	(490, 0.0)	(500, 0.0)	(510, 0.0)	(520, 0.0)	(530, 0.0)												
SRR1655183	(1, 0.0)	(2, 0.0)	(3, 0.0)	(4, 0.0)	(5, 0.0)	(6, 0.019308746862328634)	(7, 0.0)	(8, 0.019308746862328634)	(9, 0.019308746862328634)	(10, 0.003861749372465727)	(20, 0.003861749372465727)	(30, 0.005799006436897145)	(40, 0.01365027983073653)	(50, 0.00393151304279452)	(60, 0.007983553879009241)	(70, 0.00822385328645737)	(80, 0.014703411191396403)	(90, 0.004240162822252374)	(100, 0.01283449913367131)	(110, 0.0021644084671659236)	(120, 0.008778860503906593)	(130, 0.006685087797486408)	(140, 0.013606676342525399)	(150, 0.07121034617416672)	(160, 0.01856450003480844)	(170, 0.007071302298173247)	(180, 0.012006243246488173)	(190, 0.02462083907819578)	(200, 0.3081232492997199)	(210, 0.06277956525151063)	(220, 0.3674743734976377)	(230, 0.08907098957869422)	(240, 0.02478852291389087)	(250, 0.009489166534872688)	(260, 0.003247807729782397)	(270, 0.009922603691208573)	(280, 0.026897989375294196)	(290, 0.037873571133452695)	(300, 0.03518648838845883)	(310, 0.01802386359540031)	(320, 0.011065619121389841)	(330, 0.007572889057175312)	(340, 0.01567152483936687)	(350, 0.02466902392895321)	(360, 0.05108774319894419)	(370, 0.008839388314328648)	(380, 0.02820344081978001)	(390, 0.05732301519059903)	(400, 0.04217985490129914)	(410, 0.07692307692307693)	(420, 0.09413979759943517)	(430, 0.12433944668946223)	(440, 0.43633478778262597)	(450, 0.04692632566870014)	(460, 0.05583472920156338)	(470, 0.07468259895444362)	(480, 0.31982942430703626)	(490, 0.22371364653243847)	(500, 0.0)	(510, 0.0)	(520, 0.0)	(530, 0.0)	(540, 0.0)	(550, 0.0)	(560, 0.0)	(570, 0.0)	(580, 0.0)	(590, 0.0)	(600, 0.0)	(610, 0.0)	(620, 0.0)	(630, 0.0)	(640, 0.0)	(650, 0.0)
SRR1655184	(1, 0.0)	(2, 0.0)	(3, 0.0)	(4, 0.0)	(5, 0.0)	(6, 0.0)	(7, 0.0)	(8, 0.014273479874393378)	(9, 0.042820439623180134)	(10, 0.009991435912075363)	(20, 0.004282043962318013)	(30, 0.002859553051857995)	(40, 0.007218340359184616)	(50, 0.00582682671017364)	(60, 0.004413192503457001)	(70, 0.004490950734270444)	(80, 0.007580926389204761)	(90, 0.0030501288679446706)	(100, 0.010735866997944848)	(110, 0.004633204633204633)	(120, 0.004697261496547513)	(130, 0.023992706217309936)	(140, 0.032749840344528325)	(150, 0.04016131461369835)	(160, 0.0237791932059448)	(170, 0.019011735425776458)	(180, 0.010592285285550358)	(190, 0.021901007446342532)	(200, 0.11263626123976252)	(210, 0.09553189372076824)	(220, 0.08387888707037644)	(230, 0.025229164914641326)	(240, 0.023501762632197415)	(250, 0.008655011251514626)	(260, 0.010964190952349627)	(270, 0.0044342948362636634)	(280, 0.002243762340692874)	(290, 0.027306239475720206)	(300, 0.03239241092086997)	(310, 0.011870563376937869)	(320, 0.009784975170625505)	(330, 0.015124398174989288)	(340, 0.013090375955597443)	(350, 0.027562636090515694)	(360, 0.037324145851277635)	(370, 0.026811248808388942)	(380, 0.04450944236027214)	(390, 0.023930124037809596)	(400, 0.0452430196483971)	(410, 0.0)	(420, 0.10974539069359088)	(430, 0.1838235294117647)	(440, 0.0)	(450, 0.0)	(460, 0.0)	(470, 0.0)	(480, 0.0)	(490, 0.4166666666666667)	(500, 0.0)	(510, 0.0)	(520, 0.0)													
SRR1655185	(1, 0.0)	(2, 0.0)	(3, 0.0)	(4, 0.0)	(5, 0.0)	(6, 0.0)	(7, 0.0)	(8, 0.08237232289950577)	(9, 0.0)	(10, 0.0)	(20, 0.0)	(30, 0.0055008526321579845)	(40, 0.008316008316008316)	(50, 0.013980539089587294)	(60, 0.008479606546256254)	(70, 0.002887836432944438)	(80, 0.005877685367502277)	(90, 0.011861692663543089)	(100, 0.0239880059970015)	(110, 0.0030308540946838818)	(120, 0.0030622243998040177)	(130, 0.01562109472631842)	(140, 0.0286141226592058)	(150, 0.07121123842817376)	(160, 0.016409583196586804)	(170, 0.006691201070592172)	(180, 0.006863182457705638)	(190, 0.03547105561861521)	(200, 0.2795248078266946)	(210, 0.10259528061709161)	(220, 0.2635408881721276)	(230, 0.04454162617427923)	(240, 0.03313315386208325)	(250, 0.004269307945182086)	(260, 0.0044006336912515405)	(270, 0.027141952411110105)	(280, 0.009337068160597572)	(290, 0.03343203744388194)	(300, 0.019506485906563932)	(310, 0.02008334588542451)	(320, 0.010456969570218551)	(330, 0.005456132693147097)	(340, 0.005693788077207766)	(350, 0.030249863875612557)	(360, 0.03197339813275355)	(370, 0.02017349203147065)	(380, 0.014173339947558643)	(390, 0.032867707477403446)	(400, 0.03745318352059925)	(410, 0.02717391304347826)	(420, 0.0962463907603465)	(430, 0.06896551724137931)	(440, 0.09165902841429881)	(450, 0.0)	(460, 0.13089005235602094)	(470, 0.3058103975535168)	(480, 0.0)	(490, 0.29069767441860467)	(500, 0.0)	(510, 0.0)	(520, 0.0)													
SRR1655186	(1, 0.0)	(2, 0.0)	(3, 0.0)	(4, 0.0)	(5, 0.0)	(6, 0.0)	(7, 0.0)	(8, 0.01827151470856934)	(9, 0.00913575735428467)	(10, 0.008222181618856203)	(20, 0.00913575735428467)	(30, 0.0009152899180815523)	(40, 0.013813426650704485)	(50, 0.0046311304589450285)	(60, 0.0056182931625372206)	(70, 0.013297619726069035)	(80, 0.003835716272067355)	(90, 0.005782575173477255)	(100, 0.0009690298073568742)	(110, 0.0)	(120, 0.009831294978174525)	(130, 0.006947477073325658)	(140, 0.029048511013392366)	(150, 0.044472295781196304)	(160, 0.03614470273563764)	(170, 0.05495867323297089)	(180, 0.03212477706512468)	(190, 0.027161304195289778)	(200, 0.14563106796116504)	(210, 0.2082593775884511)	(220, 0.123492663082958)	(230, 0.007395538025391347)	(240, 0.008746829274388034)	(250, 0.007618950870465137)	(260, 0.003846794978650288)	(270, 0.007734949078251902)	(280, 0.009140767824497258)	(290, 0.009292569926588697)	(300, 0.02289161493610546)	(310, 0.008244816071894796)	(320, 0.008434310776237736)	(330, 0.00860720997288729)	(340, 0.016154614345297538)	(350, 0.024172105390379502)	(360, 0.030952086170607896)	(370, 0.025382321213274953)	(380, 0.023547616644801022)	(390, 0.008021658477890305)	(400, 0.02329264884002609)	(410, 0.10804970286331712)	(420, 0.0)	(430, 0.0)	(440, 0.14903129657228018)	(450, 0.0)	(460, 0.2008032128514056)	(470, 0.0)	(480, 0.0)	(490, 0.0)	(500, 0.0)	(510, 0.0)	(520, 0.0)	(530, 0.0)	(540, 0.0)											
