Sample	0	1	2	3	4	5	6	7	8	9	10	11	12	13	14	15
ERR235935	(1.0, 3.291932955504642)	(2.0, 1.3023031472326059)	(3.0, 0.7596768358856867)	(4.0, 0.6270348486675509)	(5.0, 0.7837935608344386)	(6.0, 0.21705052453876764)	(7.0, 0.5064512239237912)	(8.0, 0.2894006993850235)	(9.0, 0.5426263113469191)	('>10', 5.064512239237912)	('>50', 2.978415531170867)	('>100', 8.22380320752442)	('>500', 0.0)	('>1k', 75.41299891474738)	('>5k', 0.0)	('>10k+', 0.0)
ERR235936	(1.0, 2.0774130328270455)	(2.0, 0.9407153356197943)	(3.0, 0.61734443900049)	(4.0, 0.7447329740323371)	(5.0, 0.4899559039686428)	(6.0, 0.41156295933365994)	(7.0, 0.20578147966682997)	(8.0, 0.39196472317491426)	(9.0, 0.3527682508574228)	('>10', 2.596766291033807)	('>50', 3.1455169034786867)	('>100', 14.316511513963743)	('>500', 6.232239098481137)	('>1k', 0.0)	('>5k', 67.4767270945615)	('>10k+', 0.0)
ERR235937	(1.0, 2.0156184043900383)	(2.0, 1.0764035457999155)	(3.0, 0.8547910510764036)	(4.0, 0.5487547488391726)	(5.0, 0.4748839172646686)	(6.0, 0.5065428450823132)	(7.0, 0.22161249472351205)	(8.0, 0.42211903756859437)	(9.0, 0.3799071338117349)	('>10', 3.9151540734487122)	('>50', 3.4191642043056145)	('>100', 4.738286196707472)	('>500', 0.0)	('>1k', 21.876319121992402)	('>5k', 59.55044322498944)	('>10k+', 0.0)
ERR235938	(1.0, 3.264498577964635)	(2.0, 1.4591319401508593)	(3.0, 1.1499938172375417)	(4.0, 1.3354766909855325)	(5.0, 0.6182762458266353)	(6.0, 0.3709657474959812)	(7.0, 0.3462346976629158)	(8.0, 0.1978483986645233)	(9.0, 0.3338691727463831)	('>10', 4.4021268702856435)	('>50', 1.2118214418202053)	('>100', 16.693458637319154)	('>500', 22.406331148757264)	('>1k', 46.20996661308273)	('>5k', 0.0)	('>10k+', 0.0)
ERR235939	(1.0, 2.716907900056602)	(2.0, 1.2775935958599498)	(3.0, 0.6307107625131398)	(4.0, 0.8732918250181935)	(5.0, 0.4851621250101076)	(6.0, 0.19406485000404303)	(7.0, 0.5660224791784587)	(8.0, 0.452817983342767)	(9.0, 0.0)	('>10', 2.4581547667178785)	('>50', 0.5983666208457994)	('>100', 13.2368399773591)	('>500', 13.681571925285033)	('>1k', 62.82849518880893)	('>5k', 0.0)	('>10k+', 0.0)
ERR235940	(1.0, 3.197452229299363)	(2.0, 1.3503184713375795)	(3.0, 0.9554140127388535)	(4.0, 0.9171974522292993)	(5.0, 0.25477707006369427)	(6.0, 0.535031847133758)	(7.0, 0.267515923566879)	(8.0, 0.2038216560509554)	(9.0, 0.5732484076433121)	('>10', 4.127388535031847)	('>50', 4.86624203821656)	('>100', 8.063694267515924)	('>500', 0.0)	('>1k', 74.68789808917198)	('>5k', 0.0)	('>10k+', 0.0)
ERR235941	(1.0, 4.410665337652629)	(2.0, 2.342387241465238)	(3.0, 1.868925990530775)	(4.0, 0.946922501868926)	(5.0, 0.74757039621231)	(6.0, 0.897084475454772)	(7.0, 0.7849489160229255)	(8.0, 0.398704211313232)	(9.0, 0.448542237727386)	('>10', 4.909045601794169)	('>50', 3.1273361574881635)	('>100', 14.889110391228508)	('>500', 16.28457513082482)	('>1k', 47.94418141041615)	('>5k', 0.0)	('>10k+', 0.0)
ERR235942	(1.0, 2.5987290059010437)	(2.0, 1.339083068542896)	(3.0, 1.0553790285973672)	(4.0, 0.5901044030867)	(5.0, 0.5106672719019519)	(6.0, 0.6808896958692692)	(7.0, 0.3971856559237404)	(8.0, 0.09078529278256922)	(9.0, 0.20426690876078077)	('>10', 3.517930095324558)	('>50', 4.210167952791648)	('>100', 17.623694961416252)	('>500', 7.410349523377214)	('>1k', 0.0)	('>5k', 59.770767135724014)	('>10k+', 0.0)
ERR235943	(1.0, 3.307833207628488)	(2.0, 1.271414718241569)	(3.0, 1.0343712961965306)	(4.0, 0.8619760801637755)	(5.0, 0.9158495851740115)	(6.0, 0.3232410300614158)	(7.0, 0.37711453507165177)	(8.0, 0.25859282404913264)	(9.0, 0.2909169270552742)	('>10', 4.245232194806594)	('>50', 4.385303307833207)	('>100', 12.466329059368602)	('>500', 6.734188126279496)	('>1k', 63.52763710807026)	('>5k', 0.0)	('>10k+', 0.0)
ERR235944	(1.0, 3.7912759885854053)	(2.0, 1.5763011278706347)	(3.0, 0.8560945780676722)	(4.0, 0.5979073243647235)	(5.0, 0.6794401413235494)	(6.0, 0.8968609865470852)	(7.0, 0.5707297187117816)	(8.0, 0.4348416904470716)	(9.0, 0.24459845087647777)	('>10', 3.1254246500883274)	('>50', 0.9783938035059111)	('>100', 26.498165511618428)	('>500', 17.91004212528876)	('>1k', 41.83992390270417)	('>5k', 0.0)	('>10k+', 0.0)
ERR235945	(1.0, 3.2314862765406525)	(2.0, 1.5535991714137753)	(3.0, 1.0253754531330916)	(4.0, 0.6628689798032108)	(5.0, 0.7250129466597618)	(6.0, 0.37286380113930606)	(7.0, 0.5800103573278095)	(8.0, 0.5800103573278095)	(9.0, 0.18643190056965303)	('>10', 3.5629207664422577)	('>50', 0.0)	('>100', 18.3531848783014)	('>500', 7.498705334023822)	('>1k', 61.667529777317455)	('>5k', 0.0)	('>10k+', 0.0)
ERR235946	(1.0, 3.812348934300154)	(2.0, 1.7139090309822018)	(3.0, 0.8569545154911009)	(4.0, 0.7910349373764008)	(5.0, 0.988793671720501)	(6.0, 0.1977587343441002)	(7.0, 0.6152493957372006)	(8.0, 0.6152493957372006)	(9.0, 0.1977587343441002)	('>10', 4.713249835201054)	('>50', 4.328718962865304)	('>100', 17.97407163260822)	('>500', 0.0)	('>1k', 63.19490221929246)	('>5k', 0.0)	('>10k+', 0.0)
ERR235947	(1.0, 3.028445316331535)	(2.0, 1.1280039234919077)	(3.0, 0.9931338891613536)	(4.0, 1.1280039234919077)	(5.0, 0.4904364884747425)	(6.0, 0.2942618930848455)	(7.0, 0.42913192741539974)	(8.0, 0.4904364884747425)	(9.0, 0.4413928396272682)	('>10', 6.8415890142226585)	('>50', 4.205492888670917)	('>100', 20.561549779303583)	('>500', 6.424717999019126)	('>1k', 53.54340362923001)	('>5k', 0.0)	('>10k+', 0.0)
ERR235948	(1.0, 4.010577346848832)	(2.0, 2.1154693697664166)	(3.0, 1.4543851917144115)	(4.0, 1.4103129131776113)	(5.0, 0.7712648743940062)	(6.0, 0.7933010136624064)	(7.0, 0.617011899515205)	(8.0, 0.0)	(9.0, 0.1983252534156016)	('>10', 4.275011018069634)	('>50', 6.875275451740855)	('>100', 41.58219479947113)	('>500', 35.896870868223886)	('>1k', 0.0)	('>5k', 0.0)	('>10k+', 0.0)
ERR235949	(1.0, 3.389830508474576)	(2.0, 1.4215418261344996)	(3.0, 0.6560962274466922)	(4.0, 0.7107709130672498)	(5.0, 0.47840349917987973)	(6.0, 0.4100601421541826)	(7.0, 0.9568069983597595)	(8.0, 0.4373974849644614)	(9.0, 0.36905412793876435)	('>10', 4.48332422088573)	('>50', 2.8157463094587207)	('>100', 26.776927282668122)	('>500', 0.0)	('>1k', 57.09404045926736)	('>5k', 0.0)	('>10k+', 0.0)
ERR235950	(1.0, 1.6984258492129245)	(2.0, 0.8008837337752003)	(3.0, 0.6628003314001657)	(4.0, 0.38663352665009665)	(5.0, 0.4832919083126208)	(6.0, 0.16570008285004142)	(7.0, 0.19331676332504832)	(8.0, 0.8837337752002209)	(9.0, 0.24855012427506215)	('>10', 3.949185307925987)	('>50', 0.0)	('>100', 4.418668876001105)	('>500', 10.590996962165148)	('>1k', 0.0)	('>5k', 75.51781275890637)	('>10k+', 0.0)
ERR235951	(1.0, 4.104856736435684)	(2.0, 1.9101808575492787)	(3.0, 1.5240804714488925)	(4.0, 1.2192643771591138)	(5.0, 0.9144482828693354)	(6.0, 0.6096321885795569)	(7.0, 0.1422475106685633)	(8.0, 0.0)	(9.0, 0.3657793131477342)	('>10', 4.653525706157286)	('>50', 10.282462914041862)	('>100', 23.044096728307252)	('>500', 25.23877260719366)	('>1k', 25.99065230644178)	('>5k', 0.0)	('>10k+', 0.0)
ERR235952	(1.0, 4.0743086341566395)	(2.0, 1.6888325944690732)	(3.0, 1.1716276124129197)	(4.0, 0.9288579269579903)	(5.0, 0.7916402786573782)	(6.0, 0.18999366687777072)	(7.0, 0.1477728520160439)	(8.0, 0.33776651889381465)	(9.0, 0.18999366687777072)	('>10', 4.464851171627612)	('>50', 3.4093308000844416)	('>100', 29.691788051509395)	('>500', 12.697910069664346)	('>1k', 40.215326155794806)	('>5k', 0.0)	('>10k+', 0.0)
ERR235953	(1.0, 3.802281368821293)	(2.0, 1.8555133079847907)	(3.0, 1.1406844106463878)	(4.0, 0.973384030418251)	(5.0, 0.6844106463878328)	(6.0, 0.3650190114068441)	(7.0, 0.4258555133079848)	(8.0, 0.4866920152091255)	(9.0, 0.9581749049429658)	('>10', 6.0380228136882135)	('>50', 7.406844106463878)	('>100', 19.193916349809886)	('>500', 29.429657794676807)	('>1k', 27.239543726235745)	('>5k', 0.0)	('>10k+', 0.0)
ERR235954	(1.0, 4.723032069970846)	(2.0, 2.1379980563654035)	(3.0, 0.8746355685131195)	(4.0, 1.1661807580174928)	(5.0, 0.6802721088435374)	(6.0, 0.8163265306122449)	(7.0, 0.40816326530612246)	(8.0, 0.7774538386783284)	(9.0, 0.5247813411078718)	('>10', 7.83284742468416)	('>50', 1.7298347910592808)	('>100', 31.40913508260447)	('>500', 27.444120505344994)	('>1k', 19.47521865889213)	('>5k', 0.0)	('>10k+', 0.0)
ERR235955	(1.0, 3.3699976597238472)	(2.0, 1.333957406974023)	(3.0, 0.912707699508542)	(4.0, 0.6084717996723613)	(5.0, 0.40954832670255087)	(6.0, 0.5616662766206413)	(7.0, 0.32763866136204073)	(8.0, 0.28083313831032064)	(9.0, 0.3159372805991107)	('>10', 4.036976363210859)	('>50', 5.347531008659022)	('>100', 16.569155160308917)	('>500', 6.927217411654575)	('>1k', 58.99836180669319)	('>5k', 0.0)	('>10k+', 0.0)
ERR235956	(1.0, 3.663583252190847)	(2.0, 1.4849074975657255)	(3.0, 0.8033106134371958)	(4.0, 0.8276533592989289)	(5.0, 0.4868549172346641)	(6.0, 0.4381694255111977)	(7.0, 0.17039922103213243)	(8.0, 0.09737098344693282)	(9.0, 0.3286270691333983)	('>10', 5.404089581304771)	('>50', 7.302823758519961)	('>100', 22.870009737098346)	('>500', 7.680136319376826)	('>1k', 48.44206426484908)	('>5k', 0.0)	('>10k+', 0.0)
ERR235957	(1.0, 3.130086390384375)	(2.0, 1.3271566295229749)	(3.0, 1.3521973206460498)	(4.0, 0.8013021159384)	(5.0, 0.8138224614999374)	(6.0, 0.9014648804306999)	(7.0, 0.175284837861525)	(8.0, 0.6009765869538)	(9.0, 0.33804933016151245)	('>10', 5.6091148115688)	('>50', 0.0)	('>100', 19.343933892575436)	('>500', 0.0)	('>1k', 65.6066107424565)	('>5k', 0.0)	('>10k+', 0.0)
ERR235958	(1.0, 4.726715002788622)	(2.0, 1.9520356943669825)	(3.0, 1.1293920803123259)	(4.0, 0.8365867261572784)	(5.0, 0.6971556051310652)	(6.0, 0.5856107083100948)	(7.0, 0.19520356943669828)	(8.0, 0.11154489682097045)	(9.0, 0.37646402677077523)	('>10', 3.8064696040156165)	('>50', 4.238706079196876)	('>100', 24.316787506971558)	('>500', 7.612939208031233)	('>1k', 49.4143892916899)	('>5k', 0.0)	('>10k+', 0.0)
ERR235959	(1.0, 2.5802752293577984)	(2.0, 0.9461009174311927)	(3.0, 0.9030963302752293)	(4.0, 0.40137614678899086)	(5.0, 0.43004587155963303)	(6.0, 0.25802752293577985)	(7.0, 0.10034403669724772)	(8.0, 0.22935779816513763)	(9.0, 0.0)	('>10', 3.827408256880734)	('>50', 0.8027522935779817)	('>100', 6.149655963302752)	('>500', 0.0)	('>1k', 83.37155963302753)	('>5k', 0.0)	('>10k+', 0.0)
ERR235960	(1.0, 2.451781627983001)	(2.0, 1.1986487959028005)	(3.0, 0.9807126511932003)	(4.0, 0.3922850604772802)	(5.0, 0.8717445788384003)	(6.0, 0.3922850604772802)	(7.0, 0.2288329519450801)	(8.0, 0.08717445788384003)	(9.0, 0.49035632559660014)	('>10', 1.3403072899640405)	('>50', 5.056118557262722)	('>100', 14.176746213359486)	('>500', 14.460063201481965)	('>1k', 0.0)	('>5k', 57.8729432276343)	('>10k+', 0.0)
ERR235961	(1.0, 3.1174187287724404)	(2.0, 1.4070839398350317)	(3.0, 0.61863173216885)	(4.0, 0.5822416302765648)	(5.0, 0.6671518680252304)	(6.0, 0.2911208151382824)	(7.0, 0.2547307132459971)	(8.0, 0.7763221737020863)	(9.0, 0.21834061135371177)	('>10', 4.245511887433285)	('>50', 1.80737506065017)	('>100', 10.613779718583212)	('>500', 6.1014070839398356)	('>1k', 69.29888403687531)	('>5k', 0.0)	('>10k+', 0.0)
ERR235962	(1.0, 3.2845453497752675)	(2.0, 1.567361991471707)	(3.0, 1.2792439783335254)	(4.0, 0.6914832315316354)	(5.0, 0.6914832315316354)	(6.0, 0.3457416157658177)	(7.0, 0.3226921747147632)	(8.0, 0.4609888210210902)	(9.0, 0.5186124236487265)	('>10', 3.7916330528984674)	('>50', 3.1116745418923593)	('>100', 24.57070416042411)	('>500', 10.026506857208712)	('>1k', 49.33732856978219)	('>5k', 0.0)	('>10k+', 0.0)
ERR235963	(1.0, 3.560543086727625)	(2.0, 2.1058464948739264)	(3.0, 1.3300083125519535)	(4.0, 0.5541701302299806)	(5.0, 0.7619839290662234)	(6.0, 0.5818786367414797)	(7.0, 0.19395954558049322)	(8.0, 0.3325020781379884)	(9.0, 0.3740648379052369)	('>10', 5.6248268218343025)	('>50', 0.914380714879468)	('>100', 23.136602937101692)	('>500', 28.24882238847326)	('>1k', 32.28041008589637)	('>5k', 0.0)	('>10k+', 0.0)
ERR235964	(1.0, 4.234769687964339)	(2.0, 1.8821198613174839)	(3.0, 1.0029717682020802)	(4.0, 0.3467062902426944)	(5.0, 0.3714710252600297)	(6.0, 0.2971768202080238)	(7.0, 0.433382862803368)	(8.0, 0.49529470034670625)	(9.0, 0.22288261515601782)	('>10', 3.9871223377909852)	('>50', 1.7087667161961366)	('>100', 21.025260029717682)	('>500', 22.907379891035166)	('>1k', 41.08469539375928)	('>5k', 0.0)	('>10k+', 0.0)
ERR235965	(1.0, 2.9685761957730814)	(2.0, 1.3348164627363739)	(3.0, 0.5839822024471636)	(4.0, 0.6395995550611792)	(5.0, 0.5214126807563959)	(6.0, 0.6674082313681869)	(7.0, 0.7299777530589544)	(8.0, 0.5561735261401557)	(9.0, 0.43798665183537266)	('>10', 6.437708565072303)	('>50', 2.593159065628476)	('>100', 10.219688542825361)	('>500', 18.798665183537263)	('>1k', 53.51084538375973)	('>5k', 0.0)	('>10k+', 0.0)
ERR235966	(1.0, 2.9692940804051915)	(2.0, 1.1016144349477683)	(3.0, 0.9686609686609686)	(4.0, 0.6331117442228553)	(5.0, 0.4748338081671415)	(6.0, 0.3418803418803419)	(7.0, 0.4431782209559987)	(8.0, 0.40519151630262745)	(9.0, 0.3418803418803419)	('>10', 5.2421652421652425)	('>50', 1.8866729977841088)	('>100', 11.516302627413738)	('>500', 6.5906932573599235)	('>1k', 67.08452041785375)	('>5k', 0.0)	('>10k+', 0.0)
ERR235967	(1.0, 3.9015868394234965)	(2.0, 1.8343281409229872)	(3.0, 1.1792109477362063)	(4.0, 0.6987916727325666)	(5.0, 0.5823263939438055)	(6.0, 0.6114427136409958)	(7.0, 0.40762847576066386)	(8.0, 0.0)	(9.0, 0.6551171931867812)	('>10', 4.67316931139904)	('>50', 1.6305139030426554)	('>100', 21.88091425243849)	('>500', 0.0)	('>1k', 61.9449701557723)	('>5k', 0.0)	('>10k+', 0.0)
ERR235968	(1.0, 4.012066365007541)	(2.0, 1.085972850678733)	(3.0, 1.809954751131222)	(4.0, 0.9653092006033183)	(5.0, 0.603318250377074)	(6.0, 0.5429864253393665)	(7.0, 0.21116138763197587)	(8.0, 0.0)	(9.0, 0.27149321266968324)	('>10', 8.114630467571644)	('>50', 4.072398190045249)	('>100', 12.82051282051282)	('>500', 25.279034690799396)	('>1k', 40.211161387631975)	('>5k', 0.0)	('>10k+', 0.0)
ERR235969	(1.0, 2.588555858310627)	(2.0, 1.44024912417283)	(3.0, 1.226158038147139)	(4.0, 0.7785130400934216)	(5.0, 0.4865706500583885)	(6.0, 0.11677695601401324)	(7.0, 0.4087193460490463)	(8.0, 0.1557026080186843)	(9.0, 0.0)	('>10', 7.045543012845465)	('>50', 5.644219540677306)	('>100', 16.699104710003894)	('>500', 0.0)	('>1k', 63.40988711560919)	('>5k', 0.0)	('>10k+', 0.0)
ERR235970	(1.0, 5.947725869520477)	(2.0, 1.3994649104754064)	(3.0, 1.420045276805927)	(4.0, 0.9878575838649928)	(5.0, 0.6174109899156205)	(6.0, 0.1234821979831241)	(7.0, 0.5762502572545791)	(8.0, 0.16464293064416546)	(9.0, 0.3704465939493723)	('>10', 6.93558345338547)	('>50', 5.371475612265899)	('>100', 20.51862523152912)	('>500', 16.87590039102696)	('>1k', 38.69108870137888)	('>5k', 0.0)	('>10k+', 0.0)
ERR235971	(1.0, 3.2771878432808497)	(2.0, 1.5378982057854267)	(3.0, 1.2083485902599782)	(4.0, 1.171731966312706)	(5.0, 0.5492493592090809)	(6.0, 0.5492493592090809)	(7.0, 0.6407909190772612)	(8.0, 0.2929329915781765)	(9.0, 0.0)	('>10', 7.250091541559868)	('>50', 1.6477480776272428)	('>100', 2.5997803002563167)	('>500', 0.0)	('>1k', 79.27499084584402)	('>5k', 0.0)	('>10k+', 0.0)
ERR235972	(1.0, 4.027538726333907)	(2.0, 1.9277108433734942)	(3.0, 1.342512908777969)	(4.0, 0.6884681583476765)	(5.0, 0.8605851979345954)	(6.0, 0.8261617900172116)	(7.0, 0.0)	(8.0, 0.2753872633390706)	(9.0, 0.6196213425129088)	('>10', 9.879518072289157)	('>50', 8.81239242685026)	('>100', 15.697074010327022)	('>500', 0.0)	('>1k', 55.04302925989673)	('>5k', 0.0)	('>10k+', 0.0)
ERR235973	(1.0, 23.076923076923077)	(2.0, 30.76923076923077)	(3.0, 46.15384615384615)	(4.0, 0.0)	(5.0, 0.0)	(6.0, 0.0)	(7.0, 0.0)	(8.0, 0.0)	(9.0, 0.0)	('>10', 0.0)	('>50', 0.0)	('>100', 0.0)	('>500', 0.0)	('>1k', 0.0)	('>5k', 0.0)	('>10k+', 0.0)
ERR235974	(1.0, 4.37956204379562)	(2.0, 1.6423357664233578)	(3.0, 0.958029197080292)	(4.0, 1.4598540145985401)	(5.0, 0.6843065693430658)	(6.0, 0.8211678832116789)	(7.0, 0.0)	(8.0, 0.0)	(9.0, 0.41058394160583944)	('>10', 5.52007299270073)	('>50', 0.0)	('>100', 19.16058394160584)	('>500', 64.96350364963503)	('>1k', 0.0)	('>5k', 0.0)	('>10k+', 0.0)
ERR235975	(1.0, 3.412784398699892)	(2.0, 1.2459371614301191)	(3.0, 1.056338028169014)	(4.0, 0.8667388949079089)	(5.0, 0.6771397616468039)	(6.0, 0.4875406283856988)	(7.0, 0.5687973997833152)	(8.0, 0.8667388949079089)	(9.0, 0.7313109425785482)	('>10', 8.66738894907909)	('>50', 1.8147345612134345)	('>100', 43.17443120260022)	('>500', 36.430119176598055)	('>1k', 0.0)	('>5k', 0.0)	('>10k+', 0.0)
ERR235976	(1.0, 5.355041192624559)	(2.0, 1.7653981953707338)	(3.0, 1.2357787367595134)	(4.0, 1.0200078462142017)	(5.0, 0.8826990976853669)	(6.0, 0.3530796390741467)	(7.0, 0.5492349941153394)	(8.0, 0.0)	(9.0, 0.17653981953707334)	('>10', 8.473911337779521)	('>50', 2.9619458611220084)	('>100', 23.89172224401726)	('>500', 0.0)	('>1k', 53.33464103570027)	('>5k', 0.0)	('>10k+', 0.0)
ERR235977	(1.0, 4.3780687397708675)	(2.0, 1.8821603927986905)	(3.0, 1.4729950900163666)	(4.0, 0.4909983633387889)	(5.0, 1.0229132569558101)	(6.0, 0.0)	(7.0, 0.5728314238952537)	(8.0, 0.32733224222585927)	(9.0, 0.36824877250409166)	('>10', 5.400981996726677)	('>50', 7.733224222585925)	('>100', 29.828150572831426)	('>500', 0.0)	('>1k', 46.52209492635024)	('>5k', 0.0)	('>10k+', 0.0)
ERR235978	(1.0, 2.3464276298444506)	(2.0, 1.5291326127076192)	(3.0, 1.5027682573161087)	(4.0, 0.5272871078302136)	(5.0, 0.659108884787767)	(6.0, 1.5818613234906405)	(7.0, 0.0)	(8.0, 1.0545742156604272)	(9.0, 0.47455839704719216)	('>10', 2.6891642499340893)	('>50', 9.227524387028737)	('>100', 16.952280516741368)	('>500', 0.0)	('>1k', 61.45531241761139)	('>5k', 0.0)	('>10k+', 0.0)
ERR235979	(1.0, 2.7013120658605607)	(2.0, 1.2348855158219707)	(3.0, 0.8875739644970414)	(4.0, 0.463082068433239)	(5.0, 0.32158476974530487)	(6.0, 0.463082068433239)	(7.0, 0.36017494211474144)	(8.0, 0.20581425263699513)	(9.0, 0.11577051710830975)	('>10', 4.373552868536146)	('>50', 0.7203498842294829)	('>100', 8.14252636995112)	('>500', 7.44790326730126)	('>1k', 72.56238744533059)	('>5k', 0.0)	('>10k+', 0.0)
ERR235980	(1.0, 1.7951986403229234)	(2.0, 0.7329509241555131)	(3.0, 0.47801147227533464)	(4.0, 0.44614404079031234)	(5.0, 0.42489908646696406)	(6.0, 0.12746972594008923)	(7.0, 0.33460803059273425)	(8.0, 0.21244954323348203)	(9.0, 0.28680688336520077)	('>10', 2.289143828340769)	('>50', 0.3505417463352454)	('>100', 4.009985128531974)	('>500', 8.343955810495007)	('>1k', 37.23709369024857)	('>5k', 42.930741448905884)	('>10k+', 0.0)
ERR235981	(1.0, 3.4619188921859543)	(2.0, 0.8572370590174745)	(3.0, 0.5934718100890208)	(4.0, 0.5275304978569073)	(5.0, 1.3188262446422685)	(6.0, 0.5934718100890208)	(7.0, 0.46158918562479395)	(8.0, 0.26376524892845365)	(9.0, 0.2967359050445104)	('>10', 5.440158259149357)	('>50', 6.033630069238378)	('>100', 15.199472469502142)	('>500', 0.0)	('>1k', 64.95219254863171)	('>5k', 0.0)	('>10k+', 0.0)
ERR235982	(1.0, 4.06215921483097)	(2.0, 2.2355507088331517)	(3.0, 1.1450381679389312)	(4.0, 0.3271537622682661)	(5.0, 0.27262813522355506)	(6.0, 0.3271537622682661)	(7.0, 0.5725190839694656)	(8.0, 0.21810250817884408)	(9.0, 0.24536532170119957)	('>10', 8.260632497273718)	('>50', 5.588876772082879)	('>100', 10.632497273718649)	('>500', 0.0)	('>1k', 66.1123227917121)	('>5k', 0.0)	('>10k+', 0.0)
ERR235983	(1.0, 1.949054419143188)	(2.0, 1.0227711308375145)	(3.0, 0.8104978772674644)	(4.0, 0.5403319181783096)	(5.0, 0.4341952913932845)	(6.0, 0.34735623311462754)	(7.0, 0.1350829795445774)	(8.0, 0.3087610961018912)	(9.0, 0.0)	('>10', 4.264762639907372)	('>50', 3.000771902740255)	('>100', 8.973369355461212)	('>500', 0.0)	('>1k', 29.08143573909687)	('>5k', 49.131609417213426)	('>10k+', 0.0)
ERR235984	(1.0, 2.2375215146299485)	(2.0, 1.0671256454388984)	(3.0, 0.774526678141136)	(4.0, 0.8261617900172116)	(5.0, 0.6024096385542169)	(6.0, 0.2065404475043029)	(7.0, 0.24096385542168677)	(8.0, 0.5507745266781412)	(9.0, 0.1549053356282272)	('>10', 3.7005163511187606)	('>50', 2.203098106712565)	('>100', 4.285714285714286)	('>500', 0.0)	('>1k', 83.14974182444061)	('>5k', 0.0)	('>10k+', 0.0)
ERR235985	(1.0, 5.959475566150179)	(2.0, 1.3508144616607072)	(3.0, 0.834326579261025)	(4.0, 0.47675804529201427)	(5.0, 0.3972983710766786)	(6.0, 0.7151370679380215)	(7.0, 0.27810885975367505)	(8.0, 0.31783869686134286)	(9.0, 0.7151370679380215)	('>10', 7.310290027810885)	('>50', 8.899483512117602)	('>100', 0.0)	('>500', 24.950337703615418)	('>1k', 47.794994040524436)	('>5k', 0.0)	('>10k+', 0.0)
ERR235986	(1.0, 3.5339063992359123)	(2.0, 1.4804202483285578)	(3.0, 0.42979942693409745)	(4.0, 0.6685768863419294)	(5.0, 0.35816618911174786)	(6.0, 0.0)	(7.0, 0.3342884431709647)	(8.0, 0.0)	(9.0, 0.0)	('>10', 2.220630372492837)	('>50', 0.0)	('>100', 12.702960840496658)	('>500', 12.082139446036294)	('>1k', 66.189111747851)	('>5k', 0.0)	('>10k+', 0.0)
ERR235987	(1.0, 2.334077531966714)	(2.0, 1.7860767201136594)	(3.0, 1.156890602800893)	(4.0, 0.8930383600568297)	(5.0, 0.5074081591231987)	(6.0, 0.48711183275827075)	(7.0, 0.5682971382179826)	(8.0, 0.0)	(9.0, 0.3653338745687031)	('>10', 6.007712604018672)	('>50', 5.43941546580069)	('>100', 20.742845544956364)	('>500', 14.024761518165214)	('>1k', 45.68703064745281)	('>5k', 0.0)	('>10k+', 0.0)
ERR235988	(1.0, 6.342015855039637)	(2.0, 2.0385050962627407)	(3.0, 1.4439411098527746)	(4.0, 0.6795016987542469)	(5.0, 0.5662514156285391)	(6.0, 0.33975084937712347)	(7.0, 0.19818799546998866)	(8.0, 0.4530011325028313)	(9.0, 0.5096262740656852)	('>10', 5.889014722536806)	('>50', 6.455266138165346)	('>100', 24.80181200453001)	('>500', 0.0)	('>1k', 50.28312570781427)	('>5k', 0.0)	('>10k+', 0.0)
ERR235989	(1.0, 2.9205458487437825)	(2.0, 0.8162224206096161)	(3.0, 0.6504272414232878)	(4.0, 0.7141946180334141)	(5.0, 0.5739063894911364)	(6.0, 0.38260425966075756)	(7.0, 0.0)	(8.0, 0.20405560515240403)	(9.0, 0.22956255579645451)	('>10', 3.953577349827828)	('>50', 2.3466394592526463)	('>100', 2.1553373294222675)	('>500', 14.424180589210561)	('>1k', 70.62874633337584)	('>5k', 0.0)	('>10k+', 0.0)
ERR235990	(1.0, 2.2923712889891017)	(2.0, 0.920706501315295)	(3.0, 0.8737316798196167)	(4.0, 0.37579857196542654)	(5.0, 0.37579857196542654)	(6.0, 0.3945885005636978)	(7.0, 0.3945885005636978)	(8.0, 0.1503194287861706)	(9.0, 0.3382187147688839)	('>10', 3.6076662908680945)	('>50', 1.6065388951521982)	('>100', 2.1890266816986097)	('>500', 29.885381435550546)	('>1k', 56.59526493799324)	('>5k', 0.0)	('>10k+', 0.0)
ERR235991	(1.0, 7.811877241929055)	(2.0, 1.9928258270227182)	(3.0, 1.0761259465922677)	(4.0, 1.434834595456357)	(5.0, 1.1956954962136308)	(6.0, 1.1956954962136308)	(7.0, 0.0)	(8.0, 0.0)	(9.0, 0.0)	('>10', 6.018333997608609)	('>50', 13.391789557592668)	('>100', 65.88282184137107)	('>500', 0.0)	('>1k', 0.0)	('>5k', 0.0)	('>10k+', 0.0)
ERR235992	(1.0, 2.189141856392294)	(2.0, 1.0507880910683012)	(3.0, 0.43782837127845886)	(4.0, 0.23350846468184472)	(5.0, 0.43782837127845886)	(6.0, 0.0)	(7.0, 0.4086398131932283)	(8.0, 0.0)	(9.0, 0.2626970227670753)	('>10', 2.5102159953298306)	('>50', 0.0)	('>100', 8.43549328663164)	('>500', 0.0)	('>1k', 84.03385872737886)	('>5k', 0.0)	('>10k+', 0.0)
ERR235993	(1.0, 1.5780078543377367)	(2.0, 0.7568725455194573)	(3.0, 0.4284184219921457)	(4.0, 0.39985719385933594)	(5.0, 0.32131381649410923)	(6.0, 0.34273473759371653)	(7.0, 0.349875044626919)	(8.0, 0.2284898250624777)	(9.0, 0.19278828989646554)	('>10', 2.6276329882184934)	('>50', 1.2067118886112103)	('>100', 4.626918957515174)	('>500', 0.0)	('>1k', 23.912888254194932)	('>5k', 63.02749018207783)	('>10k+', 0.0)
ERR235994	(1.0, 4.81950130256792)	(2.0, 1.6747301823595087)	(3.0, 0.8373650911797543)	(4.0, 0.8931894305917379)	(5.0, 0.3721622627465575)	(6.0, 0.33494603647190174)	(7.0, 0.2605135839225903)	(8.0, 0.0)	(9.0, 0.33494603647190174)	('>10', 4.912541868254559)	('>50', 5.3405284704131)	('>100', 19.036099739486417)	('>500', 11.127651656122069)	('>1k', 50.055824339411984)	('>5k', 0.0)	('>10k+', 0.0)
ERR235995	(1.0, 3.3802055164954026)	(2.0, 1.4602487831260142)	(3.0, 0.6489994591671173)	(4.0, 0.4326663061114116)	(5.0, 0.40562466197944835)	(6.0, 0.48674959437533805)	(7.0, 0.18929150892374255)	(8.0, 0.4326663061114116)	(9.0, 0.24337479718766902)	('>10', 4.245538128718226)	('>50', 0.0)	('>100', 15.305570578691185)	('>500', 17.009194159004867)	('>1k', 55.75987020010816)	('>5k', 0.0)	('>10k+', 0.0)
ERR235996	(1.0, 2.490096208262592)	(2.0, 1.4336917562724014)	(3.0, 0.9620826259196379)	(4.0, 0.22637238256932654)	(5.0, 0.3772873042822109)	(6.0, 0.5659309564233164)	(7.0, 0.1320505564987738)	(8.0, 0.4527447651386531)	(9.0, 0.0)	('>10', 3.0937558951141293)	('>50', 1.5091492171288436)	('>100', 14.16713827579702)	('>500', 0.0)	('>1k', 74.5897000565931)	('>5k', 0.0)	('>10k+', 0.0)
ERR235997	(1.0, 4.065212788481897)	(2.0, 1.3127249629472793)	(3.0, 1.1433410967605335)	(4.0, 0.7622273978403556)	(5.0, 0.5293245818335803)	(6.0, 0.5081515985602372)	(7.0, 0.0)	(8.0, 0.0)	(9.0, 0.1905568494600889)	('>10', 5.187380901969087)	('>50', 6.055473216176159)	('>100', 8.786788058437434)	('>500', 19.542663561295786)	('>1k', 51.91615498623756)	('>5k', 0.0)	('>10k+', 0.0)
ERR235998	(1.0, 2.679362267493357)	(2.0, 1.3728963684676705)	(3.0, 0.7307351638618246)	(4.0, 0.44286979627989376)	(5.0, 0.44286979627989376)	(6.0, 0.39858281665190437)	(7.0, 0.46501328609388837)	(8.0, 0.1771479185119575)	(9.0, 0.5978742249778566)	('>10', 7.285208148804252)	('>50', 4.5394154118689105)	('>100', 10.761736049601417)	('>500', 13.618246235606732)	('>1k', 56.488042515500446)	('>5k', 0.0)	('>10k+', 0.0)
ERR235999	(1.0, 2.1810063541130003)	(2.0, 1.0303967027305512)	(3.0, 0.9273570324574961)	(4.0, 0.6869311351537009)	(5.0, 0.429331959471063)	(6.0, 0.6182380216383307)	(7.0, 0.36063884595569295)	(8.0, 0.5495449081229606)	(9.0, 0.6182380216383307)	('>10', 3.039670273055126)	('>50', 3.3144427271166066)	('>100', 28.009617035892155)	('>500', 0.0)	('>1k', 58.23458698265499)	('>5k', 0.0)	('>10k+', 0.0)
ERR236000	(1.0, 4.9532070303583655)	(2.0, 1.3695503309746633)	(3.0, 0.7532526820360649)	(4.0, 0.45651677699155446)	(5.0, 0.7989043597352202)	(6.0, 0.27391006619493263)	(7.0, 0.3195617438940881)	(8.0, 0.36521342159324355)	(9.0, 0.20543254964619947)	('>10', 6.802099977174161)	('>50', 5.0673362246062545)	('>100', 17.187856653732027)	('>500', 18.511755307007533)	('>1k', 42.9354028760557)	('>5k', 0.0)	('>10k+', 0.0)
ERR236001	(1.0, 5.05389892202156)	(2.0, 2.3239535209295816)	(3.0, 1.889962200755985)	(4.0, 0.9519809603807925)	(5.0, 1.119977600447991)	(6.0, 0.5879882402351954)	(7.0, 0.5879882402351954)	(8.0, 0.11199776004479911)	(9.0, 0.629987400251995)	('>10', 5.655886882262355)	('>50', 3.303933921321574)	('>100', 6.6498670026599465)	('>500', 24.6535069298614)	('>1k', 46.479070418591625)	('>5k', 0.0)	('>10k+', 0.0)
ERR236002	(1.0, 2.9178560101490647)	(2.0, 1.4272121788772598)	(3.0, 0.9514747859181731)	(4.0, 0.44402156676181415)	(5.0, 0.39644782746590546)	(6.0, 0.09514747859181732)	(7.0, 0.44402156676181415)	(8.0, 0.2537266095781795)	(9.0, 0.285442435775452)	('>10', 4.995242626070409)	('>50', 7.167776720583571)	('>100', 22.819536948937518)	('>500', 29.146844275293372)	('>1k', 28.655248969235647)	('>5k', 0.0)	('>10k+', 0.0)
ERR236003	(1.0, 3.788748564867968)	(2.0, 1.4925373134328357)	(3.0, 1.1624569460390355)	(4.0, 0.4592422502870264)	(5.0, 0.2152698048220436)	(6.0, 0.6888633754305395)	(7.0, 0.4018369690011481)	(8.0, 0.3444316877152698)	(9.0, 0.0)	('>10', 5.424799081515499)	('>50', 2.4971297359357063)	('>100', 17.93915040183697)	('>500', 0.0)	('>1k', 65.58553386911596)	('>5k', 0.0)	('>10k+', 0.0)
ERR236004	(1.0, 4.078947368421053)	(2.0, 1.5037593984962405)	(3.0, 0.8458646616541353)	(4.0, 1.0526315789473684)	(5.0, 1.1278195488721803)	(6.0, 0.5639097744360901)	(7.0, 0.2631578947368421)	(8.0, 0.0)	(9.0, 0.3383458646616541)	('>10', 7.7067669172932325)	('>50', 2.744360902255639)	('>100', 24.62406015037594)	('>500', 15.733082706766918)	('>1k', 39.41729323308271)	('>5k', 0.0)	('>10k+', 0.0)
ERR236005	(1.0, 2.173033344124312)	(2.0, 1.0035610229847847)	(3.0, 0.4127549368727744)	(4.0, 0.4208481709291033)	(5.0, 0.4248947879572677)	(6.0, 0.4613143412107478)	(7.0, 0.1982842343800583)	(8.0, 0.32372936225315635)	(9.0, 0.18209776626740046)	('>10', 3.6621884104888314)	('>50', 2.3672709614762057)	('>100', 11.532858530268696)	('>500', 13.151505341534477)	('>1k', 37.86824214956297)	('>5k', 25.817416639689224)	('>10k+', 0.0)
ERR236006	(1.0, 5.311355311355311)	(2.0, 1.7704517704517704)	(3.0, 1.098901098901099)	(4.0, 0.3663003663003663)	(5.0, 1.221001221001221)	(6.0, 0.7326007326007326)	(7.0, 0.0)	(8.0, 0.0)	(9.0, 0.27472527472527475)	('>10', 7.0818070818070815)	('>50', 6.532356532356533)	('>100', 18.37606837606838)	('>500', 0.0)	('>1k', 57.234432234432234)	('>5k', 0.0)	('>10k+', 0.0)
ERR236007	(1.0, 2.0066541900603037)	(2.0, 1.122894572676232)	(3.0, 0.6862133499688085)	(4.0, 0.37429819089207733)	(5.0, 0.5198585984612185)	(6.0, 0.2495321272613849)	(7.0, 0.21834061135371177)	(8.0, 0.3327095030151799)	(9.0, 0.0)	('>10', 4.9178623414431275)	('>50', 1.3308380120607195)	('>100', 12.123102516115617)	('>500', 7.267623206487836)	('>1k', 12.559783738823041)	('>5k', 56.290289041380746)	('>10k+', 0.0)
ERR236008	(1.0, 2.256972432693858)	(2.0, 0.935031436401741)	(3.0, 1.015637594712236)	(4.0, 0.902788973077543)	(5.0, 0.40303079155247457)	(6.0, 0.7738191197807512)	(7.0, 0.11284862163469288)	(8.0, 0.25793970659358373)	(9.0, 0.29018216991778173)	('>10', 4.6751571820087054)	('>50', 3.530549733999678)	('>100', 5.980976946638723)	('>500', 0.0)	('>1k', 78.86506529098824)	('>5k', 0.0)	('>10k+', 0.0)
ERR236009	(1.0, 1.9426676143094055)	(2.0, 0.7581141909500119)	(3.0, 0.7107320540156361)	(4.0, 0.5685856432125089)	(5.0, 0.43433625523177766)	(6.0, 0.47382136934375735)	(7.0, 0.44223327805417356)	(8.0, 0.1263523651583353)	(9.0, 0.21321961620469082)	('>10', 3.293058516939114)	('>50', 4.280186369738609)	('>100', 9.302692884782438)	('>500', 0.0)	('>1k', 20.832346205480533)	('>5k', 56.621653636579005)	('>10k+', 0.0)
ERR236010	(1.0, 1.9946599654468353)	(2.0, 1.240772734411811)	(3.0, 0.871682110884247)	(4.0, 0.5025914873566829)	(5.0, 0.3141196795979268)	(6.0, 0.28270771163813413)	(7.0, 0.38479660750746036)	(8.0, 0.3141196795979268)	(9.0, 0.21203078372860057)	('>10', 5.716978168682267)	('>50', 2.5208104287733626)	('>100', 5.724831160672216)	('>500', 18.57232605622742)	('>1k', 61.34757342547511)	('>5k', 0.0)	('>10k+', 0.0)
ERR236011	(1.0, 3.0621615630640613)	(2.0, 1.196998005003325)	(3.0, 0.864498559169068)	(4.0, 0.8233319611133981)	(5.0, 0.6174989708350487)	(6.0, 0.5509990816681972)	(7.0, 0.3768327052788245)	(8.0, 0.4306659488900852)	(9.0, 0.37049938250102915)	('>10', 4.550492415845973)	('>50', 3.017828303619494)	('>100', 7.704487159188068)	('>500', 7.859653567244054)	('>1k', 49.244751258747904)	('>5k', 19.32930111783147)	('>10k+', 0.0)
ERR236012	(1.0, 4.348993288590604)	(2.0, 1.4496644295302012)	(3.0, 1.2080536912751678)	(4.0, 1.0738255033557047)	(5.0, 0.2684563758389262)	(6.0, 0.8053691275167786)	(7.0, 0.5637583892617449)	(8.0, 0.0)	(9.0, 0.24161073825503354)	('>10', 5.154362416107382)	('>50', 7.38255033557047)	('>100', 18.65771812080537)	('>500', 19.812080536912752)	('>1k', 39.033557046979865)	('>5k', 0.0)	('>10k+', 0.0)
ERR236013	(1.0, 2.3710913232553326)	(2.0, 1.1182439428453097)	(3.0, 0.9318699523710913)	(4.0, 0.5384137502588527)	(5.0, 0.5177055290950507)	(6.0, 0.18637399047421827)	(7.0, 0.14495754814661418)	(8.0, 0.08283288465520812)	(9.0, 0.09318699523710913)	('>10', 5.083868295713398)	('>50', 1.6359494719403604)	('>100', 18.482087388693312)	('>500', 0.0)	('>1k', 68.81341892731415)	('>5k', 0.0)	('>10k+', 0.0)
ERR236014	(1.0, 3.3291812931717812)	(2.0, 1.1776695730947797)	(3.0, 0.6794247537085267)	(4.0, 0.498244819386253)	(5.0, 0.6228060242328163)	(6.0, 0.33971237685426336)	(7.0, 0.3963311063299739)	(8.0, 0.27176990148341074)	(9.0, 0.0)	('>10', 6.21673649643302)	('>50', 3.9293398256143135)	('>100', 15.015287056958442)	('>500', 17.72166232589741)	('>1k', 49.80183444683502)	('>5k', 0.0)	('>10k+', 0.0)
ERR236015	(1.0, 4.128567470213356)	(2.0, 1.3300083125519535)	(3.0, 1.1637572734829593)	(4.0, 0.5541701302299806)	(5.0, 0.5541701302299806)	(6.0, 0.6650041562759768)	(7.0, 0.7758381823219729)	(8.0, 0.6650041562759768)	(9.0, 0.4987531172069825)	('>10', 6.816292601828762)	('>50', 7.70296481019673)	('>100', 13.632585203657523)	('>500', 0.0)	('>1k', 61.51288445552785)	('>5k', 0.0)	('>10k+', 0.0)
ERR236016	(1.0, 3.3455158841720554)	(2.0, 1.29322462749508)	(3.0, 1.2651110486364914)	(4.0, 1.124543154343548)	(5.0, 0.843407365757661)	(6.0, 0.0)	(7.0, 0.1967950520101209)	(8.0, 0.22490863086870957)	(9.0, 0.7590666291818948)	('>10', 7.8155749226876585)	('>50', 9.558616811920158)	('>100', 19.763845937587853)	('>500', 17.402305313466403)	('>1k', 36.407084621872364)	('>5k', 0.0)	('>10k+', 0.0)
ERR236017	(1.0, 1.6471549142390418)	(2.0, 0.8167710318540702)	(3.0, 0.7759324802613667)	(4.0, 0.4900626191124422)	(5.0, 0.4083855159270351)	(6.0, 0.2450313095562211)	(7.0, 0.09528995371630819)	(8.0, 0.3267084127416281)	(9.0, 0.2450313095562211)	('>10', 3.2126327252926767)	('>50', 2.8450857609583444)	('>100', 6.670296760141574)	('>500', 0.0)	('>1k', 0.0)	('>5k', 82.22161720664307)	('>10k+', 0.0)
ERR236018	(1.0, 4.612028669367405)	(2.0, 1.7450919289498286)	(3.0, 1.2153318790900591)	(4.0, 0.12464942349641632)	(5.0, 0.46743533811156124)	(6.0, 0.5609224057338735)	(7.0, 0.21813649111872857)	(8.0, 0.24929884699283264)	(9.0, 0.0)	('>10', 3.8641321283889063)	('>50', 4.331567466500467)	('>100', 6.170146463072608)	('>500', 26.7373013399813)	('>1k', 49.70395761919601)	('>5k', 0.0)	('>10k+', 0.0)
ERR236019	(1.0, 3.147033533963887)	(2.0, 1.6165090283748924)	(3.0, 1.0318142734307825)	(4.0, 0.6190885640584695)	(5.0, 0.5159071367153912)	(6.0, 0.41272570937231295)	(7.0, 0.2407566638005159)	(8.0, 0.5503009458297506)	(9.0, 0.46431642304385207)	('>10', 6.070507308684437)	('>50', 4.866723989681857)	('>100', 30.45571797076526)	('>500', 12.94926913155632)	('>1k', 37.05932932072227)	('>5k', 0.0)	('>10k+', 0.0)
ERR236020	(1.0, 3.0791485844182684)	(2.0, 1.735895846249225)	(3.0, 0.9299442033477991)	(4.0, 0.5786319487497417)	(5.0, 0.8266170696424882)	(6.0, 0.3719776813391197)	(7.0, 0.14465798718743542)	(8.0, 0.16532341392849764)	(9.0, 0.0)	('>10', 7.067575945443274)	('>50', 7.274230212853896)	('>100', 26.8443893366398)	('>500', 0.0)	('>1k', 50.981607770200455)	('>5k', 0.0)	('>10k+', 0.0)
ERR236021	(1.0, 4.293193717277487)	(2.0, 1.6230366492146597)	(3.0, 1.0994764397905759)	(4.0, 0.20942408376963353)	(5.0, 0.6544502617801047)	(6.0, 0.9424083769633508)	(7.0, 0.18324607329842932)	(8.0, 0.0)	(9.0, 0.0)	('>10', 5.523560209424084)	('>50', 8.664921465968586)	('>100', 9.659685863874346)	('>500', 24.68586387434555)	('>1k', 42.460732984293195)	('>5k', 0.0)	('>10k+', 0.0)
ERR236022	(1.0, 2.603550295857988)	(2.0, 1.6568047337278107)	(3.0, 0.35502958579881655)	(4.0, 0.3155818540433925)	(5.0, 0.591715976331361)	(6.0, 0.0)	(7.0, 0.0)	(8.0, 0.0)	(9.0, 0.35502958579881655)	('>10', 2.445759368836292)	('>50', 0.0)	('>100', 0.0)	('>500', 28.757396449704142)	('>1k', 62.91913214990138)	('>5k', 0.0)	('>10k+', 0.0)
ERR236023	(1.0, 2.8659476117103235)	(2.0, 1.2326656394453006)	(3.0, 0.8320493066255779)	(4.0, 0.43143297380585516)	(5.0, 0.9244992295839755)	(6.0, 0.8320493066255779)	(7.0, 0.21571648690292758)	(8.0, 0.4930662557781202)	(9.0, 0.1386748844375963)	('>10', 4.468412942989214)	('>50', 2.342064714946071)	('>100', 12.449922958397535)	('>500', 7.919876733436055)	('>1k', 64.85362095531588)	('>5k', 0.0)	('>10k+', 0.0)
ERR236024	(1.0, 5.319784817692767)	(2.0, 1.7931858936043037)	(3.0, 1.3448894202032278)	(4.0, 0.47818290496114757)	(5.0, 0.4482964734010759)	(6.0, 0.7172743574417215)	(7.0, 0.0)	(8.0, 0.23909145248057379)	(9.0, 0.26897788404064554)	('>10', 7.26240286909743)	('>50', 5.558876270173341)	('>100', 13.568439928272563)	('>500', 63.000597728631206)	('>1k', 0.0)	('>5k', 0.0)	('>10k+', 0.0)
ERR236025	(1.0, 3.1201516979831063)	(2.0, 1.5514566454059644)	(3.0, 0.7757283227029822)	(4.0, 0.4826754007929667)	(5.0, 0.6033442509912084)	(6.0, 0.3102913290811929)	(7.0, 0.3620065505947251)	(8.0, 0.13790725736941908)	(9.0, 0.15514566454059645)	('>10', 9.705223237372866)	('>50', 2.2065161179107053)	('>100', 28.167557317703846)	('>500', 16.652301327357353)	('>1k', 35.76969488019307)	('>5k', 0.0)	('>10k+', 0.0)
ERR236026	(1.0, 4.427353980461443)	(2.0, 2.0369985450010395)	(3.0, 1.247141966327167)	(4.0, 0.4988567865308668)	(5.0, 0.5196424859696529)	(6.0, 0.7482851797963002)	(7.0, 0.4364996882145084)	(8.0, 0.1662855955102889)	(9.0, 0.3741425898981501)	('>10', 7.399709000207857)	('>50', 4.406568281022656)	('>100', 41.19725628767408)	('>500', 15.235917688630222)	('>1k', 21.30534192475577)	('>5k', 0.0)	('>10k+', 0.0)
ERR236027	(1.0, 4.277478147665985)	(2.0, 1.3762320996838386)	(3.0, 1.1158638646085177)	(4.0, 0.9670820159940487)	(5.0, 0.09298865538404315)	(6.0, 0.4463455458434071)	(7.0, 0.3905523526129812)	(8.0, 0.14878184861446903)	(9.0, 0.6695183187651107)	('>10', 5.69090570950344)	('>50', 1.4320252929142645)	('>100', 16.99832620420309)	('>500', 17.872419564813093)	('>1k', 48.521480379393715)	('>5k', 0.0)	('>10k+', 0.0)
