Sample	0	1	2	3	4	5	6	7	8	9	10	11	12	13	14	15	16	17	18	19	20	21	22	23	24	25	26	27
ERR235935	(15.0, 1.0)	(16.0, 0.0)	(17.0, 6.0)	(18.0, 0.0)	(19.0, 3.0)	(20.0, 7.0)	(21.0, 12.0)	(22.0, 24.0)	(23.0, 32.0)	(24.0, 59.0)	(25.0, 68.0)	(26.0, 92.0)	(27.0, 102.0)	(28.0, 108.0)	(29.0, 113.0)	(30.0, 140.0)	(31.0, 165.0)	(32.0, 202.0)	(33.0, 312.0)	(34.0, 386.0)	(35.0, 506.0)	(36.0, 750.0)	(37.0, 1237.0)	(38.0, 2203.0)	(39.0, 1765.0)			
ERR235936	(17.0, 1.0)	(18.0, 2.0)	(19.0, 3.0)	(20.0, 3.0)	(21.0, 12.0)	(22.0, 26.0)	(23.0, 30.0)	(24.0, 46.0)	(25.0, 72.0)	(26.0, 107.0)	(27.0, 109.0)	(28.0, 105.0)	(29.0, 98.0)	(30.0, 103.0)	(31.0, 148.0)	(32.0, 200.0)	(33.0, 250.0)	(34.0, 362.0)	(35.0, 544.0)	(36.0, 798.0)	(37.0, 1411.0)	(38.0, 3147.0)	(39.0, 2628.0)					
ERR235937	(17.0, 1.0)	(18.0, 2.0)	(19.0, 7.0)	(20.0, 8.0)	(21.0, 18.0)	(22.0, 19.0)	(23.0, 39.0)	(24.0, 60.0)	(25.0, 84.0)	(26.0, 113.0)	(27.0, 107.0)	(28.0, 107.0)	(29.0, 108.0)	(30.0, 155.0)	(31.0, 193.0)	(32.0, 246.0)	(33.0, 308.0)	(34.0, 399.0)	(35.0, 567.0)	(36.0, 790.0)	(37.0, 1364.0)	(38.0, 2724.0)	(39.0, 2057.0)					
ERR235938	(14.0, 1.0)	(15.0, 2.0)	(16.0, 0.0)	(17.0, 1.0)	(18.0, 1.0)	(19.0, 3.0)	(20.0, 7.0)	(21.0, 10.0)	(22.0, 13.0)	(23.0, 26.0)	(24.0, 40.0)	(25.0, 63.0)	(26.0, 72.0)	(27.0, 89.0)	(28.0, 101.0)	(29.0, 99.0)	(30.0, 109.0)	(31.0, 151.0)	(32.0, 212.0)	(33.0, 323.0)	(34.0, 407.0)	(35.0, 540.0)	(36.0, 754.0)	(37.0, 1334.0)	(38.0, 2161.0)	(39.0, 1568.0)		
ERR235939	(17.0, 3.0)	(18.0, 5.0)	(19.0, 4.0)	(20.0, 2.0)	(21.0, 4.0)	(22.0, 17.0)	(23.0, 47.0)	(24.0, 61.0)	(25.0, 95.0)	(26.0, 113.0)	(27.0, 153.0)	(28.0, 165.0)	(29.0, 134.0)	(30.0, 166.0)	(31.0, 284.0)	(32.0, 367.0)	(33.0, 536.0)	(34.0, 686.0)	(35.0, 907.0)	(36.0, 1389.0)	(37.0, 2201.0)	(38.0, 3452.0)	(39.0, 1576.0)					
ERR235940	(17.0, 3.0)	(18.0, 2.0)	(19.0, 6.0)	(20.0, 15.0)	(21.0, 14.0)	(22.0, 27.0)	(23.0, 19.0)	(24.0, 45.0)	(25.0, 96.0)	(26.0, 116.0)	(27.0, 134.0)	(28.0, 123.0)	(29.0, 124.0)	(30.0, 170.0)	(31.0, 236.0)	(32.0, 251.0)	(33.0, 348.0)	(34.0, 467.0)	(35.0, 622.0)	(36.0, 801.0)	(37.0, 1263.0)	(38.0, 2045.0)	(39.0, 923.0)					
ERR235941	(17.0, 1.0)	(18.0, 1.0)	(19.0, 2.0)	(20.0, 4.0)	(21.0, 15.0)	(22.0, 17.0)	(23.0, 23.0)	(24.0, 39.0)	(25.0, 60.0)	(26.0, 105.0)	(27.0, 96.0)	(28.0, 99.0)	(29.0, 100.0)	(30.0, 104.0)	(31.0, 143.0)	(32.0, 214.0)	(33.0, 305.0)	(34.0, 390.0)	(35.0, 591.0)	(36.0, 791.0)	(37.0, 1339.0)	(38.0, 2244.0)	(39.0, 1343.0)					
ERR235942	(15.0, 1.0)	(16.0, 0.0)	(17.0, 0.0)	(18.0, 1.0)	(19.0, 4.0)	(20.0, 8.0)	(21.0, 10.0)	(22.0, 23.0)	(23.0, 41.0)	(24.0, 53.0)	(25.0, 68.0)	(26.0, 86.0)	(27.0, 110.0)	(28.0, 94.0)	(29.0, 95.0)	(30.0, 112.0)	(31.0, 150.0)	(32.0, 200.0)	(33.0, 260.0)	(34.0, 350.0)	(35.0, 458.0)	(36.0, 710.0)	(37.0, 1308.0)	(38.0, 2493.0)	(39.0, 2177.0)			
ERR235943	(13.0, 1.0)	(14.0, 1.0)	(15.0, 0.0)	(16.0, 1.0)	(17.0, 2.0)	(18.0, 5.0)	(19.0, 5.0)	(20.0, 20.0)	(21.0, 45.0)	(22.0, 67.0)	(23.0, 59.0)	(24.0, 94.0)	(25.0, 116.0)	(26.0, 134.0)	(27.0, 152.0)	(28.0, 154.0)	(29.0, 114.0)	(30.0, 150.0)	(31.0, 225.0)	(32.0, 274.0)	(33.0, 334.0)	(34.0, 454.0)	(35.0, 584.0)	(36.0, 816.0)	(37.0, 1221.0)	(38.0, 2322.0)	(39.0, 1931.0)	
ERR235944	(12.0, 1.0)	(13.0, 0.0)	(14.0, 0.0)	(15.0, 0.0)	(16.0, 4.0)	(17.0, 1.0)	(18.0, 3.0)	(19.0, 4.0)	(20.0, 7.0)	(21.0, 9.0)	(22.0, 20.0)	(23.0, 26.0)	(24.0, 38.0)	(25.0, 63.0)	(26.0, 100.0)	(27.0, 94.0)	(28.0, 93.0)	(29.0, 86.0)	(30.0, 116.0)	(31.0, 146.0)	(32.0, 223.0)	(33.0, 315.0)	(34.0, 375.0)	(35.0, 536.0)	(36.0, 699.0)	(37.0, 1226.0)	(38.0, 1933.0)	(39.0, 1241.0)
ERR235945	(14.0, 1.0)	(15.0, 0.0)	(16.0, 0.0)	(17.0, 1.0)	(18.0, 2.0)	(19.0, 2.0)	(20.0, 5.0)	(21.0, 16.0)	(22.0, 27.0)	(23.0, 39.0)	(24.0, 54.0)	(25.0, 79.0)	(26.0, 106.0)	(27.0, 136.0)	(28.0, 111.0)	(29.0, 108.0)	(30.0, 147.0)	(31.0, 188.0)	(32.0, 282.0)	(33.0, 343.0)	(34.0, 481.0)	(35.0, 679.0)	(36.0, 959.0)	(37.0, 1647.0)	(38.0, 2710.0)	(39.0, 1532.0)		
ERR235946	(18.0, 4.0)	(19.0, 9.0)	(20.0, 15.0)	(21.0, 23.0)	(22.0, 31.0)	(23.0, 62.0)	(24.0, 78.0)	(25.0, 120.0)	(26.0, 149.0)	(27.0, 154.0)	(28.0, 181.0)	(29.0, 165.0)	(30.0, 230.0)	(31.0, 255.0)	(32.0, 353.0)	(33.0, 429.0)	(34.0, 508.0)	(35.0, 710.0)	(36.0, 933.0)	(37.0, 1393.0)	(38.0, 2206.0)	(39.0, 1094.0)						
ERR235947	(15.0, 1.0)	(16.0, 3.0)	(17.0, 0.0)	(18.0, 4.0)	(19.0, 5.0)	(20.0, 8.0)	(21.0, 15.0)	(22.0, 19.0)	(23.0, 29.0)	(24.0, 47.0)	(25.0, 66.0)	(26.0, 80.0)	(27.0, 93.0)	(28.0, 130.0)	(29.0, 84.0)	(30.0, 141.0)	(31.0, 184.0)	(32.0, 230.0)	(33.0, 361.0)	(34.0, 415.0)	(35.0, 551.0)	(36.0, 827.0)	(37.0, 1226.0)	(38.0, 1905.0)	(39.0, 1732.0)			
ERR235948	(16.0, 1.0)	(17.0, 2.0)	(18.0, 2.0)	(19.0, 4.0)	(20.0, 5.0)	(21.0, 11.0)	(22.0, 11.0)	(23.0, 20.0)	(24.0, 33.0)	(25.0, 28.0)	(26.0, 59.0)	(27.0, 56.0)	(28.0, 67.0)	(29.0, 62.0)	(30.0, 74.0)	(31.0, 90.0)	(32.0, 141.0)	(33.0, 207.0)	(34.0, 264.0)	(35.0, 376.0)	(36.0, 519.0)	(37.0, 828.0)	(38.0, 1152.0)	(39.0, 526.0)				
ERR235949	(13.0, 1.0)	(14.0, 0.0)	(15.0, 0.0)	(16.0, 3.0)	(17.0, 2.0)	(18.0, 4.0)	(19.0, 2.0)	(20.0, 6.0)	(21.0, 9.0)	(22.0, 20.0)	(23.0, 36.0)	(24.0, 48.0)	(25.0, 92.0)	(26.0, 91.0)	(27.0, 107.0)	(28.0, 113.0)	(29.0, 132.0)	(30.0, 150.0)	(31.0, 166.0)	(32.0, 244.0)	(33.0, 325.0)	(34.0, 417.0)	(35.0, 583.0)	(36.0, 756.0)	(37.0, 1256.0)	(38.0, 1852.0)	(39.0, 901.0)	
ERR235950	(13.0, 1.0)	(14.0, 0.0)	(15.0, 0.0)	(16.0, 0.0)	(17.0, 2.0)	(18.0, 3.0)	(19.0, 9.0)	(20.0, 20.0)	(21.0, 29.0)	(22.0, 46.0)	(23.0, 44.0)	(24.0, 71.0)	(25.0, 84.0)	(26.0, 85.0)	(27.0, 108.0)	(28.0, 108.0)	(29.0, 100.0)	(30.0, 108.0)	(31.0, 125.0)	(32.0, 134.0)	(33.0, 212.0)	(34.0, 282.0)	(35.0, 400.0)	(36.0, 547.0)	(37.0, 817.0)	(38.0, 1667.0)	(39.0, 2240.0)	
ERR235951	(19.0, 1.0)	(20.0, 4.0)	(21.0, 13.0)	(22.0, 25.0)	(23.0, 24.0)	(24.0, 44.0)	(25.0, 49.0)	(26.0, 56.0)	(27.0, 76.0)	(28.0, 76.0)	(29.0, 74.0)	(30.0, 88.0)	(31.0, 104.0)	(32.0, 159.0)	(33.0, 197.0)	(34.0, 267.0)	(35.0, 315.0)	(36.0, 526.0)	(37.0, 915.0)	(38.0, 1381.0)	(39.0, 527.0)							
ERR235952	(15.0, 2.0)	(16.0, 1.0)	(17.0, 2.0)	(18.0, 3.0)	(19.0, 16.0)	(20.0, 20.0)	(21.0, 31.0)	(22.0, 47.0)	(23.0, 64.0)	(24.0, 98.0)	(25.0, 136.0)	(26.0, 141.0)	(27.0, 215.0)	(28.0, 202.0)	(29.0, 227.0)	(30.0, 240.0)	(31.0, 328.0)	(32.0, 384.0)	(33.0, 493.0)	(34.0, 626.0)	(35.0, 837.0)	(36.0, 1052.0)	(37.0, 1522.0)	(38.0, 2054.0)	(39.0, 733.0)			
ERR235953	(13.0, 1.0)	(14.0, 0.0)	(15.0, 0.0)	(16.0, 0.0)	(17.0, 0.0)	(18.0, 2.0)	(19.0, 1.0)	(20.0, 8.0)	(21.0, 11.0)	(22.0, 34.0)	(23.0, 41.0)	(24.0, 74.0)	(25.0, 89.0)	(26.0, 113.0)	(27.0, 98.0)	(28.0, 97.0)	(29.0, 95.0)	(30.0, 120.0)	(31.0, 179.0)	(32.0, 237.0)	(33.0, 263.0)	(34.0, 368.0)	(35.0, 523.0)	(36.0, 692.0)	(37.0, 1137.0)	(38.0, 1616.0)	(39.0, 776.0)	
ERR235954	(16.0, 1.0)	(17.0, 0.0)	(18.0, 1.0)	(19.0, 4.0)	(20.0, 3.0)	(21.0, 9.0)	(22.0, 18.0)	(23.0, 32.0)	(24.0, 40.0)	(25.0, 57.0)	(26.0, 63.0)	(27.0, 75.0)	(28.0, 84.0)	(29.0, 64.0)	(30.0, 98.0)	(31.0, 95.0)	(32.0, 164.0)	(33.0, 209.0)	(34.0, 289.0)	(35.0, 367.0)	(36.0, 546.0)	(37.0, 924.0)	(38.0, 1440.0)	(39.0, 562.0)				
ERR235955	(16.0, 2.0)	(17.0, 3.0)	(18.0, 0.0)	(19.0, 8.0)	(20.0, 19.0)	(21.0, 31.0)	(22.0, 62.0)	(23.0, 85.0)	(24.0, 111.0)	(25.0, 102.0)	(26.0, 116.0)	(27.0, 158.0)	(28.0, 151.0)	(29.0, 179.0)	(30.0, 194.0)	(31.0, 237.0)	(32.0, 311.0)	(33.0, 408.0)	(34.0, 481.0)	(35.0, 664.0)	(36.0, 827.0)	(37.0, 1281.0)	(38.0, 2025.0)	(39.0, 1091.0)				
ERR235956	(15.0, 1.0)	(16.0, 1.0)	(17.0, 0.0)	(18.0, 2.0)	(19.0, 4.0)	(20.0, 8.0)	(21.0, 19.0)	(22.0, 15.0)	(23.0, 36.0)	(24.0, 61.0)	(25.0, 74.0)	(26.0, 111.0)	(27.0, 135.0)	(28.0, 128.0)	(29.0, 121.0)	(30.0, 153.0)	(31.0, 210.0)	(32.0, 268.0)	(33.0, 328.0)	(34.0, 444.0)	(35.0, 623.0)	(36.0, 879.0)	(37.0, 1340.0)	(38.0, 2139.0)	(39.0, 1116.0)			
ERR235957	(15.0, 1.0)	(16.0, 0.0)	(17.0, 4.0)	(18.0, 2.0)	(19.0, 3.0)	(20.0, 7.0)	(21.0, 14.0)	(22.0, 21.0)	(23.0, 41.0)	(24.0, 65.0)	(25.0, 83.0)	(26.0, 75.0)	(27.0, 101.0)	(28.0, 135.0)	(29.0, 97.0)	(30.0, 137.0)	(31.0, 159.0)	(32.0, 264.0)	(33.0, 316.0)	(34.0, 469.0)	(35.0, 646.0)	(36.0, 922.0)	(37.0, 1447.0)	(38.0, 2067.0)	(39.0, 911.0)			
ERR235958	(13.0, 1.0)	(14.0, 0.0)	(15.0, 0.0)	(16.0, 0.0)	(17.0, 3.0)	(18.0, 0.0)	(19.0, 6.0)	(20.0, 11.0)	(21.0, 21.0)	(22.0, 35.0)	(23.0, 38.0)	(24.0, 71.0)	(25.0, 105.0)	(26.0, 120.0)	(27.0, 141.0)	(28.0, 184.0)	(29.0, 162.0)	(30.0, 180.0)	(31.0, 255.0)	(32.0, 271.0)	(33.0, 378.0)	(34.0, 464.0)	(35.0, 631.0)	(36.0, 835.0)	(37.0, 1159.0)	(38.0, 1490.0)	(39.0, 611.0)	
ERR235959	(17.0, 1.0)	(18.0, 3.0)	(19.0, 6.0)	(20.0, 12.0)	(21.0, 18.0)	(22.0, 30.0)	(23.0, 36.0)	(24.0, 48.0)	(25.0, 72.0)	(26.0, 116.0)	(27.0, 133.0)	(28.0, 126.0)	(29.0, 121.0)	(30.0, 125.0)	(31.0, 159.0)	(32.0, 214.0)	(33.0, 264.0)	(34.0, 337.0)	(35.0, 421.0)	(36.0, 585.0)	(37.0, 964.0)	(38.0, 1824.0)	(39.0, 1361.0)					
ERR235960	(12.0, 1.0)	(13.0, 0.0)	(14.0, 0.0)	(15.0, 0.0)	(16.0, 0.0)	(17.0, 1.0)	(18.0, 2.0)	(19.0, 0.0)	(20.0, 6.0)	(21.0, 13.0)	(22.0, 25.0)	(23.0, 44.0)	(24.0, 52.0)	(25.0, 71.0)	(26.0, 81.0)	(27.0, 103.0)	(28.0, 98.0)	(29.0, 83.0)	(30.0, 103.0)	(31.0, 156.0)	(32.0, 215.0)	(33.0, 254.0)	(34.0, 384.0)	(35.0, 434.0)	(36.0, 741.0)	(37.0, 1365.0)	(38.0, 2851.0)	(39.0, 2094.0)
ERR235961	(15.0, 2.0)	(16.0, 0.0)	(17.0, 0.0)	(18.0, 3.0)	(19.0, 4.0)	(20.0, 14.0)	(21.0, 22.0)	(22.0, 44.0)	(23.0, 54.0)	(24.0, 75.0)	(25.0, 105.0)	(26.0, 136.0)	(27.0, 170.0)	(28.0, 176.0)	(29.0, 176.0)	(30.0, 211.0)	(31.0, 246.0)	(32.0, 335.0)	(33.0, 357.0)	(34.0, 518.0)	(35.0, 620.0)	(36.0, 892.0)	(37.0, 1325.0)	(38.0, 2094.0)	(39.0, 665.0)			
ERR235962	(13.0, 1.0)	(14.0, 0.0)	(15.0, 0.0)	(16.0, 2.0)	(17.0, 0.0)	(18.0, 0.0)	(19.0, 5.0)	(20.0, 7.0)	(21.0, 9.0)	(22.0, 19.0)	(23.0, 27.0)	(24.0, 56.0)	(25.0, 74.0)	(26.0, 105.0)	(27.0, 102.0)	(28.0, 117.0)	(29.0, 97.0)	(30.0, 120.0)	(31.0, 181.0)	(32.0, 265.0)	(33.0, 317.0)	(34.0, 433.0)	(35.0, 521.0)	(36.0, 817.0)	(37.0, 1361.0)	(38.0, 2515.0)	(39.0, 1526.0)	
ERR235963	(16.0, 1.0)	(17.0, 0.0)	(18.0, 3.0)	(19.0, 4.0)	(20.0, 3.0)	(21.0, 6.0)	(22.0, 15.0)	(23.0, 28.0)	(24.0, 43.0)	(25.0, 49.0)	(26.0, 97.0)	(27.0, 90.0)	(28.0, 97.0)	(29.0, 94.0)	(30.0, 80.0)	(31.0, 154.0)	(32.0, 203.0)	(33.0, 271.0)	(34.0, 354.0)	(35.0, 451.0)	(36.0, 620.0)	(37.0, 1180.0)	(38.0, 2035.0)	(39.0, 1340.0)				
ERR235964	(13.0, 1.0)	(14.0, 0.0)	(15.0, 0.0)	(16.0, 0.0)	(17.0, 0.0)	(18.0, 4.0)	(19.0, 4.0)	(20.0, 23.0)	(21.0, 29.0)	(22.0, 42.0)	(23.0, 62.0)	(24.0, 74.0)	(25.0, 115.0)	(26.0, 161.0)	(27.0, 144.0)	(28.0, 158.0)	(29.0, 159.0)	(30.0, 186.0)	(31.0, 257.0)	(32.0, 283.0)	(33.0, 353.0)	(34.0, 466.0)	(35.0, 625.0)	(36.0, 788.0)	(37.0, 1288.0)	(38.0, 1963.0)	(39.0, 891.0)	
ERR235965	(14.0, 1.0)	(15.0, 1.0)	(16.0, 2.0)	(17.0, 1.0)	(18.0, 2.0)	(19.0, 12.0)	(20.0, 16.0)	(21.0, 30.0)	(22.0, 64.0)	(23.0, 77.0)	(24.0, 110.0)	(25.0, 168.0)	(26.0, 194.0)	(27.0, 188.0)	(28.0, 189.0)	(29.0, 198.0)	(30.0, 270.0)	(31.0, 336.0)	(32.0, 468.0)	(33.0, 602.0)	(34.0, 775.0)	(35.0, 1060.0)	(36.0, 1681.0)	(37.0, 2539.0)	(38.0, 3627.0)	(39.0, 1773.0)		
ERR235966	(17.0, 3.0)	(18.0, 0.0)	(19.0, 14.0)	(20.0, 20.0)	(21.0, 43.0)	(22.0, 73.0)	(23.0, 136.0)	(24.0, 184.0)	(25.0, 186.0)	(26.0, 220.0)	(27.0, 228.0)	(28.0, 262.0)	(29.0, 229.0)	(30.0, 262.0)	(31.0, 381.0)	(32.0, 403.0)	(33.0, 528.0)	(34.0, 752.0)	(35.0, 1017.0)	(36.0, 1503.0)	(37.0, 2539.0)	(38.0, 4240.0)	(39.0, 2572.0)					
ERR235967	(13.0, 1.0)	(14.0, 1.0)	(15.0, 0.0)	(16.0, 0.0)	(17.0, 3.0)	(18.0, 4.0)	(19.0, 10.0)	(20.0, 19.0)	(21.0, 25.0)	(22.0, 57.0)	(23.0, 78.0)	(24.0, 133.0)	(25.0, 119.0)	(26.0, 121.0)	(27.0, 118.0)	(28.0, 117.0)	(29.0, 116.0)	(30.0, 131.0)	(31.0, 177.0)	(32.0, 258.0)	(33.0, 335.0)	(34.0, 411.0)	(35.0, 533.0)	(36.0, 727.0)	(37.0, 1185.0)	(38.0, 1561.0)	(39.0, 629.0)	
ERR235968	(16.0, 1.0)	(17.0, 2.0)	(18.0, 1.0)	(19.0, 0.0)	(20.0, 6.0)	(21.0, 7.0)	(22.0, 13.0)	(23.0, 17.0)	(24.0, 26.0)	(25.0, 31.0)	(26.0, 44.0)	(27.0, 37.0)	(28.0, 27.0)	(29.0, 45.0)	(30.0, 48.0)	(31.0, 83.0)	(32.0, 107.0)	(33.0, 121.0)	(34.0, 173.0)	(35.0, 249.0)	(36.0, 364.0)	(37.0, 593.0)	(38.0, 875.0)	(39.0, 445.0)				
ERR235969	(17.0, 2.0)	(18.0, 1.0)	(19.0, 2.0)	(20.0, 2.0)	(21.0, 9.0)	(22.0, 32.0)	(23.0, 46.0)	(24.0, 51.0)	(25.0, 60.0)	(26.0, 63.0)	(27.0, 69.0)	(28.0, 57.0)	(29.0, 50.0)	(30.0, 85.0)	(31.0, 104.0)	(32.0, 153.0)	(33.0, 177.0)	(34.0, 306.0)	(35.0, 411.0)	(36.0, 693.0)	(37.0, 975.0)	(38.0, 1380.0)	(39.0, 410.0)					
ERR235970	(12.0, 1.0)	(13.0, 0.0)	(14.0, 3.0)	(15.0, 0.0)	(16.0, 2.0)	(17.0, 4.0)	(18.0, 2.0)	(19.0, 3.0)	(20.0, 6.0)	(21.0, 18.0)	(22.0, 40.0)	(23.0, 48.0)	(24.0, 66.0)	(25.0, 66.0)	(26.0, 88.0)	(27.0, 98.0)	(28.0, 94.0)	(29.0, 92.0)	(30.0, 123.0)	(31.0, 167.0)	(32.0, 216.0)	(33.0, 250.0)	(34.0, 321.0)	(35.0, 406.0)	(36.0, 586.0)	(37.0, 860.0)	(38.0, 968.0)	(39.0, 331.0)
ERR235971	(15.0, 1.0)	(16.0, 0.0)	(17.0, 0.0)	(18.0, 3.0)	(19.0, 13.0)	(20.0, 27.0)	(21.0, 28.0)	(22.0, 32.0)	(23.0, 46.0)	(24.0, 54.0)	(25.0, 76.0)	(26.0, 49.0)	(27.0, 61.0)	(28.0, 65.0)	(29.0, 74.0)	(30.0, 94.0)	(31.0, 98.0)	(32.0, 151.0)	(33.0, 174.0)	(34.0, 212.0)	(35.0, 333.0)	(36.0, 418.0)	(37.0, 776.0)	(38.0, 1436.0)	(39.0, 1241.0)			
ERR235972	(18.0, 2.0)	(19.0, 1.0)	(20.0, 9.0)	(21.0, 10.0)	(22.0, 22.0)	(23.0, 56.0)	(24.0, 73.0)	(25.0, 69.0)	(26.0, 64.0)	(27.0, 57.0)	(28.0, 46.0)	(29.0, 37.0)	(30.0, 47.0)	(31.0, 54.0)	(32.0, 79.0)	(33.0, 81.0)	(34.0, 125.0)	(35.0, 161.0)	(36.0, 278.0)	(37.0, 447.0)	(38.0, 765.0)	(39.0, 422.0)						
ERR235973	(23.0, 1.0)	(24.0, 0.0)	(25.0, 0.0)	(26.0, 0.0)	(27.0, 0.0)	(28.0, 0.0)	(29.0, 0.0)	(30.0, 0.0)	(31.0, 0.0)	(32.0, 0.0)	(33.0, 3.0)	(34.0, 0.0)	(35.0, 2.0)	(36.0, 2.0)	(37.0, 2.0)	(38.0, 3.0)												
ERR235974	(18.0, 1.0)	(19.0, 3.0)	(20.0, 5.0)	(21.0, 12.0)	(22.0, 6.0)	(23.0, 12.0)	(24.0, 25.0)	(25.0, 22.0)	(26.0, 25.0)	(27.0, 26.0)	(28.0, 28.0)	(29.0, 32.0)	(30.0, 46.0)	(31.0, 51.0)	(32.0, 71.0)	(33.0, 83.0)	(34.0, 115.0)	(35.0, 157.0)	(36.0, 237.0)	(37.0, 400.0)	(38.0, 550.0)	(39.0, 285.0)						
ERR235975	(13.0, 1.0)	(14.0, 0.0)	(15.0, 0.0)	(16.0, 0.0)	(17.0, 0.0)	(18.0, 0.0)	(19.0, 1.0)	(20.0, 2.0)	(21.0, 8.0)	(22.0, 12.0)	(23.0, 19.0)	(24.0, 28.0)	(25.0, 31.0)	(26.0, 51.0)	(27.0, 35.0)	(28.0, 46.0)	(29.0, 44.0)	(30.0, 71.0)	(31.0, 92.0)	(32.0, 127.0)	(33.0, 190.0)	(34.0, 229.0)	(35.0, 347.0)	(36.0, 462.0)	(37.0, 675.0)	(38.0, 882.0)	(39.0, 339.0)	
ERR235976	(13.0, 1.0)	(14.0, 1.0)	(15.0, 0.0)	(16.0, 0.0)	(17.0, 1.0)	(18.0, 3.0)	(19.0, 8.0)	(20.0, 11.0)	(21.0, 35.0)	(22.0, 43.0)	(23.0, 40.0)	(24.0, 66.0)	(25.0, 65.0)	(26.0, 85.0)	(27.0, 94.0)	(28.0, 105.0)	(29.0, 97.0)	(30.0, 135.0)	(31.0, 188.0)	(32.0, 228.0)	(33.0, 290.0)	(34.0, 370.0)	(35.0, 458.0)	(36.0, 678.0)	(37.0, 900.0)	(38.0, 1035.0)	(39.0, 161.0)	
ERR235977	(19.0, 2.0)	(20.0, 0.0)	(21.0, 6.0)	(22.0, 15.0)	(23.0, 20.0)	(24.0, 17.0)	(25.0, 25.0)	(26.0, 37.0)	(27.0, 32.0)	(28.0, 29.0)	(29.0, 43.0)	(30.0, 36.0)	(31.0, 54.0)	(32.0, 73.0)	(33.0, 92.0)	(34.0, 118.0)	(35.0, 159.0)	(36.0, 284.0)	(37.0, 469.0)	(38.0, 653.0)	(39.0, 280.0)							
ERR235978	(13.0, 1.0)	(14.0, 0.0)	(15.0, 1.0)	(16.0, 1.0)	(17.0, 0.0)	(18.0, 1.0)	(19.0, 2.0)	(20.0, 3.0)	(21.0, 6.0)	(22.0, 21.0)	(23.0, 42.0)	(24.0, 48.0)	(25.0, 50.0)	(26.0, 47.0)	(27.0, 48.0)	(28.0, 34.0)	(29.0, 34.0)	(30.0, 43.0)	(31.0, 60.0)	(32.0, 88.0)	(33.0, 139.0)	(34.0, 138.0)	(35.0, 213.0)	(36.0, 305.0)	(37.0, 540.0)	(38.0, 1007.0)	(39.0, 921.0)	
ERR235979	(14.0, 2.0)	(15.0, 1.0)	(16.0, 2.0)	(17.0, 2.0)	(18.0, 3.0)	(19.0, 2.0)	(20.0, 6.0)	(21.0, 18.0)	(22.0, 51.0)	(23.0, 120.0)	(24.0, 141.0)	(25.0, 130.0)	(26.0, 172.0)	(27.0, 130.0)	(28.0, 122.0)	(29.0, 129.0)	(30.0, 139.0)	(31.0, 223.0)	(32.0, 247.0)	(33.0, 344.0)	(34.0, 425.0)	(35.0, 576.0)	(36.0, 842.0)	(37.0, 1392.0)	(38.0, 1974.0)	(39.0, 581.0)		
ERR235980	(13.0, 1.0)	(14.0, 0.0)	(15.0, 0.0)	(16.0, 1.0)	(17.0, 2.0)	(18.0, 4.0)	(19.0, 6.0)	(20.0, 22.0)	(21.0, 51.0)	(22.0, 69.0)	(23.0, 99.0)	(24.0, 88.0)	(25.0, 140.0)	(26.0, 181.0)	(27.0, 176.0)	(28.0, 176.0)	(29.0, 178.0)	(30.0, 243.0)	(31.0, 312.0)	(32.0, 408.0)	(33.0, 546.0)	(34.0, 725.0)	(35.0, 968.0)	(36.0, 1504.0)	(37.0, 2662.0)	(38.0, 5668.0)	(39.0, 4598.0)	
ERR235981	(14.0, 1.0)	(15.0, 0.0)	(16.0, 0.0)	(17.0, 0.0)	(18.0, 0.0)	(19.0, 1.0)	(20.0, 2.0)	(21.0, 12.0)	(22.0, 26.0)	(23.0, 72.0)	(24.0, 89.0)	(25.0, 73.0)	(26.0, 49.0)	(27.0, 58.0)	(28.0, 55.0)	(29.0, 41.0)	(30.0, 49.0)	(31.0, 53.0)	(32.0, 71.0)	(33.0, 81.0)	(34.0, 115.0)	(35.0, 183.0)	(36.0, 279.0)	(37.0, 419.0)	(38.0, 750.0)	(39.0, 554.0)		
ERR235982	(17.0, 2.0)	(18.0, 0.0)	(19.0, 2.0)	(20.0, 5.0)	(21.0, 17.0)	(22.0, 42.0)	(23.0, 47.0)	(24.0, 79.0)	(25.0, 63.0)	(26.0, 79.0)	(27.0, 70.0)	(28.0, 64.0)	(29.0, 58.0)	(30.0, 69.0)	(31.0, 110.0)	(32.0, 126.0)	(33.0, 177.0)	(34.0, 199.0)	(35.0, 254.0)	(36.0, 394.0)	(37.0, 554.0)	(38.0, 895.0)	(39.0, 362.0)					
ERR235983	(14.0, 1.0)	(15.0, 1.0)	(16.0, 0.0)	(17.0, 1.0)	(18.0, 3.0)	(19.0, 3.0)	(20.0, 7.0)	(21.0, 15.0)	(22.0, 27.0)	(23.0, 48.0)	(24.0, 56.0)	(25.0, 63.0)	(26.0, 96.0)	(27.0, 89.0)	(28.0, 70.0)	(29.0, 76.0)	(30.0, 125.0)	(31.0, 176.0)	(32.0, 232.0)	(33.0, 301.0)	(34.0, 401.0)	(35.0, 614.0)	(36.0, 1021.0)	(37.0, 1793.0)	(38.0, 3122.0)	(39.0, 2023.0)		
ERR235984	(16.0, 1.0)	(17.0, 0.0)	(18.0, 3.0)	(19.0, 5.0)	(20.0, 7.0)	(21.0, 28.0)	(22.0, 70.0)	(23.0, 178.0)	(24.0, 193.0)	(25.0, 146.0)	(26.0, 138.0)	(27.0, 142.0)	(28.0, 102.0)	(29.0, 60.0)	(30.0, 79.0)	(31.0, 112.0)	(32.0, 111.0)	(33.0, 148.0)	(34.0, 160.0)	(35.0, 277.0)	(36.0, 432.0)	(37.0, 782.0)	(38.0, 1631.0)	(39.0, 1005.0)				
ERR235985	(20.0, 8.0)	(21.0, 13.0)	(22.0, 19.0)	(23.0, 28.0)	(24.0, 44.0)	(25.0, 35.0)	(26.0, 45.0)	(27.0, 48.0)	(28.0, 34.0)	(29.0, 39.0)	(30.0, 55.0)	(31.0, 60.0)	(32.0, 109.0)	(33.0, 105.0)	(34.0, 141.0)	(35.0, 212.0)	(36.0, 256.0)	(37.0, 439.0)	(38.0, 631.0)	(39.0, 196.0)								
ERR235986	(16.0, 2.0)	(17.0, 0.0)	(18.0, 0.0)	(19.0, 3.0)	(20.0, 7.0)	(21.0, 18.0)	(22.0, 34.0)	(23.0, 34.0)	(24.0, 50.0)	(25.0, 60.0)	(26.0, 54.0)	(27.0, 73.0)	(28.0, 76.0)	(29.0, 61.0)	(30.0, 86.0)	(31.0, 115.0)	(32.0, 136.0)	(33.0, 184.0)	(34.0, 229.0)	(35.0, 287.0)	(36.0, 431.0)	(37.0, 715.0)	(38.0, 1113.0)	(39.0, 420.0)				
ERR235987	(13.0, 1.0)	(14.0, 0.0)	(15.0, 0.0)	(16.0, 0.0)	(17.0, 0.0)	(18.0, 0.0)	(19.0, 1.0)	(20.0, 3.0)	(21.0, 13.0)	(22.0, 16.0)	(23.0, 36.0)	(24.0, 32.0)	(25.0, 52.0)	(26.0, 54.0)	(27.0, 59.0)	(28.0, 45.0)	(29.0, 61.0)	(30.0, 91.0)	(31.0, 124.0)	(32.0, 152.0)	(33.0, 196.0)	(34.0, 254.0)	(35.0, 383.0)	(36.0, 614.0)	(37.0, 1121.0)	(38.0, 1304.0)	(39.0, 315.0)	
ERR235988	(16.0, 1.0)	(17.0, 1.0)	(18.0, 1.0)	(19.0, 5.0)	(20.0, 9.0)	(21.0, 15.0)	(22.0, 32.0)	(23.0, 28.0)	(24.0, 48.0)	(25.0, 44.0)	(26.0, 54.0)	(27.0, 75.0)	(28.0, 75.0)	(29.0, 71.0)	(30.0, 98.0)	(31.0, 124.0)	(32.0, 162.0)	(33.0, 210.0)	(34.0, 272.0)	(35.0, 340.0)	(36.0, 452.0)	(37.0, 623.0)	(38.0, 661.0)	(39.0, 131.0)				
ERR235989	(19.0, 8.0)	(20.0, 17.0)	(21.0, 25.0)	(22.0, 39.0)	(23.0, 50.0)	(24.0, 66.0)	(25.0, 86.0)	(26.0, 125.0)	(27.0, 93.0)	(28.0, 97.0)	(29.0, 108.0)	(30.0, 166.0)	(31.0, 168.0)	(32.0, 262.0)	(33.0, 344.0)	(34.0, 461.0)	(35.0, 588.0)	(36.0, 838.0)	(37.0, 1370.0)	(38.0, 2003.0)	(39.0, 927.0)							
ERR235990	(17.0, 2.0)	(18.0, 3.0)	(19.0, 3.0)	(20.0, 7.0)	(21.0, 23.0)	(22.0, 58.0)	(23.0, 133.0)	(24.0, 178.0)	(25.0, 162.0)	(26.0, 188.0)	(27.0, 174.0)	(28.0, 124.0)	(29.0, 118.0)	(30.0, 161.0)	(31.0, 241.0)	(32.0, 343.0)	(33.0, 458.0)	(34.0, 627.0)	(35.0, 880.0)	(36.0, 1304.0)	(37.0, 1813.0)	(38.0, 2510.0)	(39.0, 1134.0)					
ERR235991	(18.0, 2.0)	(19.0, 3.0)	(20.0, 0.0)	(21.0, 12.0)	(22.0, 30.0)	(23.0, 32.0)	(24.0, 44.0)	(25.0, 47.0)	(26.0, 51.0)	(27.0, 45.0)	(28.0, 55.0)	(29.0, 50.0)	(30.0, 64.0)	(31.0, 64.0)	(32.0, 98.0)	(33.0, 125.0)	(34.0, 158.0)	(35.0, 191.0)	(36.0, 308.0)	(37.0, 467.0)	(38.0, 505.0)	(39.0, 158.0)						
ERR235992	(18.0, 5.0)	(19.0, 8.0)	(20.0, 6.0)	(21.0, 16.0)	(22.0, 16.0)	(23.0, 16.0)	(24.0, 25.0)	(25.0, 27.0)	(26.0, 42.0)	(27.0, 24.0)	(28.0, 30.0)	(29.0, 31.0)	(30.0, 43.0)	(31.0, 58.0)	(32.0, 66.0)	(33.0, 103.0)	(34.0, 140.0)	(35.0, 172.0)	(36.0, 234.0)	(37.0, 377.0)	(38.0, 877.0)	(39.0, 1110.0)						
ERR235993	(17.0, 2.0)	(18.0, 0.0)	(19.0, 9.0)	(20.0, 13.0)	(21.0, 42.0)	(22.0, 125.0)	(23.0, 283.0)	(24.0, 397.0)	(25.0, 255.0)	(26.0, 323.0)	(27.0, 266.0)	(28.0, 217.0)	(29.0, 150.0)	(30.0, 181.0)	(31.0, 233.0)	(32.0, 340.0)	(33.0, 402.0)	(34.0, 576.0)	(35.0, 852.0)	(36.0, 1244.0)	(37.0, 1833.0)	(38.0, 3665.0)	(39.0, 2597.0)					
ERR235994	(17.0, 2.0)	(18.0, 3.0)	(19.0, 1.0)	(20.0, 13.0)	(21.0, 12.0)	(22.0, 30.0)	(23.0, 57.0)	(24.0, 64.0)	(25.0, 85.0)	(26.0, 84.0)	(27.0, 88.0)	(28.0, 84.0)	(29.0, 104.0)	(30.0, 130.0)	(31.0, 161.0)	(32.0, 207.0)	(33.0, 254.0)	(34.0, 360.0)	(35.0, 442.0)	(36.0, 674.0)	(37.0, 944.0)	(38.0, 1224.0)	(39.0, 351.0)					
ERR235995	(17.0, 1.0)	(18.0, 6.0)	(19.0, 11.0)	(20.0, 31.0)	(21.0, 35.0)	(22.0, 28.0)	(23.0, 46.0)	(24.0, 37.0)	(25.0, 66.0)	(26.0, 109.0)	(27.0, 129.0)	(28.0, 124.0)	(29.0, 121.0)	(30.0, 94.0)	(31.0, 115.0)	(32.0, 115.0)	(33.0, 171.0)	(34.0, 229.0)	(35.0, 282.0)	(36.0, 362.0)	(37.0, 485.0)	(38.0, 704.0)	(39.0, 397.0)					
ERR235996	(13.0, 1.0)	(14.0, 1.0)	(15.0, 0.0)	(16.0, 0.0)	(17.0, 0.0)	(18.0, 0.0)	(19.0, 1.0)	(20.0, 9.0)	(21.0, 7.0)	(22.0, 19.0)	(23.0, 37.0)	(24.0, 59.0)	(25.0, 88.0)	(26.0, 114.0)	(27.0, 123.0)	(28.0, 146.0)	(29.0, 134.0)	(30.0, 117.0)	(31.0, 117.0)	(32.0, 197.0)	(33.0, 241.0)	(34.0, 331.0)	(35.0, 441.0)	(36.0, 638.0)	(37.0, 1000.0)	(38.0, 1246.0)	(39.0, 234.0)	
ERR235997	(15.0, 1.0)	(16.0, 0.0)	(17.0, 0.0)	(18.0, 5.0)	(19.0, 7.0)	(20.0, 7.0)	(21.0, 15.0)	(22.0, 38.0)	(23.0, 63.0)	(24.0, 65.0)	(25.0, 99.0)	(26.0, 137.0)	(27.0, 159.0)	(28.0, 189.0)	(29.0, 178.0)	(30.0, 152.0)	(31.0, 188.0)	(32.0, 279.0)	(33.0, 371.0)	(34.0, 417.0)	(35.0, 515.0)	(36.0, 532.0)	(37.0, 675.0)	(38.0, 503.0)	(39.0, 128.0)			
ERR235998	(18.0, 1.0)	(19.0, 2.0)	(20.0, 9.0)	(21.0, 21.0)	(22.0, 22.0)	(23.0, 34.0)	(24.0, 38.0)	(25.0, 84.0)	(26.0, 102.0)	(27.0, 132.0)	(28.0, 141.0)	(29.0, 147.0)	(30.0, 115.0)	(31.0, 139.0)	(32.0, 197.0)	(33.0, 252.0)	(34.0, 313.0)	(35.0, 416.0)	(36.0, 524.0)	(37.0, 656.0)	(38.0, 779.0)	(39.0, 392.0)						
ERR235999	(16.0, 1.0)	(17.0, 1.0)	(18.0, 1.0)	(19.0, 0.0)	(20.0, 3.0)	(21.0, 9.0)	(22.0, 16.0)	(23.0, 23.0)	(24.0, 51.0)	(25.0, 88.0)	(26.0, 106.0)	(27.0, 135.0)	(28.0, 149.0)	(29.0, 167.0)	(30.0, 115.0)	(31.0, 144.0)	(32.0, 217.0)	(33.0, 278.0)	(34.0, 402.0)	(35.0, 549.0)	(36.0, 695.0)	(37.0, 1074.0)	(38.0, 1307.0)	(39.0, 292.0)				
ERR236000	(12.0, 1.0)	(13.0, 0.0)	(14.0, 1.0)	(15.0, 0.0)	(16.0, 0.0)	(17.0, 2.0)	(18.0, 3.0)	(19.0, 4.0)	(20.0, 12.0)	(21.0, 23.0)	(22.0, 40.0)	(23.0, 53.0)	(24.0, 71.0)	(25.0, 104.0)	(26.0, 133.0)	(27.0, 152.0)	(28.0, 188.0)	(29.0, 161.0)	(30.0, 131.0)	(31.0, 172.0)	(32.0, 249.0)	(33.0, 331.0)	(34.0, 374.0)	(35.0, 414.0)	(36.0, 480.0)	(37.0, 581.0)	(38.0, 560.0)	(39.0, 141.0)
ERR236001	(18.0, 3.0)	(19.0, 6.0)	(20.0, 16.0)	(21.0, 36.0)	(22.0, 34.0)	(23.0, 44.0)	(24.0, 73.0)	(25.0, 102.0)	(26.0, 164.0)	(27.0, 191.0)	(28.0, 209.0)	(29.0, 193.0)	(30.0, 178.0)	(31.0, 199.0)	(32.0, 255.0)	(33.0, 332.0)	(34.0, 448.0)	(35.0, 598.0)	(36.0, 779.0)	(37.0, 1095.0)	(38.0, 1651.0)	(39.0, 537.0)						
ERR236002	(14.0, 1.0)	(15.0, 0.0)	(16.0, 1.0)	(17.0, 0.0)	(18.0, 1.0)	(19.0, 2.0)	(20.0, 4.0)	(21.0, 13.0)	(22.0, 18.0)	(23.0, 31.0)	(24.0, 56.0)	(25.0, 89.0)	(26.0, 129.0)	(27.0, 173.0)	(28.0, 215.0)	(29.0, 203.0)	(30.0, 162.0)	(31.0, 196.0)	(32.0, 297.0)	(33.0, 343.0)	(34.0, 504.0)	(35.0, 668.0)	(36.0, 829.0)	(37.0, 1090.0)	(38.0, 1054.0)	(39.0, 227.0)		
ERR236003	(13.0, 1.0)	(14.0, 0.0)	(15.0, 0.0)	(16.0, 2.0)	(17.0, 2.0)	(18.0, 0.0)	(19.0, 5.0)	(20.0, 27.0)	(21.0, 29.0)	(22.0, 55.0)	(23.0, 92.0)	(24.0, 114.0)	(25.0, 173.0)	(26.0, 210.0)	(27.0, 232.0)	(28.0, 251.0)	(29.0, 226.0)	(30.0, 215.0)	(31.0, 271.0)	(32.0, 365.0)	(33.0, 450.0)	(34.0, 572.0)	(35.0, 684.0)	(36.0, 792.0)	(37.0, 1019.0)	(38.0, 972.0)	(39.0, 209.0)	
ERR236004	(13.0, 1.0)	(14.0, 0.0)	(15.0, 0.0)	(16.0, 2.0)	(17.0, 1.0)	(18.0, 5.0)	(19.0, 6.0)	(20.0, 13.0)	(21.0, 19.0)	(22.0, 36.0)	(23.0, 64.0)	(24.0, 94.0)	(25.0, 109.0)	(26.0, 164.0)	(27.0, 214.0)	(28.0, 248.0)	(29.0, 190.0)	(30.0, 173.0)	(31.0, 210.0)	(32.0, 295.0)	(33.0, 418.0)	(34.0, 473.0)	(35.0, 539.0)	(36.0, 628.0)	(37.0, 749.0)	(38.0, 564.0)	(39.0, 105.0)	
ERR236005	(16.0, 2.0)	(17.0, 1.0)	(18.0, 5.0)	(19.0, 12.0)	(20.0, 23.0)	(21.0, 60.0)	(22.0, 114.0)	(23.0, 211.0)	(24.0, 363.0)	(25.0, 502.0)	(26.0, 656.0)	(27.0, 746.0)	(28.0, 759.0)	(29.0, 687.0)	(30.0, 576.0)	(31.0, 717.0)	(32.0, 1072.0)	(33.0, 1444.0)	(34.0, 1894.0)	(35.0, 2486.0)	(36.0, 3326.0)	(37.0, 4241.0)	(38.0, 3904.0)	(39.0, 911.0)				
ERR236006	(12.0, 1.0)	(13.0, 0.0)	(14.0, 0.0)	(15.0, 0.0)	(16.0, 1.0)	(17.0, 0.0)	(18.0, 0.0)	(19.0, 5.0)	(20.0, 8.0)	(21.0, 6.0)	(22.0, 27.0)	(23.0, 47.0)	(24.0, 49.0)	(25.0, 75.0)	(26.0, 83.0)	(27.0, 117.0)	(28.0, 134.0)	(29.0, 120.0)	(30.0, 119.0)	(31.0, 137.0)	(32.0, 182.0)	(33.0, 232.0)	(34.0, 300.0)	(35.0, 331.0)	(36.0, 423.0)	(37.0, 483.0)	(38.0, 350.0)	(39.0, 46.0)
ERR236007	(15.0, 2.0)	(16.0, 2.0)	(17.0, 1.0)	(18.0, 1.0)	(19.0, 2.0)	(20.0, 6.0)	(21.0, 11.0)	(22.0, 18.0)	(23.0, 39.0)	(24.0, 57.0)	(25.0, 131.0)	(26.0, 177.0)	(27.0, 245.0)	(28.0, 211.0)	(29.0, 217.0)	(30.0, 212.0)	(31.0, 248.0)	(32.0, 401.0)	(33.0, 535.0)	(34.0, 685.0)	(35.0, 943.0)	(36.0, 1323.0)	(37.0, 1857.0)	(38.0, 2048.0)	(39.0, 246.0)			
ERR236008	(13.0, 1.0)	(14.0, 0.0)	(15.0, 1.0)	(16.0, 0.0)	(17.0, 0.0)	(18.0, 3.0)	(19.0, 2.0)	(20.0, 3.0)	(21.0, 7.0)	(22.0, 12.0)	(23.0, 27.0)	(24.0, 41.0)	(25.0, 80.0)	(26.0, 107.0)	(27.0, 126.0)	(28.0, 139.0)	(29.0, 144.0)	(30.0, 113.0)	(31.0, 161.0)	(32.0, 215.0)	(33.0, 289.0)	(34.0, 364.0)	(35.0, 504.0)	(36.0, 736.0)	(37.0, 1043.0)	(38.0, 1510.0)	(39.0, 575.0)	
ERR236009	(12.0, 1.0)	(13.0, 1.0)	(14.0, 1.0)	(15.0, 2.0)	(16.0, 2.0)	(17.0, 3.0)	(18.0, 4.0)	(19.0, 7.0)	(20.0, 23.0)	(21.0, 56.0)	(22.0, 88.0)	(23.0, 109.0)	(24.0, 153.0)	(25.0, 249.0)	(26.0, 335.0)	(27.0, 385.0)	(28.0, 409.0)	(29.0, 348.0)	(30.0, 331.0)	(31.0, 482.0)	(32.0, 602.0)	(33.0, 875.0)	(34.0, 1064.0)	(35.0, 1335.0)	(36.0, 1627.0)	(37.0, 2162.0)	(38.0, 1816.0)	(39.0, 193.0)
ERR236010	(12.0, 1.0)	(13.0, 1.0)	(14.0, 0.0)	(15.0, 0.0)	(16.0, 0.0)	(17.0, 1.0)	(18.0, 1.0)	(19.0, 2.0)	(20.0, 2.0)	(21.0, 17.0)	(22.0, 45.0)	(23.0, 53.0)	(24.0, 124.0)	(25.0, 178.0)	(26.0, 271.0)	(27.0, 357.0)	(28.0, 394.0)	(29.0, 329.0)	(30.0, 289.0)	(31.0, 383.0)	(32.0, 566.0)	(33.0, 758.0)	(34.0, 1040.0)	(35.0, 1373.0)	(36.0, 1876.0)	(37.0, 2486.0)	(38.0, 1976.0)	(39.0, 211.0)
ERR236011	(14.0, 1.0)	(15.0, 0.0)	(16.0, 6.0)	(17.0, 17.0)	(18.0, 19.0)	(19.0, 74.0)	(20.0, 90.0)	(21.0, 162.0)	(22.0, 249.0)	(23.0, 374.0)	(24.0, 514.0)	(25.0, 567.0)	(26.0, 673.0)	(27.0, 696.0)	(28.0, 779.0)	(29.0, 745.0)	(30.0, 627.0)	(31.0, 847.0)	(32.0, 1177.0)	(33.0, 1657.0)	(34.0, 2219.0)	(35.0, 3025.0)	(36.0, 4472.0)	(37.0, 5816.0)	(38.0, 5465.0)	(39.0, 1308.0)		
ERR236012	(16.0, 1.0)	(17.0, 1.0)	(18.0, 1.0)	(19.0, 7.0)	(20.0, 11.0)	(21.0, 27.0)	(22.0, 49.0)	(23.0, 42.0)	(24.0, 74.0)	(25.0, 75.0)	(26.0, 119.0)	(27.0, 126.0)	(28.0, 130.0)	(29.0, 115.0)	(30.0, 111.0)	(31.0, 134.0)	(32.0, 163.0)	(33.0, 252.0)	(34.0, 321.0)	(35.0, 349.0)	(36.0, 429.0)	(37.0, 525.0)	(38.0, 542.0)	(39.0, 121.0)				
ERR236013	(13.0, 1.0)	(14.0, 0.0)	(15.0, 0.0)	(16.0, 0.0)	(17.0, 0.0)	(18.0, 1.0)	(19.0, 8.0)	(20.0, 13.0)	(21.0, 26.0)	(22.0, 41.0)	(23.0, 86.0)	(24.0, 136.0)	(25.0, 190.0)	(26.0, 255.0)	(27.0, 309.0)	(28.0, 311.0)	(29.0, 254.0)	(30.0, 241.0)	(31.0, 312.0)	(32.0, 449.0)	(33.0, 524.0)	(34.0, 722.0)	(35.0, 951.0)	(36.0, 1209.0)	(37.0, 1666.0)	(38.0, 1610.0)	(39.0, 343.0)	
ERR236014	(13.0, 1.0)	(14.0, 3.0)	(15.0, 1.0)	(16.0, 1.0)	(17.0, 0.0)	(18.0, 2.0)	(19.0, 8.0)	(20.0, 8.0)	(21.0, 23.0)	(22.0, 30.0)	(23.0, 54.0)	(24.0, 89.0)	(25.0, 137.0)	(26.0, 185.0)	(27.0, 200.0)	(28.0, 260.0)	(29.0, 233.0)	(30.0, 194.0)	(31.0, 239.0)	(32.0, 350.0)	(33.0, 503.0)	(34.0, 649.0)	(35.0, 827.0)	(36.0, 1180.0)	(37.0, 1643.0)	(38.0, 1667.0)	(39.0, 344.0)	
ERR236015	(15.0, 1.0)	(16.0, 0.0)	(17.0, 1.0)	(18.0, 2.0)	(19.0, 4.0)	(20.0, 10.0)	(21.0, 18.0)	(22.0, 33.0)	(23.0, 47.0)	(24.0, 68.0)	(25.0, 93.0)	(26.0, 104.0)	(27.0, 146.0)	(28.0, 148.0)	(29.0, 93.0)	(30.0, 87.0)	(31.0, 147.0)	(32.0, 190.0)	(33.0, 286.0)	(34.0, 354.0)	(35.0, 388.0)	(36.0, 474.0)	(37.0, 528.0)	(38.0, 347.0)	(39.0, 40.0)			
ERR236016	(16.0, 1.0)	(17.0, 1.0)	(18.0, 0.0)	(19.0, 1.0)	(20.0, 1.0)	(21.0, 12.0)	(22.0, 10.0)	(23.0, 22.0)	(24.0, 48.0)	(25.0, 59.0)	(26.0, 107.0)	(27.0, 135.0)	(28.0, 112.0)	(29.0, 111.0)	(30.0, 94.0)	(31.0, 94.0)	(32.0, 172.0)	(33.0, 210.0)	(34.0, 303.0)	(35.0, 366.0)	(36.0, 482.0)	(37.0, 599.0)	(38.0, 525.0)	(39.0, 92.0)				
ERR236017	(16.0, 2.0)	(17.0, 1.0)	(18.0, 0.0)	(19.0, 3.0)	(20.0, 6.0)	(21.0, 13.0)	(22.0, 21.0)	(23.0, 20.0)	(24.0, 44.0)	(25.0, 66.0)	(26.0, 105.0)	(27.0, 110.0)	(28.0, 119.0)	(29.0, 120.0)	(30.0, 93.0)	(31.0, 141.0)	(32.0, 199.0)	(33.0, 254.0)	(34.0, 400.0)	(35.0, 506.0)	(36.0, 749.0)	(37.0, 1212.0)	(38.0, 2194.0)	(39.0, 968.0)				
ERR236018	(18.0, 2.0)	(19.0, 4.0)	(20.0, 2.0)	(21.0, 14.0)	(22.0, 27.0)	(23.0, 41.0)	(24.0, 47.0)	(25.0, 81.0)	(26.0, 110.0)	(27.0, 111.0)	(28.0, 120.0)	(29.0, 116.0)	(30.0, 91.0)	(31.0, 110.0)	(32.0, 155.0)	(33.0, 220.0)	(34.0, 258.0)	(35.0, 288.0)	(36.0, 365.0)	(37.0, 475.0)	(38.0, 465.0)	(39.0, 107.0)						
ERR236019	(19.0, 4.0)	(20.0, 6.0)	(21.0, 4.0)	(22.0, 24.0)	(23.0, 38.0)	(24.0, 46.0)	(25.0, 96.0)	(26.0, 132.0)	(27.0, 162.0)	(28.0, 193.0)	(29.0, 154.0)	(30.0, 158.0)	(31.0, 161.0)	(32.0, 252.0)	(33.0, 307.0)	(34.0, 434.0)	(35.0, 519.0)	(36.0, 677.0)	(37.0, 954.0)	(38.0, 1102.0)	(39.0, 392.0)							
ERR236020	(17.0, 1.0)	(18.0, 0.0)	(19.0, 2.0)	(20.0, 4.0)	(21.0, 15.0)	(22.0, 26.0)	(23.0, 50.0)	(24.0, 66.0)	(25.0, 89.0)	(26.0, 118.0)	(27.0, 122.0)	(28.0, 162.0)	(29.0, 92.0)	(30.0, 121.0)	(31.0, 153.0)	(32.0, 199.0)	(33.0, 287.0)	(34.0, 381.0)	(35.0, 515.0)	(36.0, 679.0)	(37.0, 925.0)	(38.0, 728.0)	(39.0, 104.0)					
ERR236021	(18.0, 1.0)	(19.0, 5.0)	(20.0, 7.0)	(21.0, 26.0)	(22.0, 22.0)	(23.0, 48.0)	(24.0, 58.0)	(25.0, 102.0)	(26.0, 104.0)	(27.0, 117.0)	(28.0, 139.0)	(29.0, 117.0)	(30.0, 106.0)	(31.0, 128.0)	(32.0, 195.0)	(33.0, 255.0)	(34.0, 309.0)	(35.0, 344.0)	(36.0, 431.0)	(37.0, 566.0)	(38.0, 592.0)	(39.0, 148.0)						
ERR236022	(15.0, 1.0)	(16.0, 0.0)	(17.0, 0.0)	(18.0, 0.0)	(19.0, 1.0)	(20.0, 5.0)	(21.0, 10.0)	(22.0, 23.0)	(23.0, 44.0)	(24.0, 38.0)	(25.0, 53.0)	(26.0, 57.0)	(27.0, 86.0)	(28.0, 80.0)	(29.0, 76.0)	(30.0, 65.0)	(31.0, 82.0)	(32.0, 101.0)	(33.0, 151.0)	(34.0, 196.0)	(35.0, 216.0)	(36.0, 295.0)	(37.0, 350.0)	(38.0, 419.0)	(39.0, 186.0)			
ERR236023	(16.0, 1.0)	(17.0, 1.0)	(18.0, 0.0)	(19.0, 1.0)	(20.0, 1.0)	(21.0, 10.0)	(22.0, 20.0)	(23.0, 35.0)	(24.0, 59.0)	(25.0, 79.0)	(26.0, 128.0)	(27.0, 135.0)	(28.0, 142.0)	(29.0, 126.0)	(30.0, 115.0)	(31.0, 151.0)	(32.0, 227.0)	(33.0, 285.0)	(34.0, 391.0)	(35.0, 539.0)	(36.0, 675.0)	(37.0, 1101.0)	(38.0, 1636.0)	(39.0, 632.0)				
ERR236024	(19.0, 3.0)	(20.0, 5.0)	(21.0, 24.0)	(22.0, 21.0)	(23.0, 33.0)	(24.0, 50.0)	(25.0, 62.0)	(26.0, 94.0)	(27.0, 116.0)	(28.0, 121.0)	(29.0, 119.0)	(30.0, 92.0)	(31.0, 114.0)	(32.0, 182.0)	(33.0, 226.0)	(34.0, 267.0)	(35.0, 318.0)	(36.0, 363.0)	(37.0, 455.0)	(38.0, 492.0)	(39.0, 189.0)							
ERR236025	(17.0, 1.0)	(18.0, 2.0)	(19.0, 1.0)	(20.0, 8.0)	(21.0, 12.0)	(22.0, 21.0)	(23.0, 53.0)	(24.0, 89.0)	(25.0, 99.0)	(26.0, 140.0)	(27.0, 131.0)	(28.0, 167.0)	(29.0, 146.0)	(30.0, 122.0)	(31.0, 185.0)	(32.0, 261.0)	(33.0, 323.0)	(34.0, 485.0)	(35.0, 555.0)	(36.0, 792.0)	(37.0, 935.0)	(38.0, 1002.0)	(39.0, 271.0)					
ERR236026	(15.0, 1.0)	(16.0, 2.0)	(17.0, 0.0)	(18.0, 1.0)	(19.0, 3.0)	(20.0, 3.0)	(21.0, 11.0)	(22.0, 13.0)	(23.0, 45.0)	(24.0, 71.0)	(25.0, 83.0)	(26.0, 110.0)	(27.0, 119.0)	(28.0, 117.0)	(29.0, 135.0)	(30.0, 144.0)	(31.0, 154.0)	(32.0, 214.0)	(33.0, 290.0)	(34.0, 402.0)	(35.0, 521.0)	(36.0, 664.0)	(37.0, 776.0)	(38.0, 780.0)	(39.0, 152.0)			
ERR236027	(15.0, 1.0)	(16.0, 0.0)	(17.0, 3.0)	(18.0, 0.0)	(19.0, 4.0)	(20.0, 11.0)	(21.0, 33.0)	(22.0, 42.0)	(23.0, 68.0)	(24.0, 90.0)	(25.0, 145.0)	(26.0, 164.0)	(27.0, 190.0)	(28.0, 156.0)	(29.0, 170.0)	(30.0, 166.0)	(31.0, 219.0)	(32.0, 322.0)	(33.0, 374.0)	(34.0, 491.0)	(35.0, 579.0)	(36.0, 664.0)	(37.0, 832.0)	(38.0, 591.0)	(39.0, 62.0)			
