Sample	fastqc-percent_duplicates	fastqc-percent_gc	fastqc-avg_sequence_length	fastqc-median_sequence_length	fastqc-percent_fails	fastqc-total_sequences
ERR235935	94.87519594839021	52.0	357.5258651875075	374	50.0	0.008293
ERR235936	96.52131308182264	51.0	332.94732974032337	329	50.0	0.010204999999999999
ERR235937	96.43309413254538	51.0	332.65027437737444	329	50.0	0.009476
ERR235938	94.60863113639174	52.0	351.6216767651787	349	50.0	0.008087
ERR235939	95.66588501657637	52.0	345.21432036872324	349	40.0	0.012367
ERR235940	94.99363057324841	52.0	326.0084076433121	349	50.0	0.00785
ERR235941	92.59905307749813	52.0	352.98043857463244	349	50.0	0.008026
ERR235942	95.56286881525193	51.0	335.2712210621879	329	50.0	0.008812
ERR235943	94.8173688180153	51.0	331.6116259023812	349	50.0	0.009281
ERR235944	94.17040358744394	52.0	348.91486615029214	349	50.0	0.007359
ERR235945	94.79026411185914	52.0	339.4759192128431	349	50.0	0.009655
ERR235946	94.10019775873434	52.0	325.9313337727972	349	50.0	0.009101999999999999
ERR235947	94.97302599313389	52.0	353.11586562040213	349	50.0	0.008156
ERR235948	93.10268840899074	52.0	344.2232260907889	349	50.0	0.0045379999999999995
ERR235949	94.6965554948059	52.0	335.319095133953	349	50.0	0.007316
ERR235950	97.05882352941177	50.0	358.1079121789561	369	50.0	0.007241999999999999
ERR235951	93.21276163381427	53.0	344.32615322089003	349	50.0	0.004921
ERR235952	93.79354021532616	54.0	328.9417352754908	349	50.0	0.009474
ERR235953	93.65779467680608	53.0	348.49619771863115	349	50.0	0.006575
ERR235954	92.51700680272108	53.0	342.9382896015549	349	50.0	0.005144999999999999
ERR235955	94.82798970278493	51.0	336.7101567985022	349	50.0	0.008546
ERR235956	94.3889970788705	53.0	345.0522760467381	349	40.0	0.008216
ERR235957	94.6913734819081	53.0	344.70871416051085	349	50.0	0.007987
ERR235958	93.00055772448411	53.0	323.7451896263246	349	50.0	0.0071719999999999996
ERR235959	96.11525229357798	51.0	346.5382740825688	369	50.0	0.0069759999999999996
ERR235960	95.92459409393048	51.0	335.6193745232647	329	50.0	0.009177
ERR235961	95.23289665211063	53.0	332.63155021834064	349	50.0	0.008244
ERR235962	94.60643079405324	52.0	347.84297568283966	349	50.0	0.008676999999999999
ERR235963	93.98725408700471	52.0	338.6293987254087	349	50.0	0.007218
ERR235964	93.78405151064884	52.0	331.0567112431897	349	50.0	0.008076
ERR235965	95.14738598442715	52.0	352.119473025584	349	50.0	0.014384
ERR235966	95.26432415321304	50.0	344.7867046533713	349	50.0	0.015795
ERR235967	93.85645654389285	52.0	324.8348376765177	349	50.0	0.006869
ERR235968	93.75565610859728	52.0	346.7971342383107	369	50.0	0.003315
ERR235969	95.42623588945115	51.0	343.08894511483066	349	50.0	0.005137999999999999
ERR235970	91.76785346779172	53.0	314.9291006379914	349	50.0	0.004859
ERR235971	94.45258147198828	51.0	358.8254302453314	369	50.0	0.005462
ERR235972	93.21858864027539	51.0	338.26041308089503	334	50.0	0.002905
ERR235973	46.15384615384615	53.0	277.5769230769231	344	30.0	1.3e-05
ERR235974	93.33941605839416	51.0	346.54881386861314	369	50.0	0.002192
ERR235975	94.31202600216685	53.0	351.90479414951244	349	50.0	0.003692
ERR235976	92.2518634758729	53.0	318.9272263632797	349	50.0	0.005098
ERR235977	93.12602291325696	53.0	357.03580196399344	369	50.0	0.002444
ERR235978	95.2807803849196	49.0	346.66754547851303	349	50.0	0.003793
ERR235979	95.74221764857216	52.0	331.8303318754824	349	50.0	0.007774
ERR235980	97.18504355215636	50.0	342.28715211387293	349	50.0	0.018827999999999998
ERR235981	94.8236069897791	51.0	339.69287833827894	329	50.0	0.0030329999999999997
ERR235982	93.59323882224646	52.0	331.6856597600872	349	50.0	0.003668
ERR235983	96.61327672713239	52.0	359.46835198764956	369	50.0	0.010364
ERR235984	96.21342512908778	50.0	331.2246127366609	329	50.0	0.00581
ERR235985	92.09376241557409	52.0	319.63905442987686	349	40.0	0.0025169999999999997
ERR235986	95.0334288443171	51.0	339.0494269340974	349	50.0	0.004188
ERR235987	95.3521412624315	53.0	352.7674040998579	349	50.0	0.004927
ERR235988	91.13816534541337	53.0	319.8036523216308	349	50.0	0.003532
ERR235989	95.76584619308761	52.0	354.2814054329805	369	50.0	0.007840999999999999
ERR235990	96.34535888763622	52.0	348.0413378429162	349	50.0	0.010643999999999999
ERR235991	89.27859705061778	54.0	325.76683937823833	349	50.0	0.002509
ERR235992	96.70169293636894	50.0	352.5580852305896	369	50.0	0.003426
ERR235993	97.36522670474831	51.0	339.77475901463765	329	50.0	0.014005
ERR235994	93.189430591738	53.0	324.3857461853368	349	50.0	0.0053739999999999994
ERR235995	94.97025419145484	51.0	351.74716062736616	369	50.0	0.003698
ERR235996	95.8687040181098	52.0	349.1789285040558	349	50.0	0.005301
ERR235997	94.02921871691721	52.0	327.7878467076011	349	50.0	0.004723
ERR235998	95.46058458813108	51.0	356.6817980513729	369	50.0	0.004516
ERR235999	96.15318564313928	51.0	352.74248669070926	354	50.0	0.005823
ERR236000	93.19790002282583	52.0	322.33542570189456	349	50.0	0.0043809999999999995
ERR236001	92.02015959680807	53.0	337.7979840403192	349	50.0	0.007143
ERR236002	95.29019980970504	52.0	341.22137646685695	349	50.0	0.006306
ERR236003	94.30252583237657	52.0	328.06974741676237	349	50.0	0.006967999999999999
ERR236004	93.703007518797	53.0	337.89454887218045	349	50.0	0.00532
ERR236005	96.53204920686306	53.0	348.1320006474587	349	50.0	0.024711999999999998
ERR236006	92.36874236874237	52.0	323.5842490842491	349	50.0	0.003276
ERR236007	96.56893325015596	54.0	339.2620607194843	349	50.0	0.009618
ERR236008	96.14702563275834	51.0	338.99105271642753	329	50.0	0.006202999999999999
ERR236009	96.72273552870568	52.0	330.42963752665247	349	50.0	0.012662999999999999
ERR236010	96.40332966860373	53.0	351.35636877650387	349	50.0	0.012733999999999999
ERR236011	95.14234142943096	53.0	315.4075334874442	349	50.0	0.031578999999999996
ERR236012	93.47651006711409	52.0	337.9924832214765	349	50.0	0.003725
ERR236013	96.05508386829571	53.0	352.96598674673845	369	50.0	0.009658
ERR236014	94.96093307666176	53.0	339.5960253651908	349	50.0	0.008831
ERR236015	93.76558603491272	53.0	327.14339152119703	349	50.0	0.003609
ERR236016	94.37728422828226	53.0	350.87011526567335	349	50.0	0.003557
ERR236017	97.08684998638715	50.0	329.25714674652875	329	50.0	0.007346
ERR236018	93.45590526643814	51.0	323.87597382362105	349	50.0	0.003209
ERR236019	94.72055030094583	52.0	348.69733447979365	349	50.0	0.005815
ERR236020	94.70965075428808	53.0	345.12306261624303	349	50.0	0.0048389999999999996
ERR236021	93.717277486911	53.0	327.2157068062827	349	50.0	0.0038199999999999996
ERR236022	95.97633136094674	52.0	345.7465483234714	369	50.0	0.002535
ERR236023	95.37750385208012	52.0	344.0974576271187	349	50.0	0.00649
ERR236024	92.34907352062164	52.0	329.2344590555888	349	50.0	0.003346
ERR236025	94.8112394414756	53.0	356.01887605585245	369	50.0	0.005801
ERR236026	92.93286219081273	53.0	343.6010184992725	349	50.0	0.004811
ERR236027	93.76976008926911	52.0	325.32415845266877	349	40.0	0.005377
