Sample	0	1	2	3	4	5	6	7	8	9	10	11	12	13	14	15
DRR811138_1	(1.0, 2.741959207687782)	(2.0, 1.6866052167091587)	(3.0, 0.952392626005099)	(4.0, 0.6618944891155129)	(5.0, 0.5209354775446166)	(6.0, 0.4780349088056482)	(7.0, 0.36894489115512846)	(8.0, 0.31378701706216905)	(9.0, 0.25372622082761326)	('>10', 7.727005295155913)	('>50', 3.384242008236909)	('>100', 14.45504020396156)	('>500', 8.880417728966464)	('>1k', 57.575014708766425)	('>5k', 0.0)	('>10k+', 0.0)
DRR811138_2	(1.0, 2.005295155912924)	(2.0, 1.139929397921161)	(3.0, 0.7023435967836831)	(4.0, 0.4363600706020788)	(5.0, 0.2819180231417925)	(6.0, 0.20592272994704844)	(7.0, 0.24882329868601685)	(8.0, 0.19611688566385566)	(9.0, 0.1765051970974701)	('>10', 4.522945675622672)	('>50', 0.8849774465581486)	('>100', 13.726956265934497)	('>500', 13.12144538144734)	('>1k', 62.35046087468131)	('>5k', 0.0)	('>10k+', 0.0)
DRR811139_1	(1.0, 3.039575683394533)	(2.0, 1.6343869249046006)	(3.0, 1.0727914176686588)	(4.0, 0.801593587251302)	(5.0, 0.6239950080399357)	(6.0, 0.5039959680322557)	(7.0, 0.49559603523171813)	(8.0, 0.4319965440276478)	(9.0, 0.3779969760241918)	('>10', 10.715914272685819)	('>50', 7.619939040487676)	('>100', 41.981664146686825)	('>500', 19.813041495668035)	('>1k', 10.887512899896802)	('>5k', 0.0)	('>10k+', 0.0)
DRR811139_2	(1.0, 2.075983392132863)	(2.0, 1.1855905152758779)	(3.0, 0.6623947008423933)	(4.0, 0.42239662082703344)	(5.0, 0.3419972640218878)	(6.0, 0.25199798401612783)	(7.0, 0.33599731202150385)	(8.0, 0.2207982336141311)	(9.0, 0.28079775361797105)	('>10', 7.311541507667939)	('>50', 3.4007727938176497)	('>100', 31.750545995632034)	('>500', 27.622579019367844)	('>1k', 24.136606907144742)	('>5k', 0.0)	('>10k+', 0.0)
DRR811140_1	(1.0, 3.19502823693236)	(2.0, 1.879883442069161)	(3.0, 1.02890739833415)	(4.0, 0.7168828489646458)	(5.0, 0.34812656334614095)	(6.0, 0.3945434384589597)	(7.0, 0.2617396013306171)	(8.0, 0.3094458340854586)	(9.0, 0.2785012506769127)	('>10', 6.882591093117409)	('>50', 6.775574408829521)	('>100', 15.962247608241576)	('>500', 26.74772428376183)	('>1k', 35.21880399185126)	('>5k', 0.0)	('>10k+', 0.0)
DRR811140_2	(1.0, 2.002372418061322)	(2.0, 1.1991026070811521)	(3.0, 0.7581422935093736)	(4.0, 0.44869645942391506)	(5.0, 0.4770623275484154)	(6.0, 0.32491812578973156)	(7.0, 0.30686711880141315)	(8.0, 0.25787152840454886)	(9.0, 0.22048015678588928)	('>10', 3.078986049150313)	('>50', 3.296887490652157)	('>100', 7.581422935093736)	('>500', 0.0)	('>1k', 80.04719048969802)	('>5k', 0.0)	('>10k+', 0.0)
DRR811141_1	(1.0, 3.624489039684102)	(2.0, 2.3275472746853176)	(3.0, 1.5806477760922681)	(4.0, 1.042185346874023)	(5.0, 0.9553365679678544)	(6.0, 0.9032273006241532)	(7.0, 0.6079414523431801)	(8.0, 0.4817212269995484)	(9.0, 0.39603043181212877)	('>10', 7.781650589992704)	('>50', 4.3204372546522)	('>100', 5.463367185057378)	('>500', 2.9482265479347363)	('>1k', 55.74649420429149)	('>5k', 11.820697800988917)	('>10k+', 0.0)
DRR811141_2	(1.0, 2.322915339810322)	(2.0, 1.5586460854360389)	(3.0, 1.000497932999062)	(4.0, 0.690158296374353)	(5.0, 0.5384624292182452)	(6.0, 0.4238220410621027)	(7.0, 0.4215060736246048)	(8.0, 0.49098509674953966)	(9.0, 0.19801521590606438)	('>10', 4.45823731718332)	('>50', 2.8752735736535544)	('>100', 8.427805505054598)	('>500', 0.0)	('>1k', 70.59763539724632)	('>5k', 5.996039695681879)	('>10k+', 0.0)
DRR811142_1	(1.0, 2.446614325614128)	(2.0, 1.4162873039959536)	(3.0, 0.8708847397242198)	(4.0, 0.6113786809175079)	(5.0, 0.37386466099272064)	(6.0, 0.34967341822260345)	(7.0, 0.30019133073827275)	(8.0, 0.14074904884431835)	(9.0, 0.24741043742165336)	('>10', 3.7463438235358804)	('>50', 2.323458907875349)	('>100', 9.03542917463878)	('>500', 13.352466407160607)	('>1k', 64.78524774031801)	('>5k', 0.0)	('>10k+', 0.0)
DRR811142_2	(1.0, 1.8308372369202348)	(2.0, 1.1149963713135844)	(3.0, 0.6432671372962988)	(4.0, 0.42224714653295503)	(5.0, 0.31888456378790875)	(6.0, 0.1979283499373227)	(7.0, 0.2463108354775571)	(8.0, 0.20232675771370764)	(9.0, 0.17813551494359042)	('>10', 3.432957269468452)	('>50', 0.3815618746013943)	('>100', 8.100767522156978)	('>500', 8.334982736249477)	('>1k', 74.59479668360053)	('>5k', 0.0)	('>10k+', 0.0)
DRR811143_1	(1.0, 5.0374329188843)	(2.0, 3.0454274419734544)	(3.0, 2.0207150902144386)	(4.0, 1.5591528455643648)	(5.0, 1.1980742474768666)	(6.0, 0.9606678297740774)	(7.0, 0.71884454848612)	(8.0, 0.6536958106048895)	(9.0, 0.45714538106490576)	('>10', 6.948830635365827)	('>50', 2.4469424261831674)	('>100', 24.133742629358892)	('>500', 10.873213930787747)	('>1k', 39.94611426426095)	('>5k', 0.0)	('>10k+', 0.0)
DRR811143_2	(1.0, 4.385945540071995)	(2.0, 2.8400432852631345)	(3.0, 1.7689538658598527)	(4.0, 1.1616351228992292)	(5.0, 0.9551467502926172)	(6.0, 0.8414125129745367)	(7.0, 0.6801969921158985)	(8.0, 0.5123561758795079)	(9.0, 0.6260904131975884)	('>10', 5.215211678187319)	('>50', 0.3798502683244628)	('>100', 16.195534550915394)	('>500', 12.835405578498706)	('>1k', 51.602217265519755)	('>5k', 0.0)	('>10k+', 0.0)
DRR811144_1	(1.0, 3.0376893641557894)	(2.0, 1.4415264454578813)	(3.0, 0.7902185878282749)	(4.0, 0.5504010064475546)	(5.0, 0.22278135975258165)	(6.0, 0.36955496147192957)	(7.0, 0.2476804529013996)	(8.0, 0.24112805996750014)	(9.0, 0.2476804529013996)	('>10', 7.0267861823137805)	('>50', 6.714892278660168)	('>100', 22.056665094092363)	('>500', 21.439429679719034)	('>1k', 35.61356607433034)	('>5k', 0.0)	('>10k+', 0.0)
DRR811144_2	(1.0, 2.256644126434974)	(2.0, 1.0719714839859518)	(3.0, 0.5543324422078943)	(4.0, 0.3197567751742937)	(5.0, 0.2817528961576768)	(6.0, 0.18870891649630445)	(7.0, 0.09173350107459244)	(8.0, 0.13628977302510878)	(9.0, 0.07076584368611416)	('>10', 3.7270011008020134)	('>50', 1.8137023641033705)	('>100', 20.434292603658857)	('>500', 22.772186402474183)	('>1k', 46.280861770718666)	('>5k', 0.0)	('>10k+', 0.0)
DRR811145_1	(1.0, 2.5696073657651275)	(2.0, 1.3191093798415299)	(3.0, 0.833296445487141)	(4.0, 0.5621707759727326)	(5.0, 0.3043247310876013)	(6.0, 0.27223230490018147)	(7.0, 0.30985790801646673)	(8.0, 0.18591474480988004)	(9.0, 0.2191138063830729)	('>10', 3.847771236333053)	('>50', 4.183081758222301)	('>100', 14.566641582931256)	('>500', 20.383117170554645)	('>1k', 50.44376078969501)	('>5k', 0.0)	('>10k+', 0.0)
DRR811145_2	(1.0, 1.739630826435306)	(2.0, 0.880881767075384)	(3.0, 0.4581470497100616)	(4.0, 0.393962197335222)	(5.0, 0.35412332344739056)	(6.0, 0.1726351201806029)	(7.0, 0.16267540170864503)	(8.0, 0.14164932937895622)	(9.0, 0.15935549555132575)	('>10', 3.068699924748794)	('>50', 1.96981098667611)	('>100', 13.106989509096541)	('>500', 0.5677039529015979)	('>1k', 76.82373511575406)	('>5k', 0.0)	('>10k+', 0.0)
DRR811146_1	(1.0, 4.0508929786997045)	(2.0, 2.2377068455511964)	(3.0, 1.4146564847704741)	(4.0, 0.9802344146441081)	(5.0, 0.7054717378120474)	(6.0, 0.5940814634206716)	(7.0, 0.5284849685013057)	(8.0, 0.3861529512234365)	(9.0, 0.31189276829585255)	('>10', 6.0757206331918265)	('>50', 5.589316435016151)	('>100', 19.279181157716252)	('>500', 16.984541505253908)	('>1k', 40.86166565590307)	('>5k', 0.0)	('>10k+', 0.0)
DRR811146_2	(1.0, 2.6399495030756093)	(2.0, 1.4084681361931755)	(3.0, 0.920826268302041)	(4.0, 0.4703144918746983)	(5.0, 0.3589242174833224)	(6.0, 0.3935789695161949)	(7.0, 0.2599106402465438)	(8.0, 0.19802715447355718)	(9.0, 0.08911221951310073)	('>10', 4.99275963216456)	('>50', 2.5409359258388307)	('>100', 7.598054383207298)	('>500', 19.19254427763407)	('>1k', 58.936594180476995)	('>5k', 0.0)	('>10k+', 0.0)
