Sample	0	1	2	3	4	5	6	7	8	9	10	11	12	13	14	15	16	17	18	19	20	21	22	23	24	25	26	27	28	29	30	31	32	33	34	35	36	37	38	39	40	41	42	43	44	45	46	47	48	49	50	51	52	53	54
DRR811138_1 - illumina_universal_adapter	(1, 0.0)	(2, 0.0)	(3, 0.0)	(4, 0.0)	(5, 0.0)	(6, 0.0)	(7, 0.0)	(8, 0.0)	(9, 0.0)	(10, 0.0)	(15, 0.0)	(20, 0.0)	(25, 0.0)	(30, 0.0)	(35, 0.0)	(40, 0.0)	(45, 0.0)	(50, 0.020347126887625022)	(55, 0.025740341243381055)	(60, 0.025740341243381055)	(65, 0.025740341243381055)	(70, 0.025740341243381055)	(75, 0.025740341243381055)	(80, 0.025740341243381055)	(85, 0.025740341243381055)	(90, 0.025740341243381055)	(95, 0.025740341243381055)	(100, 0.05074524416552266)	(105, 0.07624043930182389)	(110, 0.08187879976465973)	(115, 0.08408511472837812)	(120, 0.08751716022749559)	(125, 0.08825259854873505)	(130, 0.08849774465581486)	(135, 0.08947832908413414)	(140, 0.08947832908413414)	(145, 0.08972347519121396)	(150, 0.12992743675230436)	(155, 0.19219454795057853)	(160, 0.21867032751519905)	(165, 0.24171406158070208)	(170, 0.26206118846832716)	(175, 0.28461463031967055)	(180, 0.2929495979603844)	(185, 0.2993233967444597)	(190, 0.3025102961364974)	(195, 0.30471661110021575)	(200, 0.32432829966660126)	(205, 0.36992547558344774)	(210, 0.4057168072171014)	(215, 0.4309668562463228)	(220, 0.44567562267111194)	(225, 0.4645518729162581)	(230, 0.49225338301627775)	(235, 0.5030398117277898)
DRR811138_1 - polyg	(1, 0.0)	(2, 0.0)	(3, 0.0)	(4, 0.0)	(5, 0.0)	(6, 0.0)	(7, 0.0)	(8, 0.0)	(9, 0.0)	(10, 0.0)	(15, 0.0)	(20, 0.0)	(25, 0.0)	(30, 0.0)	(35, 0.0)	(40, 0.0)	(45, 0.0)	(50, 0.0)	(55, 0.0)	(60, 0.0)	(65, 0.0)	(70, 0.0)	(75, 0.0)	(80, 0.0)	(85, 0.0)	(90, 0.0)	(95, 0.0)	(100, 0.0)	(105, 0.0)	(110, 0.0)	(115, 0.0)	(120, 0.012747597568150618)	(125, 0.020837419101784667)	(130, 0.02328888017258286)	(135, 0.02328888017258286)	(140, 0.024269464600902138)	(145, 0.024514610707981957)	(150, 0.025740341243381055)	(155, 0.02721121788585997)	(160, 0.028191802314179247)	(165, 0.028191802314179247)	(170, 0.038242792704451856)	(175, 0.06447342616199256)	(180, 0.07722102373014317)	(185, 0.07942733869386154)	(190, 0.08236909197881938)	(195, 0.08604628358501668)	(200, 0.08825259854873505)	(205, 0.0914394979407727)	(210, 0.0938909590115709)	(215, 0.09560698176112964)	(220, 0.12625024514610708)	(225, 0.17552461266915081)	(230, 0.20812904491076684)	(235, 0.23705628554618552)
DRR811138_2 - illumina_universal_adapter	(1, 0.0)	(2, 0.0)	(3, 0.0)	(4, 0.0)	(5, 0.0)	(6, 0.0)	(7, 0.0)	(8, 0.0)	(9, 0.0)	(10, 0.0)	(15, 0.0)	(20, 0.0)	(25, 0.0)	(30, 0.0)	(35, 0.0)	(40, 0.0)	(45, 0.0009805844283192783)	(50, 0.04167483820356933)	(55, 0.050254951951363015)	(60, 0.050254951951363015)	(65, 0.050254951951363015)	(70, 0.050254951951363015)	(75, 0.050254951951363015)	(80, 0.050254951951363015)	(85, 0.050254951951363015)	(90, 0.050254951951363015)	(95, 0.050500098058442834)	(100, 0.08065306922926065)	(105, 0.10688370268680134)	(110, 0.11301235536379681)	(115, 0.11595410864875466)	(120, 0.11938615414787213)	(125, 0.12012159246911161)	(130, 0.12036673857619143)	(135, 0.1213473230045107)	(140, 0.12159246911159052)	(145, 0.12453422239654835)	(150, 0.1713571288487939)	(155, 0.24024318493822316)	(160, 0.2681898411453226)	(165, 0.29491076681702294)	(170, 0.31795450088252597)	(175, 0.33977250441262996)	(180, 0.347862325946264)	(185, 0.35521670915865855)	(190, 0.3613453618356541)	(195, 0.36257109237105317)	(200, 0.3821827809374387)	(205, 0.42753481074720534)	(210, 0.463326142380859)	(215, 0.49078250637379883)	(220, 0.504020396156109)	(225, 0.5194646009021376)	(230, 0.5415277505393215)	(235, 0.5498627181800353)
DRR811138_2 - polyg	(1, 0.0)	(2, 0.0)	(3, 0.0)	(4, 0.0)	(5, 0.0)	(6, 0.0)	(7, 0.0)	(8, 0.0)	(9, 0.0)	(10, 0.0)	(15, 0.0)	(20, 0.0)	(25, 0.0)	(30, 0.0)	(35, 0.0)	(40, 0.0)	(45, 0.0)	(50, 0.0)	(55, 0.0)	(60, 0.0)	(65, 0.0)	(70, 0.0)	(75, 0.0)	(80, 0.0)	(85, 0.0)	(90, 0.0)	(95, 0.0)	(100, 0.0)	(105, 0.0)	(110, 0.0)	(115, 0.0)	(120, 0.004412629927436752)	(125, 0.018140811923906645)	(130, 0.023534026279662678)	(135, 0.024514610707981957)	(140, 0.025004902922141598)	(145, 0.026720925671700334)	(150, 0.026966071778780153)	(155, 0.026966071778780153)	(160, 0.02770151010001961)	(165, 0.028191802314179247)	(170, 0.035055893312414196)	(175, 0.059815650127475986)	(180, 0.07207295548146696)	(185, 0.0789370464797019)	(190, 0.0838399686212983)	(195, 0.08776230633457541)	(200, 0.0889880368699745)	(205, 0.09413610511865071)	(210, 0.09487154343989017)	(215, 0.09781329672484801)	(220, 0.10761914100804079)	(225, 0.16081584624436165)	(230, 0.207883898803687)	(235, 0.2297019023337909)
DRR811140_1 - illumina_universal_adapter	(1, 0.0)	(2, 0.0)	(3, 0.0)	(4, 0.0)	(5, 0.0)	(6, 0.0)	(7, 0.0)	(8, 0.0)	(9, 0.0)	(10, 0.0)	(15, 0.0)	(20, 0.0)	(25, 0.0)	(30, 0.0)	(35, 0.0)	(40, 0.0)	(45, 0.0)	(50, 0.007220402795327367)	(55, 0.009025503494159209)	(60, 0.009799118079372856)	(65, 0.010314861136181954)	(70, 0.010314861136181954)	(75, 0.010314861136181954)	(80, 0.010314861136181954)	(85, 0.010314861136181954)	(90, 0.010314861136181954)	(95, 0.010314861136181954)	(100, 0.024239923670027592)	(105, 0.03507052786301865)	(110, 0.03739137161865958)	(115, 0.03868072926068233)	(120, 0.04254880218675056)	(125, 0.04409603135717786)	(130, 0.04512751747079605)	(135, 0.04590113205600969)	(140, 0.04770623275484154)	(145, 0.04770623275484154)	(150, 0.06421001057273265)	(155, 0.08587121895871477)	(160, 0.10211712524820134)	(165, 0.10856391345831506)	(170, 0.12429407669099257)	(175, 0.1346089378271745)	(180, 0.14131359756569278)	(185, 0.14337656979292918)	(190, 0.14776038577580647)	(195, 0.15188633023027928)	(200, 0.16323267748007944)	(205, 0.18927770184893888)	(210, 0.2032027643827845)	(215, 0.2184171845586529)	(220, 0.22718481652440756)	(225, 0.24317285128548954)	(230, 0.2604502436885943)	(235, 0.2671549034271126)
DRR811140_1 - polyg	(1, 0.0)	(2, 0.0)	(3, 0.0)	(4, 0.0)	(5, 0.0)	(6, 0.0)	(7, 0.0)	(8, 0.0)	(9, 0.0)	(10, 0.0)	(15, 0.0)	(20, 0.0)	(25, 0.0)	(30, 0.0)	(35, 0.0)	(40, 0.0)	(45, 0.0)	(50, 0.0)	(55, 0.0)	(60, 0.0)	(65, 0.0)	(70, 0.0)	(75, 0.0)	(80, 0.0)	(85, 0.0)	(90, 0.0)	(95, 0.0)	(100, 0.0)	(105, 0.0)	(110, 0.0)	(115, 0.0)	(120, 0.00438381598287733)	(125, 0.009799118079372858)	(130, 0.0110884757213956)	(135, 0.011604218778204698)	(140, 0.011604218778204698)	(145, 0.011604218778204698)	(150, 0.011604218778204698)	(155, 0.011862090306609247)	(160, 0.012893576420227443)	(165, 0.012893576420227443)	(170, 0.018051006988318418)	(175, 0.032749684107377705)	(180, 0.04048582995951418)	(185, 0.04306454524355967)	(190, 0.04512751747079605)	(195, 0.04770623275484154)	(200, 0.05054281956729158)	(205, 0.05209004873771887)	(210, 0.05492663555016891)	(215, 0.05724747930580985)	(220, 0.0665308543283736)	(225, 0.09283375022563758)	(230, 0.1124319863843833)	(235, 0.11836303153768793)
DRR811140_2 - illumina_universal_adapter	(1, 0.0)	(2, 0.0)	(3, 0.0)	(4, 0.0)	(5, 0.0)	(6, 0.0)	(7, 0.0)	(8, 0.0)	(9, 0.0)	(10, 0.0)	(15, 0.0)	(20, 0.0)	(25, 0.0)	(30, 0.0)	(35, 0.0)	(40, 0.0)	(45, 0.00025787152840454886)	(50, 0.020629722272363905)	(55, 0.02707651048247763)	(60, 0.02785012506769128)	(65, 0.028365868124500378)	(70, 0.028365868124500378)	(75, 0.028365868124500378)	(80, 0.028365868124500378)	(85, 0.028365868124500378)	(90, 0.028365868124500378)	(95, 0.028365868124500378)	(100, 0.04976920498207793)	(105, 0.0675623404419918)	(110, 0.07091467031125094)	(115, 0.07220402795327367)	(120, 0.0781350731065783)	(125, 0.0801980453338147)	(130, 0.08122953144743289)	(135, 0.08200314603264655)	(140, 0.08380824673147838)	(145, 0.08380824673147838)	(150, 0.09953840996415585)	(155, 0.12119961835013796)	(160, 0.14079785450888366)	(165, 0.14724464271899737)	(170, 0.1642641635936976)	(175, 0.1745790247298796)	(180, 0.17999432682637512)	(185, 0.1820572990536115)	(190, 0.18669898656489337)	(195, 0.19082493101936618)	(200, 0.20423425049640268)	(205, 0.23517883390494854)	(210, 0.25142474019443517)	(215, 0.26483405967147167)	(220, 0.27514892080765363)	(225, 0.290363340983522)	(230, 0.3055777611593904)	(235, 0.3109930632558859)
DRR811140_2 - polyg	(1, 0.0)	(2, 0.0)	(3, 0.0)	(4, 0.0)	(5, 0.0)	(6, 0.0)	(7, 0.0)	(8, 0.0)	(9, 0.0)	(10, 0.0)	(15, 0.0)	(20, 0.0)	(25, 0.0)	(30, 0.0)	(35, 0.0)	(40, 0.0)	(45, 0.0)	(50, 0.0)	(55, 0.0)	(60, 0.0)	(65, 0.0)	(70, 0.0)	(75, 0.0)	(80, 0.0)	(85, 0.0)	(90, 0.0)	(95, 0.0)	(100, 0.0)	(105, 0.0)	(110, 0.0)	(115, 0.0)	(120, 0.0033523298692591354)	(125, 0.0056731736249000745)	(130, 0.007220402795327369)	(135, 0.009541246550968307)	(140, 0.01083060419299105)	(145, 0.012635704891822894)	(150, 0.012893576420227443)	(155, 0.01366719100544109)	(160, 0.01547229170427293)	(165, 0.016761649346295676)	(170, 0.02243482297119575)	(175, 0.03507052786301864)	(180, 0.042033059129941465)	(185, 0.04615900358441425)	(190, 0.050284948038887035)	(195, 0.051574305680909774)	(200, 0.05415302096495526)	(205, 0.05415302096495526)	(210, 0.055700250135382545)	(215, 0.05905258000464168)	(220, 0.0665308543283736)	(225, 0.08690270507233297)	(230, 0.10392222594703318)	(235, 0.1124319863843833)
DRR811141_1 - illumina_universal_adapter	(1, 0.0)	(2, 0.0)	(3, 0.0)	(4, 0.0)	(5, 0.0)	(6, 0.0)	(7, 0.0)	(8, 0.0)	(9, 0.0)	(10, 0.0)	(15, 0.0)	(20, 0.0)	(25, 0.0)	(30, 0.0)	(35, 0.0)	(40, 0.0)	(45, 0.0)	(50, 0.053962041293699414)	(55, 0.07295297428118161)	(60, 0.07364776451243095)	(65, 0.07411095799993052)	(70, 0.07411095799993052)	(75, 0.07411095799993052)	(80, 0.07411095799993052)	(85, 0.07573213520617901)	(90, 0.0771217156686777)	(95, 0.07758490915617726)	(100, 0.13872644950611995)	(105, 0.18759336243732413)	(110, 0.200562780087312)	(115, 0.207973875887305)	(120, 0.21607976191854741)	(125, 0.22673321213103742)	(130, 0.22812279259353613)	(135, 0.22904917956853527)	(140, 0.23344951769978114)	(145, 0.2339127111872807)	(150, 0.3075604756997117)	(155, 0.4393390228933381)	(160, 0.5030281274245284)	(165, 0.5308197366745023)	(170, 0.5576849589494771)	(175, 0.589876906330697)	(180, 0.6151209513994234)	(185, 0.6241532244056648)	(190, 0.6371226420556526)	(195, 0.6424493671618977)	(200, 0.6940954410180993)	(205, 0.8198524728742314)	(210, 0.9150387345553922)	(215, 0.9551049712241045)	(220, 0.9933184339428187)	(225, 1.0401009761802749)	(230, 1.0674293919427493)	(235, 1.086883518417731)
DRR811141_1 - polyg	(1, 0.0)	(2, 0.0)	(3, 0.0)	(4, 0.0)	(5, 0.0)	(6, 0.0)	(7, 0.0)	(8, 0.0)	(9, 0.0)	(10, 0.0)	(15, 0.0)	(20, 0.0)	(25, 0.0)	(30, 0.0)	(35, 0.0)	(40, 0.0)	(45, 0.0)	(50, 0.0)	(55, 0.0)	(60, 0.0)	(65, 0.0)	(70, 0.0)	(75, 0.0)	(80, 0.0)	(85, 0.0)	(90, 0.0)	(95, 0.0)	(100, 0.0)	(105, 0.0013895804624986974)	(110, 0.0023159674374978287)	(115, 0.0023159674374978287)	(120, 0.041224220387461354)	(125, 0.06507868499368899)	(130, 0.07110020033118333)	(135, 0.07272137753743182)	(140, 0.07411095799993052)	(145, 0.07503734497492966)	(150, 0.07550053846242923)	(155, 0.0785112961311764)	(160, 0.07990087659367509)	(165, 0.08198524728742314)	(170, 0.11417719466864296)	(175, 0.1646652848060956)	(180, 0.19037252336232152)	(185, 0.20218395729356048)	(190, 0.2121426172748011)	(195, 0.22418564794978985)	(200, 0.23090195351853354)	(205, 0.2353022916497794)	(210, 0.24387137116852134)	(215, 0.25383003114976205)	(220, 0.29181189712472644)	(225, 0.3944092546058802)	(230, 0.4840371944370462)	(235, 0.5229454473870098)
DRR811141_2 - illumina_universal_adapter	(1, 0.0)	(2, 0.0)	(3, 0.0)	(4, 0.0)	(5, 0.0)	(6, 0.0)	(7, 0.0)	(8, 0.0)	(9, 0.0)	(10, 0.0)	(15, 0.0)	(20, 0.0)	(25, 0.0)	(30, 0.0)	(35, 0.0)	(40, 0.0)	(45, 0.003937144643746309)	(50, 0.09287029424366294)	(55, 0.11695635559364034)	(60, 0.1176511458248897)	(65, 0.11811433931238927)	(70, 0.11811433931238927)	(75, 0.11811433931238927)	(80, 0.11811433931238927)	(85, 0.11973551651863774)	(90, 0.12112509698113645)	(95, 0.12158829046863602)	(100, 0.1908357168498211)	(105, 0.25197725719976377)	(110, 0.27560012506224163)	(115, 0.28440080132473333)	(120, 0.2964438319997221)	(125, 0.3031601375684657)	(130, 0.3045497180309645)	(135, 0.3066340887247126)	(140, 0.3077920724434614)	(145, 0.30918165290596017)	(150, 0.39163009368088286)	(155, 0.5268825920307559)	(160, 0.5935824542306934)	(165, 0.6232268374306658)	(170, 0.6489340759868916)	(175, 0.6737149275681183)	(180, 0.6899266996306032)	(185, 0.6945586345055988)	(190, 0.7049804879743391)	(195, 0.7096124228493347)	(200, 0.7617216901930359)	(205, 0.8846995611241706)	(210, 0.9789594358303322)	(215, 1.0201836562177937)	(220, 1.0544599742927614)	(225, 1.0929050337552255)	(230, 1.1162963048739534)	(235, 1.133666060655187)
DRR811141_2 - polyg	(1, 0.0)	(2, 0.0)	(3, 0.0)	(4, 0.0)	(5, 0.0)	(6, 0.0)	(7, 0.0)	(8, 0.0)	(9, 0.0)	(10, 0.0)	(15, 0.0)	(20, 0.0)	(25, 0.0)	(30, 0.0)	(35, 0.0)	(40, 0.0)	(45, 0.0)	(50, 0.0)	(55, 0.0)	(60, 0.0)	(65, 0.0)	(70, 0.0)	(75, 0.0)	(80, 0.0)	(85, 0.0)	(90, 0.0)	(95, 0.0)	(100, 0.0)	(105, 0.0)	(110, 0.0)	(115, 0.0)	(120, 0.009958659981240663)	(125, 0.04655094549370636)	(130, 0.05882557291244485)	(135, 0.061836330581192034)	(140, 0.06531028173743877)	(145, 0.06693145894368725)	(150, 0.06739465243118682)	(155, 0.06971061986868465)	(160, 0.07202658730618247)	(165, 0.0731845710249314)	(170, 0.0933334877311625)	(175, 0.15215906064360735)	(180, 0.1757819285060852)	(185, 0.1906041201060713)	(190, 0.20380513449980894)	(195, 0.21932211633104437)	(200, 0.23205993723728247)	(205, 0.24294498419352223)	(210, 0.24966128976226595)	(215, 0.25684078881850925)	(220, 0.29482265479347364)	(225, 0.39116690019338335)	(230, 0.48913232279954144)	(235, 0.539852009680744)
DRR811142_1 - illumina_universal_adapter	(1, 0.0)	(2, 0.0)	(3, 0.0)	(4, 0.0)	(5, 0.0)	(6, 0.0)	(7, 0.0)	(8, 0.0)	(9, 0.0)	(10, 0.0)	(15, 0.0)	(20, 0.0)	(25, 0.0)	(30, 0.0)	(35, 0.0)	(40, 0.0)	(45, 0.0)	(50, 0.012095621385058607)	(55, 0.016494029161443557)	(60, 0.018473312660816785)	(65, 0.01979283499373227)	(70, 0.01979283499373227)	(75, 0.01979283499373227)	(80, 0.01979283499373227)	(85, 0.01979283499373227)	(90, 0.02001275538255152)	(95, 0.020892436937828506)	(100, 0.024411163158936468)	(105, 0.027050207824767435)	(110, 0.0301290932682369)	(115, 0.03078885443469464)	(120, 0.03144861560115238)	(125, 0.032988058322887114)	(130, 0.032988058322887114)	(135, 0.032988058322887114)	(140, 0.032988058322887114)	(145, 0.032988058322887114)	(150, 0.03892590882100679)	(155, 0.04926216709551143)	(160, 0.05695938070418509)	(165, 0.05827890303710057)	(170, 0.06135778848057003)	(175, 0.06619603703459347)	(180, 0.06795540014514745)	(185, 0.0681753205339667)	(190, 0.06927492247806294)	(195, 0.06971476325570145)	(200, 0.07719205647555585)	(205, 0.09016735941589145)	(210, 0.10094345846803457)	(215, 0.10732114974379274)	(220, 0.11545820413010491)	(225, 0.12579446240460954)	(230, 0.1293131886257175)	(235, 0.130632710958633)
DRR811142_2 - illumina_universal_adapter	(1, 0.0)	(2, 0.0)	(3, 0.0)	(4, 0.0)	(5, 0.0)	(6, 0.0)	(7, 0.0)	(8, 0.0)	(9, 0.0)	(10, 0.0)	(15, 0.0)	(20, 0.0)	(25, 0.0)	(30, 0.0)	(35, 0.0)	(40, 0.0)	(45, 0.00021992038881924744)	(50, 0.014294825273251082)	(55, 0.01869323304963603)	(60, 0.02067251654900926)	(65, 0.021992038881924744)	(70, 0.021992038881924744)	(75, 0.021992038881924744)	(80, 0.021992038881924744)	(85, 0.021992038881924744)	(90, 0.022211959270743993)	(95, 0.02309164082602098)	(100, 0.030568934045875396)	(105, 0.03650678454399507)	(110, 0.04002551076510303)	(115, 0.040685271931560775)	(120, 0.04134503309801852)	(125, 0.04178487387565701)	(130, 0.04178487387565701)	(135, 0.04178487387565701)	(140, 0.04178487387565701)	(145, 0.04222471465329551)	(150, 0.0510215302060654)	(155, 0.06245739042466627)	(160, 0.07147412636625541)	(165, 0.07257372831035165)	(170, 0.07587253414264036)	(175, 0.0815904642519408)	(180, 0.08334982736249479)	(185, 0.08356974775131402)	(190, 0.08356974775131402)	(195, 0.08400958852895253)	(200, 0.09302632447054165)	(205, 0.10776099052143125)	(210, 0.12051637307294757)	(215, 0.127993666292802)	(220, 0.1381100041784874)	(225, 0.14712674012007654)	(230, 0.150205625563546)	(235, 0.15086538673000374)
DRR811143_1 - illumina_universal_adapter	(1, 0.0)	(2, 0.0)	(3, 0.0)	(4, 0.0)	(5, 0.0)	(6, 0.0)	(7, 0.0)	(8, 0.0)	(9, 0.0)	(10, 0.0)	(15, 0.0)	(20, 0.0)	(25, 0.0)	(30, 0.0)	(35, 0.0)	(40, 0.0)	(45, 0.0)	(50, 0.06536958106048893)	(55, 0.087012212627813)	(60, 0.0872330558070714)	(65, 0.0872330558070714)	(70, 0.0872330558070714)	(75, 0.08789558534484662)	(80, 0.08833727170336345)	(85, 0.08944148759965548)	(90, 0.08944148759965548)	(95, 0.0901040171374307)	(100, 0.17866213202005254)	(105, 0.25529471522272035)	(110, 0.2946048011307171)	(115, 0.3058678032728959)	(120, 0.3290563370950288)	(125, 0.34407367328460053)	(130, 0.34782800733199354)	(135, 0.34893222322828554)	(140, 0.35025728230383607)	(145, 0.35246571409642014)	(150, 0.4449990062056933)	(155, 0.5788299728362889)	(160, 0.6985269759943464)	(165, 0.7597005366489256)	(170, 0.8096110951613259)	(175, 0.8732139307877477)	(180, 0.9025860736291159)	(185, 0.9198118416112718)	(190, 0.9430003754334049)	(195, 0.9536008480378083)	(200, 1.0408339038448797)	(205, 1.2530641991122107)	(210, 1.4039000905457033)	(215, 1.5182968574015594)	(220, 1.6362271151255494)	(225, 1.7645370022746847)	(230, 1.8537576466950818)	(235, 1.899693027980831)
DRR811143_1 - polyg	(1, 0.0)	(2, 0.0)	(3, 0.0)	(4, 0.0)	(5, 0.0)	(6, 0.0)	(7, 0.0)	(8, 0.0)	(9, 0.0)	(10, 0.0)	(15, 0.0)	(20, 0.0)	(25, 0.0)	(30, 0.0)	(35, 0.0)	(40, 0.0)	(45, 0.0)	(50, 0.0)	(55, 0.0)	(60, 0.0)	(65, 0.0)	(70, 0.0)	(75, 0.0)	(80, 0.0)	(85, 0.0)	(90, 0.0)	(95, 0.0)	(100, 0.0)	(105, 0.0)	(110, 0.0)	(115, 0.0)	(120, 0.028709613303593118)	(125, 0.06713632649455623)	(130, 0.08281619222190323)	(135, 0.0896623307789139)	(140, 0.09385835118482365)	(145, 0.09805437159073342)	(150, 0.10401713743071046)	(155, 0.11329255095956363)	(160, 0.1256597689980345)	(165, 0.1351560257061461)	(170, 0.17822044566153575)	(175, 0.2650118151100903)	(180, 0.33546078929352263)	(185, 0.376758463814845)	(190, 0.4092224111658311)	(195, 0.4385945540071995)	(200, 0.46266646054636607)	(205, 0.4854133080099821)	(210, 0.5070559395773062)	(215, 0.5353238665223824)	(220, 0.600472604403613)	(225, 0.7301075506282989)	(230, 0.8621717718248272)	(235, 0.9524966321415164)
DRR811143_2 - illumina_universal_adapter	(1, 0.0)	(2, 0.0)	(3, 0.0)	(4, 0.0)	(5, 0.0)	(6, 0.0)	(7, 0.0)	(8, 0.0)	(9, 0.0)	(10, 0.0)	(15, 0.0)	(20, 0.0)	(25, 0.0)	(30, 0.0)	(35, 0.004416863585168173)	(40, 0.005521079481460215)	(45, 0.02208431792584086)	(50, 0.22216823833395907)	(55, 0.26699940372341596)	(60, 0.26832446279896643)	(65, 0.27009120823303373)	(70, 0.2716371104878426)	(75, 0.2745080718182019)	(80, 0.27494975817671874)	(85, 0.27870409222411163)	(90, 0.28223758309224617)	(95, 0.2870961330359312)	(100, 0.44146551533755873)	(105, 0.5468077118438197)	(110, 0.601576820299905)	(115, 0.6159316269517017)	(120, 0.6435370243590026)	(125, 0.660983635520417)	(130, 0.66473796956781)	(135, 0.665842185464102)	(140, 0.666946401360394)	(145, 0.6689339899737197)	(150, 0.7870850908769682)	(155, 0.9434420617919216)	(160, 1.0730770080166074)	(165, 1.1375632163600629)	(170, 1.1974117179390913)	(175, 1.266314789867715)	(180, 1.290165853227623)	(185, 1.3058457189549704)	(190, 1.328371723239328)	(195, 1.3396347253815064)	(200, 1.44188511737815)	(205, 1.6779664760053887)	(210, 1.831010799231466)	(215, 1.9522537046443322)	(220, 2.0719507078023893)	(225, 2.1806055519975267)	(230, 2.2590048806342615)	(235, 2.2991983392592923)
DRR811143_2 - polyg	(1, 0.0)	(2, 0.0)	(3, 0.0)	(4, 0.0)	(5, 0.0)	(6, 0.0)	(7, 0.0)	(8, 0.0)	(9, 0.0)	(10, 0.0)	(15, 0.0)	(20, 0.0)	(25, 0.0)	(30, 0.0)	(35, 0.0)	(40, 0.0)	(45, 0.0)	(50, 0.0002208431792584086)	(55, 0.001104215896292043)	(60, 0.001104215896292043)	(65, 0.001104215896292043)	(70, 0.001104215896292043)	(75, 0.001104215896292043)	(80, 0.001104215896292043)	(85, 0.001104215896292043)	(90, 0.001104215896292043)	(95, 0.001104215896292043)	(100, 0.001104215896292043)	(105, 0.002208431792584086)	(110, 0.002208431792584086)	(115, 0.0030918045096177205)	(120, 0.019655042953998364)	(125, 0.057198383427927824)	(130, 0.08016607407080233)	(135, 0.08922064442039708)	(140, 0.09783352841147501)	(145, 0.10423798060996887)	(150, 0.11373423731808044)	(155, 0.12146374859212472)	(160, 0.12897241668691062)	(165, 0.13449349616837084)	(170, 0.1638656390097392)	(175, 0.2623616969589894)	(180, 0.3312647688876129)	(185, 0.37455003202226095)	(190, 0.4056889202976966)	(195, 0.44212804487533397)	(200, 0.46642079459375896)	(205, 0.48320487621739805)	(210, 0.5041849782469467)	(215, 0.5262692961727877)	(220, 0.5929639363088272)	(225, 0.7175194894105695)	(230, 0.8411916697952785)	(235, 0.9489631412733818)
DRR811144_1 - illumina_universal_adapter	(1, 0.0)	(2, 0.0)	(3, 0.0)	(4, 0.0)	(5, 0.0)	(6, 0.0)	(7, 0.0)	(8, 0.0)	(9, 0.0)	(10, 0.0)	(15, 0.0)	(20, 0.0)	(25, 0.0)	(30, 0.0)	(35, 0.0)	(40, 0.0)	(45, 0.0)	(50, 0.013628977302510878)	(55, 0.01834670021491849)	(60, 0.01834670021491849)	(65, 0.01834670021491849)	(70, 0.01834670021491849)	(75, 0.01834670021491849)	(80, 0.01834670021491849)	(85, 0.02070556167112229)	(90, 0.022278135975258163)	(95, 0.022278135975258163)	(100, 0.03695549614719296)	(105, 0.04953609058027992)	(110, 0.05110866488441579)	(115, 0.051894952036483734)	(120, 0.0545159092100435)	(125, 0.055040100644755466)	(130, 0.055040100644755466)	(135, 0.055040100644755466)	(140, 0.055040100644755466)	(145, 0.05530219636211144)	(150, 0.08229805524977721)	(155, 0.11584630707134247)	(160, 0.13760025161188866)	(165, 0.1431042616763642)	(170, 0.14624941028463595)	(175, 0.15070503747968758)	(180, 0.1554227603920952)	(185, 0.15620904754416315)	(190, 0.16014048330450278)	(195, 0.16276144047806257)	(200, 0.17796299208470934)	(205, 0.2023378937988153)	(210, 0.21675315825339414)	(215, 0.2269748912302773)	(220, 0.2356240499030246)	(225, 0.24584578287990774)	(230, 0.254757037270011)	(235, 0.2602610473344865)
DRR811144_1 - polyg	(1, 0.0)	(2, 0.0)	(3, 0.0)	(4, 0.0)	(5, 0.0)	(6, 0.0)	(7, 0.0)	(8, 0.0)	(9, 0.0)	(10, 0.0)	(15, 0.0)	(20, 0.0)	(25, 0.0)	(30, 0.0)	(35, 0.0002620957173559784)	(40, 0.001310478586779892)	(45, 0.001310478586779892)	(50, 0.001310478586779892)	(55, 0.001310478586779892)	(60, 0.001310478586779892)	(65, 0.001310478586779892)	(70, 0.001310478586779892)	(75, 0.001310478586779892)	(80, 0.001310478586779892)	(85, 0.001310478586779892)	(90, 0.001310478586779892)	(95, 0.001310478586779892)	(100, 0.001310478586779892)	(105, 0.001310478586779892)	(110, 0.001310478586779892)	(115, 0.001310478586779892)	(120, 0.007076584368611416)	(125, 0.01677412591078262)	(130, 0.018870891649630444)	(135, 0.01965717880169838)	(140, 0.022540231692614144)	(145, 0.023588614562038056)	(150, 0.023588614562038056)	(155, 0.023588614562038056)	(160, 0.025685380300885886)	(165, 0.02620957173559784)	(170, 0.03118939036536143)	(175, 0.04508046338522829)	(180, 0.05268123918855165)	(185, 0.05556429207946743)	(190, 0.058971536405095136)	(195, 0.06106830214394297)	(200, 0.06316506788279079)	(205, 0.06526183362163862)	(210, 0.0655239293389946)	(215, 0.06866907794726634)	(220, 0.08753996959689678)	(225, 0.1116527755936468)	(230, 0.1433663573937202)	(235, 0.16040257902185878)
DRR811144_2 - illumina_universal_adapter	(1, 0.0)	(2, 0.0)	(3, 0.0)	(4, 0.0)	(5, 0.0)	(6, 0.0)	(7, 0.0)	(8, 0.0)	(9, 0.0)	(10, 0.0)	(15, 0.0)	(20, 0.0)	(25, 0.0)	(30, 0.0)	(35, 0.0)	(40, 0.0)	(45, 0.0005241914347119568)	(50, 0.017560413062850548)	(55, 0.022278135975258163)	(60, 0.022278135975258163)	(65, 0.022278135975258163)	(70, 0.022278135975258163)	(75, 0.022278135975258163)	(80, 0.022278135975258163)	(85, 0.02594747601824186)	(90, 0.027520050322377733)	(95, 0.027782146039733713)	(100, 0.042197410494312526)	(105, 0.05346752634061959)	(110, 0.055040100644755466)	(115, 0.055826387796823404)	(120, 0.05844734497038319)	(125, 0.058971536405095136)	(130, 0.058971536405095136)	(135, 0.058971536405095136)	(140, 0.058971536405095136)	(145, 0.05923363212245112)	(150, 0.08596739529276091)	(155, 0.11715678565812235)	(160, 0.13995911306809247)	(165, 0.145725218849924)	(170, 0.14887036745819573)	(175, 0.15463647324002727)	(180, 0.15935419615243485)	(185, 0.16014048330450278)	(190, 0.16407191906484248)	(195, 0.16669287623840226)	(200, 0.18530167217067672)	(205, 0.21465639251454632)	(210, 0.22985794412119312)	(215, 0.23955548566336424)	(220, 0.24663207003197568)	(225, 0.2563296115741469)	(230, 0.26419248309482624)	(235, 0.26943439744194586)
DRR811144_2 - polyg	(1, 0.0)	(2, 0.0)	(3, 0.0)	(4, 0.0)	(5, 0.0)	(6, 0.0)	(7, 0.0)	(8, 0.0)	(9, 0.0)	(10, 0.0)	(15, 0.0)	(20, 0.0)	(25, 0.0)	(30, 0.0)	(35, 0.0)	(40, 0.0)	(45, 0.0)	(50, 0.0)	(55, 0.0)	(60, 0.0)	(65, 0.0)	(70, 0.0)	(75, 0.0)	(80, 0.0)	(85, 0.0)	(90, 0.0005241914347119568)	(95, 0.001310478586779892)	(100, 0.001310478586779892)	(105, 0.001310478586779892)	(110, 0.001310478586779892)	(115, 0.001310478586779892)	(120, 0.006290297216543482)	(125, 0.015201551606646749)	(130, 0.01834670021491849)	(135, 0.01834670021491849)	(140, 0.01834670021491849)	(145, 0.01834670021491849)	(150, 0.01834670021491849)	(155, 0.021753944540546206)	(160, 0.023588614562038056)	(165, 0.02437490171410599)	(170, 0.030403103213293498)	(175, 0.04324579336373644)	(180, 0.047701420558788066)	(185, 0.05372962205797558)	(190, 0.05556429207946743)	(195, 0.058709440687739166)	(200, 0.0594957278398071)	(205, 0.060282014991875035)	(210, 0.060282014991875035)	(215, 0.06054411070923101)	(220, 0.06997955653404624)	(225, 0.10772133983330712)	(230, 0.13235833726476912)	(235, 0.14755988887141586)
DRR811145_1 - illumina_universal_adapter	(1, 0.0)	(2, 0.0)	(3, 0.0)	(4, 0.0)	(5, 0.0)	(6, 0.0)	(7, 0.0)	(8, 0.0)	(9, 0.0)	(10, 0.0)	(15, 0.0)	(20, 0.0)	(25, 0.0)	(30, 0.0)	(35, 0.0)	(40, 0.0)	(45, 0.0)	(50, 0.014828914169359478)	(55, 0.018812801558142623)	(60, 0.018812801558142623)	(65, 0.018812801558142623)	(70, 0.018812801558142623)	(75, 0.018812801558142623)	(80, 0.018812801558142623)	(85, 0.020583418175379575)	(90, 0.021026072329688814)	(95, 0.021026072329688814)	(100, 0.02965782833871896)	(105, 0.036740294807666767)	(110, 0.04625735912531539)	(115, 0.04647868620247001)	(120, 0.04736399451108849)	(125, 0.0497985923597893)	(130, 0.0497985923597893)	(135, 0.05068390066840778)	(140, 0.0509052277455624)	(145, 0.0509052277455624)	(150, 0.06352087114337568)	(155, 0.09251471825063079)	(160, 0.10335974503120711)	(165, 0.1144260988889381)	(170, 0.11907396750918509)	(175, 0.1296976672126068)	(180, 0.131910937984153)	(185, 0.13390288167854456)	(190, 0.13523084414147227)	(195, 0.13722278783586384)	(200, 0.15160904785091409)	(205, 0.16776592448320127)	(210, 0.1750697180293037)	(215, 0.18591474480988004)	(220, 0.190562613430127)	(225, 0.19786640697622948)	(230, 0.20937541498826967)	(235, 0.21114603160550663)
DRR811145_1 - polyg	(1, 0.0)	(2, 0.0)	(3, 0.0)	(4, 0.0)	(5, 0.0)	(6, 0.0)	(7, 0.0)	(8, 0.0)	(9, 0.0)	(10, 0.0)	(15, 0.0)	(20, 0.0)	(25, 0.0)	(30, 0.0)	(35, 0.0)	(40, 0.0)	(45, 0.0)	(50, 0.0006639812314638572)	(55, 0.0011066353857730955)	(60, 0.0011066353857730955)	(65, 0.002213270771546191)	(70, 0.002213270771546191)	(75, 0.002213270771546191)	(80, 0.002213270771546191)	(85, 0.002213270771546191)	(90, 0.002213270771546191)	(95, 0.002213270771546191)	(100, 0.002213270771546191)	(105, 0.002213270771546191)	(110, 0.002213270771546191)	(115, 0.002213270771546191)	(120, 0.010181045549112479)	(125, 0.016378203709441812)	(130, 0.01726351201806029)	(135, 0.017706166172369527)	(140, 0.017706166172369527)	(145, 0.017706166172369527)	(150, 0.017706166172369527)	(155, 0.017706166172369527)	(160, 0.019698109866761102)	(165, 0.02213270771546191)	(170, 0.025231286795626577)	(175, 0.032313753264574384)	(180, 0.04028152804214067)	(185, 0.04891328405117082)	(190, 0.05156920897702625)	(195, 0.05311849851710858)	(200, 0.05378247974857244)	(205, 0.05776636713735558)	(210, 0.060422292063211015)	(215, 0.0626355628347572)	(220, 0.07325926253817892)	(225, 0.09030144747908458)	(230, 0.11376211765747421)	(235, 0.1299189942897614)
DRR811145_2 - illumina_universal_adapter	(1, 0.0)	(2, 0.0)	(3, 0.0)	(4, 0.0)	(5, 0.0)	(6, 0.0)	(7, 0.0)	(8, 0.0)	(9, 0.0)	(10, 0.0)	(15, 0.0)	(20, 0.0)	(25, 0.0)	(30, 0.0)	(35, 0.0)	(40, 0.0)	(45, 0.0011066353857730955)	(50, 0.02169005356115267)	(55, 0.0254526138727812)	(60, 0.0254526138727812)	(65, 0.0254526138727812)	(70, 0.0254526138727812)	(75, 0.0254526138727812)	(80, 0.0254526138727812)	(85, 0.027223230490018152)	(90, 0.02766588464432739)	(95, 0.02766588464432739)	(100, 0.03651896773051215)	(105, 0.044486742508078436)	(110, 0.054003806825727065)	(115, 0.05422513390288168)	(120, 0.05488911513434554)	(125, 0.056438404674427865)	(130, 0.056438404674427865)	(135, 0.05732371298304635)	(140, 0.05754504006020097)	(145, 0.05754504006020097)	(150, 0.07215262715240582)	(155, 0.10269576379974325)	(160, 0.11420477181178346)	(165, 0.12438581736089593)	(170, 0.1290336859811429)	(175, 0.14187065645611083)	(180, 0.14364127307334779)	(185, 0.1449692355362755)	(190, 0.1462971979992032)	(195, 0.1482891416935948)	(200, 0.1631180558629543)	(205, 0.17883227834093224)	(210, 0.18547209065557083)	(215, 0.19631711743614716)	(220, 0.20096498605639415)	(225, 0.20605550883095036)	(230, 0.21490859191713513)	(235, 0.21667920853437211)
DRR811145_2 - polyg	(1, 0.0)	(2, 0.0)	(3, 0.0)	(4, 0.0)	(5, 0.0)	(6, 0.0)	(7, 0.0)	(8, 0.0)	(9, 0.0)	(10, 0.0)	(15, 0.0)	(20, 0.0)	(25, 0.0)	(30, 0.0)	(35, 0.0)	(40, 0.0)	(45, 0.0)	(50, 0.0)	(55, 0.0)	(60, 0.0)	(65, 0.0)	(70, 0.0)	(75, 0.0)	(80, 0.0)	(85, 0.0)	(90, 0.0)	(95, 0.0)	(100, 0.0)	(105, 0.0)	(110, 0.0)	(115, 0.0)	(120, 0.004647868620247001)	(125, 0.013500951706431766)	(130, 0.016378203709441812)	(135, 0.017706166172369527)	(140, 0.019476782789606482)	(145, 0.01991943694391572)	(150, 0.01991943694391572)	(155, 0.021468726483998054)	(160, 0.02213270771546191)	(165, 0.02213270771546191)	(170, 0.025009959718471957)	(175, 0.03607631357620291)	(180, 0.04670001327962463)	(185, 0.05112655482271702)	(190, 0.05267584436279935)	(195, 0.05422513390288168)	(200, 0.05533176928865478)	(205, 0.05754504006020097)	(210, 0.05820902129166482)	(215, 0.058651675445974064)	(220, 0.06462750652914877)	(225, 0.08609623301314683)	(230, 0.10490903457128946)	(235, 0.11509008012040194)
DRR811146_1 - illumina_universal_adapter	(1, 0.0)	(2, 0.0)	(3, 0.0)	(4, 0.0)	(5, 0.0)	(6, 0.0)	(7, 0.0)	(8, 0.0)	(9, 0.0)	(10, 0.0)	(15, 0.0)	(20, 0.0)	(25, 0.0)	(30, 0.0)	(35, 0.0)	(40, 0.0)	(45, 0.0)	(50, 0.030199141057217473)	(55, 0.04084310061017117)	(60, 0.04084310061017117)	(65, 0.04084310061017117)	(70, 0.04084310061017117)	(75, 0.04084310061017117)	(80, 0.04084310061017117)	(85, 0.04084310061017117)	(90, 0.04084310061017117)	(95, 0.04084310061017117)	(100, 0.07673552235850341)	(105, 0.10668712947262893)	(110, 0.11535081748084705)	(115, 0.11856875874104236)	(120, 0.12203423394432962)	(125, 0.12648984491998466)	(130, 0.12747998069235245)	(135, 0.12747998069235245)	(140, 0.12747998069235245)	(145, 0.12921271829399608)	(150, 0.1863930591482357)	(155, 0.25273215589687736)	(160, 0.28416896666955455)	(165, 0.30347661423072636)	(170, 0.32699233882446127)	(175, 0.3636273624020694)	(180, 0.38318254390633316)	(185, 0.3940740374023789)	(190, 0.39481663923165466)	(195, 0.39852964837803384)	(200, 0.44184808841912443)	(205, 0.503979108135203)	(210, 0.5354159189078802)	(215, 0.5614069829325347)	(220, 0.5861603772417293)	(225, 0.615369382526579)	(230, 0.633439360372291)	(235, 0.6398752428926816)
DRR811146_1 - polyg	(1, 0.0)	(2, 0.0)	(3, 0.0)	(4, 0.0)	(5, 0.0)	(6, 0.0)	(7, 0.0)	(8, 0.0)	(9, 0.0)	(10, 0.0)	(15, 0.0)	(20, 0.0)	(25, 0.0)	(30, 0.0)	(35, 0.0)	(40, 0.0)	(45, 0.0)	(50, 0.0)	(55, 0.0)	(60, 0.0)	(65, 0.0)	(70, 0.0)	(75, 0.0)	(80, 0.0)	(85, 0.0)	(90, 0.0)	(95, 0.0)	(100, 0.0)	(105, 0.0)	(110, 0.0)	(115, 0.0)	(120, 0.02326819065064297)	(125, 0.03341708231741277)	(130, 0.037130091463791974)	(135, 0.037130091463791974)	(140, 0.037130091463791974)	(145, 0.037130091463791974)	(150, 0.03861529512234365)	(155, 0.04034803272398727)	(160, 0.04232830426872285)	(165, 0.04455610975655037)	(170, 0.06559649491936581)	(175, 0.09777590752131886)	(180, 0.11361807987920343)	(185, 0.12054903028577794)	(190, 0.1272324467492605)	(195, 0.1309454558956397)	(200, 0.13564860081438668)	(205, 0.1363912026436625)	(210, 0.1420844833347773)	(215, 0.14777776402589204)	(220, 0.18020471057093707)	(225, 0.23986039085609617)	(230, 0.2920900528484969)	(235, 0.31659591321459957)
DRR811146_2 - illumina_universal_adapter	(1, 0.0)	(2, 0.0)	(3, 0.0)	(4, 0.0)	(5, 0.0)	(6, 0.0)	(7, 0.0)	(8, 0.0)	(9, 0.0)	(10, 0.0)	(15, 0.0)	(20, 0.0)	(25, 0.0)	(30, 0.0)	(35, 0.0)	(40, 0.0)	(45, 0.002227805487827518)	(50, 0.052972263821676545)	(55, 0.06683416463482555)	(60, 0.06683416463482555)	(65, 0.06683416463482555)	(70, 0.06683416463482555)	(75, 0.06683416463482555)	(80, 0.06683416463482555)	(85, 0.06683416463482555)	(90, 0.06683416463482555)	(95, 0.06906197012265307)	(100, 0.13144052378182358)	(105, 0.1722836243919948)	(110, 0.18441278760350013)	(115, 0.1888683985791552)	(120, 0.1970370187011894)	(125, 0.2019876975630283)	(130, 0.20297783333539612)	(135, 0.20297783333539612)	(140, 0.20297783333539612)	(145, 0.20520563882322365)	(150, 0.27674294837679614)	(155, 0.34729012215800087)	(160, 0.38417267967870095)	(165, 0.40496553089842446)	(170, 0.4260059160612399)	(175, 0.448779038825699)	(180, 0.467344084557595)	(185, 0.47724544228127286)	(190, 0.4777405101674567)	(195, 0.4792257138260084)	(200, 0.5255145611842024)	(205, 0.5888832506157406)	(210, 0.6213101971607856)	(215, 0.6497766006163596)	(220, 0.67527259675483)	(225, 0.6945802443160017)	(230, 0.7094322809015187)	(235, 0.7146304937064494)
DRR811146_2 - polyg	(1, 0.0)	(2, 0.0)	(3, 0.0)	(4, 0.0)	(5, 0.0)	(6, 0.0)	(7, 0.0)	(8, 0.0)	(9, 0.0)	(10, 0.0)	(15, 0.0)	(20, 0.0)	(25, 0.0)	(30, 0.0)	(35, 0.0)	(40, 0.0)	(45, 0.0)	(50, 0.0)	(55, 0.0)	(60, 0.0)	(65, 0.0)	(70, 0.0)	(75, 0.0)	(80, 0.0)	(85, 0.0)	(90, 0.0007426018292758394)	(95, 0.0012376697154597323)	(100, 0.0012376697154597323)	(105, 0.0012376697154597323)	(110, 0.0012376697154597323)	(115, 0.0012376697154597323)	(120, 0.009653823780585912)	(125, 0.030694208943401365)	(130, 0.03589242174833224)	(135, 0.036387489634516136)	(140, 0.03762515934997586)	(145, 0.04034803272398727)	(150, 0.04133816849635506)	(155, 0.0420807703256309)	(160, 0.0420807703256309)	(165, 0.0430709060979987)	(170, 0.05569513719568796)	(175, 0.09505303414730745)	(180, 0.11386561382229539)	(185, 0.12054903028577794)	(190, 0.12648984491998466)	(195, 0.13193559166800747)	(200, 0.13688627052984642)	(205, 0.13936160996076588)	(210, 0.13985667784694977)	(215, 0.14282708516405312)	(220, 0.1700558189041672)	(225, 0.23688998353899277)	(230, 0.2854066363850143)	(235, 0.3156057774422318)
