Sample	0	1	2	3	4	5	6	7	8	9	10	11	12	13	14	15	16	17	18	19	20	21	22	23	24	25	26	27	28	29	30	31	32	33	34	35	36	37	38	39	40	41	42	43	44	45	46	47	48	49	50	51	52	53	54	55	56	57	58	59	60	61	62	63	64	65	66	67	68	69	70	71
SRR1663482	(1, 39.67441224712958)	(2, 39.76663021687625)	(3, 39.600601421541825)	(4, 39.66101694915254)	(5, 39.68161108073629)	(6, 39.80335338071806)	(7, 39.71004191725898)	(8, 39.639693821760524)	(9, 39.44587206123565)	(10, 38.44483324220886)	(20, 38.20687989794059)	(30, 38.42851284855112)	(40, 36.62687973495639)	(50, 39.34563572009061)	(60, 39.35224575290893)	(70, 38.92050642219943)	(80, 37.562296702693445)	(90, 37.42792122748519)	(100, 37.90528095020557)	(110, 38.098081315669255)	(120, 38.39040657834628)	(130, 38.021215166742806)	(140, 37.25657318244022)	(150, 37.99445087522785)	(160, 37.142317886847636)	(170, 36.69919568595193)	(180, 36.10452426652042)	(190, 34.671419431496204)	(200, 34.70425006854949)	(210, 35.84124300546647)	(220, 34.31260120027683)	(230, 35.52465014177262)	(240, 35.012777828592334)	(250, 33.01800969541755)	(260, 33.75413884569652)	(270, 33.949464922711066)	(280, 34.49870342934537)	(290, 35.990766837481694)	(300, 34.262060761347)	(310, 31.505628260272722)	(320, 33.25083737530887)	(330, 33.00194929989934)	(340, 31.916326530612245)	(350, 30.558597968335313)	(360, 28.813370550013722)	(370, 28.10352338244715)	(380, 28.43393429120527)	(390, 28.465983344010255)	(400, 27.22185412281504)	(410, 24.84637154457503)	(420, 24.838356491381877)	(430, 23.85048694113333)	(440, 23.57705140833952)	(450, 23.23493729413317)	(460, 22.997162670781414)	(470, 23.40276547932221)	(480, 12.563771334736028)	(490, 12.129660658553714)	(500, 11.721894453333748)	(510, 11.548778462995362)	(520, 11.694209398028738)	(530, 12.907222656946379)	(540, 13.4159126984127)	(550, 10.444444444444445)								
SRR1663483	(1, 39.70665603826225)	(2, 39.772419290554005)	(3, 39.60462335591869)	(4, 39.62893583100837)	(5, 39.819449980071745)	(6, 39.72419290554006)	(7, 39.88441610203268)	(8, 39.86648066958948)	(9, 39.64806695894779)	(10, 37.87022718214428)	(20, 37.6839378238342)	(30, 38.13941809485851)	(40, 35.73886010362694)	(50, 39.15129358869474)	(60, 39.408575987235736)	(70, 38.9284802552852)	(80, 37.530368907179664)	(90, 36.71437125748503)	(100, 36.41800399201597)	(110, 37.09580838323353)	(120, 38.35061876247505)	(130, 37.95289421157685)	(140, 37.468702594810374)	(150, 37.394051896207586)	(160, 38.50542914171657)	(170, 37.54047904191617)	(180, 36.16582834331337)	(190, 35.803313373253495)	(200, 35.675169660678634)	(210, 36.33258086148445)	(220, 35.45096000336112)	(230, 34.81260640453993)	(240, 35.18086745034455)	(250, 33.99497365220916)	(260, 33.87778678556951)	(270, 34.37117957032833)	(280, 34.78486500487618)	(290, 36.02531645235217)	(300, 34.90307589177966)	(310, 34.218070818070814)	(320, 34.244688644688644)	(330, 34.7999185999186)	(340, 33.58315018315018)	(350, 31.773504273504273)	(360, 30.461294261294256)	(370, 29.437321937321933)	(380, 30.404232804232798)	(390, 30.909808709808708)	(400, 29.367195767195767)	(410, 26.713345885655627)	(420, 25.968215158924203)	(430, 25.394172779136106)	(440, 26.1172509599022)	(450, 24.979534360903365)	(460, 26.169545991217706)	(470, 24.453701479897994)	(480, 12.405714285714286)	(490, 11.727500000000001)	(500, 11.283333333333335)	(510, 10.9)	(520, 10.0)											
SRR1663485	(1, 39.93468261269549)	(2, 39.923029745476846)	(3, 39.83318000613309)	(4, 39.87427169579883)	(5, 39.76786261882858)	(6, 39.77736890524379)	(7, 39.87120515179393)	(8, 39.757129714811406)	(9, 39.70959828273536)	(10, 38.78770315854032)	(20, 38.48221404477154)	(30, 38.907145047531436)	(40, 35.88172339773076)	(50, 39.40077501726107)	(60, 39.56702453987731)	(70, 39.250398773006125)	(80, 37.72597367930619)	(90, 37.200490948143596)	(100, 37.3964099416999)	(110, 37.61245780914391)	(120, 38.5988953666769)	(130, 38.18023933722)	(140, 37.66999079472231)	(150, 38.06299478367598)	(160, 38.84983123657564)	(170, 38.150094878215135)	(180, 36.77084100675261)	(190, 37.154757519950884)	(200, 36.62179251074279)	(210, 36.92093634577596)	(220, 36.32462492677612)	(230, 35.71953173136168)	(240, 36.49168207024029)	(250, 34.71614294516328)	(260, 34.70314232902034)	(270, 35.48059149722736)	(280, 35.60591583620281)	(290, 36.712700369913684)	(300, 35.694124364608896)	(310, 34.850829945061164)	(320, 35.585282320271524)	(330, 36.219500154273376)	(340, 35.41496764068398)	(350, 33.52277777777778)	(360, 32.08052469135802)	(370, 31.2237037037037)	(380, 32.103024691358016)	(390, 33.05117283950617)	(400, 30.465123456790128)	(410, 27.07311728395062)	(420, 27.123179012345673)	(430, 26.444781873310994)	(440, 26.68407581244717)	(450, 24.912768338586112)	(460, 25.619038966789056)	(470, 23.230727199102624)	(480, 13.670352980352979)	(490, 13.420952380952382)	(500, 12.791666666666668)	(510, 11.5)	(520, 11.2)	(530, 15.7)	(540, 13.0)									
SRR1663487	(1, 39.8260162601626)	(2, 39.800271002710026)	(3, 39.88021680216802)	(4, 39.861246612466125)	(5, 39.71978319783198)	(6, 39.84010840108401)	(7, 39.74850948509485)	(8, 39.137940379403794)	(9, 38.96612466124661)	(10, 37.3339837398374)	(20, 38.08157181571816)	(30, 38.278563685636854)	(40, 35.69138211382114)	(50, 39.277479674796744)	(60, 39.315420054200544)	(70, 39.104200542005415)	(80, 37.57563685636857)	(90, 37.19617886178862)	(100, 37.883468834688344)	(110, 37.888482384823845)	(120, 38.426476964769655)	(130, 38.058157181571815)	(140, 37.36089430894309)	(150, 38.36460704607047)	(160, 38.11869918699187)	(170, 37.21617886178861)	(180, 36.31292682926829)	(190, 35.91330623306233)	(200, 35.44582655826558)	(210, 36.29041901604516)	(220, 35.60819128270697)	(230, 35.81535529539885)	(240, 35.87187585080316)	(250, 34.00947454396951)	(260, 34.36196569561666)	(270, 34.825401579090666)	(280, 35.32134494963246)	(290, 36.52295452166884)	(300, 35.134175413268096)	(310, 33.19244820065431)	(320, 34.496155943293346)	(330, 34.60084514721919)	(340, 33.62426390403489)	(350, 32.09225736095965)	(360, 30.57088331515812)	(370, 30.219247546346782)	(380, 31.20706106870229)	(390, 31.960850599781896)	(400, 29.49967284623773)	(410, 26.400798376020298)	(420, 26.82878994810161)	(430, 26.75148866429937)	(440, 26.770353495928145)	(450, 26.04424347807933)	(460, 25.711396277988563)	(470, 25.935241795079016)	(480, 13.460107228566699)	(490, 13.158354978354975)	(500, 12.417619047619047)	(510, 12.73333333333333)	(520, 10.222222222222221)											
SRR1663612	(1, 39.819569569569566)	(2, 39.875750750750754)	(3, 39.801926926926924)	(4, 39.9268018018018)	(5, 39.93355855855856)	(6, 39.955830830830834)	(7, 39.93543543543544)	(8, 39.90528028028028)	(9, 39.662287287287285)	(10, 38.73526026026027)	(20, 38.4871996996997)	(30, 39.03606106106106)	(40, 38.80429179179178)	(50, 39.607220311180455)	(60, 39.69183611805849)	(70, 39.64259570724598)	(80, 38.439764470057625)	(90, 38.544241202861315)	(100, 39.4109649122807)	(110, 39.37734844222978)	(120, 39.6305802732172)	(130, 39.33860132848728)	(140, 39.11245770146635)	(150, 39.40789572628149)	(160, 38.68759243012909)	(170, 38.95887955884196)	(180, 39.19818272966537)	(190, 38.40223085599699)	(200, 38.84765008146385)	(210, 38.7754147585584)	(220, 37.106474686233206)	(230, 38.03411543287327)	(240, 37.78140205111537)	(250, 35.05592369477912)	(260, 37.34221887550201)	(270, 36.94619728915663)	(280, 36.5894452811245)	(290, 38.22500313794402)	(300, 38.5181247646542)	(310, 36.41882702543148)	(320, 37.65050226017077)	(330, 37.285572576594674)	(340, 36.69944751381216)	(350, 37.2370291310899)	(360, 36.5955549974887)	(370, 35.08881215469613)	(380, 32.23024861878453)	(390, 30.339678553490707)	(400, 32.561401305876444)	(410, 33.2357693666457)	(420, 34.2072711289715)	(430, 30.336594248398846)	(440, 27.809122381292298)	(450, 29.10546670477994)	(460, 28.636918836248487)	(470, 29.496979296128348)	(480, 13.95472059971471)	(490, 12.38667808136886)	(500, 12.239173386869584)	(510, 12.59813452298479)	(520, 12.946266932630252)	(530, 12.469933567894095)	(540, 11.65021645021645)	(550, 12.542857142857141)	(560, 12.769047619047617)	(570, 12.211666666666666)	(580, 11.1)	(590, 12.0)	(600, 12.333333333333334)			
SRR1663613	(1, 38.706974459724954)	(2, 38.71876227897839)	(3, 39.47524557956778)	(4, 39.15972495088408)	(5, 39.209037328094304)	(6, 38.55500982318271)	(7, 38.41905697445973)	(8, 38.37151277013753)	(9, 38.3171905697446)	(10, 38.92127701375246)	(20, 38.46808454041634)	(40, 39.7878846151229)	(60, 39.28518882769473)	(80, 38.9024637197262)	(100, 39.220180501462245)	(120, 39.08681259222822)	(140, 38.88411214953271)	(160, 38.38051647811117)	(180, 37.74674553378068)	(200, 37.76149710422793)	(220, 37.75095972392537)	(240, 36.64709894237423)	(260, 37.11660077097954)	(280, 38.00702417600076)	(300, 36.40068712562563)	(320, 36.523143743091495)	(340, 34.793332673854984)	(360, 33.54574605096885)	(380, 33.49108626830234)	(400, 31.189054068904078)	(420, 29.96972096134998)	(440, 29.21150173608571)	(460, 21.039279312833237)	(480, 12.375586013237537)	(500, 12.433715037772146)	(520, 13.404101731601733)	(540, 12.525)	(560, 14.2)	(580, 11.7)	(600, 14.4)	(620, 10.55)	(640, 12.0)	(660, 11.6)	(680, 12.0)	(700, 13.95)	(720, 11.85)	(740, 11.0)	(760, 11.7)	(780, 11.1)	(800, 12.3)	(820, 12.85)																					
SRR1663614	(1, 39.93796475501681)	(2, 39.90007130487929)	(3, 39.93276968523989)	(4, 39.92696343078334)	(5, 39.92339818681879)	(6, 39.92665783844352)	(7, 39.93541815218499)	(8, 39.91871243760823)	(9, 39.89497809921565)	(10, 38.9469186105735)	(20, 38.686197412651524)	(30, 39.05448711418967)	(40, 37.46673630908899)	(50, 39.783846815357215)	(60, 39.75714740872278)	(70, 39.70974197876849)	(80, 39.07997342056839)	(90, 38.536235856672164)	(100, 39.12255623721882)	(110, 39.156625766871166)	(120, 39.45687116564417)	(130, 39.319692053273045)	(140, 38.82924134520375)	(150, 39.417682552669255)	(160, 39.13582898639664)	(170, 38.957307967679256)	(180, 38.209266646210494)	(190, 38.14721508072381)	(200, 37.9867368460716)	(210, 38.46523578858691)	(220, 36.694462480297666)	(230, 37.06119360199519)	(240, 37.86740315425721)	(250, 37.234500875656735)	(260, 37.6240795351183)	(270, 37.64368431897795)	(280, 38.26539254069648)	(290, 38.75189057730561)	(300, 38.04270994332818)	(310, 36.37951571354972)	(320, 37.27283874291602)	(330, 37.60159711488924)	(340, 36.705203503348784)	(350, 35.26948995363215)	(360, 33.226790314271)	(370, 33.343410613086036)	(380, 34.62991853983528)	(390, 35.82976092333058)	(400, 33.55262778235779)	(410, 29.8616811479422)	(420, 29.927640935793058)	(430, 30.290106152736268)	(440, 31.288129754444945)	(450, 29.396577096155887)	(460, 29.886531418595432)	(470, 28.435265983220916)	(480, 12.711195392253284)	(490, 12.908123323227349)	(500, 12.640417306670342)	(510, 13.013105821146741)	(520, 12.47147435897436)	(530, 12.686489898989898)	(540, 13.666666666666668)	(550, 11.013333333333332)	(560, 12.2)	(570, 13.2)	(580, 16.1)	(590, 12.0)				
SRR1663615	(1, 39.82650968477022)	(2, 39.78731484998101)	(3, 39.73406760349411)	(4, 39.510824154956325)	(5, 39.5051272312951)	(6, 38.657728826433726)	(7, 38.556019749335356)	(8, 38.54941131788834)	(9, 38.544853778959364)	(10, 39.16180022787695)	(20, 39.27843524496772)	(30, 37.75540187690929)	(40, 39.80035254801618)	(50, 39.8341832504249)	(60, 39.69950153552621)	(70, 39.11041722690549)	(80, 39.0915935794615)	(90, 39.094038022813685)	(100, 39.09459904452824)	(110, 39.612093094006696)	(120, 39.3478551871007)	(130, 38.972248686652435)	(140, 39.308872898227854)	(150, 38.214376996805115)	(160, 38.64465236573863)	(170, 37.965638519602855)	(180, 37.90761506276151)	(190, 38.00791936097376)	(200, 38.650340644706304)	(210, 37.500304659278484)	(220, 38.1557153253515)	(230, 37.982030628812886)	(240, 36.25081854345165)	(250, 36.86107711138311)	(260, 36.94230416156671)	(270, 37.45100214198287)	(280, 38.374980872226466)	(290, 37.85440201536393)	(300, 35.71164677073768)	(310, 37.570554025099476)	(320, 37.26078971533517)	(330, 36.6917278849097)	(340, 36.085705540251)	(350, 34.82839761248853)	(360, 34.07418120599939)	(370, 34.52390017550338)	(380, 34.621460278585644)	(390, 33.52420786774835)	(400, 31.004022177106588)	(410, 31.91746019595836)	(420, 31.149663196570724)	(430, 30.84963538064371)	(440, 29.53443945009468)	(450, 30.29545112120748)	(460, 28.717574482784926)	(470, 13.016452938373842)	(480, 12.251727100884859)	(490, 12.912572765638505)	(500, 12.633169326169346)	(510, 13.074084383753501)	(520, 13.006796536796537)	(530, 15.123809523809523)	(540, 13.766666666666666)	(550, 11.866666666666667)	(560, 11.0)	(570, 10.3)	(580, 10.0)	(590, 10.4)	(600, 10.6)	(610, 10.0)	(620, 10.0)	(630, 10.0)
SRR1663616	(1, 39.96322145545797)	(2, 39.932794855708906)	(3, 39.92275721455458)	(4, 39.92518820577165)	(5, 39.93757841907152)	(6, 39.949106022584694)	(7, 39.96204516938519)	(8, 39.95341907151819)	(9, 39.9357747804266)	(10, 39.191389585947306)	(20, 39.15802227101631)	(30, 39.04456555834379)	(40, 37.24079849766009)	(50, 39.76742342661541)	(60, 39.82160845860251)	(70, 39.724053168260774)	(80, 39.084680708786536)	(90, 38.896191896984924)	(100, 39.18019786432161)	(110, 39.269393844221106)	(120, 39.60242619346733)	(130, 39.422510992462314)	(140, 38.92506281407035)	(150, 39.24728329145729)	(160, 39.04250942211055)	(170, 38.93794755025125)	(180, 38.48574905778894)	(190, 38.113002512562815)	(200, 38.15882537688442)	(210, 38.73736277600554)	(220, 37.72261702208109)	(230, 37.92345669291338)	(240, 37.87071653543307)	(250, 37.5098031496063)	(260, 37.81182677165355)	(270, 37.700125984251976)	(280, 38.1658188976378)	(290, 38.72504724409448)	(300, 38.067433352196986)	(310, 36.45126552668886)	(320, 37.10790924846384)	(330, 37.127089622784794)	(340, 36.51666272748759)	(350, 35.78138343969117)	(360, 34.23910029149925)	(370, 34.01555975734657)	(380, 34.437658551957774)	(390, 34.01725360434885)	(400, 33.42213818640195)	(410, 30.93223036319231)	(420, 31.40065935063716)	(430, 30.24392392019835)	(440, 29.68205175138878)	(450, 29.377795885268164)	(460, 29.427769986286012)	(470, 28.94690087450586)	(480, 13.258299356126704)	(490, 12.356645692850034)	(500, 12.936682749388535)	(510, 12.894936628890273)	(520, 12.237828982484595)	(530, 13.234706359662884)	(540, 16.745961718020542)	(550, 11.733333333333334)	(560, 14.0)	(570, 10.2)	(580, 12.6)	(590, 10.5)	(600, 13.7)	(610, 12.2)	(620, 12.0)	
SRR1663659	(1, 38.87806366317502)	(2, 38.842570934607956)	(3, 39.6690735279162)	(4, 39.284145225261874)	(5, 39.3108918946405)	(6, 38.32319739652191)	(7, 38.229939997966035)	(8, 38.129258618936234)	(9, 38.071188853859454)	(10, 39.17111766500559)	(20, 39.091711583443505)	(30, 37.64170649852538)	(40, 39.80184685959463)	(50, 39.83910497994397)	(60, 39.70838325529368)	(70, 39.07862160236181)	(80, 38.956910090105765)	(90, 39.109702708206065)	(100, 39.12499490938709)	(110, 39.54596950036067)	(120, 39.444353935444454)	(130, 38.95215354851848)	(140, 39.31090520313614)	(150, 38.867986966703995)	(160, 38.8584360044802)	(170, 37.89213249135078)	(180, 38.22182281059063)	(190, 38.147515274949086)	(200, 38.56157931106463)	(210, 37.22523507869329)	(220, 37.803416650929506)	(230, 37.9794064390558)	(240, 37.08461617722823)	(250, 37.36966512107161)	(260, 37.103946419371454)	(270, 37.94855229263266)	(280, 38.581349819680575)	(290, 37.9819271949969)	(300, 36.251370294446204)	(310, 37.10645493916272)	(320, 37.12923283151166)	(330, 36.5345432047845)	(340, 35.50971334295731)	(350, 33.87448958548154)	(360, 33.43091359043102)	(370, 34.13089615344952)	(380, 34.66864686468647)	(390, 33.63504537953795)	(400, 30.701990511551152)	(410, 30.64909240924093)	(420, 30.230721309979117)	(430, 28.827900191894372)	(440, 28.76797689859713)	(450, 27.679246334366745)	(460, 27.62733618953883)	(470, 13.366662993815293)	(480, 12.76102236518216)	(490, 12.748775324355472)	(500, 13.069232687679925)	(510, 13.892898369111185)	(520, 13.60833333333333)	(530, 12.875)										
SRR1663661	(1, 39.67598452883263)	(2, 39.651898734177216)	(3, 39.70376230661041)	(4, 39.47222222222222)	(5, 39.47011251758087)	(6, 38.603551336146275)	(7, 38.47362869198312)	(8, 38.452883263009845)	(9, 38.44866385372715)	(10, 39.48206751054852)	(20, 39.24518284106891)	(30, 37.75266370635562)	(40, 39.80415054519873)	(50, 39.81801497668516)	(60, 39.69051205160437)	(70, 38.941467276565795)	(80, 38.77861916839524)	(90, 39.30878057364068)	(100, 39.35280661622383)	(110, 39.54267112440612)	(120, 39.384990322013024)	(130, 38.8426887207461)	(140, 39.38646841456976)	(150, 38.07615995654448)	(160, 38.59890864284457)	(170, 37.86637915859883)	(180, 37.93867276887872)	(190, 37.92811124801971)	(200, 38.44689291496599)	(210, 37.182869228057804)	(220, 38.27826929855481)	(230, 38.1318998942545)	(240, 36.00525202678886)	(250, 36.94480084596404)	(260, 36.66753612971448)	(270, 37.65994007754669)	(280, 38.64028266979306)	(290, 38.11779541446208)	(300, 35.178183421516756)	(310, 37.38239858906526)	(320, 37.27022927689595)	(330, 36.92132275132275)	(340, 36.24289241622575)	(350, 34.86467372134039)	(360, 34.38957671957672)	(370, 34.39425044091711)	(380, 34.34045855379189)	(390, 32.91303350970018)	(400, 30.16567901234568)	(410, 31.740370370370368)	(420, 31.026155202821865)	(430, 29.79929164112326)	(440, 28.9440583940448)	(450, 29.039555629963793)	(460, 28.463213153110587)	(470, 14.410751505685017)	(480, 11.79642857142857)	(490, 12.6)	(500, 11.6)	(510, 11.25)	(520, 12.444444444444445)											
SRR1663662	(1, 39.79637561779242)	(2, 39.78706754530478)	(3, 39.80065897858319)	(4, 39.28426688632619)	(5, 39.25823723228995)	(6, 38.20378912685338)	(7, 37.84349258649094)	(8, 37.78500823723229)	(9, 37.792915980230646)	(10, 39.30960461285008)	(20, 39.21850082372323)	(30, 37.65486204077888)	(40, 39.76997744000753)	(50, 39.83528979891328)	(60, 39.739647213979566)	(70, 39.153635532629735)	(80, 39.08393239901072)	(90, 39.15915910964551)	(100, 39.2746248969497)	(110, 39.62595218466612)	(120, 39.41528441879637)	(130, 39.05784830997527)	(140, 39.28147568013189)	(150, 38.64917559769168)	(160, 38.84951360263809)	(170, 38.29014014839241)	(180, 38.12342126957956)	(190, 38.205088678813226)	(200, 38.811059280436005)	(210, 37.34083888130029)	(220, 37.876191265434656)	(230, 38.02854893511229)	(240, 37.11273721720394)	(250, 37.56405071683103)	(260, 37.336181320957984)	(270, 37.86662799370183)	(280, 38.73247224701362)	(290, 38.28635270232577)	(300, 36.263951043225134)	(310, 37.57730514096186)	(320, 37.64628524046434)	(330, 36.93082089552239)	(340, 36.05218905472637)	(350, 34.58417347296192)	(360, 34.19972839075574)	(370, 34.70630286946426)	(380, 34.68355448664787)	(390, 33.459039641731636)	(400, 30.8696964670758)	(410, 31.70570575551501)	(420, 31.083977981248)	(430, 30.750434326173718)	(440, 30.61086610329928)	(450, 30.23562168416989)	(460, 31.014821956449584)	(470, 13.640477119115037)	(480, 12.389794319284654)	(490, 12.936295484222162)	(500, 12.324437725777123)	(510, 12.78094254779037)	(520, 12.97904761904762)	(530, 15.538333333333336)	(540, 12.05)	(550, 11.45)	(560, 11.35)	(570, 12.2)	(580, 9.6)	(590, 11.1)	(600, 12.2)	(610, 12.142857142857142)		
SRR1686992	(1, 36.918277382163446)	(2, 36.94337063411326)	(3, 37.77280434045439)	(4, 37.13869108172262)	(5, 37.49440488301119)	(6, 37.382163445235676)	(7, 37.439131909121734)	(8, 37.362156663275684)	(9, 37.31027466937945)	(10, 38.05442522889115)	(20, 38.23763987792472)	(30, 36.262529671074944)	(40, 39.171974920244274)	(50, 39.16602467304824)	(60, 38.74436219811732)	(70, 37.17205432937182)	(80, 37.253684210526316)	(90, 37.43826860332241)	(100, 37.778457356439006)	(110, 38.19697587495753)	(120, 37.91953788651036)	(130, 37.356133197417606)	(140, 37.8827047230717)	(150, 36.87274889568467)	(160, 36.557594291539246)	(170, 36.08280665987088)	(180, 34.85069656812776)	(190, 34.64886170574244)	(200, 35.560362288205326)	(210, 34.045402469655635)	(220, 35.12182689018131)	(230, 34.65008678177526)	(240, 32.39332420403971)	(250, 33.32779869907566)	(260, 33.50130092434098)	(270, 33.874669223337854)	(280, 35.53984433588158)	(290, 34.297527778227824)	(300, 31.547087045921863)	(310, 32.94400274160383)	(320, 32.597189856065796)	(330, 31.60088901227307)	(340, 30.670243400754202)	(350, 29.103222488858414)	(360, 27.58896126157011)	(370, 27.857079190949605)	(380, 28.08971546109016)	(390, 27.36928351045595)	(400, 25.004120464796664)	(410, 24.983247511156883)	(420, 23.78595949193271)	(430, 23.603089598352216)	(440, 23.861925591345756)	(450, 23.582768834051066)	(460, 24.659498761985336)	(470, 13.514872280497281)	(480, 11.579999999999998)	(490, 11.034444444444446)	(500, 11.72797619047619)	(510, 13.391666666666666)	(520, 15.428571428571429)											
SRR1686993	(1, 39.566602316602314)	(2, 39.43841698841699)	(3, 39.36196911196911)	(4, 38.728185328185326)	(5, 38.692664092664096)	(6, 37.182432432432435)	(7, 37.19942084942085)	(8, 37.1976833976834)	(9, 37.19401544401544)	(10, 38.03847490347491)	(20, 38.533725868725874)	(30, 36.84218146718146)	(40, 39.439956022647706)	(50, 39.492883489390564)	(60, 39.05994976816074)	(70, 37.818334621329214)	(80, 37.58757727975271)	(90, 37.888871715610506)	(100, 38.085258887171555)	(110, 38.591344667697065)	(120, 38.2509219885163)	(130, 37.70032850241546)	(140, 38.178570048309176)	(150, 37.69491787439613)	(160, 37.299342995169084)	(170, 36.64940342226593)	(180, 35.41502029769959)	(190, 35.21250724917842)	(200, 36.48183894629624)	(210, 34.98673474529357)	(220, 35.77943196792097)	(230, 35.6778854387536)	(240, 33.90048657065006)	(250, 34.518250296110025)	(260, 34.67642592953086)	(270, 35.061048282989084)	(280, 36.42148712903941)	(290, 35.101188620420885)	(300, 32.81808261886204)	(310, 34.103546375682)	(320, 34.05015588464536)	(330, 32.80372174590803)	(340, 31.487509742790337)	(350, 29.70368277474669)	(360, 28.92798129384256)	(370, 29.488289166017147)	(380, 29.314633671083396)	(390, 28.341855027279813)	(400, 26.1048460878377)	(410, 25.576690703566552)	(420, 24.157162346521144)	(430, 24.87167148090881)	(440, 24.621356608783987)	(450, 25.19070180499357)	(460, 27.28626963072525)	(470, 14.534331092883727)	(480, 11.27142857142857)	(490, 12.050952380952383)	(500, 11.15)	(510, 12.5)												
SRR1686995	(1, 39.434519655733894)	(2, 39.317748313561296)	(3, 39.18492672714585)	(4, 38.76785298906722)	(5, 38.76738776459642)	(6, 37.96557338916027)	(7, 37.712258664805766)	(8, 37.71342172598278)	(9, 37.73016980693185)	(10, 38.66994649918586)	(20, 38.346499185857176)	(30, 36.15838567108629)	(40, 39.30327983251919)	(50, 39.390207024889506)	(60, 38.93989299837171)	(70, 37.88725284949989)	(80, 37.45431495696674)	(90, 37.59320772272621)	(100, 37.715050011630616)	(110, 38.36017678529891)	(120, 38.15510583856711)	(130, 37.476313130706316)	(140, 38.20232666356445)	(150, 38.12440670079107)	(160, 36.844602140530476)	(170, 35.521420362859885)	(180, 35.43334884803351)	(190, 35.06890854084245)	(200, 36.236697171444476)	(210, 35.158200048505016)	(220, 35.11891063428437)	(230, 35.230596696444856)	(240, 33.87280660377358)	(250, 33.78091981132075)	(260, 33.94632075471698)	(270, 34.86018867924528)	(280, 36.15604634914136)	(290, 34.84078509992126)	(300, 32.97067988668555)	(310, 33.63314447592069)	(320, 33.760694050991496)	(330, 32.21633616619452)	(340, 29.680099150141643)	(350, 27.64912653446648)	(360, 27.509915014164307)	(370, 29.132507082152973)	(380, 29.845302171860247)	(390, 27.53361661945231)	(400, 24.263548757877885)	(410, 23.68729792945063)	(420, 24.309659896079356)	(430, 25.226317027137945)	(440, 24.143557343813818)	(450, 24.316665633105032)	(460, 23.349695320233707)	(470, 11.89367132867133)	(480, 12.3875)	(490, 11.57)	(500, 12.475)	(510, 15.8)	(520, 13.444444444444445)											
SRR1686996	(1, 38.7990171990172)	(2, 38.63095823095823)	(3, 39.033415233415234)	(4, 38.45700245700246)	(5, 38.4987714987715)	(6, 38.0992628992629)	(7, 37.83587223587224)	(8, 37.891891891891895)	(9, 37.87862407862408)	(10, 38.680835380835376)	(20, 38.66874692874693)	(30, 36.325945945945946)	(40, 39.43444717444718)	(50, 39.49169533169533)	(60, 39.15621621621621)	(70, 37.8795085995086)	(80, 37.52643734643734)	(90, 37.97690417690417)	(100, 38.16049140049141)	(110, 38.655380835380846)	(120, 38.28167076167076)	(130, 37.65297297297297)	(140, 38.21444717444719)	(150, 38.11651105651105)	(160, 37.68216216216216)	(170, 37.0187714987715)	(180, 36.327125307125314)	(190, 36.0409828009828)	(200, 36.65034143622056)	(210, 35.17966518956179)	(220, 35.25140324963072)	(230, 36.07168882323979)	(240, 34.32629246676514)	(250, 35.22580009847366)	(260, 35.55273264401772)	(270, 35.7423929098966)	(280, 36.89084194977843)	(290, 35.88237321516495)	(300, 33.17321516494338)	(310, 34.831610044313145)	(320, 35.27355982274742)	(330, 34.44387001477105)	(340, 33.266617429837524)	(350, 31.459921221073365)	(360, 30.937124569177747)	(370, 31.608154589090766)	(380, 31.92453201970443)	(390, 29.785369458128077)	(400, 27.160757780653434)	(410, 27.689797930014787)	(420, 26.95786101527846)	(430, 26.92989502825847)	(440, 26.64745084133338)	(450, 27.072841955023925)	(460, 27.641518475441167)	(470, 13.161764705882353)	(480, 11.351904761904763)	(490, 11.319999999999999)	(500, 11.58)	(510, 14.133333333333331)	(520, 13.1)	(530, 13.4)										
SRR1686998	(1, 39.22672147995889)	(2, 39.143679342240496)	(3, 39.27523124357657)	(4, 38.712641315519015)	(5, 38.70524152106886)	(6, 37.993833504624874)	(7, 37.683864337101745)	(8, 37.68674203494347)	(9, 37.69229188078109)	(10, 38.57584789311407)	(20, 38.494922918807816)	(30, 35.97878725590956)	(40, 39.44531460874534)	(50, 39.444761271774055)	(60, 39.19577329667826)	(70, 37.97573574809631)	(80, 37.46726867845351)	(90, 38.10770181219111)	(100, 38.069357495881384)	(110, 38.466899503390266)	(120, 38.27200247218788)	(130, 37.66802637000412)	(140, 38.199958796868565)	(150, 38.47665842604037)	(160, 37.35846724351051)	(170, 36.79256667660874)	(180, 35.723284566247685)	(190, 35.352709664125285)	(200, 36.095214698554784)	(210, 33.72093167701863)	(220, 34.267805383022775)	(230, 35.225817805383016)	(240, 34.776335403726705)	(250, 35.24962732919255)	(260, 35.42968944099379)	(270, 35.498033126294004)	(280, 36.96049689440994)	(290, 35.284558801272674)	(300, 33.0471940360323)	(310, 33.85721681507559)	(320, 34.4370677158832)	(330, 32.78119693518327)	(340, 30.372395941188653)	(350, 27.80857320356182)	(360, 28.806895837647552)	(370, 30.640712362808035)	(380, 30.833215986746744)	(390, 27.56434044315593)	(400, 24.200496997307933)	(410, 24.198612549182023)	(420, 25.351025798977904)	(430, 25.323336984063)	(440, 24.147284075845455)	(450, 23.757633329535395)	(460, 23.838598840725037)	(470, 12.804237983295707)	(480, 11.925833333333333)	(490, 11.866666666666665)	(500, 14.11111111111111)													
SRR1686999	(1, 37.09488572499063)	(2, 37.06285125515174)	(3, 38.98388909704009)	(4, 38.63085425252904)	(5, 38.786998875983514)	(6, 38.855563881603594)	(7, 38.9264705882353)	(8, 38.931247658298986)	(9, 38.89996253278382)	(10, 38.805320344698394)	(20, 39.1055451479955)	(30, 36.91702884975647)	(40, 39.587502963595384)	(50, 39.62850360717543)	(60, 39.39842034885605)	(70, 38.536354264292406)	(80, 38.193673851921275)	(90, 37.55599812558576)	(100, 38.08730084348641)	(110, 39.044957825679475)	(120, 38.745651358950326)	(130, 38.47253983130272)	(140, 38.223252108716025)	(150, 39.10773152481376)	(160, 38.49729121754616)	(170, 37.5447464617115)	(180, 37.68088855562845)	(190, 37.3878620301809)	(200, 37.87088466350565)	(210, 37.27068817943681)	(220, 36.72328234907575)	(230, 37.26029231494577)	(240, 36.154870344177276)	(250, 35.893870815652996)	(260, 36.57741631305988)	(270, 36.48290429042904)	(280, 37.47679396511079)	(290, 36.854916951928814)	(300, 36.49449212487032)	(310, 36.69310572479487)	(320, 36.762020182967085)	(330, 36.065736112421014)	(340, 34.35400358389135)	(350, 33.243500757719566)	(360, 32.54409961324403)	(370, 33.08587869068956)	(380, 34.17494380558615)	(390, 32.53443396226415)	(400, 29.00595392765782)	(410, 28.876931786017554)	(420, 28.34278029305588)	(430, 28.631488808971824)	(440, 28.073489308165044)	(450, 28.168584942654928)	(460, 27.754188103398008)	(470, 13.180537243642714)	(480, 12.38321214706651)	(490, 12.162971441613085)	(500, 12.737777777777778)	(510, 13.833333333333334)	(520, 12.0)											
SRR1687000	(1, 37.857342657342656)	(2, 37.68298368298368)	(3, 38.63263403263403)	(4, 37.75011655011655)	(5, 37.987878787878785)	(6, 37.34592074592074)	(7, 37.39160839160839)	(8, 37.27599067599068)	(9, 37.23310023310023)	(10, 38.273752913752915)	(20, 38.602424242424235)	(30, 36.51808857808858)	(40, 39.43184149184149)	(50, 39.42358415527259)	(60, 39.11852671575626)	(70, 37.6268315445637)	(80, 38.08030797946803)	(90, 38.729818012132526)	(100, 38.391087260849275)	(110, 38.7774615025665)	(120, 38.515492300513294)	(130, 37.81521231917872)	(140, 38.42313152979343)	(150, 36.73193277310924)	(160, 36.63506069094304)	(170, 36.60065359477124)	(180, 35.02880485527544)	(190, 35.16451914098973)	(200, 36.38109243697479)	(210, 34.75114432508174)	(220, 36.68846333489023)	(230, 35.857403082671645)	(240, 32.80589407241351)	(250, 33.9721832632071)	(260, 34.427068723702654)	(270, 34.92561944834035)	(280, 36.678032786885254)	(290, 34.99578454332552)	(300, 31.97845123779381)	(310, 34.1244611059044)	(320, 33.49306466729147)	(330, 32.72333645735707)	(340, 32.19620431115277)	(350, 30.551640112464856)	(360, 29.170993439550138)	(370, 28.984770384254922)	(380, 29.245173383317717)	(390, 28.092221180880973)	(400, 25.50379568884723)	(410, 26.166073102155572)	(420, 24.71026241799438)	(430, 23.570993439550143)	(440, 23.702053977713522)	(450, 22.407255705960615)	(460, 24.26735447380718)	(470, 13.323205980066444)	(480, 10.790000000000001)	(490, 11.9)	(500, 12.85)	(510, 14.7)												
SRR1687001	(1, 38.85439093484419)	(2, 38.836732766761095)	(3, 39.06024551463645)	(4, 38.661567516525025)	(5, 38.67686496694995)	(6, 37.90934844192635)	(7, 37.579981114258736)	(8, 37.55089707271011)	(9, 37.55269121813031)	(10, 38.59686496694995)	(20, 38.18163361661946)	(30, 36.15516474568493)	(40, 39.20280161938756)	(50, 39.281828144245395)	(60, 38.76460448806225)	(70, 37.420745177801486)	(80, 37.076685898042186)	(90, 37.401059301995645)	(100, 37.60003783221413)	(110, 38.20619502506384)	(120, 37.8036886408777)	(130, 37.27243923200605)	(140, 37.754817504119515)	(150, 37.52273931138857)	(160, 36.6410738176279)	(170, 35.91925078043705)	(180, 34.66076057137451)	(190, 34.52912155916112)	(200, 35.51753825168553)	(210, 33.87007628325162)	(220, 34.392047619047624)	(230, 34.34464761904762)	(240, 33.03306666666667)	(250, 33.597676190476186)	(260, 33.70057142857142)	(270, 34.07115609559187)	(280, 35.46884515484184)	(290, 34.214968425294806)	(300, 32.088193174540486)	(310, 32.920898083706746)	(320, 32.830698827342935)	(330, 31.486414338831157)	(340, 29.51457717608924)	(350, 27.7238535608733)	(360, 27.19097149394604)	(370, 27.803231957288585)	(380, 27.83492315130325)	(390, 26.252431350114414)	(400, 24.051819670042207)	(410, 23.695183136207554)	(420, 23.294021897293014)	(430, 23.341459290111914)	(440, 22.923704106083846)	(450, 22.369986027168515)	(460, 22.79647771343757)	(470, 12.146904913377918)	(480, 11.764670511928847)	(490, 11.54450335319083)	(500, 11.761286539208136)	(510, 11.89114366144683)	(520, 13.020107243977213)	(530, 13.231666666666666)	(540, 11.166666666666666)									
SRR1687002	(1, 39.67006651884701)	(2, 39.64478935698448)	(3, 39.626164079822615)	(4, 39.00221729490022)	(5, 38.965410199556544)	(6, 37.78359201773836)	(7, 37.108647450110865)	(8, 37.018181818181816)	(9, 37.03636363636364)	(10, 38.8589800443459)	(20, 37.84017738359202)	(30, 35.53866962305987)	(40, 38.72731707317073)	(50, 39.46536585365854)	(60, 39.12464150453395)	(70, 38.071206743567)	(80, 37.55905057675244)	(90, 37.74778172138421)	(100, 37.86654835847382)	(110, 38.65328305235137)	(120, 38.36721384205856)	(130, 37.731499556344275)	(140, 37.84394054501323)	(150, 38.30457168220151)	(160, 37.62618730581447)	(170, 36.7727918331114)	(180, 35.80466045272969)	(190, 35.530048823790494)	(200, 36.713627194619946)	(210, 35.87890276538805)	(220, 35.83010704727921)	(230, 34.9728813559322)	(240, 34.60691347011596)	(250, 34.8614183764496)	(260, 34.73849241748438)	(270, 35.286083853702046)	(280, 36.34968777876895)	(290, 35.29464170489073)	(300, 33.71606425702811)	(310, 34.21481481481481)	(320, 34.36541722445337)	(330, 32.97086122266845)	(340, 31.47041499330656)	(350, 29.838464970995098)	(360, 29.65917001338688)	(370, 30.180633645693888)	(380, 30.100223114680944)	(390, 28.811244979919678)	(400, 27.17956269522535)	(410, 26.9491744756805)	(420, 26.43319946452477)	(430, 27.486746987951808)	(440, 26.675020971016174)	(450, 28.733026639476947)	(460, 28.259820627986624)	(470, 15.635526315789473)																
SRR1687003	(1, 39.66280451574569)	(2, 39.5992275698158)	(3, 39.52703505644682)	(4, 39.05941770647653)	(5, 39.016636957813425)	(6, 38.05199049316696)	(7, 37.470588235294116)	(8, 37.40879382055853)	(9, 37.43701723113488)	(10, 38.914616755793226)	(20, 38.80011883541296)	(30, 37.21895424836602)	(40, 39.47837195484254)	(50, 39.68397927355011)	(60, 39.35582501903734)	(70, 38.48941736028537)	(80, 37.98504756242568)	(90, 37.88242640499554)	(100, 38.42444246208742)	(110, 39.146297948260475)	(120, 38.88444840915849)	(130, 38.4793041926851)	(140, 38.23169788878977)	(150, 38.33990484686292)	(160, 38.290286842697846)	(170, 37.63934339922132)	(180, 36.70023802439751)	(190, 36.618952692651)	(200, 37.63697893073986)	(210, 36.4324324783896)	(220, 36.53715308863026)	(230, 36.150014920919126)	(240, 36.14309161444345)	(250, 36.163055804237544)	(260, 35.83971948672038)	(270, 36.084038562610395)	(280, 36.8551239916343)	(290, 36.23928891544667)	(300, 34.973326592140424)	(310, 35.33506726457399)	(320, 35.42281016442452)	(330, 34.29820627802691)	(340, 33.23820627802691)	(350, 31.805052316890887)	(360, 30.861255605381167)	(370, 30.91025411061285)	(380, 30.251061285500747)	(390, 30.76810164424514)	(400, 29.619559760998037)	(410, 28.69560275201915)	(420, 26.42749027819324)	(430, 27.149268298580825)	(440, 27.259834582495408)	(450, 29.119042006112487)	(460, 29.935749897240367)	(470, 15.209056776556775)	(480, 10.55)	(490, 12.1)	(500, 12.35)	(510, 16.0)												
SRR1687004	(1, 39.31428571428572)	(2, 39.3221198156682)	(3, 39.483870967741936)	(4, 38.859907834101385)	(5, 38.82811059907834)	(6, 37.76451612903226)	(7, 37.18801843317972)	(8, 37.13548387096774)	(9, 37.1852534562212)	(10, 38.63336405529954)	(20, 38.62341013824884)	(30, 36.74732718894009)	(40, 39.30995391705069)	(50, 39.56908605337463)	(60, 39.12706316274781)	(70, 37.948455509451364)	(80, 37.74269507944042)	(90, 37.226522140221405)	(100, 37.86397601476015)	(110, 38.653459409594106)	(120, 38.272832103321036)	(130, 37.8805811808118)	(140, 37.94326568265683)	(150, 38.31646678966789)	(160, 37.33537822878229)	(170, 36.66259225092251)	(180, 35.87536900369004)	(190, 35.57624538745388)	(200, 36.52950935808264)	(210, 35.36609924405512)	(220, 35.41904090267983)	(230, 34.885566525622934)	(240, 34.4802538787024)	(250, 34.526657263751765)	(260, 34.21180065820404)	(270, 34.366357619915675)	(280, 35.61078154425611)	(290, 34.88753548184041)	(300, 33.9291059899182)	(310, 34.12792452830188)	(320, 33.80674528301886)	(330, 32.05915094339623)	(340, 30.793301886792456)	(350, 29.456132075471697)	(360, 28.04490566037736)	(370, 27.94948113207547)	(380, 27.78523584905661)	(390, 27.82792452830189)	(400, 26.13783018867925)	(410, 25.247594339622644)	(420, 23.30066037735849)	(430, 23.66427646985495)	(440, 24.317142562963397)	(450, 24.53997487351581)	(460, 26.963415971974104)	(470, 14.031031746031747)	(480, 13.583333333333334)															
SRR1687005	(1, 37.16290074529753)	(2, 37.05205252573051)	(3, 37.841713001301315)	(4, 37.08470365550692)	(5, 37.3191766236839)	(6, 37.103868449071335)	(7, 36.808706967940374)	(8, 36.82219330415237)	(9, 36.909972790725185)	(10, 37.2571513072282)	(20, 37.54750975984857)	(30, 34.69149414409085)	(40, 38.60595055010056)	(50, 38.97981386695454)	(60, 38.34553571577197)	(70, 36.12388415969556)	(80, 35.66882993841781)	(90, 36.34449313121743)	(100, 36.9228209379441)	(110, 37.50660824253908)	(120, 37.08658218853624)	(130, 36.40581477972525)	(140, 36.68403005738653)	(150, 36.995558450787634)	(160, 36.12432557549753)	(170, 35.47110874200426)	(180, 34.29804548685146)	(190, 33.717187870172936)	(200, 34.49549423949007)	(210, 33.01225273596475)	(220, 33.23901682376805)	(230, 33.95434964414053)	(240, 32.16992840095465)	(250, 32.37073985680191)	(260, 32.6254415274463)	(270, 32.70763130192516)	(280, 34.01806772011949)	(290, 32.83997950420944)	(300, 31.155409537075446)	(310, 31.712085676678235)	(320, 31.601902596625585)	(330, 30.40796936699773)	(340, 28.503996649515376)	(350, 27.196302500897453)	(360, 26.334737345937544)	(370, 26.65432571496949)	(380, 26.730764628455187)	(390, 25.529460332655262)	(400, 23.434236035987077)	(410, 22.784677129507607)	(420, 21.74677024719001)	(430, 22.10252702854173)	(440, 22.24627350877146)	(450, 22.09933482648222)	(460, 23.22274157919735)	(470, 12.679364252203019)	(480, 11.917665200919533)	(490, 12.040579730344124)	(500, 11.939936139198286)	(510, 12.031574814074814)	(520, 11.040714285714285)	(530, 13.5)	(540, 10.0)									
SRR1687007	(1, 38.74326287978864)	(2, 38.68137384412153)	(3, 39.16347424042272)	(4, 38.71050198150594)	(5, 38.839564068692205)	(6, 38.267107001321)	(7, 38.016050198150594)	(8, 38.01116248348745)	(9, 38.04742404227213)	(10, 38.366380449141346)	(20, 38.68618890356671)	(30, 37.59332892998679)	(40, 39.410491413874475)	(50, 39.48952254025987)	(60, 39.010786381238255)	(70, 37.521577833619894)	(80, 37.72053299828065)	(90, 37.720308160296256)	(100, 37.93879777807168)	(110, 38.725706769186885)	(120, 37.64881985323838)	(130, 37.7946821879754)	(140, 37.97200873073616)	(150, 37.18735751449665)	(160, 37.53750496097367)	(170, 37.32864324494633)	(180, 35.24088774227691)	(190, 35.49134087451214)	(200, 36.661792535158646)	(210, 34.39418266712319)	(220, 35.172304826573296)	(230, 34.73462124726622)	(240, 33.68061501756247)	(250, 34.58772615812843)	(260, 34.467903770958976)	(270, 34.164972238858915)	(280, 35.60398356200703)	(290, 34.31748768143926)	(300, 33.03338803332529)	(310, 33.617258075213904)	(320, 32.661590502089275)	(330, 32.423897327054455)	(340, 31.815964714465746)	(350, 30.417728992058507)	(360, 28.456155478906872)	(370, 27.601086702773387)	(380, 27.099442786069652)	(390, 27.947966832504147)	(400, 27.112796019900497)	(410, 26.758560530679933)	(420, 23.87373793466938)	(430, 22.840626911134827)	(440, 23.125877667125113)	(450, 23.19862506053074)	(460, 24.01259235583442)	(470, 12.669103320826741)	(480, 12.411666423854276)	(490, 11.820740360979649)	(500, 11.61883189762473)	(510, 11.893169157834457)	(520, 12.90210189480958)	(530, 13.242131998308817)	(540, 11.7)	(550, 11.4)	(560, 13.1)	(570, 10.285714285714286)						
SRR1687008	(1, 39.146272172949004)	(2, 39.00609756097561)	(3, 39.174126940133036)	(4, 38.47484756097561)	(5, 38.45544623059867)	(6, 37.19512195121951)	(7, 37.12569290465632)	(8, 37.12008037694013)	(9, 37.13289911308204)	(10, 37.582421008869176)	(20, 38.44737389135255)	(30, 36.92550365576672)	(40, 39.273365244338244)	(50, 39.39873777089882)	(60, 38.85503112222479)	(70, 37.967979342834)	(80, 37.34103544127866)	(90, 36.98702416838562)	(100, 37.36902064363662)	(110, 38.337888371446454)	(120, 37.87197469938138)	(130, 37.51324807117537)	(140, 37.73378293886516)	(150, 37.958673162382844)	(160, 37.24501773172936)	(170, 36.30714472009941)	(180, 34.96313630041725)	(190, 34.88769123783032)	(200, 36.07387977970539)	(210, 34.46828468703315)	(220, 34.49456437311163)	(230, 34.21327160569973)	(240, 33.906875087424815)	(250, 33.95244789481046)	(260, 33.87906700237795)	(270, 34.07960828066918)	(280, 35.26816436071208)	(290, 34.239423257377005)	(300, 33.13459136320979)	(310, 33.26222767075306)	(320, 32.658276707530646)	(330, 31.508203152364274)	(340, 29.677527145359022)	(350, 28.144721541155867)	(360, 26.997997810183335)	(370, 27.668102844332356)	(380, 27.599649712764467)	(390, 26.875935266918873)	(400, 25.29618510390328)	(410, 24.025)	(420, 22.487434349474558)	(430, 22.96670561112025)	(440, 22.64784658908234)	(450, 23.19804224629261)	(460, 23.838528798324255)	(470, 12.19098815858214)	(480, 11.800837601196054)	(490, 11.740789798874902)	(500, 11.696341334783163)	(510, 12.097613530553215)	(520, 12.685088104588704)	(530, 13.456866883116883)	(540, 12.238095238095237)									
SRR1687010	(1, 39.58422174840085)	(2, 39.383293615953846)	(3, 39.35965132321585)	(4, 38.84861407249467)	(5, 38.828609055562524)	(6, 38.23077887871567)	(7, 38.023077887871565)	(8, 38.02796939671391)	(9, 38.03875580082779)	(10, 38.408240311049795)	(20, 37.81320767463059)	(40, 39.390588222043746)	(60, 38.47728044560104)	(80, 37.16363146501023)	(100, 37.863577976478126)	(120, 37.779014458725065)	(140, 38.008416557387)	(160, 37.079521494855115)	(180, 35.21340508806263)	(200, 35.40296279576586)	(220, 34.382678683256735)	(240, 34.14231403386391)	(260, 34.26325469304921)	(280, 34.99976513618678)	(300, 33.63126004565035)	(320, 32.65409258318517)	(340, 29.38544559164593)	(360, 27.8887438018101)	(380, 27.913482182557328)	(400, 25.78968006761921)	(420, 23.744242743434874)	(440, 24.032614141125585)	(460, 18.245705003278676)	(480, 11.776835244217837)	(500, 12.220820818840803)	(520, 13.209637520858285)	(540, 10.9)	(560, 12.95)	(580, 11.65)	(600, 11.35)	(620, 11.6)	(640, 13.5)	(660, 14.307692307692308)																													
SRR1687011	(1, 39.51499560798093)	(2, 39.387187852930104)	(3, 39.35738486635714)	(4, 38.80693939013678)	(5, 38.788869368804114)	(6, 38.194503701844646)	(7, 37.950244698205545)	(8, 37.94585267913163)	(9, 37.9639227004643)	(10, 38.35156857824069)	(20, 38.43248211820806)	(30, 36.38993989528949)	(40, 39.23334265146381)	(50, 39.37359841768326)	(60, 38.941738978063505)	(70, 37.715876638816)	(80, 37.37155633935881)	(90, 37.42795868237073)	(100, 37.68722447017797)	(110, 38.49686985100073)	(120, 38.14262607433883)	(130, 37.675327703554316)	(140, 37.89979310665801)	(150, 38.14723640259658)	(160, 37.45391837287373)	(170, 36.53876213286273)	(180, 35.54899785705281)	(190, 35.31770079537462)	(200, 36.18936814340625)	(210, 34.68339007982222)	(220, 34.71111841763998)	(230, 34.76643334793484)	(240, 34.0082486031363)	(250, 34.17335068893263)	(260, 34.18941520096514)	(270, 34.63348784049781)	(280, 35.94827527122943)	(290, 34.7107480208294)	(300, 33.388902616723136)	(310, 33.58376937883256)	(320, 33.38210017798119)	(330, 32.192705111003434)	(340, 30.137124149767978)	(350, 28.67694513215265)	(360, 27.82044125127162)	(370, 28.133677570038742)	(380, 28.24851201831362)	(390, 27.258191450777097)	(400, 25.331693294153894)	(410, 24.34771899362738)	(420, 23.12567551520261)	(430, 23.635002925205516)	(440, 23.097383853428784)	(450, 23.56228860344051)	(460, 23.18698777493416)	(470, 12.251995705950767)	(480, 11.958073265933553)	(490, 11.820597316734872)	(500, 12.125616813903557)	(510, 11.9530035350176)	(520, 13.010788901767603)	(530, 14.312298427063132)	(540, 16.416666666666668)									
SRR1687012	(1, 39.74597364568082)	(2, 39.64568081991215)	(3, 39.622071742313324)	(4, 39.08601756954612)	(5, 39.06753294289898)	(6, 37.96431185944363)	(7, 37.7659224011713)	(8, 37.752928257686676)	(9, 37.762994143484626)	(10, 38.7541178623719)	(20, 38.26907027818447)	(30, 37.13531212838987)	(40, 39.65302429988553)	(50, 39.750274624679605)	(60, 39.30466861955328)	(70, 38.79256682533871)	(80, 38.24910289271329)	(90, 37.7332662028561)	(100, 38.108359103815076)	(110, 39.02265567765568)	(120, 38.77291208791209)	(130, 38.68688644688645)	(140, 38.828644688644694)	(150, 38.96258189420031)	(160, 38.77582995018463)	(170, 37.852711615976546)	(180, 37.59405887785332)	(190, 37.46252872363351)	(200, 38.22197015785891)	(210, 37.21323197832369)	(220, 37.00953031513724)	(230, 36.96140464855752)	(240, 36.86135857461024)	(250, 36.92017446176689)	(260, 36.64383815887157)	(270, 37.361525612472164)	(280, 38.25698904770744)	(290, 37.864653510986074)	(300, 36.940512921239446)	(310, 37.16528449237635)	(320, 36.906247675715875)	(330, 36.294867980661955)	(340, 34.76610264038676)	(350, 33.338955001859425)	(360, 32.66323912235031)	(370, 33.77593901078468)	(380, 34.248400892525105)	(390, 34.03161026403867)	(400, 32.53073633320937)	(410, 31.5307735217553)	(420, 30.11924465100021)	(430, 29.754297030436767)	(440, 29.214852539333283)	(450, 30.19767063436525)	(460, 27.16488088070592)	(470, 13.382868226369903)	(480, 13.37804870000112)	(490, 12.567038216429271)	(500, 12.713388985785059)	(510, 13.21667395036699)	(520, 14.535448705642835)	(530, 18.015833333333333)	(540, 17.5)									
SRR1687014	(1, 39.10332749562172)	(2, 39.07005253940455)	(3, 38.77889667250438)	(4, 37.52758318739054)	(5, 37.46366024518389)	(6, 35.65017513134851)	(7, 34.92863397548161)	(8, 34.94964973730298)	(9, 34.940893169877405)	(10, 38.6481173380035)	(20, 36.60380910683013)	(30, 35.36457968476357)	(40, 39.3899299474606)	(50, 39.54268826619965)	(60, 38.639903827344895)	(70, 38.64140530376755)	(80, 38.15985977212971)	(90, 38.30761611083596)	(100, 38.84054558266949)	(110, 38.94541465555068)	(120, 38.79833260201843)	(130, 37.98494953927162)	(140, 38.59789381307591)	(150, 38.27573497147872)	(160, 37.36432645897324)	(170, 35.75673541026766)	(180, 34.89122422114962)	(190, 35.27534006143045)	(200, 37.534456460800875)	(210, 36.856236793838264)	(220, 37.23331866197183)	(230, 35.366505281690145)	(240, 35.83327464788733)	(250, 36.48785211267606)	(260, 35.879401408450704)	(270, 37.43087427954521)	(280, 38.02177295035703)	(290, 36.99149493814107)	(300, 34.411279245995146)	(310, 35.243766578249335)	(320, 35.64898320070734)	(330, 33.384526967285595)	(340, 30.81640141467728)	(350, 29.539036251105216)	(360, 29.11405835543767)	(370, 30.80632183908046)	(380, 31.754641909814325)	(390, 31.71105216622458)	(400, 29.603934571175948)	(410, 29.185411140583557)	(420, 28.82079205268594)	(430, 28.304888705365705)	(440, 27.752845838567048)	(450, 27.812057062706593)	(460, 26.890077392720496)	(470, 11.774947347754694)	(480, 11.690000000000001)	(490, 11.312848297213623)	(500, 11.816698717948718)	(510, 12.83051948051948)	(520, 15.1)	(530, 10.571428571428571)										
SRR1687015	(1, 38.709817131857555)	(2, 38.602021174205966)	(3, 38.85514918190568)	(4, 37.44898941289701)	(5, 37.40519730510106)	(6, 35.83782483156882)	(7, 35.15351299326275)	(8, 35.13378248315688)	(9, 35.141000962463906)	(10, 38.150481231953805)	(20, 36.646005774783454)	(30, 35.14692011549567)	(40, 39.09539263847177)	(50, 39.29324436417137)	(60, 38.38929604628736)	(70, 37.8542912246866)	(80, 37.54175506268081)	(90, 37.99095050446353)	(100, 38.34218146718147)	(110, 38.55545366795367)	(120, 38.39749631330993)	(130, 37.52433606953163)	(140, 38.211492032834386)	(150, 37.8133268952197)	(160, 37.32723322066634)	(170, 36.74944471269918)	(180, 35.55543215837759)	(190, 35.26455818445196)	(200, 37.115884423838715)	(210, 35.6122713162935)	(220, 36.905539358600585)	(230, 35.79504373177842)	(240, 35.259912536443146)	(250, 35.965257531584065)	(260, 35.83245869776482)	(270, 36.808260447035956)	(280, 37.646663009950146)	(290, 36.57909577053962)	(300, 34.56859504132232)	(310, 35.04132231404958)	(320, 34.81225085075353)	(330, 33.498492950899376)	(340, 31.88512396694215)	(350, 30.333932912007775)	(360, 30.502041808458916)	(370, 31.336898395721924)	(380, 31.497715119105493)	(390, 31.170247933884298)	(400, 28.824170314329546)	(410, 29.221254863813233)	(420, 28.241391050583655)	(430, 27.065088072685505)	(440, 27.135243669441174)	(450, 27.054687038287568)	(460, 26.735386351941564)	(470, 13.773524382794568)	(480, 11.997812713602189)	(490, 11.757455218929676)	(500, 12.944675324675325)	(510, 14.245)	(520, 14.833333333333332)											
SRR1687016	(1, 37.69271151263582)	(2, 37.609815651324624)	(3, 38.823831034061776)	(4, 38.38285923574655)	(5, 38.46050543279209)	(6, 38.09620314979856)	(7, 38.07532657795141)	(8, 38.07959956049322)	(9, 38.05994384080088)	(10, 38.40123306067635)	(20, 38.41034061775119)	(30, 37.20540515968791)	(40, 39.60590770256444)	(50, 39.60992611103127)	(60, 39.13058780398387)	(70, 38.14701024920264)	(80, 37.8159863114153)	(90, 37.62001901336037)	(100, 37.942378077196445)	(110, 38.76939924140462)	(120, 38.59701456013703)	(130, 38.368836412578005)	(140, 38.63361066927689)	(150, 38.755756760063626)	(160, 38.43665728618622)	(170, 37.51156246176434)	(180, 37.22585511317035)	(190, 37.109508076358296)	(200, 38.02052169384807)	(210, 37.09287483804165)	(220, 37.11525067918005)	(230, 37.13267665307713)	(240, 36.57159441768556)	(250, 36.60463134494257)	(260, 36.499197233543285)	(270, 37.15003934660083)	(280, 37.91355157504633)	(290, 37.42431686775644)	(300, 36.49996290342524)	(310, 36.84252504018795)	(320, 36.55951527142328)	(330, 36.14429331025102)	(340, 34.8676888833931)	(350, 33.35217014962284)	(360, 32.863645356745394)	(370, 33.63273154445406)	(380, 33.97694295565897)	(390, 33.45325253524611)	(400, 31.60239134468349)	(410, 31.034471243042674)	(420, 29.6522304338773)	(430, 28.72450916072852)	(440, 28.822379750984936)	(450, 28.170399293327215)	(460, 27.98927925714866)	(470, 13.122362033222918)	(480, 12.66337945936954)	(490, 12.27994448806604)	(500, 12.61314658124565)	(510, 13.709067688902778)	(520, 13.863709264591616)	(530, 15.987380952380951)										
SRR1687018	(1, 38.35633423180593)	(2, 38.32654986522911)	(3, 39.07129380053908)	(4, 38.75458221024259)	(5, 38.84838274932615)	(6, 38.48814016172507)	(7, 38.471563342318056)	(8, 38.466981132075475)	(9, 38.46118598382749)	(10, 38.57222371967655)	(20, 38.72079514824797)	(30, 37.12109164420485)	(40, 39.66009155854878)	(50, 39.739888687830984)	(60, 38.748212117123195)	(70, 38.16157533636672)	(80, 36.969905533063425)	(90, 36.78461248177761)	(100, 37.010449930514554)	(110, 37.82990944722259)	(120, 37.984595868500534)	(130, 37.83212389319403)	(140, 38.24503176963634)	(150, 38.95788833310802)	(160, 38.85825334595106)	(170, 38.44324726240367)	(180, 37.688184399080704)	(190, 37.12743003920508)	(200, 38.26261485179183)	(210, 37.16879989176025)	(220, 37.12252739818699)	(230, 37.20487078879719)	(240, 36.723893925043974)	(250, 37.12329860641321)	(260, 37.086131781896896)	(270, 37.18694249353367)	(280, 38.061632155907425)	(290, 37.732154232347945)	(300, 36.978530501284695)	(310, 36.74283000949668)	(320, 35.00579297245964)	(330, 36.25042735042735)	(340, 35.18331298331298)	(350, 33.95050982185311)	(360, 33.47006784260516)	(370, 33.621533242876524)	(380, 33.74904782088889)	(390, 33.25137739177636)	(400, 33.525895383516556)	(410, 32.76986543428028)	(420, 29.68580943319288)	(430, 29.364060530811024)	(440, 29.263264579221783)	(450, 29.583779616123174)	(460, 29.05120203874315)	(470, 13.191362712294184)	(480, 12.984983210545305)	(490, 12.332734831014)	(500, 12.683289924566424)	(510, 13.292677708535885)	(520, 15.207127374851163)	(530, 16.55909453291806)										
SRR1687019	(1, 39.76243031061554)	(2, 39.68676755034703)	(3, 39.633746728865624)	(4, 39.06838093070884)	(5, 39.0484696780066)	(6, 37.5600182045739)	(7, 37.52804642166344)	(8, 37.49049948799636)	(9, 37.4918648310388)	(10, 38.1513596541131)	(20, 38.21235635453407)	(30, 36.593045937453795)	(40, 39.6323378833907)	(50, 39.75478955061942)	(60, 39.387099994410555)	(70, 38.60464324135977)	(80, 38.189933805067334)	(90, 37.921677968476544)	(100, 38.16720508100459)	(110, 39.09530797367246)	(120, 38.84384580187599)	(130, 38.67784603032031)	(140, 38.780961098398166)	(150, 38.817265446224255)	(160, 38.792436610170306)	(170, 38.02988097962921)	(180, 37.59224078736553)	(190, 37.35105213374856)	(200, 38.210234430950706)	(210, 37.1543386931352)	(220, 37.33400115141048)	(230, 37.336292458261376)	(240, 36.55806563039724)	(250, 36.93327570446989)	(260, 36.923733302625514)	(270, 37.31046752648549)	(280, 38.09807670160084)	(290, 37.71659526453469)	(300, 36.93921234104136)	(310, 37.04497827629669)	(320, 36.80915877636926)	(330, 36.55546023649431)	(340, 35.74253726885688)	(350, 34.07013333333334)	(360, 33.289402898550726)	(370, 34.26789565217391)	(380, 34.14045217391304)	(390, 34.03179130434783)	(400, 32.97975652173913)	(410, 32.38200579710145)	(420, 30.14357101449275)	(430, 30.02317215479811)	(440, 29.527708248475953)	(450, 30.888351890133755)	(460, 30.180434251542145)	(470, 13.225683369610417)	(480, 13.037799992159629)	(490, 13.683953150592057)	(500, 13.313183789825345)	(510, 12.824185218660194)	(520, 13.480971832209317)	(530, 16.392369647895965)	(540, 16.55238095238095)	(550, 17.0)								
SRR1687021	(1, 39.65673940949936)	(2, 39.53530166880616)	(3, 39.37278562259307)	(4, 38.96059050064185)	(5, 38.943132220795896)	(6, 38.07971758664955)	(7, 38.015532734274714)	(8, 38.035558408215664)	(9, 38.04094993581515)	(10, 38.37720154043645)	(20, 38.49720154043646)	(30, 35.17260586215609)	(40, 39.335999933636465)	(50, 39.72439498428341)	(60, 39.348449878171735)	(70, 37.791573538856774)	(80, 37.467548253717425)	(90, 37.81860558436314)	(100, 38.987957846035215)	(110, 39.061277470762114)	(120, 38.531769695411896)	(130, 39.08931619099765)	(140, 39.34105696283914)	(150, 38.82599974283143)	(160, 38.753362479105064)	(170, 38.39029188633149)	(180, 37.87449652372645)	(190, 37.10160751028807)	(200, 38.24570370823456)	(210, 38.07655083655084)	(220, 37.83371943371944)	(230, 37.917716599930806)	(240, 38.14675592173018)	(250, 38.279891864057674)	(260, 35.889482492276)	(270, 34.707852729145216)	(280, 37.67895005415316)	(290, 38.0672076249356)	(300, 37.07527047913447)	(310, 37.89691441117235)	(320, 37.08507020481772)	(330, 36.28595903645498)	(340, 35.33631328094809)	(350, 34.76976684271544)	(360, 33.30984155609945)	(370, 31.176259178152776)	(380, 30.59903387865516)	(390, 32.25182274893727)	(400, 33.122738935010496)	(410, 32.022146354032465)	(420, 27.241412957731928)	(430, 27.518557675212474)	(440, 28.120207227158573)	(450, 29.20709579069873)	(460, 27.299052475491827)	(470, 13.295151238293283)	(480, 12.466063762004646)	(490, 12.78427749421393)	(500, 12.598827239188292)	(510, 12.81575768425499)	(520, 14.03051682277603)	(530, 16.72769459116898)	(540, 14.075)	(550, 13.1)	(560, 11.95)	(570, 10.0)						
SRR1687022	(1, 39.022640885804)	(2, 38.85704842174847)	(3, 39.15732936704677)	(4, 38.54205916377458)	(5, 38.56850107420261)	(6, 37.72764832259131)	(7, 37.48206907949099)	(8, 37.494298463063956)	(9, 37.49776896380764)	(10, 38.719798380432984)	(20, 37.82469013386218)	(30, 36.621632787968935)	(40, 39.46314827271024)	(50, 39.609310392742586)	(60, 38.94093993049809)	(70, 37.90328995108511)	(80, 36.92536003972852)	(90, 37.45991234495252)	(100, 37.6304970569989)	(110, 38.75538793103448)	(120, 38.37829907161804)	(130, 38.14561903474401)	(140, 38.26527938981928)	(150, 38.517850775416015)	(160, 38.239237147595354)	(170, 37.06850746268656)	(180, 36.122442957435965)	(190, 36.100879805338124)	(200, 37.56727519324023)	(210, 36.70338381196605)	(220, 36.74083874188717)	(230, 35.9705109003162)	(240, 35.806140788816776)	(250, 36.09482443002163)	(260, 35.80151439507406)	(270, 36.47883175237145)	(280, 37.12554978024973)	(290, 36.73375897523246)	(300, 36.11075518452729)	(310, 36.16005076142132)	(320, 36.101556683587134)	(330, 35.505854483925546)	(340, 34.45015228426396)	(350, 32.37849407783418)	(360, 31.948527918781725)	(370, 32.432808798646356)	(380, 32.20148900169205)	(390, 32.680067681895096)	(400, 31.776598984771578)	(410, 30.880570405235183)	(420, 28.80455237772889)	(430, 28.015637829524195)	(440, 28.307246819230556)	(450, 28.65129332519117)	(460, 28.974416904426317)	(470, 13.833740062861192)	(480, 12.687753714961161)	(490, 12.32032022884838)	(500, 13.461301342335824)	(510, 13.327221107066311)	(520, 13.097261904761902)	(530, 12.666666666666666)	(540, 11.75)									
SRR1687023	(1, 39.5518727847495)	(2, 39.48960628412683)	(3, 39.611552830730915)	(4, 39.235079988504644)	(5, 39.23306830156145)	(6, 38.479164670945494)	(7, 38.337771817223874)	(8, 38.33748443337485)	(9, 38.32809656097327)	(10, 38.64236037934668)	(20, 37.38730784820117)	(40, 39.65152157437769)	(60, 38.970720647574986)	(80, 37.95732023968016)	(100, 38.64493876425397)	(120, 38.74088551109244)	(140, 38.95419198070796)	(160, 38.262029391905635)	(180, 37.44043055287998)	(200, 37.73320570835252)	(220, 37.248594607441)	(240, 36.88247307654992)	(260, 37.211676530513245)	(280, 38.06235530322276)	(300, 37.0633750849597)	(320, 37.19909699970871)	(340, 34.5437663912146)	(360, 33.92285647219522)	(380, 34.341869839728034)	(400, 31.29929895328549)	(420, 30.187337473374736)	(440, 29.79986382034133)	(460, 20.47781243881658)	(480, 13.109864801090186)	(500, 13.190435590081893)	(520, 15.23221056373752)	(540, 11.9)	(560, 10.95)	(580, 13.9)	(600, 14.1)	(620, 10.4)	(640, 10.4)	(660, 11.05)	(680, 10.875)																												
SRR1687024	(1, 37.58778313006047)	(2, 37.5456595264938)	(3, 38.98831608076253)	(4, 38.539715076355435)	(5, 38.647022650404836)	(6, 38.37439786819719)	(7, 38.37788254586451)	(8, 38.361586553243825)	(9, 38.33176181203239)	(10, 38.71383622014963)	(20, 38.55595982371631)	(30, 37.298281873303964)	(40, 39.60018901125458)	(50, 39.66829807232433)	(60, 39.26119127382082)	(70, 38.338173975557154)	(80, 37.93025572558283)	(90, 37.80909776399917)	(100, 38.03169867325265)	(110, 38.91162105698517)	(120, 38.590320591861904)	(130, 38.59532925840751)	(140, 38.60567259274484)	(150, 38.70117151371904)	(160, 38.66690195064026)	(170, 37.97413917154898)	(180, 37.31927193641771)	(190, 37.141652960526315)	(200, 38.07886352240793)	(210, 36.95658321577379)	(220, 36.988310647768216)	(230, 36.711142989489254)	(240, 36.48216646014044)	(250, 36.84900867410161)	(260, 36.78188764973151)	(270, 37.074204874019)	(280, 38.05717952559969)	(290, 37.35756922296242)	(300, 36.23968055330653)	(310, 36.766898052217165)	(320, 36.5948300870286)	(330, 36.129216742644005)	(340, 34.984749274761704)	(350, 33.240727310401994)	(360, 32.85202030667219)	(370, 33.48026315789474)	(380, 33.55584119649095)	(390, 33.514652849740926)	(400, 32.52627363197909)	(410, 31.901166846965697)	(420, 29.704034611998935)	(430, 28.408590463485304)	(440, 28.759313904186957)	(450, 27.706274190712765)	(460, 28.043017235478764)	(470, 13.441364430792717)	(480, 12.927054470133005)	(490, 12.627948517477808)	(500, 13.263640736623381)	(510, 14.04162834185993)	(520, 15.769909524889846)	(530, 15.75)	(540, 11.7)	(550, 10.4)	(560, 11.0)							
SRR1687025	(1, 38.542450295540036)	(2, 38.45996775926921)	(3, 39.38017195056421)	(4, 38.818914562063405)	(5, 38.882858678130034)	(6, 38.03358409457281)	(7, 38.03277807630306)	(8, 38.020956475013435)	(9, 37.99435787211177)	(10, 38.74395486297689)	(20, 38.63981730252552)	(30, 37.62614185921548)	(40, 39.73689477540994)	(50, 39.75925316667968)	(60, 39.317961817692925)	(70, 38.362382360849686)	(80, 38.03293896208659)	(90, 38.23672955930069)	(100, 38.02784503631962)	(110, 39.026419155232716)	(120, 38.678719397363466)	(130, 38.605192359429644)	(140, 38.76763518966909)	(150, 38.706833467850416)	(160, 38.72351462876905)	(170, 38.050592034445636)	(180, 37.4674650161464)	(190, 37.30635262449529)	(200, 38.30176124899832)	(210, 37.166877813488426)	(220, 37.40990553306342)	(230, 37.24097210441788)	(240, 36.62580993520518)	(250, 37.13336933045356)	(260, 36.94651727861771)	(270, 37.4110151187905)	(280, 38.006916696461744)	(290, 37.518946975300935)	(300, 36.7948905109489)	(310, 37.55793457691268)	(320, 36.99659367396593)	(330, 36.71897105484051)	(340, 35.95400216333153)	(350, 34.34710654407788)	(360, 33.98253109789074)	(370, 34.44716062736614)	(380, 34.30603028664142)	(390, 34.32382368848026)	(400, 33.21265548945375)	(410, 33.096376419686315)	(420, 30.92068685776095)	(430, 29.28243414013425)	(440, 29.385635860063665)	(450, 29.146222287558892)	(460, 30.44674950093121)	(470, 14.528099206349207)	(480, 14.688888888888888)	(490, 12.877777777777776)	(500, 13.77)	(510, 12.65)	(520, 19.55)	(530, 15.0)										
SRR1687027	(1, 39.59866444073456)	(2, 39.54357262103506)	(3, 39.57161936560935)	(4, 39.25542570951586)	(5, 39.235392320534224)	(6, 38.172954924874794)	(7, 37.989315525876464)	(8, 37.97328881469115)	(9, 37.97762938230384)	(10, 39.38914858096829)	(20, 38.31866444073455)	(30, 37.11083686571808)	(40, 39.69829659318638)	(50, 39.74838313446137)	(60, 39.40638155696625)	(70, 38.162686810668745)	(80, 37.97005347593582)	(90, 38.31668745094463)	(100, 38.593606669270045)	(110, 39.309401137504175)	(120, 38.978454332552694)	(130, 38.76055536968885)	(140, 38.80281030444966)	(150, 38.7763131482101)	(160, 38.65734359317498)	(170, 37.764068250250915)	(180, 37.60521913683506)	(190, 37.56125794580127)	(200, 38.44720139771945)	(210, 37.45648730769933)	(220, 37.73310810810811)	(230, 37.76621621621621)	(240, 37.19398648648648)	(250, 37.27510135135135)	(260, 36.55347972972974)	(270, 37.21023648648649)	(280, 37.669966216216224)	(290, 37.771013513513516)	(300, 37.02648648648649)	(310, 37.31445945945946)	(320, 37.17131756756756)	(330, 36.764155405405404)	(340, 36.36510135135135)	(350, 34.724425675675676)	(360, 33.98594594594594)	(370, 33.87831081081081)	(380, 33.18449324324324)	(390, 33.77871621621622)	(400, 32.84345263627144)	(410, 32.74949255751015)	(420, 30.104397834912042)	(430, 29.231982457390878)	(440, 29.470383328292723)	(450, 29.88031142866033)	(460, 30.410122790396542)	(470, 14.975835630109888)	(480, 13.826666666666668)	(490, 13.034325396825398)	(500, 12.675)	(510, 11.916666666666668)	(520, 14.9)	(530, 16.5)										
SRR1687028	(1, 39.68473086781399)	(2, 39.657268399853535)	(3, 39.5664591724643)	(4, 39.15122665690223)	(5, 39.11314536799707)	(6, 38.156719150494325)	(7, 37.5986818015379)	(8, 37.49835225192237)	(9, 37.50457707799341)	(10, 38.83573782497254)	(20, 37.098059318930794)	(30, 33.157817649212745)	(40, 38.416769729721025)	(50, 39.5961619533514)	(60, 39.256650787834374)	(70, 37.474752656650786)	(80, 37.22990106266031)	(90, 37.19633565408575)	(100, 37.82862991879337)	(110, 38.62052785923753)	(120, 38.412463343108506)	(130, 38.516605571847506)	(140, 38.67049120234604)	(150, 38.64563782991202)	(160, 38.45043988269795)	(170, 38.04981671554252)	(180, 37.57060117302052)	(190, 36.96620234604106)	(200, 37.830890368348946)	(210, 36.821641516378364)	(220, 37.03581155686419)	(230, 37.07604395062344)	(240, 36.45258568689195)	(250, 36.430239410681395)	(260, 36.06349907918969)	(270, 36.59219152854513)	(280, 37.754843462246775)	(290, 37.156127480318276)	(300, 36.38591608673561)	(310, 36.5359542266519)	(320, 36.26009597637504)	(330, 35.862458471760796)	(340, 34.71797711332595)	(350, 33.66747877445552)	(360, 32.64928017718715)	(370, 32.298392163755565)	(380, 32.18718138160325)	(390, 32.85511636497968)	(400, 31.695088805104394)	(410, 31.291648189209173)	(420, 28.26759053954176)	(430, 28.862416851441242)	(440, 29.172166622198752)	(450, 30.945701246699848)	(460, 32.34940722097614)	(470, 17.471828481502392)	(480, 10.1)															
SRR1687029	(1, 39.79834254143646)	(2, 39.74792817679558)	(3, 39.5935773480663)	(4, 39.31146408839779)	(5, 39.272444751381215)	(6, 38.38915745856354)	(7, 37.885013812154696)	(8, 37.83080110497237)	(9, 37.83736187845304)	(10, 39.09388812154697)	(20, 38.62102900552486)	(30, 37.44333563535911)	(40, 39.75466160220995)	(50, 39.79516574585635)	(60, 39.446477900552495)	(70, 38.51916436464088)	(80, 38.02779696132596)	(90, 38.10113950276243)	(100, 38.088915745856355)	(110, 39.30742403314917)	(120, 38.59216160220994)	(130, 38.794993093922656)	(140, 38.91367403314918)	(150, 38.88162983425414)	(160, 38.66322513812155)	(170, 37.99116022099447)	(180, 37.28746546961326)	(190, 37.302900552486186)	(200, 38.45292614910447)	(210, 37.571502590673575)	(220, 37.730185687494085)	(230, 37.27515472184322)	(240, 37.1790038049118)	(250, 37.23638879280526)	(260, 36.72480110688343)	(270, 37.087167070217916)	(280, 37.6552094150225)	(290, 37.42488750432676)	(300, 37.39660782277605)	(310, 37.72346832814123)	(320, 37.21457251644167)	(330, 37.07691242644513)	(340, 36.39366562824507)	(350, 34.823399100034614)	(360, 34.168362755278636)	(370, 34.29261289598812)	(380, 34.03164819944598)	(390, 34.265581717451525)	(400, 33.86959833795014)	(410, 33.49265419265419)	(420, 31.023943173943174)	(430, 30.625571725571724)	(440, 30.57513171608848)	(450, 32.52230504140596)	(460, 33.67415966140134)	(470, 16.02357142857143)	(480, 13.033333333333331)	(490, 15.083333333333332)	(500, 15.9)	(510, 16.55)	(520, 11.8)	(530, 12.0)	(540, 17.0)									
SRR1687031	(1, 39.60761436905128)	(2, 39.563094872582134)	(3, 39.59287688056494)	(4, 39.159042063248386)	(5, 39.117899907890695)	(6, 38.218913110224136)	(7, 37.77402517654283)	(8, 37.70402210623273)	(9, 37.75253300583359)	(10, 39.116057721829904)	(20, 38.62345716917408)	(30, 36.99143383481731)	(40, 39.67479275406816)	(50, 39.79315320847405)	(60, 39.51839115750691)	(70, 38.64939046902414)	(80, 38.45536098310292)	(90, 38.36703533026114)	(100, 38.44904433347778)	(110, 39.10722188076214)	(120, 38.78736939151813)	(130, 38.738598647818066)	(140, 38.76100197614382)	(150, 38.78616579364438)	(160, 38.83746890547264)	(170, 38.149720149253724)	(180, 37.9722947761194)	(190, 37.899533437014)	(200, 38.56756716459172)	(210, 37.67339123590049)	(220, 37.789010302841085)	(230, 37.59591813171368)	(240, 37.17994376757263)	(250, 37.451952514839114)	(260, 37.076226179318965)	(270, 37.61096532333646)	(280, 38.157856919712586)	(290, 37.6002636945823)	(300, 36.97781602002503)	(310, 37.48748435544431)	(320, 37.334918648310385)	(330, 37.01489361702127)	(340, 36.33998748435545)	(350, 34.80996964123777)	(360, 34.2356807511737)	(370, 34.33599374021909)	(380, 33.8641627543036)	(390, 34.49618153364632)	(400, 33.549609018474584)	(410, 33.04949906073889)	(420, 30.45898559799624)	(430, 30.208922980588607)	(440, 30.575814320480212)	(450, 30.931860497261226)	(460, 32.48359127865906)	(470, 14.9110495985496)	(480, 13.383214285714285)	(490, 14.530000000000001)	(500, 18.4)	(510, 14.5)	(520, 13.1)	(530, 11.1)	(540, 19.4)	(550, 19.0)								
SRR1687032	(1, 39.27152)	(2, 39.20992)	(3, 39.34448)	(4, 38.79832)	(5, 38.8064)	(6, 37.89616)	(7, 37.63248)	(8, 37.61464)	(9, 37.62704)	(10, 38.83499199999999)	(20, 38.205128)	(30, 36.75556)	(40, 39.617033051230365)	(50, 39.72917699459647)	(60, 39.34010354609898)	(70, 38.33534104122353)	(80, 38.06011857074187)	(90, 38.14043893293453)	(100, 38.31997585680152)	(110, 39.0565862262487)	(120, 38.71009380261365)	(130, 38.542748336406646)	(140, 38.79464233331457)	(150, 38.59514072648545)	(160, 38.52643878454493)	(170, 37.70140348063197)	(180, 37.149458657470525)	(190, 37.05180046515359)	(200, 38.1035725000127)	(210, 37.020764327627276)	(220, 37.39207729468599)	(230, 36.9037992552687)	(240, 36.48221935899501)	(250, 36.9898292800773)	(260, 36.70744081172491)	(270, 37.23810597519729)	(280, 38.040328292667304)	(290, 37.49963701762218)	(300, 36.436930570756154)	(310, 36.88407807710921)	(320, 36.58032747217293)	(330, 36.06922890788837)	(340, 35.06170350056461)	(350, 33.3414744313599)	(360, 32.776510446075655)	(370, 33.42954747116237)	(380, 33.37220349296055)	(390, 33.586800064547354)	(400, 32.20318186641119)	(410, 31.95847320852163)	(420, 30.00007305218861)	(430, 28.992199820420712)	(440, 29.200120702676195)	(450, 29.217946581103416)	(460, 29.931276488541176)	(470, 13.276731883487349)	(480, 12.592913247800125)	(490, 12.390201354649001)	(500, 12.25467212014588)	(510, 12.473897324128009)	(520, 13.603396587109373)	(530, 15.256320346320347)	(540, 10.933333333333334)									
SRR1687033	(1, 39.50023784606603)	(2, 39.440205499001046)	(3, 39.54542859861098)	(4, 39.14061459423461)	(5, 39.12710493768433)	(6, 38.606031776234424)	(7, 38.384549519550944)	(8, 38.37731899914375)	(9, 38.39444391589763)	(10, 39.10609837313291)	(20, 38.397221957948815)	(30, 36.36653030158881)	(40, 39.66158878290781)	(50, 39.739551230117165)	(60, 39.40122559129365)	(70, 38.31457107626899)	(80, 38.147927721781954)	(90, 38.46534661806866)	(100, 38.185099636814954)	(110, 39.02387817452739)	(120, 39.04974221882757)	(130, 38.54483482910062)	(140, 38.71962955890777)	(150, 38.938523964101584)	(160, 38.59443383616574)	(170, 37.95095534584408)	(180, 37.67074571488969)	(190, 37.34524777826846)	(200, 38.30668526713005)	(210, 37.609512910224474)	(220, 37.70462643678161)	(230, 37.83233716475095)	(240, 36.69455938697318)	(250, 36.94723188334785)	(260, 37.05611648625348)	(270, 37.59262923253166)	(280, 38.39028701280004)	(290, 37.6721192002947)	(300, 36.64649470929554)	(310, 37.24403302604993)	(320, 37.09571730480507)	(330, 36.744011889922334)	(340, 35.863351071962555)	(350, 34.277387802071345)	(360, 33.828682393555816)	(370, 34.451169927119295)	(380, 34.68259493670887)	(390, 33.68897511344235)	(400, 31.301553658770494)	(410, 31.657483223870003)	(420, 30.57587784000767)	(430, 29.88345925511887)	(440, 29.737725478157678)	(450, 29.093896654784203)	(460, 29.04282324996683)	(470, 13.65180552770797)	(480, 14.0550095719654)	(490, 13.297563431412405)	(500, 13.038294506318184)	(510, 12.900330798878864)	(520, 13.689765675244335)	(530, 16.715420274170274)	(540, 12.1)	(550, 11.2)	(560, 12.5)							
SRR1687034	(1, 39.56191495052153)	(2, 39.47454756173665)	(3, 39.586966211999645)	(4, 38.98529018454132)	(5, 38.974324685744854)	(6, 37.57992333065882)	(7, 37.56557011678702)	(8, 37.545957029508784)	(9, 37.54961219577427)	(10, 37.94754390657039)	(20, 37.37985763571751)	(40, 39.64526450527683)	(60, 38.81443574493129)	(80, 38.51960315985036)	(100, 38.92267540662857)	(120, 38.85244529418893)	(140, 38.64454288231893)	(160, 38.26716196566595)	(180, 37.39341053869153)	(200, 37.69756965087772)	(220, 37.920562531294784)	(240, 36.29256599030346)	(260, 37.27082959238643)	(280, 37.952536309914095)	(300, 36.86880445522321)	(320, 37.03415072307555)	(340, 35.65462216279958)	(360, 34.436316487737756)	(380, 34.37868684044778)	(400, 31.443841549397952)	(420, 30.375392247187783)	(440, 29.392908322289628)	(460, 21.60893487033512)	(480, 13.271320426475446)	(500, 13.237971942226352)	(520, 15.057458026492139)	(540, 13.625)	(560, 12.4)	(580, 11.7)	(600, 10.5)	(620, 10.6)	(640, 10.9)	(660, 12.6)	(680, 13.4)	(700, 15.8)	(720, 11.4)	(740, 12.5)																									
SRR1687036	(1, 39.79795137325529)	(2, 39.68077442593427)	(3, 39.65657361548852)	(4, 39.28759567762269)	(5, 39.2767897343539)	(6, 38.56821251688429)	(7, 38.44968482665466)	(8, 38.43707789284106)	(9, 38.44934714092751)	(10, 38.8939104007204)	(20, 38.490781179648806)	(30, 36.63097143092341)	(40, 39.66844739580352)	(50, 39.73304760946218)	(60, 39.507603920243334)	(70, 38.13304044159062)	(80, 38.35747937183312)	(90, 38.89165588024791)	(100, 38.79319389058439)	(110, 39.35742473785094)	(120, 38.94185364753636)	(130, 38.786390799413695)	(140, 39.05495546284812)	(150, 38.423666704250756)	(160, 38.426169804938546)	(170, 38.242079152102825)	(180, 37.504393559022006)	(190, 37.45885205232297)	(200, 38.49463759635923)	(210, 37.69971352513382)	(220, 38.19915340331866)	(230, 37.944066247378615)	(240, 36.43837209302326)	(250, 36.79542786181982)	(260, 37.2300293519982)	(270, 37.56328742379769)	(280, 38.317714801851636)	(290, 37.7025858725806)	(300, 36.679683290697426)	(310, 37.574850231716965)	(320, 37.26686867901613)	(330, 37.16519978242107)	(340, 36.81880158281515)	(350, 35.66461218753348)	(360, 34.97310040705564)	(370, 34.639235639981905)	(380, 34.16276087839427)	(390, 34.4347017943302)	(400, 33.03884936031785)	(410, 33.44989819004525)	(420, 31.15997128076851)	(430, 30.59144981082384)	(440, 30.24660674787084)	(450, 30.657182110348707)	(460, 30.789853855537785)	(470, 13.56555301324443)	(480, 12.743850482448705)	(490, 12.609978934349785)	(500, 12.787159857322473)	(510, 13.766956091755068)	(520, 15.16934325349573)	(530, 15.452912087912088)	(540, 16.116666666666667)	(550, 18.666666666666668)								
SRR1687037	(1, 39.81028730305839)	(2, 39.732993512511584)	(3, 39.6820203892493)	(4, 39.257089898053756)	(5, 39.237998146431885)	(6, 38.38127896200185)	(7, 38.296941612604265)	(8, 38.29017608897127)	(9, 38.303799814643185)	(10, 38.69900834105653)	(20, 38.532780352177944)	(30, 37.36102602013464)	(40, 39.71725781501421)	(50, 39.743477834597485)	(60, 39.456394074086305)	(70, 37.96502225519288)	(80, 37.98591860099051)	(90, 38.497183147128524)	(100, 38.60202722195048)	(110, 39.18549809674125)	(120, 39.064023767523906)	(130, 38.7826713653035)	(140, 38.39852353979013)	(150, 38.11869427934622)	(160, 38.61772845468054)	(170, 38.38542904903418)	(180, 37.86228042860726)	(190, 37.83007213156771)	(200, 38.39478417948262)	(210, 36.903392875890475)	(220, 37.60959069767441)	(230, 37.69130603765533)	(240, 35.94926497953107)	(250, 37.13133606252326)	(260, 37.15819064920066)	(270, 37.46742994738243)	(280, 38.28583328405891)	(290, 37.9089685156187)	(300, 35.559273990634914)	(310, 37.37977234558686)	(320, 37.47995379367985)	(330, 36.97185779602501)	(340, 36.61962302883269)	(350, 35.009834841840075)	(360, 34.527657757210406)	(370, 34.72653917181477)	(380, 34.10828822101922)	(390, 34.33860369609856)	(400, 32.93076100312424)	(410, 33.17623448147111)	(420, 31.0914309717166)	(430, 29.88537402799883)	(440, 29.65105435082121)	(450, 30.22117259945323)	(460, 30.388421295141985)	(470, 13.863032525522481)	(480, 13.126038537425055)	(490, 13.159028524848912)	(500, 13.502004316998875)	(510, 13.762366170216833)	(520, 15.083104150751211)	(530, 17.664898434898436)	(540, 15.3)	(550, 15.1)	(560, 13.666666666666666)							
