file                           format  type  num_seqs     sum_len  min_len  avg_len  max_len     Q1     Q2     Q3  sum_gap    N50  N50_num  Q20(%)  Q30(%)  AvgQual  GC(%)  sum_n
SRR37722522_subreads.fastq.gz  FASTQ   DNA     36,379  53,654,182      304  1,474.9    3,652  1,485  1,492  1,500        0  1,492      247   98.59   97.37    27.07  54.64      0
SRR37722523_subreads.fastq.gz  FASTQ   DNA     30,006  43,932,574      281  1,464.1    4,361  1,484  1,491  1,498        0  1,492      305   98.65   97.44     27.3  54.64      0
SRR37722524_subreads.fastq.gz  FASTQ   DNA     17,202  25,321,594      298    1,472    3,918  1,484  1,493  1,515        0  1,494      290   98.32   97.01    26.17  54.97      0
SRR37722526_subreads.fastq.gz  FASTQ   DNA     12,104  17,929,516      287  1,481.3    3,065  1,485  1,493  1,504        0  1,493      172   98.43   97.18     26.5  54.11      0
SRR37722527_subreads.fastq.gz  FASTQ   DNA     23,702  35,187,131      244  1,484.6    3,931  1,486  1,493  1,504        0  1,493      243   98.33   97.06    26.18   54.1      0
SRR37722528_subreads.fastq.gz  FASTQ   DNA     41,313  60,907,212      264  1,474.3    4,260  1,484  1,491  1,501        0  1,492      348    98.7   97.51     27.5  54.21      0
SRR37722529_subreads.fastq.gz  FASTQ   DNA     33,539  49,880,962      283  1,487.3    3,069  1,484  1,492  1,497        0  1,492      199   98.67   97.46    27.38  54.16      0
SRR37722530_subreads.fastq.gz  FASTQ   DNA     19,627  29,311,069      840  1,493.4    3,049  1,484  1,490  1,498        0  1,491      151   98.61   97.38    27.17  54.38      0
SRR37722531_subreads.fastq.gz  FASTQ   DNA     33,102  49,449,832      314  1,493.9    3,057  1,484  1,491  1,499        0  1,491      197   98.53   97.28    26.87  54.44      0
SRR37722532_subreads.fastq.gz  FASTQ   DNA     22,061  32,944,320       85  1,493.3    3,033  1,483  1,491  1,498        0  1,491      183   98.39   97.11    26.39   54.4      0
SRR37722533_subreads.fastq.gz  FASTQ   DNA     28,636  42,618,821      249  1,488.3    3,080  1,484  1,491  1,501        0  1,491      191   98.64    97.4    27.27  54.44      0
SRR37722534_subreads.fastq.gz  FASTQ   DNA     21,727  32,396,546       70  1,491.1    3,228  1,485  1,492  1,498        0  1,492      181   98.65   97.43     27.3  53.91      0
SRR37722535_subreads.fastq.gz  FASTQ   DNA     22,157  32,922,843      219  1,485.9    4,320  1,487  1,492  1,504        0  1,493      183   98.56   97.31    26.96  54.42      0
SRR37722536_subreads.fastq.gz  FASTQ   DNA     20,581  30,574,087      222  1,485.5    3,074  1,487  1,492  1,504        0  1,492      191   98.57   97.35    26.99   54.2      0
SRR37722537_subreads.fastq.gz  FASTQ   DNA     29,269  43,302,423      249  1,479.5    3,627  1,485  1,492  1,504        0  1,492      223    98.9   97.75    28.41  54.35      0
SRR37722538_subreads.fastq.gz  FASTQ   DNA     18,708  27,905,747      209  1,491.6    3,112  1,486  1,493  1,507        0  1,493      203   98.47   97.21    26.64  54.31      0
SRR37722539_subreads.fastq.gz  FASTQ   DNA     40,263  59,728,831      260  1,483.5    3,218  1,484  1,492  1,503        0  1,492      278    98.4   97.13     26.4  54.23      0
SRR37722540_subreads.fastq.gz  FASTQ   DNA     33,779  50,341,990      265  1,490.3    3,062  1,484  1,491  1,498        0  1,491      223   98.85   97.68    28.16  54.31      0
SRR37722541_subreads.fastq.gz  FASTQ   DNA     32,323  48,271,397       70  1,493.4    3,039  1,484  1,491  1,499        0  1,491      205   98.63   97.41    27.22  54.37      0
SRR37722542_subreads.fastq.gz  FASTQ   DNA     23,408  34,954,055      316  1,493.3    3,071  1,484  1,491  1,498        0  1,491      171   98.69   97.49    27.44  54.42      0
SRR37722543_subreads.fastq.gz  FASTQ   DNA     31,001  46,169,269      226  1,489.3    3,055  1,484  1,491  1,496        0  1,491      196   98.91   97.76    28.39  54.33      0
SRR37722545_subreads.fastq.gz  FASTQ   DNA     25,871  38,403,528      265  1,484.4    3,393  1,484  1,493  1,513        0  1,493      165   99.03   97.92    29.06  53.98      0
SRR37722546_subreads.fastq.gz  FASTQ   DNA     23,110  34,563,564      341  1,495.6    3,038  1,482  1,492  1,502        0  1,493      156    98.8   97.64    27.89  54.05      0
SRR37722547_subreads.fastq.gz  FASTQ   DNA     26,893  40,094,627       70  1,490.9    3,026  1,480  1,492  1,504        0  1,492      188   98.58   97.36    27.02  54.22      0
SRR37722548_subreads.fastq.gz  FASTQ   DNA     47,148  70,770,605      263    1,501    3,052  1,487  1,492  1,514        0  1,492      207   99.09   97.99    29.48  53.69      0
SRR37722549_subreads.fastq.gz  FASTQ   DNA     21,381  32,131,666      250  1,502.8    3,777  1,486  1,492  1,503        0  1,492      204    98.7    97.5    27.48  53.95      0
SRR37722551_subreads.fastq.gz  FASTQ   DNA     39,123  58,167,851      323  1,486.8    4,565  1,484  1,492  1,503        0  1,492      235   98.46   97.21    26.59  54.19      0
