Sample	0	1	2	3	4	5	6	7	8	9	10	11	12	13	14	15	16	17	18	19	20	21	22	23	24	25	26	27	28	29	30	31	32	33	34	35	36	37	38	39	40	41	42	43	44
SRR37722522_subreads	(300, 42.0)	(400, 97.0)	(500, 209.0)	(600, 162.0)	(700, 159.0)	(800, 135.0)	(900, 123.0)	(1000, 46.0)	(1100, 34.0)	(1200, 49.0)	(1300, 29.0)	(1400, 25960.0)	(1500, 8920.0)	(1600, 337.0)	(1700, 15.0)	(1800, 17.0)	(1900, 6.0)	(2000, 13.0)	(2100, 5.0)	(2200, 4.0)	(2300, 3.0)	(2400, 3.0)	(2500, 4.0)	(2600, 0.0)	(2700, 0.0)	(2800, 0.0)	(2900, 1.0)	(3000, 5.0)	(3100, 0.0)	(3200, 0.0)	(3300, 0.0)	(3400, 0.0)	(3500, 0.0)	(3600, 1.0)											
SRR37722523_subreads	(200, 4.0)	(300, 54.0)	(400, 107.0)	(500, 246.0)	(600, 224.0)	(700, 219.0)	(800, 215.0)	(900, 129.0)	(1000, 95.0)	(1100, 38.0)	(1200, 36.0)	(1300, 26.0)	(1400, 21686.0)	(1500, 6479.0)	(1600, 300.0)	(1700, 18.0)	(1800, 21.0)	(1900, 18.0)	(2000, 15.0)	(2100, 11.0)	(2200, 10.0)	(2300, 13.0)	(2400, 8.0)	(2500, 2.0)	(2600, 4.0)	(2700, 2.0)	(2800, 3.0)	(2900, 2.0)	(3000, 11.0)	(3100, 1.0)	(3200, 0.0)	(3300, 3.0)	(3400, 1.0)	(3500, 1.0)	(3600, 1.0)	(3700, 0.0)	(3800, 0.0)	(3900, 0.0)	(4000, 0.0)	(4100, 0.0)	(4200, 1.0)	(4300, 2.0)			
SRR37722524_subreads	(200, 1.0)	(300, 22.0)	(400, 74.0)	(500, 74.0)	(600, 175.0)	(700, 139.0)	(800, 104.0)	(900, 71.0)	(1000, 71.0)	(1100, 51.0)	(1200, 53.0)	(1300, 38.0)	(1400, 9964.0)	(1500, 6040.0)	(1600, 181.0)	(1700, 9.0)	(1800, 12.0)	(1900, 22.0)	(2000, 17.0)	(2100, 11.0)	(2200, 16.0)	(2300, 11.0)	(2400, 11.0)	(2500, 4.0)	(2600, 3.0)	(2700, 7.0)	(2800, 3.0)	(2900, 5.0)	(3000, 7.0)	(3100, 1.0)	(3200, 1.0)	(3300, 0.0)	(3400, 0.0)	(3500, 1.0)	(3600, 1.0)	(3700, 0.0)	(3800, 0.0)	(3900, 2.0)							
SRR37722526_subreads	(200, 2.0)	(300, 8.0)	(400, 18.0)	(500, 56.0)	(600, 47.0)	(700, 43.0)	(800, 71.0)	(900, 33.0)	(1000, 12.0)	(1100, 2.0)	(1200, 8.0)	(1300, 3.0)	(1400, 8123.0)	(1500, 3398.0)	(1600, 256.0)	(1700, 5.0)	(1800, 4.0)	(1900, 0.0)	(2000, 2.0)	(2100, 2.0)	(2200, 0.0)	(2300, 0.0)	(2400, 1.0)	(2500, 1.0)	(2600, 0.0)	(2700, 0.0)	(2800, 1.0)	(2900, 2.0)	(3000, 6.0)																
SRR37722527_subreads	(200, 4.0)	(300, 15.0)	(400, 70.0)	(500, 80.0)	(600, 73.0)	(700, 83.0)	(800, 58.0)	(900, 33.0)	(1000, 28.0)	(1100, 19.0)	(1200, 14.0)	(1300, 14.0)	(1400, 15808.0)	(1500, 6798.0)	(1600, 535.0)	(1700, 17.0)	(1800, 18.0)	(1900, 5.0)	(2000, 6.0)	(2100, 7.0)	(2200, 2.0)	(2300, 5.0)	(2400, 2.0)	(2500, 2.0)	(2600, 1.0)	(2700, 2.0)	(2800, 0.0)	(2900, 1.0)	(3000, 1.0)	(3100, 0.0)	(3200, 0.0)	(3300, 0.0)	(3400, 0.0)	(3500, 0.0)	(3600, 0.0)	(3700, 0.0)	(3800, 0.0)	(3900, 1.0)							
SRR37722528_subreads	(200, 5.0)	(300, 46.0)	(400, 94.0)	(500, 241.0)	(600, 220.0)	(700, 242.0)	(800, 202.0)	(900, 183.0)	(1000, 107.0)	(1100, 57.0)	(1200, 44.0)	(1300, 29.0)	(1400, 28771.0)	(1500, 9706.0)	(1600, 1176.0)	(1700, 28.0)	(1800, 47.0)	(1900, 19.0)	(2000, 9.0)	(2100, 17.0)	(2200, 11.0)	(2300, 3.0)	(2400, 5.0)	(2500, 5.0)	(2600, 9.0)	(2700, 5.0)	(2800, 4.0)	(2900, 1.0)	(3000, 12.0)	(3100, 4.0)	(3200, 4.0)	(3300, 2.0)	(3400, 1.0)	(3500, 1.0)	(3600, 0.0)	(3700, 0.0)	(3800, 0.0)	(3900, 1.0)	(4000, 0.0)	(4100, 1.0)	(4200, 1.0)				
SRR37722529_subreads	(200, 1.0)	(300, 9.0)	(400, 23.0)	(500, 79.0)	(600, 98.0)	(700, 38.0)	(800, 74.0)	(900, 44.0)	(1000, 11.0)	(1100, 3.0)	(1200, 6.0)	(1300, 13.0)	(1400, 25762.0)	(1500, 6542.0)	(1600, 808.0)	(1700, 8.0)	(1800, 6.0)	(1900, 4.0)	(2000, 1.0)	(2100, 1.0)	(2200, 2.0)	(2300, 0.0)	(2400, 0.0)	(2500, 1.0)	(2600, 0.0)	(2700, 0.0)	(2800, 0.0)	(2900, 0.0)	(3000, 5.0)																
SRR37722530_subreads	(800, 1.0)	(850, 1.0)	(900, 0.0)	(950, 0.0)	(1000, 0.0)	(1050, 3.0)	(1100, 0.0)	(1150, 0.0)	(1200, 4.0)	(1250, 1.0)	(1300, 0.0)	(1350, 3.0)	(1400, 40.0)	(1450, 15178.0)	(1500, 4148.0)	(1550, 93.0)	(1600, 111.0)	(1650, 31.0)	(1700, 1.0)	(1750, 3.0)	(1800, 2.0)	(1850, 1.0)	(1900, 1.0)	(1950, 0.0)	(2000, 0.0)	(2050, 0.0)	(2100, 0.0)	(2150, 0.0)	(2200, 0.0)	(2250, 0.0)	(2300, 0.0)	(2350, 0.0)	(2400, 0.0)	(2450, 0.0)	(2500, 0.0)	(2550, 0.0)	(2600, 0.0)	(2650, 1.0)	(2700, 0.0)	(2750, 0.0)	(2800, 0.0)	(2850, 0.0)	(2900, 0.0)	(2950, 0.0)	(3000, 4.0)
SRR37722531_subreads	(300, 1.0)	(400, 0.0)	(500, 1.0)	(600, 0.0)	(700, 3.0)	(800, 5.0)	(900, 1.0)	(1000, 3.0)	(1100, 1.0)	(1200, 11.0)	(1300, 5.0)	(1400, 25180.0)	(1500, 7576.0)	(1600, 288.0)	(1700, 10.0)	(1800, 6.0)	(1900, 1.0)	(2000, 0.0)	(2100, 1.0)	(2200, 1.0)	(2300, 0.0)	(2400, 1.0)	(2500, 1.0)	(2600, 0.0)	(2700, 0.0)	(2800, 0.0)	(2900, 0.0)	(3000, 6.0)																	
SRR37722532_subreads	(0, 2.0)	(100, 0.0)	(200, 0.0)	(300, 0.0)	(400, 0.0)	(500, 0.0)	(600, 0.0)	(700, 3.0)	(800, 3.0)	(900, 1.0)	(1000, 0.0)	(1100, 1.0)	(1200, 7.0)	(1300, 4.0)	(1400, 17062.0)	(1500, 4813.0)	(1600, 134.0)	(1700, 13.0)	(1800, 3.0)	(1900, 3.0)	(2000, 1.0)	(2100, 2.0)	(2200, 0.0)	(2300, 0.0)	(2400, 0.0)	(2500, 1.0)	(2600, 0.0)	(2700, 0.0)	(2800, 0.0)	(2900, 2.0)	(3000, 6.0)														
SRR37722533_subreads	(200, 1.0)	(300, 15.0)	(400, 18.0)	(500, 55.0)	(600, 35.0)	(700, 20.0)	(800, 56.0)	(900, 21.0)	(1000, 6.0)	(1100, 3.0)	(1200, 28.0)	(1300, 4.0)	(1400, 20677.0)	(1500, 7399.0)	(1600, 257.0)	(1700, 7.0)	(1800, 21.0)	(1900, 4.0)	(2000, 3.0)	(2100, 2.0)	(2200, 0.0)	(2300, 0.0)	(2400, 1.0)	(2500, 0.0)	(2600, 0.0)	(2700, 0.0)	(2800, 0.0)	(2900, 0.0)	(3000, 3.0)																
SRR37722534_subreads	(0, 1.0)	(100, 0.0)	(200, 1.0)	(300, 13.0)	(400, 15.0)	(500, 38.0)	(600, 9.0)	(700, 30.0)	(800, 21.0)	(900, 7.0)	(1000, 5.0)	(1100, 4.0)	(1200, 1.0)	(1300, 1.0)	(1400, 16724.0)	(1500, 4462.0)	(1600, 372.0)	(1700, 4.0)	(1800, 4.0)	(1900, 6.0)	(2000, 0.0)	(2100, 0.0)	(2200, 0.0)	(2300, 0.0)	(2400, 0.0)	(2500, 0.0)	(2600, 0.0)	(2700, 1.0)	(2800, 0.0)	(2900, 0.0)	(3000, 6.0)	(3100, 1.0)	(3200, 1.0)												
SRR37722535_subreads	(200, 4.0)	(300, 18.0)	(400, 57.0)	(500, 38.0)	(600, 95.0)	(700, 54.0)	(800, 40.0)	(900, 24.0)	(1000, 17.0)	(1100, 3.0)	(1200, 13.0)	(1300, 1.0)	(1400, 15315.0)	(1500, 6194.0)	(1600, 254.0)	(1700, 4.0)	(1800, 9.0)	(1900, 2.0)	(2000, 4.0)	(2100, 1.0)	(2200, 0.0)	(2300, 0.0)	(2400, 1.0)	(2500, 0.0)	(2600, 0.0)	(2700, 1.0)	(2800, 0.0)	(2900, 3.0)	(3000, 3.0)	(3100, 0.0)	(3200, 0.0)	(3300, 0.0)	(3400, 0.0)	(3500, 0.0)	(3600, 0.0)	(3700, 0.0)	(3800, 0.0)	(3900, 0.0)	(4000, 0.0)	(4100, 0.0)	(4200, 1.0)	(4300, 1.0)			
SRR37722536_subreads	(200, 6.0)	(300, 19.0)	(400, 30.0)	(500, 55.0)	(600, 87.0)	(700, 33.0)	(800, 54.0)	(900, 23.0)	(1000, 6.0)	(1100, 5.0)	(1200, 16.0)	(1300, 6.0)	(1400, 14180.0)	(1500, 5847.0)	(1600, 182.0)	(1700, 10.0)	(1800, 11.0)	(1900, 2.0)	(2000, 0.0)	(2100, 0.0)	(2200, 3.0)	(2300, 0.0)	(2400, 0.0)	(2500, 0.0)	(2600, 0.0)	(2700, 1.0)	(2800, 0.0)	(2900, 0.0)	(3000, 5.0)																
SRR37722537_subreads	(200, 3.0)	(300, 9.0)	(400, 26.0)	(500, 161.0)	(600, 111.0)	(700, 46.0)	(800, 109.0)	(900, 276.0)	(1000, 30.0)	(1100, 9.0)	(1200, 8.0)	(1300, 3.0)	(1400, 19635.0)	(1500, 8315.0)	(1600, 461.0)	(1700, 22.0)	(1800, 20.0)	(1900, 3.0)	(2000, 4.0)	(2100, 3.0)	(2200, 2.0)	(2300, 1.0)	(2400, 0.0)	(2500, 2.0)	(2600, 0.0)	(2700, 0.0)	(2800, 0.0)	(2900, 1.0)	(3000, 4.0)	(3100, 1.0)	(3200, 0.0)	(3300, 1.0)	(3400, 1.0)	(3500, 1.0)	(3600, 1.0)										
SRR37722538_subreads	(200, 7.0)	(300, 23.0)	(400, 14.0)	(500, 31.0)	(600, 24.0)	(700, 32.0)	(800, 33.0)	(900, 3.0)	(1000, 9.0)	(1100, 3.0)	(1200, 1.0)	(1300, 4.0)	(1400, 12192.0)	(1500, 6060.0)	(1600, 219.0)	(1700, 17.0)	(1800, 20.0)	(1900, 4.0)	(2000, 1.0)	(2100, 0.0)	(2200, 0.0)	(2300, 1.0)	(2400, 0.0)	(2500, 1.0)	(2600, 0.0)	(2700, 0.0)	(2800, 0.0)	(2900, 0.0)	(3000, 8.0)	(3100, 1.0)															
SRR37722539_subreads	(200, 3.0)	(300, 33.0)	(400, 67.0)	(500, 117.0)	(600, 151.0)	(700, 136.0)	(800, 122.0)	(900, 78.0)	(1000, 44.0)	(1100, 26.0)	(1200, 29.0)	(1300, 24.0)	(1400, 27492.0)	(1500, 10766.0)	(1600, 1070.0)	(1700, 20.0)	(1800, 28.0)	(1900, 8.0)	(2000, 8.0)	(2100, 4.0)	(2200, 8.0)	(2300, 3.0)	(2400, 1.0)	(2500, 2.0)	(2600, 4.0)	(2700, 1.0)	(2800, 1.0)	(2900, 0.0)	(3000, 14.0)	(3100, 2.0)	(3200, 1.0)														
SRR37722540_subreads	(200, 2.0)	(300, 12.0)	(400, 16.0)	(500, 53.0)	(600, 41.0)	(700, 12.0)	(800, 62.0)	(900, 21.0)	(1000, 11.0)	(1100, 3.0)	(1200, 3.0)	(1300, 2.0)	(1400, 25918.0)	(1500, 6928.0)	(1600, 629.0)	(1700, 11.0)	(1800, 26.0)	(1900, 3.0)	(2000, 1.0)	(2100, 0.0)	(2200, 2.0)	(2300, 0.0)	(2400, 0.0)	(2500, 2.0)	(2600, 8.0)	(2700, 1.0)	(2800, 1.0)	(2900, 2.0)	(3000, 9.0)																
SRR37722541_subreads	(0, 1.0)	(100, 0.0)	(200, 3.0)	(300, 5.0)	(400, 7.0)	(500, 20.0)	(600, 6.0)	(700, 5.0)	(800, 7.0)	(900, 4.0)	(1000, 0.0)	(1100, 0.0)	(1200, 4.0)	(1300, 2.0)	(1400, 24710.0)	(1500, 7050.0)	(1600, 470.0)	(1700, 6.0)	(1800, 12.0)	(1900, 3.0)	(2000, 0.0)	(2100, 0.0)	(2200, 0.0)	(2300, 1.0)	(2400, 0.0)	(2500, 0.0)	(2600, 0.0)	(2700, 0.0)	(2800, 0.0)	(2900, 0.0)	(3000, 7.0)														
SRR37722542_subreads	(300, 3.0)	(400, 3.0)	(500, 4.0)	(600, 2.0)	(700, 0.0)	(800, 3.0)	(900, 1.0)	(1000, 0.0)	(1100, 0.0)	(1200, 1.0)	(1300, 3.0)	(1400, 18075.0)	(1500, 5073.0)	(1600, 226.0)	(1700, 3.0)	(1800, 1.0)	(1900, 1.0)	(2000, 0.0)	(2100, 1.0)	(2200, 0.0)	(2300, 1.0)	(2400, 0.0)	(2500, 0.0)	(2600, 0.0)	(2700, 0.0)	(2800, 0.0)	(2900, 1.0)	(3000, 6.0)																	
SRR37722543_subreads	(200, 1.0)	(300, 11.0)	(400, 21.0)	(500, 30.0)	(600, 34.0)	(700, 26.0)	(800, 35.0)	(900, 7.0)	(1000, 16.0)	(1100, 9.0)	(1200, 2.0)	(1300, 3.0)	(1400, 24706.0)	(1500, 5575.0)	(1600, 489.0)	(1700, 7.0)	(1800, 15.0)	(1900, 2.0)	(2000, 1.0)	(2100, 1.0)	(2200, 1.0)	(2300, 1.0)	(2400, 1.0)	(2500, 0.0)	(2600, 0.0)	(2700, 3.0)	(2800, 0.0)	(2900, 0.0)	(3000, 4.0)																
SRR37722545_subreads	(200, 1.0)	(300, 24.0)	(400, 37.0)	(500, 116.0)	(600, 120.0)	(700, 42.0)	(800, 58.0)	(900, 23.0)	(1000, 24.0)	(1100, 4.0)	(1200, 10.0)	(1300, 9.0)	(1400, 17682.0)	(1500, 7377.0)	(1600, 319.0)	(1700, 4.0)	(1800, 7.0)	(1900, 0.0)	(2000, 0.0)	(2100, 2.0)	(2200, 0.0)	(2300, 3.0)	(2400, 2.0)	(2500, 0.0)	(2600, 0.0)	(2700, 2.0)	(2800, 0.0)	(2900, 0.0)	(3000, 4.0)	(3100, 0.0)	(3200, 0.0)	(3300, 1.0)													
SRR37722546_subreads	(300, 1.0)	(400, 1.0)	(500, 8.0)	(600, 7.0)	(700, 6.0)	(800, 7.0)	(900, 1.0)	(1000, 2.0)	(1100, 0.0)	(1200, 0.0)	(1300, 12.0)	(1400, 16754.0)	(1500, 5995.0)	(1600, 307.0)	(1700, 3.0)	(1800, 3.0)	(1900, 1.0)	(2000, 0.0)	(2100, 1.0)	(2200, 0.0)	(2300, 0.0)	(2400, 0.0)	(2500, 0.0)	(2600, 0.0)	(2700, 0.0)	(2800, 0.0)	(2900, 0.0)	(3000, 1.0)																	
SRR37722547_subreads	(0, 1.0)	(100, 0.0)	(200, 4.0)	(300, 22.0)	(400, 24.0)	(500, 31.0)	(600, 19.0)	(700, 13.0)	(800, 24.0)	(900, 8.0)	(1000, 13.0)	(1100, 2.0)	(1200, 2.0)	(1300, 7.0)	(1400, 18893.0)	(1500, 7583.0)	(1600, 220.0)	(1700, 9.0)	(1800, 10.0)	(1900, 3.0)	(2000, 2.0)	(2100, 0.0)	(2200, 0.0)	(2300, 0.0)	(2400, 0.0)	(2500, 0.0)	(2600, 0.0)	(2700, 1.0)	(2800, 0.0)	(2900, 0.0)	(3000, 2.0)														
SRR37722548_subreads	(200, 3.0)	(300, 13.0)	(400, 34.0)	(500, 68.0)	(600, 55.0)	(700, 32.0)	(800, 74.0)	(900, 30.0)	(1000, 10.0)	(1100, 24.0)	(1200, 20.0)	(1300, 30.0)	(1400, 32022.0)	(1500, 10821.0)	(1600, 3867.0)	(1700, 14.0)	(1800, 18.0)	(1900, 2.0)	(2000, 3.0)	(2100, 0.0)	(2200, 0.0)	(2300, 1.0)	(2400, 0.0)	(2500, 0.0)	(2600, 1.0)	(2700, 0.0)	(2800, 0.0)	(2900, 2.0)	(3000, 4.0)																
SRR37722549_subreads	(200, 3.0)	(300, 2.0)	(400, 1.0)	(500, 15.0)	(600, 17.0)	(700, 11.0)	(800, 26.0)	(900, 18.0)	(1000, 4.0)	(1100, 1.0)	(1200, 2.0)	(1300, 6.0)	(1400, 15143.0)	(1500, 4289.0)	(1600, 1812.0)	(1700, 14.0)	(1800, 1.0)	(1900, 1.0)	(2000, 2.0)	(2100, 1.0)	(2200, 1.0)	(2300, 0.0)	(2400, 0.0)	(2500, 0.0)	(2600, 0.0)	(2700, 0.0)	(2800, 0.0)	(2900, 1.0)	(3000, 7.0)	(3100, 0.0)	(3200, 0.0)	(3300, 0.0)	(3400, 0.0)	(3500, 1.0)	(3600, 0.0)	(3700, 2.0)									
SRR37722551_subreads	(300, 17.0)	(400, 32.0)	(500, 87.0)	(600, 65.0)	(700, 96.0)	(800, 107.0)	(900, 82.0)	(1000, 30.0)	(1100, 27.0)	(1200, 12.0)	(1300, 14.0)	(1400, 26987.0)	(1500, 10622.0)	(1600, 883.0)	(1700, 10.0)	(1800, 23.0)	(1900, 5.0)	(2000, 3.0)	(2100, 4.0)	(2200, 1.0)	(2300, 1.0)	(2400, 0.0)	(2500, 3.0)	(2600, 2.0)	(2700, 0.0)	(2800, 0.0)	(2900, 0.0)	(3000, 9.0)	(3100, 0.0)	(3200, 0.0)	(3300, 0.0)	(3400, 0.0)	(3500, 0.0)	(3600, 0.0)	(3700, 0.0)	(3800, 0.0)	(3900, 0.0)	(4000, 0.0)	(4100, 0.0)	(4200, 0.0)	(4300, 0.0)	(4400, 0.0)	(4500, 1.0)		
