Sample	0	1	2	3	4	5	6	7	8	9	10	11	12	13	14	15	16	17	18	19	20	21	22	23	24	25	26	27	28	29	30	31	32	33	34	35	36	37	38	39	40	41	42	43	44	45	46	47	48	49	50	51	52	53	54	55	56	57	58	59	60	61	62	63	64	65	66	67	68	69	70	71	72	73	74	75	76	77	78	79	80	81	82	83	84	85	86	87	88	89	90	91	92	93	94	95	96	97	98	99	100
SRR37722522_subreads	(0.0, 0.0)	(1.0, 0.0)	(2.0, 0.0)	(3.0, 0.0)	(4.0, 0.0)	(5.0, 0.0)	(6.0, 0.0)	(7.0, 0.0)	(8.0, 0.0)	(9.0, 0.0)	(10.0, 0.0)	(11.0, 0.0)	(12.0, 0.0)	(13.0, 0.0)	(14.0, 0.0)	(15.0, 0.0)	(16.0, 0.0)	(17.0, 0.0)	(18.0, 0.0)	(19.0, 0.0)	(20.0, 0.0)	(21.0, 0.0)	(22.0, 0.0)	(23.0, 0.0)	(24.0, 0.0)	(25.0, 0.0)	(26.0, 0.0)	(27.0, 0.14285714285714285)	(28.0, 0.14285714285714285)	(29.0, 0.0)	(30.0, 0.3068181818181818)	(31.0, 0.19090909090909092)	(32.0, 0.2361111111111111)	(33.0, 0.492929292929293)	(34.0, 0.5218253968253967)	(35.0, 1.365079365079365)	(36.0, 1.6845238095238093)	(37.0, 2.4310606060606057)	(38.0, 1.2937229437229438)	(39.0, 2.3620129870129865)	(40.0, 1.9799783549783547)	(41.0, 3.4009379509379505)	(42.0, 2.9947691197691193)	(43.0, 7.4255050505050475)	(44.0, 3.4395382395382392)	(45.0, 4.577344877344878)	(46.0, 10.319769119769125)	(47.0, 14.774711399711416)	(48.0, 47.91363636363666)	(49.0, 79.02998533724454)	(50.0, 81.95252525252647)	(51.0, 104.79217171717352)	(52.0, 397.89686147182783)	(53.0, 712.1376763021935)	(54.0, 539.0364427686445)	(55.0, 460.7740690312767)	(56.0, 344.3308150630549)	(57.0, 350.10108225106273)	(58.0, 217.96767676768175)	(59.0, 213.8571789321838)	(60.0, 40.87626262626277)	(61.0, 14.246645021645062)	(62.0, 15.316017316017366)	(63.0, 9.602489177489185)	(64.0, 4.303643578643577)	(65.0, 1.375)	(66.0, 0.6974025974025975)	(67.0, 0.18181818181818182)	(68.0, 0.0)	(69.0, 0.0)	(70.0, 0.14285714285714285)	(71.0, 0.0)	(72.0, 0.0)	(73.0, 0.0)	(74.0, 0.0)	(75.0, 0.0)	(76.0, 0.0)	(77.0, 0.0)	(78.0, 0.0)	(79.0, 0.0)	(80.0, 0.0)	(81.0, 0.0)	(82.0, 0.0)	(83.0, 0.0)	(84.0, 0.0)	(85.0, 0.0)	(86.0, 0.0)	(87.0, 0.0)	(88.0, 0.0)	(89.0, 0.0)	(90.0, 0.0)	(91.0, 0.0)	(92.0, 0.0)	(93.0, 0.0)	(94.0, 0.0)	(95.0, 0.0)	(96.0, 0.0)	(97.0, 0.0)	(98.0, 0.0)	(99.0, 0.0)	(100.0, 0.0)
SRR37722523_subreads	(0.0, 0.0)	(1.0, 0.0)	(2.0, 0.0)	(3.0, 0.0)	(4.0, 0.0)	(5.0, 0.0)	(6.0, 0.0)	(7.0, 0.0)	(8.0, 0.0)	(9.0, 0.0)	(10.0, 0.0)	(11.0, 0.0)	(12.0, 0.0)	(13.0, 0.0)	(14.0, 0.0)	(15.0, 0.0)	(16.0, 0.0)	(17.0, 0.0)	(18.0, 0.0)	(19.0, 0.0)	(20.0, 0.0)	(21.0, 0.0)	(22.0, 0.0)	(23.0, 0.0)	(24.0, 0.0)	(25.0, 0.2)	(26.0, 0.16666666666666666)	(27.0, 0.3333333333333333)	(28.0, 0.0)	(29.0, 0.0)	(30.0, 0.0)	(31.0, 0.09090909090909091)	(32.0, 0.5928571428571429)	(33.0, 0.1111111111111111)	(34.0, 0.1111111111111111)	(35.0, 1.603968253968254)	(36.0, 1.6478424801005445)	(37.0, 1.7734487734487732)	(38.0, 2.5440476190476193)	(39.0, 2.9314935064935064)	(40.0, 3.2362984685565332)	(41.0, 4.682647907647907)	(42.0, 4.6652597402597396)	(43.0, 6.4770923520923525)	(44.0, 6.562236419494483)	(45.0, 8.028470185728251)	(46.0, 12.901190476190488)	(47.0, 17.07521645021646)	(48.0, 37.14866522366527)	(49.0, 62.971392496393186)	(50.0, 59.32002164502221)	(51.0, 93.38168086394039)	(52.0, 344.6182970255369)	(53.0, 600.9262253874796)	(54.0, 438.1563597080858)	(55.0, 371.62417614946526)	(56.0, 283.1624098124086)	(57.0, 273.1897546897559)	(58.0, 176.5493506493544)	(59.0, 175.5562409812448)	(60.0, 38.08853512079325)	(61.0, 14.094769119769163)	(62.0, 13.544624819624845)	(63.0, 7.155483405483401)	(64.0, 3.893686868686867)	(65.0, 2.0557359307359304)	(66.0, 1.0835137085137085)	(67.0, 0.4)	(68.0, 0.0)	(69.0, 0.1)	(70.0, 0.0)	(71.0, 0.0)	(72.0, 0.0)	(73.0, 0.0)	(74.0, 0.0)	(75.0, 0.0)	(76.0, 0.0)	(77.0, 0.0)	(78.0, 0.0)	(79.0, 0.0)	(80.0, 0.0)	(81.0, 0.0)	(82.0, 0.0)	(83.0, 0.0)	(84.0, 0.0)	(85.0, 0.0)	(86.0, 0.0)	(87.0, 0.0)	(88.0, 0.0)	(89.0, 0.0)	(90.0, 0.0)	(91.0, 0.0)	(92.0, 0.0)	(93.0, 0.0)	(94.0, 0.0)	(95.0, 0.0)	(96.0, 0.0)	(97.0, 0.0)	(98.0, 0.0)	(99.0, 0.0)	(100.0, 0.0)
SRR37722524_subreads	(0.0, 0.0)	(1.0, 0.0)	(2.0, 0.0)	(3.0, 0.0)	(4.0, 0.0)	(5.0, 0.0)	(6.0, 0.0)	(7.0, 0.0)	(8.0, 0.0)	(9.0, 0.0)	(10.0, 0.0)	(11.0, 0.0)	(12.0, 0.0)	(13.0, 0.0)	(14.0, 0.0)	(15.0, 0.0)	(16.0, 0.0)	(17.0, 0.0)	(18.0, 0.0)	(19.0, 0.0)	(20.0, 0.0)	(21.0, 0.0)	(22.0, 0.0)	(23.0, 0.0)	(24.0, 0.0)	(25.0, 0.0)	(26.0, 0.0)	(27.0, 0.0)	(28.0, 0.0)	(29.0, 0.0)	(30.0, 0.09090909090909091)	(31.0, 0.0)	(32.0, 0.3111111111111111)	(33.0, 0.16666666666666666)	(34.0, 0.2361111111111111)	(35.0, 0.475)	(36.0, 0.9722222222222221)	(37.0, 1.0984848484848484)	(38.0, 1.2087662337662337)	(39.0, 1.2261904761904763)	(40.0, 1.3972222222222224)	(41.0, 1.281926406926407)	(42.0, 1.3905483405483405)	(43.0, 1.7274531024531026)	(44.0, 2.9913780663780662)	(45.0, 2.5041125541125537)	(46.0, 6.746356421356419)	(47.0, 6.825252525252521)	(48.0, 13.184559884559912)	(49.0, 16.59574314574319)	(50.0, 21.109163059163084)	(51.0, 49.89824628776277)	(52.0, 175.53309477261467)	(53.0, 280.6257645580216)	(54.0, 269.83536749988565)	(55.0, 231.70487711214042)	(56.0, 226.3536505609138)	(57.0, 152.87341968068088)	(58.0, 116.12085137085356)	(59.0, 127.31601731601982)	(60.0, 20.338758553274705)	(61.0, 11.8178641251222)	(62.0, 6.2578713401294035)	(63.0, 3.3104256854256846)	(64.0, 2.008008658008658)	(65.0, 3.2428932178932173)	(66.0, 1.4140331890331892)	(67.0, 0.09090909090909091)	(68.0, 0.43578643578643583)	(69.0, 0.0)	(70.0, 0.0)	(71.0, 0.0)	(72.0, 0.0)	(73.0, 0.0)	(74.0, 0.0)	(75.0, 0.0)	(76.0, 0.0)	(77.0, 0.0)	(78.0, 0.0)	(79.0, 0.0)	(80.0, 0.0)	(81.0, 0.0)	(82.0, 0.0)	(83.0, 0.0)	(84.0, 0.0)	(85.0, 0.0)	(86.0, 0.0)	(87.0, 0.0)	(88.0, 0.0)	(89.0, 0.0)	(90.0, 0.0)	(91.0, 0.0)	(92.0, 0.0)	(93.0, 0.0)	(94.0, 0.0)	(95.0, 0.0)	(96.0, 0.0)	(97.0, 0.0)	(98.0, 0.0)	(99.0, 0.0)	(100.0, 0.0)
SRR37722526_subreads	(0.0, 0.0)	(1.0, 0.0)	(2.0, 0.0)	(3.0, 0.0)	(4.0, 0.0)	(5.0, 0.0)	(6.0, 0.0)	(7.0, 0.0)	(8.0, 0.0)	(9.0, 0.0)	(10.0, 0.0)	(11.0, 0.0)	(12.0, 0.0)	(13.0, 0.0)	(14.0, 0.0)	(15.0, 0.0)	(16.0, 0.0)	(17.0, 0.0)	(18.0, 0.0)	(19.0, 0.0)	(20.0, 0.0)	(21.0, 0.0)	(22.0, 0.0)	(23.0, 0.0)	(24.0, 0.0)	(25.0, 0.0)	(26.0, 0.0)	(27.0, 0.0)	(28.0, 0.0)	(29.0, 0.0)	(30.0, 0.0)	(31.0, 0.0)	(32.0, 0.0)	(33.0, 0.45)	(34.0, 0.0)	(35.0, 0.14285714285714285)	(36.0, 0.25)	(37.0, 0.8782106782106782)	(38.0, 1.2083333333333333)	(39.0, 0.46111111111111114)	(40.0, 0.2159090909090909)	(41.0, 0.14285714285714285)	(42.0, 1.5064213564213562)	(43.0, 1.4704545454545457)	(44.0, 1.451226551226551)	(45.0, 2.23502886002886)	(46.0, 5.32207792207792)	(47.0, 5.602705627705628)	(48.0, 10.18596681096682)	(49.0, 13.546717171717214)	(50.0, 18.29826839826843)	(51.0, 56.393253968254555)	(52.0, 219.9712481962533)	(53.0, 214.44515081692998)	(54.0, 164.86809453987232)	(55.0, 146.71392496392806)	(56.0, 194.6375610948236)	(57.0, 81.32882395382522)	(58.0, 40.411038961039104)	(59.0, 26.68878066378062)	(60.0, 3.6454545454545433)	(61.0, 1.7462121212121209)	(62.0, 2.363636363636363)	(63.0, 1.0000000000000002)	(64.0, 0.7085137085137087)	(65.0, 0.18181818181818182)	(66.0, 0.0)	(67.0, 0.1)	(68.0, 0.0)	(69.0, 0.0)	(70.0, 0.0)	(71.0, 0.0)	(72.0, 0.0)	(73.0, 0.0)	(74.0, 0.0)	(75.0, 0.0)	(76.0, 0.0)	(77.0, 0.0)	(78.0, 0.0)	(79.0, 0.0)	(80.0, 0.0)	(81.0, 0.0)	(82.0, 0.0)	(83.0, 0.0)	(84.0, 0.0)	(85.0, 0.0)	(86.0, 0.0)	(87.0, 0.0)	(88.0, 0.0)	(89.0, 0.0)	(90.0, 0.0)	(91.0, 0.0)	(92.0, 0.0)	(93.0, 0.0)	(94.0, 0.0)	(95.0, 0.0)	(96.0, 0.0)	(97.0, 0.0)	(98.0, 0.0)	(99.0, 0.0)	(100.0, 0.0)
SRR37722527_subreads	(0.0, 0.0)	(1.0, 0.0)	(2.0, 0.0)	(3.0, 0.0)	(4.0, 0.0)	(5.0, 0.0)	(6.0, 0.0)	(7.0, 0.0)	(8.0, 0.0)	(9.0, 0.0)	(10.0, 0.0)	(11.0, 0.0)	(12.0, 0.0)	(13.0, 0.0)	(14.0, 0.0)	(15.0, 0.0)	(16.0, 0.0)	(17.0, 0.0)	(18.0, 0.0)	(19.0, 0.0)	(20.0, 0.0)	(21.0, 0.0)	(22.0, 0.0)	(23.0, 0.0)	(24.0, 0.0)	(25.0, 0.0)	(26.0, 0.0)	(27.0, 0.0)	(28.0, 0.0)	(29.0, 0.0)	(30.0, 0.0)	(31.0, 0.09090909090909091)	(32.0, 0.2)	(33.0, 0.2)	(34.0, 0.09090909090909091)	(35.0, 0.4318181818181819)	(36.0, 0.22943722943722944)	(37.0, 1.873160173160173)	(38.0, 2.1857142857142855)	(39.0, 1.3258658008658009)	(40.0, 1.7536435786435784)	(41.0, 1.671139971139971)	(42.0, 2.669877344877345)	(43.0, 2.2160173160173158)	(44.0, 2.538961038961039)	(45.0, 2.8207792207792206)	(46.0, 9.645887445887444)	(47.0, 6.56583694083694)	(48.0, 19.3780663780664)	(49.0, 29.00404040404033)	(50.0, 36.10357142857142)	(51.0, 112.97640692640908)	(52.0, 435.0049422798982)	(53.0, 413.84430014426187)	(54.0, 319.302308802297)	(55.0, 290.26475468975116)	(56.0, 387.02233044729996)	(57.0, 154.15441511893448)	(58.0, 73.50505050505154)	(59.0, 50.729401154401565)	(60.0, 7.647402597402592)	(61.0, 5.1002886002886)	(62.0, 5.914393939393936)	(63.0, 3.1069264069264055)	(64.0, 2.1271284271284268)	(65.0, 0.6883116883116884)	(66.0, 0.16666666666666666)	(67.0, 0.1111111111111111)	(68.0, 0.3333333333333333)	(69.0, 0.16666666666666666)	(70.0, 0.0)	(71.0, 0.0)	(72.0, 0.0)	(73.0, 0.0)	(74.0, 0.0)	(75.0, 0.0)	(76.0, 0.0)	(77.0, 0.0)	(78.0, 0.0)	(79.0, 0.0)	(80.0, 0.0)	(81.0, 0.0)	(82.0, 0.0)	(83.0, 0.0)	(84.0, 0.0)	(85.0, 0.0)	(86.0, 0.0)	(87.0, 0.0)	(88.0, 0.0)	(89.0, 0.0)	(90.0, 0.0)	(91.0, 0.0)	(92.0, 0.0)	(93.0, 0.0)	(94.0, 0.0)	(95.0, 0.0)	(96.0, 0.0)	(97.0, 0.0)	(98.0, 0.0)	(99.0, 0.0)	(100.0, 0.0)
SRR37722528_subreads	(0.0, 0.0)	(1.0, 0.0)	(2.0, 0.0)	(3.0, 0.0)	(4.0, 0.0)	(5.0, 0.0)	(6.0, 0.0)	(7.0, 0.0)	(8.0, 0.0)	(9.0, 0.0)	(10.0, 0.0)	(11.0, 0.0)	(12.0, 0.0)	(13.0, 0.0)	(14.0, 0.0)	(15.0, 0.0)	(16.0, 0.0)	(17.0, 0.0)	(18.0, 0.0)	(19.0, 0.0)	(20.0, 0.0)	(21.0, 0.0)	(22.0, 0.0)	(23.0, 0.0)	(24.0, 0.25)	(25.0, 0.0)	(26.0, 0.25)	(27.0, 0.0)	(28.0, 0.0)	(29.0, 0.0)	(30.0, 0.4)	(31.0, 0.2)	(32.0, 0.790909090909091)	(33.0, 0.5825757575757575)	(34.0, 1.7373376623376624)	(35.0, 2.9639249639249643)	(36.0, 7.076587301587301)	(37.0, 4.047835497835498)	(38.0, 4.177200577200578)	(39.0, 4.223304473304473)	(40.0, 5.219624819624818)	(41.0, 3.987229437229437)	(42.0, 4.208261183261183)	(43.0, 7.422727272727275)	(44.0, 7.09199832425639)	(45.0, 8.909097891355955)	(46.0, 12.92139947865754)	(47.0, 15.858874458874478)	(48.0, 28.069733044732992)	(49.0, 53.979342968859534)	(50.0, 66.18832565284254)	(51.0, 133.28860028860274)	(52.0, 582.1772797094958)	(53.0, 922.172141926247)	(54.0, 701.4990097388386)	(55.0, 655.7332821300384)	(56.0, 272.5615940511116)	(57.0, 388.0191116231132)	(58.0, 166.55642135642492)	(59.0, 89.77002164502312)	(60.0, 9.670418470418475)	(61.0, 3.629906204906204)	(62.0, 4.889249639249637)	(63.0, 2.187337662337662)	(64.0, 0.9883116883116885)	(65.0, 0.5405844155844156)	(66.0, 0.6136363636363638)	(67.0, 0.2)	(68.0, 0.09090909090909091)	(69.0, 0.25)	(70.0, 0.0)	(71.0, 0.0)	(72.0, 0.0)	(73.0, 0.0)	(74.0, 0.0)	(75.0, 0.0)	(76.0, 0.0)	(77.0, 0.0)	(78.0, 0.0)	(79.0, 0.0)	(80.0, 0.0)	(81.0, 0.0)	(82.0, 0.0)	(83.0, 0.0)	(84.0, 0.0)	(85.0, 0.0)	(86.0, 0.0)	(87.0, 0.0)	(88.0, 0.0)	(89.0, 0.0)	(90.0, 0.0)	(91.0, 0.0)	(92.0, 0.0)	(93.0, 0.0)	(94.0, 0.0)	(95.0, 0.0)	(96.0, 0.0)	(97.0, 0.0)	(98.0, 0.0)	(99.0, 0.0)	(100.0, 0.0)
SRR37722529_subreads	(0.0, 0.0)	(1.0, 0.0)	(2.0, 0.0)	(3.0, 0.0)	(4.0, 0.0)	(5.0, 0.0)	(6.0, 0.0)	(7.0, 0.0)	(8.0, 0.0)	(9.0, 0.0)	(10.0, 0.0)	(11.0, 0.0)	(12.0, 0.0)	(13.0, 0.0)	(14.0, 0.0)	(15.0, 0.0)	(16.0, 0.0)	(17.0, 0.0)	(18.0, 0.0)	(19.0, 0.0)	(20.0, 0.0)	(21.0, 0.0)	(22.0, 0.0)	(23.0, 0.0)	(24.0, 0.0)	(25.0, 0.0)	(26.0, 0.0)	(27.0, 0.0)	(28.0, 0.0)	(29.0, 0.0)	(30.0, 0.09090909090909091)	(31.0, 0.0)	(32.0, 0.0)	(33.0, 0.0)	(34.0, 0.4)	(35.0, 1.0785714285714285)	(36.0, 0.5357142857142857)	(37.0, 0.4)	(38.0, 0.7432900432900433)	(39.0, 0.525)	(40.0, 0.6678571428571429)	(41.0, 0.3333333333333333)	(42.0, 0.7731601731601732)	(43.0, 1.16482683982684)	(44.0, 1.997258297258297)	(45.0, 2.208766233766234)	(46.0, 3.8686147186147175)	(47.0, 6.038924963924964)	(48.0, 36.313672438672434)	(49.0, 69.43968253968347)	(50.0, 70.18344155844252)	(51.0, 119.8706419029023)	(52.0, 621.240916073145)	(53.0, 747.5242133314854)	(54.0, 388.2093795093485)	(55.0, 334.2685495507918)	(56.0, 402.24924242420735)	(57.0, 191.49007936508374)	(58.0, 162.32714239166205)	(59.0, 164.29942279942642)	(60.0, 13.409090909090947)	(61.0, 1.8674242424242422)	(62.0, 3.574675324675323)	(63.0, 1.9311688311688309)	(64.0, 1.424242424242424)	(65.0, 0.8181818181818183)	(66.0, 0.09090909090909091)	(67.0, 0.09090909090909091)	(68.0, 0.0)	(69.0, 0.0)	(70.0, 0.0)	(71.0, 0.0)	(72.0, 0.0)	(73.0, 0.0)	(74.0, 0.0)	(75.0, 0.0)	(76.0, 0.0)	(77.0, 0.0)	(78.0, 0.0)	(79.0, 0.0)	(80.0, 0.0)	(81.0, 0.0)	(82.0, 0.0)	(83.0, 0.0)	(84.0, 0.0)	(85.0, 0.0)	(86.0, 0.0)	(87.0, 0.0)	(88.0, 0.0)	(89.0, 0.0)	(90.0, 0.0)	(91.0, 0.0)	(92.0, 0.0)	(93.0, 0.0)	(94.0, 0.0)	(95.0, 0.0)	(96.0, 0.0)	(97.0, 0.0)	(98.0, 0.0)	(99.0, 0.0)	(100.0, 0.0)
SRR37722530_subreads	(0.0, 0.0)	(1.0, 0.0)	(2.0, 0.0)	(3.0, 0.0)	(4.0, 0.0)	(5.0, 0.0)	(6.0, 0.0)	(7.0, 0.0)	(8.0, 0.0)	(9.0, 0.0)	(10.0, 0.0)	(11.0, 0.0)	(12.0, 0.0)	(13.0, 0.0)	(14.0, 0.0)	(15.0, 0.0)	(16.0, 0.0)	(17.0, 0.0)	(18.0, 0.0)	(19.0, 0.0)	(20.0, 0.0)	(21.0, 0.0)	(22.0, 0.0)	(23.0, 0.0)	(24.0, 0.0)	(25.0, 0.0)	(26.0, 0.0)	(27.0, 0.0)	(28.0, 0.0)	(29.0, 0.0)	(30.0, 0.0)	(31.0, 0.0)	(32.0, 0.0)	(33.0, 0.0)	(34.0, 0.0)	(35.0, 0.0)	(36.0, 0.0)	(37.0, 0.0)	(38.0, 0.0)	(39.0, 0.09090909090909091)	(40.0, 0.0)	(41.0, 0.047619047619047616)	(42.0, 0.09090909090909091)	(43.0, 0.36363636363636365)	(44.0, 0.0)	(45.0, 0.0)	(46.0, 1.636363636363636)	(47.0, 3.5454545454545436)	(48.0, 10.454545454545471)	(49.0, 37.30498533724345)	(50.0, 46.909090909091226)	(51.0, 107.09090909091111)	(52.0, 312.99999999999005)	(53.0, 426.3636363635942)	(54.0, 278.63017269468867)	(55.0, 246.57771260997666)	(56.0, 133.7272727272755)	(57.0, 151.45454545454874)	(58.0, 96.27272727272899)	(59.0, 103.47474747474939)	(60.0, 6.727272727272723)	(61.0, 0.7272727272727274)	(62.0, 3.818181818181816)	(63.0, 1.5454545454545452)	(64.0, 0.6363636363636365)	(65.0, 0.7272727272727274)	(66.0, 0.18181818181818182)	(67.0, 0.0)	(68.0, 0.0)	(69.0, 0.0)	(70.0, 0.0)	(71.0, 0.0)	(72.0, 0.0)	(73.0, 0.0)	(74.0, 0.0)	(75.0, 0.0)	(76.0, 0.0)	(77.0, 0.0)	(78.0, 0.0)	(79.0, 0.0)	(80.0, 0.0)	(81.0, 0.0)	(82.0, 0.0)	(83.0, 0.0)	(84.0, 0.0)	(85.0, 0.0)	(86.0, 0.0)	(87.0, 0.0)	(88.0, 0.0)	(89.0, 0.0)	(90.0, 0.0)	(91.0, 0.0)	(92.0, 0.0)	(93.0, 0.0)	(94.0, 0.0)	(95.0, 0.0)	(96.0, 0.0)	(97.0, 0.0)	(98.0, 0.0)	(99.0, 0.0)	(100.0, 0.0)
SRR37722531_subreads	(0.0, 0.0)	(1.0, 0.0)	(2.0, 0.0)	(3.0, 0.0)	(4.0, 0.0)	(5.0, 0.0)	(6.0, 0.0)	(7.0, 0.0)	(8.0, 0.0)	(9.0, 0.0)	(10.0, 0.0)	(11.0, 0.0)	(12.0, 0.0)	(13.0, 0.0)	(14.0, 0.0)	(15.0, 0.0)	(16.0, 0.0)	(17.0, 0.0)	(18.0, 0.0)	(19.0, 0.0)	(20.0, 0.0)	(21.0, 0.0)	(22.0, 0.0)	(23.0, 0.0)	(24.0, 0.0)	(25.0, 0.0)	(26.0, 0.0)	(27.0, 0.0)	(28.0, 0.0)	(29.0, 0.0)	(30.0, 0.0)	(31.0, 0.0)	(32.0, 0.0)	(33.0, 0.0)	(34.0, 0.0)	(35.0, 0.0)	(36.0, 0.0)	(37.0, 0.2727272727272727)	(38.0, 0.09090909090909091)	(39.0, 0.18181818181818182)	(40.0, 0.0)	(41.0, 0.0)	(42.0, 0.09090909090909091)	(43.0, 0.8181818181818183)	(44.0, 0.0)	(45.0, 0.0)	(46.0, 2.363636363636363)	(47.0, 5.411255411255408)	(48.0, 14.545454545454598)	(49.0, 56.54545454545514)	(50.0, 82.59307359307492)	(51.0, 157.53625541125885)	(52.0, 480.40277777772036)	(53.0, 715.026067122844)	(54.0, 490.63006446952033)	(55.0, 433.0883838383398)	(56.0, 246.15909090909688)	(57.0, 276.92929292929324)	(58.0, 169.58585858586238)	(59.0, 161.39589442815605)	(60.0, 13.000000000000039)	(61.0, 1.9999999999999993)	(62.0, 5.545454545454542)	(63.0, 2.9999999999999987)	(64.0, 1.3636363636363635)	(65.0, 0.5454545454545455)	(66.0, 0.18181818181818182)	(67.0, 0.0)	(68.0, 0.0)	(69.0, 0.0)	(70.0, 0.0)	(71.0, 0.0)	(72.0, 0.0)	(73.0, 0.0)	(74.0, 0.0)	(75.0, 0.0)	(76.0, 0.0)	(77.0, 0.0)	(78.0, 0.0)	(79.0, 0.0)	(80.0, 0.0)	(81.0, 0.0)	(82.0, 0.0)	(83.0, 0.0)	(84.0, 0.0)	(85.0, 0.0)	(86.0, 0.0)	(87.0, 0.0)	(88.0, 0.0)	(89.0, 0.0)	(90.0, 0.0)	(91.0, 0.0)	(92.0, 0.0)	(93.0, 0.0)	(94.0, 0.0)	(95.0, 0.0)	(96.0, 0.0)	(97.0, 0.0)	(98.0, 0.0)	(99.0, 0.0)	(100.0, 0.0)
SRR37722532_subreads	(0.0, 0.0)	(1.0, 0.0)	(2.0, 0.0)	(3.0, 0.0)	(4.0, 0.0)	(5.0, 0.0)	(6.0, 0.0)	(7.0, 0.0)	(8.0, 0.0)	(9.0, 0.0)	(10.0, 0.0)	(11.0, 0.0)	(12.0, 0.0)	(13.0, 0.0)	(14.0, 0.0)	(15.0, 0.0)	(16.0, 0.0)	(17.0, 0.0)	(18.0, 0.0)	(19.0, 0.0)	(20.0, 0.0)	(21.0, 0.0)	(22.0, 0.0)	(23.0, 0.0)	(24.0, 0.0)	(25.0, 0.0)	(26.0, 0.0)	(27.0, 0.0)	(28.0, 0.0)	(29.0, 0.0)	(30.0, 0.0)	(31.0, 0.0)	(32.0, 0.0)	(33.0, 0.0)	(34.0, 0.0)	(35.0, 0.0)	(36.0, 0.0)	(37.0, 0.09090909090909091)	(38.0, 0.18181818181818182)	(39.0, 0.2727272727272727)	(40.0, 0.0)	(41.0, 0.0)	(42.0, 0.19090909090909092)	(43.0, 0.9545454545454547)	(44.0, 0.5)	(45.0, 0.5)	(46.0, 1.5476190476190474)	(47.0, 2.818181818181817)	(48.0, 12.090909090909122)	(49.0, 43.81818181818205)	(50.0, 55.81818181818239)	(51.0, 106.35443722943923)	(52.0, 327.1249999999861)	(53.0, 504.55462458681825)	(54.0, 328.66573569797936)	(55.0, 256.6747835497896)	(56.0, 153.39589442815583)	(57.0, 177.21407624633832)	(58.0, 117.48680351906391)	(59.0, 107.1818181818202)	(60.0, 7.79178885630498)	(61.0, 1.8181818181818177)	(62.0, 2.6363636363636354)	(63.0, 1.7272727272727268)	(64.0, 0.36363636363636365)	(65.0, 0.36363636363636365)	(66.0, 0.18181818181818182)	(67.0, 0.0)	(68.0, 0.0)	(69.0, 0.0)	(70.0, 0.0)	(71.0, 0.0)	(72.0, 0.0)	(73.0, 0.0)	(74.0, 0.0)	(75.0, 0.0)	(76.0, 0.0)	(77.0, 0.0)	(78.0, 0.0)	(79.0, 0.0)	(80.0, 0.0)	(81.0, 0.0)	(82.0, 0.0)	(83.0, 0.0)	(84.0, 0.0)	(85.0, 0.0)	(86.0, 0.0)	(87.0, 0.0)	(88.0, 0.0)	(89.0, 0.0)	(90.0, 0.0)	(91.0, 0.0)	(92.0, 0.0)	(93.0, 0.0)	(94.0, 0.0)	(95.0, 0.0)	(96.0, 0.0)	(97.0, 0.0)	(98.0, 0.0)	(99.0, 0.0)	(100.0, 0.0)
SRR37722533_subreads	(0.0, 0.0)	(1.0, 0.0)	(2.0, 0.0)	(3.0, 0.0)	(4.0, 0.0)	(5.0, 0.0)	(6.0, 0.0)	(7.0, 0.0)	(8.0, 0.0)	(9.0, 0.0)	(10.0, 0.0)	(11.0, 0.0)	(12.0, 0.0)	(13.0, 0.0)	(14.0, 0.0)	(15.0, 0.0)	(16.0, 0.0)	(17.0, 0.0)	(18.0, 0.0)	(19.0, 0.0)	(20.0, 0.0)	(21.0, 0.0)	(22.0, 0.0)	(23.0, 0.0)	(24.0, 0.0)	(25.0, 0.0)	(26.0, 0.0)	(27.0, 0.0)	(28.0, 0.0)	(29.0, 0.0)	(30.0, 0.14285714285714285)	(31.0, 0.0)	(32.0, 0.2)	(33.0, 0.2)	(34.0, 0.7499999999999999)	(35.0, 0.5)	(36.0, 1.1178571428571429)	(37.0, 1.104978354978355)	(38.0, 0.6731601731601733)	(39.0, 1.275108225108225)	(40.0, 1.456818181818182)	(41.0, 0.1111111111111111)	(42.0, 0.8573232323232325)	(43.0, 3.1585137085137074)	(44.0, 1.5045093795093794)	(45.0, 0.8611111111111112)	(46.0, 3.234848484848483)	(47.0, 6.9948773448773425)	(48.0, 41.41955266955283)	(49.0, 81.69509379509508)	(50.0, 77.2223665223677)	(51.0, 128.00000698226765)	(52.0, 396.8296536796201)	(53.0, 480.8988165060171)	(54.0, 420.80573593069556)	(55.0, 335.9260101009938)	(56.0, 271.6795885118484)	(57.0, 364.49567099564644)	(58.0, 104.66450216450411)	(59.0, 104.19740259740452)	(60.0, 21.18560606060607)	(61.0, 4.348484848484846)	(62.0, 20.09090909090911)	(63.0, 11.818181818181847)	(64.0, 4.761363636363633)	(65.0, 0.2727272727272727)	(66.0, 0.09090909090909091)	(67.0, 0.0)	(68.0, 0.0)	(69.0, 0.0)	(70.0, 0.0)	(71.0, 0.0)	(72.0, 0.0)	(73.0, 0.0)	(74.0, 0.0)	(75.0, 0.0)	(76.0, 0.0)	(77.0, 0.0)	(78.0, 0.0)	(79.0, 0.0)	(80.0, 0.0)	(81.0, 0.0)	(82.0, 0.0)	(83.0, 0.0)	(84.0, 0.0)	(85.0, 0.0)	(86.0, 0.0)	(87.0, 0.0)	(88.0, 0.0)	(89.0, 0.0)	(90.0, 0.0)	(91.0, 0.0)	(92.0, 0.0)	(93.0, 0.0)	(94.0, 0.0)	(95.0, 0.0)	(96.0, 0.0)	(97.0, 0.0)	(98.0, 0.0)	(99.0, 0.0)	(100.0, 0.0)
SRR37722534_subreads	(0.0, 0.0)	(1.0, 0.0)	(2.0, 0.0)	(3.0, 0.0)	(4.0, 0.0)	(5.0, 0.0)	(6.0, 0.0)	(7.0, 0.0)	(8.0, 0.0)	(9.0, 0.0)	(10.0, 0.0)	(11.0, 0.0)	(12.0, 0.0)	(13.0, 0.0)	(14.0, 0.0)	(15.0, 0.0)	(16.0, 0.0)	(17.0, 0.0)	(18.0, 0.0)	(19.0, 0.0)	(20.0, 0.0)	(21.0, 0.0)	(22.0, 0.0)	(23.0, 0.0)	(24.0, 0.0)	(25.0, 0.0)	(26.0, 0.0)	(27.0, 0.0)	(28.0, 0.0)	(29.0, 0.0)	(30.0, 0.0)	(31.0, 0.0)	(32.0, 0.0)	(33.0, 0.0)	(34.0, 0.16666666666666666)	(35.0, 0.42857142857142855)	(36.0, 0.4666666666666667)	(37.0, 0.3666666666666667)	(38.0, 0.125)	(39.0, 0.4722222222222222)	(40.0, 0.3068181818181818)	(41.0, 0.16666666666666666)	(42.0, 0.9206349206349206)	(43.0, 1.415909090909091)	(44.0, 1.9623737373737373)	(45.0, 1.4795454545454545)	(46.0, 3.2469696969696966)	(47.0, 4.621291253549317)	(48.0, 23.376767676767667)	(49.0, 40.816594516594634)	(50.0, 45.112229437229665)	(51.0, 83.021969696971)	(52.0, 401.59816715539023)	(53.0, 520.693859097828)	(54.0, 278.3421065493646)	(55.0, 275.5163489736077)	(56.0, 274.7665945165955)	(57.0, 117.36559139785177)	(58.0, 54.25757575757628)	(59.0, 39.54545454545465)	(60.0, 3.272727272727271)	(61.0, 1.0000000000000002)	(62.0, 1.2727272727272727)	(63.0, 0.5454545454545455)	(64.0, 0.6363636363636365)	(65.0, 0.4545454545454546)	(66.0, 0.09090909090909091)	(67.0, 0.0)	(68.0, 0.0)	(69.0, 0.0)	(70.0, 0.0)	(71.0, 0.0)	(72.0, 0.0)	(73.0, 0.0)	(74.0, 0.0)	(75.0, 0.0)	(76.0, 0.0)	(77.0, 0.0)	(78.0, 0.0)	(79.0, 0.0)	(80.0, 0.0)	(81.0, 0.0)	(82.0, 0.0)	(83.0, 0.0)	(84.0, 0.0)	(85.0, 0.0)	(86.0, 0.0)	(87.0, 0.0)	(88.0, 0.0)	(89.0, 0.0)	(90.0, 0.0)	(91.0, 0.0)	(92.0, 0.0)	(93.0, 0.0)	(94.0, 0.0)	(95.0, 0.0)	(96.0, 0.0)	(97.0, 0.0)	(98.0, 0.0)	(99.0, 0.0)	(100.0, 0.0)
SRR37722535_subreads	(0.0, 0.0)	(1.0, 0.0)	(2.0, 0.0)	(3.0, 0.0)	(4.0, 0.0)	(5.0, 0.0)	(6.0, 0.0)	(7.0, 0.0)	(8.0, 0.0)	(9.0, 0.0)	(10.0, 0.0)	(11.0, 0.0)	(12.0, 0.0)	(13.0, 0.0)	(14.0, 0.0)	(15.0, 0.0)	(16.0, 0.0)	(17.0, 0.0)	(18.0, 0.0)	(19.0, 0.0)	(20.0, 0.0)	(21.0, 0.0)	(22.0, 0.0)	(23.0, 0.0)	(24.0, 0.0)	(25.0, 0.0)	(26.0, 0.0)	(27.0, 0.0)	(28.0, 0.3333333333333333)	(29.0, 0.0)	(30.0, 0.0)	(31.0, 0.0)	(32.0, 0.3666666666666667)	(33.0, 0.3333333333333333)	(34.0, 0.0)	(35.0, 0.14285714285714285)	(36.0, 0.3246753246753247)	(37.0, 0.18181818181818182)	(38.0, 0.9178571428571429)	(39.0, 1.2853535353535355)	(40.0, 0.8170995670995671)	(41.0, 0.40202020202020206)	(42.0, 0.628968253968254)	(43.0, 1.6109307359307359)	(44.0, 1.6563492063492062)	(45.0, 1.419877344877345)	(46.0, 2.3090909090909086)	(47.0, 6.702597402597401)	(48.0, 35.84823232323233)	(49.0, 71.01930014430113)	(50.0, 46.60873015873046)	(51.0, 81.45203070380224)	(52.0, 304.47183237908297)	(53.0, 429.9931492626191)	(54.0, 287.28106060605796)	(55.0, 253.8263056835697)	(56.0, 250.79567099567694)	(57.0, 151.3729076479108)	(58.0, 147.25865800866111)	(59.0, 143.25642833868943)	(60.0, 14.213528138528176)	(61.0, 3.944047619047617)	(62.0, 2.4575757575757566)	(63.0, 1.075757575757576)	(64.0, 0.6363636363636365)	(65.0, 0.6565656565656567)	(66.0, 0.0)	(67.0, 0.0)	(68.0, 0.0)	(69.0, 0.0)	(70.0, 0.0)	(71.0, 0.0)	(72.0, 0.0)	(73.0, 0.0)	(74.0, 0.0)	(75.0, 0.0)	(76.0, 0.0)	(77.0, 0.0)	(78.0, 0.0)	(79.0, 0.0)	(80.0, 0.0)	(81.0, 0.0)	(82.0, 0.0)	(83.0, 0.0)	(84.0, 0.0)	(85.0, 0.0)	(86.0, 0.0)	(87.0, 0.0)	(88.0, 0.0)	(89.0, 0.0)	(90.0, 0.0)	(91.0, 0.0)	(92.0, 0.0)	(93.0, 0.0)	(94.0, 0.0)	(95.0, 0.0)	(96.0, 0.0)	(97.0, 0.0)	(98.0, 0.0)	(99.0, 0.0)	(100.0, 0.0)
SRR37722536_subreads	(0.0, 0.0)	(1.0, 0.0)	(2.0, 0.0)	(3.0, 0.0)	(4.0, 0.0)	(5.0, 0.0)	(6.0, 0.0)	(7.0, 0.0)	(8.0, 0.0)	(9.0, 0.0)	(10.0, 0.0)	(11.0, 0.0)	(12.0, 0.0)	(13.0, 0.0)	(14.0, 0.0)	(15.0, 0.0)	(16.0, 0.0)	(17.0, 0.0)	(18.0, 0.0)	(19.0, 0.0)	(20.0, 0.0)	(21.0, 0.0)	(22.0, 0.0)	(23.0, 0.0)	(24.0, 0.0)	(25.0, 0.0)	(26.0, 0.0)	(27.0, 0.0)	(28.0, 0.3333333333333333)	(29.0, 0.0)	(30.0, 0.0)	(31.0, 0.0)	(32.0, 0.2)	(33.0, 0.16666666666666666)	(34.0, 0.16666666666666666)	(35.0, 1.4499999999999997)	(36.0, 0.6337662337662338)	(37.0, 0.48863636363636365)	(38.0, 0.8136363636363637)	(39.0, 0.8318181818181818)	(40.0, 0.9322510822510822)	(41.0, 1.2186868686868688)	(42.0, 1.233008658008658)	(43.0, 1.9563131313131314)	(44.0, 2.140909090909091)	(45.0, 2.0170995670995673)	(46.0, 3.5318181818181817)	(47.0, 5.978391053391051)	(48.0, 38.02795815295821)	(49.0, 69.03225108225202)	(50.0, 49.339935064935446)	(51.0, 80.73701298701423)	(52.0, 313.3818542568449)	(53.0, 414.32673858395856)	(54.0, 265.9271784666979)	(55.0, 213.20636317088426)	(56.0, 232.69080086580644)	(57.0, 117.64592352092585)	(58.0, 113.72871572871794)	(59.0, 111.27795815296028)	(60.0, 10.852705627705648)	(61.0, 5.337121212121209)	(62.0, 3.736363636363634)	(63.0, 1.9999999999999993)	(64.0, 1.2727272727272727)	(65.0, 0.9090909090909093)	(66.0, 0.18181818181818182)	(67.0, 0.0)	(68.0, 0.0)	(69.0, 0.0)	(70.0, 0.0)	(71.0, 0.0)	(72.0, 0.0)	(73.0, 0.0)	(74.0, 0.0)	(75.0, 0.0)	(76.0, 0.0)	(77.0, 0.0)	(78.0, 0.0)	(79.0, 0.0)	(80.0, 0.0)	(81.0, 0.0)	(82.0, 0.0)	(83.0, 0.0)	(84.0, 0.0)	(85.0, 0.0)	(86.0, 0.0)	(87.0, 0.0)	(88.0, 0.0)	(89.0, 0.0)	(90.0, 0.0)	(91.0, 0.0)	(92.0, 0.0)	(93.0, 0.0)	(94.0, 0.0)	(95.0, 0.0)	(96.0, 0.0)	(97.0, 0.0)	(98.0, 0.0)	(99.0, 0.0)	(100.0, 0.0)
SRR37722537_subreads	(0.0, 0.0)	(1.0, 0.0)	(2.0, 0.0)	(3.0, 0.0)	(4.0, 0.0)	(5.0, 0.0)	(6.0, 0.0)	(7.0, 0.0)	(8.0, 0.0)	(9.0, 0.0)	(10.0, 0.0)	(11.0, 0.0)	(12.0, 0.0)	(13.0, 0.0)	(14.0, 0.0)	(15.0, 0.0)	(16.0, 0.0)	(17.0, 0.0)	(18.0, 0.0)	(19.0, 0.0)	(20.0, 0.0)	(21.0, 0.0)	(22.0, 0.0)	(23.0, 0.0)	(24.0, 0.0)	(25.0, 0.0)	(26.0, 0.0)	(27.0, 0.16666666666666666)	(28.0, 0.0)	(29.0, 0.0)	(30.0, 0.0)	(31.0, 0.0)	(32.0, 0.2)	(33.0, 0.0)	(34.0, 0.09090909090909091)	(35.0, 1.079365079365079)	(36.0, 0.8845598845598845)	(37.0, 0.9748917748917749)	(38.0, 0.3909090909090909)	(39.0, 0.2727272727272727)	(40.0, 1.342099567099567)	(41.0, 1.4628066378066378)	(42.0, 0.7326909649490293)	(43.0, 0.6909090909090909)	(44.0, 0.8095238095238095)	(45.0, 1.590151515151515)	(46.0, 3.4708874458874455)	(47.0, 10.566348973607052)	(48.0, 41.914646464646644)	(49.0, 70.46346297072199)	(50.0, 65.76717171717254)	(51.0, 114.2978064050666)	(52.0, 415.7927849927477)	(53.0, 590.9637876460097)	(54.0, 438.32875878597406)	(55.0, 361.3245740818086)	(56.0, 265.38706302658267)	(57.0, 242.44736652237225)	(58.0, 143.1362554112584)	(59.0, 133.07409812410086)	(60.0, 16.053030303030365)	(61.0, 12.474747474747504)	(62.0, 12.468686868686902)	(63.0, 2.8787878787878776)	(64.0, 1.7272727272727268)	(65.0, 0.4545454545454546)	(66.0, 0.0)	(67.0, 0.0)	(68.0, 0.0)	(69.0, 0.0)	(70.0, 0.0)	(71.0, 0.0)	(72.0, 0.0)	(73.0, 0.0)	(74.0, 0.0)	(75.0, 0.0)	(76.0, 0.0)	(77.0, 0.0)	(78.0, 0.0)	(79.0, 0.0)	(80.0, 0.0)	(81.0, 0.0)	(82.0, 0.0)	(83.0, 0.0)	(84.0, 0.0)	(85.0, 0.0)	(86.0, 0.0)	(87.0, 0.0)	(88.0, 0.0)	(89.0, 0.0)	(90.0, 0.0)	(91.0, 0.0)	(92.0, 0.0)	(93.0, 0.0)	(94.0, 0.0)	(95.0, 0.0)	(96.0, 0.0)	(97.0, 0.0)	(98.0, 0.0)	(99.0, 0.0)	(100.0, 0.0)
SRR37722538_subreads	(0.0, 0.0)	(1.0, 0.0)	(2.0, 0.0)	(3.0, 0.0)	(4.0, 0.0)	(5.0, 0.0)	(6.0, 0.0)	(7.0, 0.0)	(8.0, 0.0)	(9.0, 0.0)	(10.0, 0.0)	(11.0, 0.0)	(12.0, 0.0)	(13.0, 0.0)	(14.0, 0.0)	(15.0, 0.0)	(16.0, 0.0)	(17.0, 0.0)	(18.0, 0.0)	(19.0, 0.0)	(20.0, 0.0)	(21.0, 0.0)	(22.0, 0.0)	(23.0, 0.0)	(24.0, 0.0)	(25.0, 0.0)	(26.0, 0.0)	(27.0, 0.0)	(28.0, 0.0)	(29.0, 0.0)	(30.0, 0.0)	(31.0, 0.0)	(32.0, 0.0)	(33.0, 0.0)	(34.0, 0.16666666666666666)	(35.0, 0.0)	(36.0, 0.09090909090909091)	(37.0, 1.5636363636363633)	(38.0, 0.13852813852813853)	(39.0, 0.36363636363636365)	(40.0, 0.14285714285714285)	(41.0, 0.2857142857142857)	(42.0, 0.23376623376623376)	(43.0, 0.2)	(44.0, 1.7655122655122653)	(45.0, 2.1603535353535355)	(46.0, 2.476623376623376)	(47.0, 12.294372294372328)	(48.0, 45.52341269841298)	(49.0, 59.058448540707246)	(50.0, 53.59102429828286)	(51.0, 74.22997835497941)	(52.0, 255.79076479077094)	(53.0, 368.5305334450242)	(54.0, 272.47008564911937)	(55.0, 196.2897686542893)	(56.0, 158.02417027417374)	(57.0, 132.12500000000273)	(58.0, 101.84469696969883)	(59.0, 117.5131313131336)	(60.0, 13.276443001443035)	(61.0, 7.992388167388165)	(62.0, 8.21363636363636)	(63.0, 3.3448773448773435)	(64.0, 0.9610389610389612)	(65.0, 0.3111111111111111)	(66.0, 0.3111111111111111)	(67.0, 0.0)	(68.0, 0.0)	(69.0, 0.0)	(70.0, 0.0)	(71.0, 0.0)	(72.0, 0.0)	(73.0, 0.0)	(74.0, 0.0)	(75.0, 0.0)	(76.0, 0.0)	(77.0, 0.0)	(78.0, 0.0)	(79.0, 0.0)	(80.0, 0.0)	(81.0, 0.0)	(82.0, 0.0)	(83.0, 0.0)	(84.0, 0.0)	(85.0, 0.0)	(86.0, 0.0)	(87.0, 0.0)	(88.0, 0.0)	(89.0, 0.0)	(90.0, 0.0)	(91.0, 0.0)	(92.0, 0.0)	(93.0, 0.0)	(94.0, 0.0)	(95.0, 0.0)	(96.0, 0.0)	(97.0, 0.0)	(98.0, 0.0)	(99.0, 0.0)	(100.0, 0.0)
SRR37722539_subreads	(0.0, 0.0)	(1.0, 0.0)	(2.0, 0.0)	(3.0, 0.0)	(4.0, 0.0)	(5.0, 0.0)	(6.0, 0.0)	(7.0, 0.0)	(8.0, 0.0)	(9.0, 0.0)	(10.0, 0.0)	(11.0, 0.0)	(12.0, 0.0)	(13.0, 0.0)	(14.0, 0.0)	(15.0, 0.0)	(16.0, 0.0)	(17.0, 0.0)	(18.0, 0.0)	(19.0, 0.0)	(20.0, 0.0)	(21.0, 0.0)	(22.0, 0.0)	(23.0, 0.0)	(24.0, 0.0)	(25.0, 0.0)	(26.0, 0.0)	(27.0, 0.2)	(28.0, 0.2)	(29.0, 0.0)	(30.0, 0.0)	(31.0, 0.19090909090909092)	(32.0, 0.0)	(33.0, 0.2)	(34.0, 0.5666666666666667)	(35.0, 0.6206349206349207)	(36.0, 2.0722222222222224)	(37.0, 2.192857142857143)	(38.0, 2.5333333333333337)	(39.0, 2.007575757575758)	(40.0, 2.339357864357864)	(41.0, 2.3786796536796535)	(42.0, 3.749465856723921)	(43.0, 2.577207559465624)	(44.0, 3.67463924963925)	(45.0, 2.795743145743146)	(46.0, 8.28603896103896)	(47.0, 11.047979797979805)	(48.0, 26.73625541125538)	(49.0, 50.144624819625186)	(50.0, 61.69058441558508)	(51.0, 153.18279220779527)	(52.0, 586.0593504165683)	(53.0, 864.5051796770065)	(54.0, 694.3093713633992)	(55.0, 626.303867011098)	(56.0, 287.94460969138095)	(57.0, 399.41640599540403)	(58.0, 149.77752525252845)	(59.0, 65.64036796536877)	(60.0, 6.620057720057716)	(61.0, 2.9626262626262627)	(62.0, 2.499999999999999)	(63.0, 1.9678571428571423)	(64.0, 0.6742424242424242)	(65.0, 0.4575757575757575)	(66.0, 0.4)	(67.0, 0.0)	(68.0, 0.0)	(69.0, 0.0)	(70.0, 0.0)	(71.0, 0.0)	(72.0, 0.0)	(73.0, 0.0)	(74.0, 0.0)	(75.0, 0.0)	(76.0, 0.0)	(77.0, 0.0)	(78.0, 0.0)	(79.0, 0.0)	(80.0, 0.0)	(81.0, 0.0)	(82.0, 0.0)	(83.0, 0.0)	(84.0, 0.0)	(85.0, 0.0)	(86.0, 0.0)	(87.0, 0.0)	(88.0, 0.0)	(89.0, 0.0)	(90.0, 0.0)	(91.0, 0.0)	(92.0, 0.0)	(93.0, 0.0)	(94.0, 0.0)	(95.0, 0.0)	(96.0, 0.0)	(97.0, 0.0)	(98.0, 0.0)	(99.0, 0.0)	(100.0, 0.0)
SRR37722540_subreads	(0.0, 0.0)	(1.0, 0.0)	(2.0, 0.0)	(3.0, 0.0)	(4.0, 0.0)	(5.0, 0.0)	(6.0, 0.0)	(7.0, 0.0)	(8.0, 0.0)	(9.0, 0.0)	(10.0, 0.0)	(11.0, 0.0)	(12.0, 0.0)	(13.0, 0.0)	(14.0, 0.0)	(15.0, 0.0)	(16.0, 0.0)	(17.0, 0.0)	(18.0, 0.0)	(19.0, 0.0)	(20.0, 0.0)	(21.0, 0.0)	(22.0, 0.0)	(23.0, 0.0)	(24.0, 0.0)	(25.0, 0.0)	(26.0, 0.0)	(27.0, 0.0)	(28.0, 0.0)	(29.0, 0.0)	(30.0, 0.0)	(31.0, 0.0)	(32.0, 0.2)	(33.0, 0.0)	(34.0, 0.37662337662337664)	(35.0, 0.47619047619047616)	(36.0, 0.9666666666666666)	(37.0, 0.5)	(38.0, 0.6004329004329004)	(39.0, 0.34285714285714286)	(40.0, 0.34285714285714286)	(41.0, 0.9551587301587301)	(42.0, 0.9472222222222222)	(43.0, 0.6432900432900432)	(44.0, 1.2678571428571428)	(45.0, 1.4678571428571427)	(46.0, 3.29577922077922)	(47.0, 4.96125541125541)	(48.0, 20.37788600288601)	(49.0, 38.716666666666754)	(50.0, 48.3071789321793)	(51.0, 99.75220057720237)	(52.0, 510.6257645579569)	(53.0, 778.5787366755355)	(54.0, 575.180663780619)	(55.0, 488.88249546146807)	(56.0, 209.0919692314902)	(57.0, 366.70851370848874)	(58.0, 158.84740259740602)	(59.0, 61.21861471861541)	(60.0, 5.812121212121209)	(61.0, 0.16666666666666666)	(62.0, 0.43939393939393945)	(63.0, 0.09090909090909091)	(64.0, 0.09090909090909091)	(65.0, 0.09090909090909091)	(66.0, 0.09090909090909091)	(67.0, 0.0)	(68.0, 0.0)	(69.0, 0.0)	(70.0, 0.0)	(71.0, 0.0)	(72.0, 0.0)	(73.0, 0.0)	(74.0, 0.0)	(75.0, 0.0)	(76.0, 0.0)	(77.0, 0.0)	(78.0, 0.0)	(79.0, 0.0)	(80.0, 0.0)	(81.0, 0.0)	(82.0, 0.0)	(83.0, 0.0)	(84.0, 0.0)	(85.0, 0.0)	(86.0, 0.0)	(87.0, 0.0)	(88.0, 0.0)	(89.0, 0.0)	(90.0, 0.0)	(91.0, 0.0)	(92.0, 0.0)	(93.0, 0.0)	(94.0, 0.0)	(95.0, 0.0)	(96.0, 0.0)	(97.0, 0.0)	(98.0, 0.0)	(99.0, 0.0)	(100.0, 0.0)
SRR37722541_subreads	(0.0, 0.0)	(1.0, 0.0)	(2.0, 0.0)	(3.0, 0.0)	(4.0, 0.0)	(5.0, 0.0)	(6.0, 0.0)	(7.0, 0.0)	(8.0, 0.0)	(9.0, 0.0)	(10.0, 0.0)	(11.0, 0.0)	(12.0, 0.0)	(13.0, 0.0)	(14.0, 0.0)	(15.0, 0.0)	(16.0, 0.0)	(17.0, 0.0)	(18.0, 0.0)	(19.0, 0.0)	(20.0, 0.0)	(21.0, 0.0)	(22.0, 0.0)	(23.0, 0.0)	(24.0, 0.0)	(25.0, 0.0)	(26.0, 0.0)	(27.0, 0.0)	(28.0, 0.0)	(29.0, 0.0)	(30.0, 0.0)	(31.0, 0.0)	(32.0, 0.0)	(33.0, 0.25)	(34.0, 0.0)	(35.0, 0.0)	(36.0, 0.0)	(37.0, 0.09090909090909091)	(38.0, 0.09090909090909091)	(39.0, 0.25)	(40.0, 0.1)	(41.0, 0.3666666666666667)	(42.0, 0.43939393939393945)	(43.0, 0.0)	(44.0, 0.0)	(45.0, 0.2)	(46.0, 0.7994227994227996)	(47.0, 2.9656565656565643)	(48.0, 17.60606060606066)	(49.0, 29.083333333333258)	(50.0, 41.212121212121374)	(51.0, 98.71363636363814)	(52.0, 482.1189393938817)	(53.0, 715.9266303588914)	(54.0, 585.0981671553834)	(55.0, 481.9567448679774)	(56.0, 211.86937927664232)	(57.0, 345.60606060604147)	(58.0, 152.5151515151548)	(59.0, 56.60606060606119)	(60.0, 4.8030303030303)	(61.0, 0.5432900432900433)	(62.0, 0.8939393939393941)	(63.0, 0.09090909090909091)	(64.0, 0.18181818181818182)	(65.0, 0.0)	(66.0, 0.0)	(67.0, 0.0)	(68.0, 0.0)	(69.0, 0.0)	(70.0, 0.0)	(71.0, 0.0)	(72.0, 0.0)	(73.0, 0.0)	(74.0, 0.0)	(75.0, 0.0)	(76.0, 0.0)	(77.0, 0.0)	(78.0, 0.0)	(79.0, 0.0)	(80.0, 0.0)	(81.0, 0.0)	(82.0, 0.0)	(83.0, 0.0)	(84.0, 0.0)	(85.0, 0.0)	(86.0, 0.0)	(87.0, 0.0)	(88.0, 0.0)	(89.0, 0.0)	(90.0, 0.0)	(91.0, 0.0)	(92.0, 0.0)	(93.0, 0.0)	(94.0, 0.0)	(95.0, 0.0)	(96.0, 0.0)	(97.0, 0.0)	(98.0, 0.0)	(99.0, 0.0)	(100.0, 0.0)
SRR37722542_subreads	(0.0, 0.0)	(1.0, 0.0)	(2.0, 0.0)	(3.0, 0.0)	(4.0, 0.0)	(5.0, 0.0)	(6.0, 0.0)	(7.0, 0.0)	(8.0, 0.0)	(9.0, 0.0)	(10.0, 0.0)	(11.0, 0.0)	(12.0, 0.0)	(13.0, 0.0)	(14.0, 0.0)	(15.0, 0.0)	(16.0, 0.0)	(17.0, 0.0)	(18.0, 0.0)	(19.0, 0.0)	(20.0, 0.0)	(21.0, 0.0)	(22.0, 0.0)	(23.0, 0.0)	(24.0, 0.0)	(25.0, 0.0)	(26.0, 0.0)	(27.0, 0.0)	(28.0, 0.0)	(29.0, 0.0)	(30.0, 0.0)	(31.0, 0.0)	(32.0, 0.0)	(33.0, 0.0)	(34.0, 0.0)	(35.0, 0.0)	(36.0, 0.0)	(37.0, 0.0)	(38.0, 0.0)	(39.0, 0.0)	(40.0, 0.0)	(41.0, 0.0)	(42.0, 0.0)	(43.0, 0.25)	(44.0, 0.25)	(45.0, 0.0)	(46.0, 0.5227272727272728)	(47.0, 1.7272727272727268)	(48.0, 8.090909090909086)	(49.0, 15.984848484848548)	(50.0, 22.25)	(51.0, 64.41125541125622)	(52.0, 361.9028999673923)	(53.0, 530.9623376622778)	(54.0, 414.0119908764684)	(55.0, 344.0114788437182)	(56.0, 166.43427826654002)	(57.0, 259.09090909091447)	(58.0, 105.34848484848682)	(59.0, 39.80303030303042)	(60.0, 2.909090909090908)	(61.0, 0.0)	(62.0, 0.36363636363636365)	(63.0, 0.0)	(64.0, 0.0)	(65.0, 0.0)	(66.0, 0.0)	(67.0, 0.0)	(68.0, 0.0)	(69.0, 0.0)	(70.0, 0.0)	(71.0, 0.0)	(72.0, 0.0)	(73.0, 0.0)	(74.0, 0.0)	(75.0, 0.0)	(76.0, 0.0)	(77.0, 0.0)	(78.0, 0.0)	(79.0, 0.0)	(80.0, 0.0)	(81.0, 0.0)	(82.0, 0.0)	(83.0, 0.0)	(84.0, 0.0)	(85.0, 0.0)	(86.0, 0.0)	(87.0, 0.0)	(88.0, 0.0)	(89.0, 0.0)	(90.0, 0.0)	(91.0, 0.0)	(92.0, 0.0)	(93.0, 0.0)	(94.0, 0.0)	(95.0, 0.0)	(96.0, 0.0)	(97.0, 0.0)	(98.0, 0.0)	(99.0, 0.0)	(100.0, 0.0)
SRR37722543_subreads	(0.0, 0.0)	(1.0, 0.0)	(2.0, 0.0)	(3.0, 0.0)	(4.0, 0.0)	(5.0, 0.0)	(6.0, 0.0)	(7.0, 0.0)	(8.0, 0.0)	(9.0, 0.0)	(10.0, 0.0)	(11.0, 0.0)	(12.0, 0.0)	(13.0, 0.0)	(14.0, 0.0)	(15.0, 0.0)	(16.0, 0.0)	(17.0, 0.0)	(18.0, 0.0)	(19.0, 0.0)	(20.0, 0.0)	(21.0, 0.0)	(22.0, 0.0)	(23.0, 0.0)	(24.0, 0.0)	(25.0, 0.0)	(26.0, 0.0)	(27.0, 0.0)	(28.0, 0.0)	(29.0, 0.0)	(30.0, 0.125)	(31.0, 0.09090909090909091)	(32.0, 0.2)	(33.0, 0.0)	(34.0, 0.0)	(35.0, 0.6166666666666667)	(36.0, 0.45)	(37.0, 0.7333333333333334)	(38.0, 0.5833333333333333)	(39.0, 0.20202020202020202)	(40.0, 0.9539682539682539)	(41.0, 0.8246392496392496)	(42.0, 0.4861471861471862)	(43.0, 0.5587662337662338)	(44.0, 1.5897186147186146)	(45.0, 1.1384920634920634)	(46.0, 2.1597402597402593)	(47.0, 3.9323232323232302)	(48.0, 14.256601731601775)	(49.0, 38.18950216450223)	(50.0, 47.07063492063523)	(51.0, 112.63950216450432)	(52.0, 484.16785714279865)	(53.0, 680.4826188148679)	(54.0, 528.1854687426661)	(55.0, 439.5892275286981)	(56.0, 193.70325373551623)	(57.0, 337.64141414139715)	(58.0, 139.59740259740553)	(59.0, 63.799422799423596)	(60.0, 5.010389610389608)	(61.0, 0.5636363636363637)	(62.0, 1.4393939393939392)	(63.0, 0.36363636363636365)	(64.0, 0.2727272727272727)	(65.0, 0.4545454545454546)	(66.0, 0.09090909090909091)	(67.0, 0.18181818181818182)	(68.0, 0.0)	(69.0, 0.0)	(70.0, 0.14285714285714285)	(71.0, 0.0)	(72.0, 0.0)	(73.0, 0.0)	(74.0, 0.0)	(75.0, 0.0)	(76.0, 0.0)	(77.0, 0.0)	(78.0, 0.0)	(79.0, 0.0)	(80.0, 0.0)	(81.0, 0.0)	(82.0, 0.0)	(83.0, 0.0)	(84.0, 0.0)	(85.0, 0.0)	(86.0, 0.0)	(87.0, 0.0)	(88.0, 0.0)	(89.0, 0.0)	(90.0, 0.0)	(91.0, 0.0)	(92.0, 0.0)	(93.0, 0.0)	(94.0, 0.0)	(95.0, 0.0)	(96.0, 0.0)	(97.0, 0.0)	(98.0, 0.0)	(99.0, 0.0)	(100.0, 0.0)
SRR37722545_subreads	(0.0, 0.0)	(1.0, 0.0)	(2.0, 0.0)	(3.0, 0.0)	(4.0, 0.0)	(5.0, 0.0)	(6.0, 0.0)	(7.0, 0.0)	(8.0, 0.0)	(9.0, 0.0)	(10.0, 0.0)	(11.0, 0.0)	(12.0, 0.0)	(13.0, 0.0)	(14.0, 0.0)	(15.0, 0.0)	(16.0, 0.0)	(17.0, 0.0)	(18.0, 0.0)	(19.0, 0.0)	(20.0, 0.0)	(21.0, 0.0)	(22.0, 0.0)	(23.0, 0.0)	(24.0, 0.0)	(25.0, 0.0)	(26.0, 0.0)	(27.0, 0.0)	(28.0, 0.0)	(29.0, 0.0)	(30.0, 0.0)	(31.0, 0.2)	(32.0, 0.3333333333333333)	(33.0, 0.0)	(34.0, 0.282258064516129)	(35.0, 1.4428571428571426)	(36.0, 2.742857142857143)	(37.0, 1.6179723502304146)	(38.0, 1.9749999999999999)	(39.0, 1.4766233766233767)	(40.0, 2.1393578643578643)	(41.0, 1.2317460317460316)	(42.0, 2.1432900432900435)	(43.0, 2.296861471861472)	(44.0, 1.56998556998557)	(45.0, 2.8623737373737375)	(46.0, 4.677958152958153)	(47.0, 4.159090909090908)	(48.0, 7.885245310245308)	(49.0, 10.948593073593086)	(50.0, 17.96727994227997)	(51.0, 133.80966810967072)	(52.0, 525.7117604616996)	(53.0, 510.48586556805805)	(54.0, 366.51291486289)	(55.0, 381.3081308476181)	(56.0, 380.2349927849638)	(57.0, 140.1468253968283)	(58.0, 41.59595959595975)	(59.0, 55.809343434343994)	(60.0, 4.310606060606059)	(61.0, 0.6341991341991342)	(62.0, 0.9090909090909093)	(63.0, 0.8363636363636364)	(64.0, 1.4929292929292926)	(65.0, 2.06060606060606)	(66.0, 0.18181818181818182)	(67.0, 0.3977272727272727)	(68.0, 0.0)	(69.0, 0.0)	(70.0, 0.0)	(71.0, 0.0)	(72.0, 0.0)	(73.0, 0.0)	(74.0, 0.0)	(75.0, 0.0)	(76.0, 0.0)	(77.0, 0.0)	(78.0, 0.0)	(79.0, 0.0)	(80.0, 0.0)	(81.0, 0.0)	(82.0, 0.0)	(83.0, 0.0)	(84.0, 0.0)	(85.0, 0.0)	(86.0, 0.0)	(87.0, 0.0)	(88.0, 0.0)	(89.0, 0.0)	(90.0, 0.0)	(91.0, 0.0)	(92.0, 0.0)	(93.0, 0.0)	(94.0, 0.0)	(95.0, 0.0)	(96.0, 0.0)	(97.0, 0.0)	(98.0, 0.0)	(99.0, 0.0)	(100.0, 0.0)
SRR37722546_subreads	(0.0, 0.0)	(1.0, 0.0)	(2.0, 0.0)	(3.0, 0.0)	(4.0, 0.0)	(5.0, 0.0)	(6.0, 0.0)	(7.0, 0.0)	(8.0, 0.0)	(9.0, 0.0)	(10.0, 0.0)	(11.0, 0.0)	(12.0, 0.0)	(13.0, 0.0)	(14.0, 0.0)	(15.0, 0.0)	(16.0, 0.0)	(17.0, 0.0)	(18.0, 0.0)	(19.0, 0.0)	(20.0, 0.0)	(21.0, 0.0)	(22.0, 0.0)	(23.0, 0.0)	(24.0, 0.0)	(25.0, 0.0)	(26.0, 0.0)	(27.0, 0.0)	(28.0, 0.0)	(29.0, 0.0)	(30.0, 0.0)	(31.0, 0.0)	(32.0, 0.0)	(33.0, 0.0)	(34.0, 0.0)	(35.0, 0.0)	(36.0, 0.09090909090909091)	(37.0, 0.0)	(38.0, 0.0)	(39.0, 0.0)	(40.0, 0.0)	(41.0, 0.0)	(42.0, 0.375)	(43.0, 0.25)	(44.0, 0.0)	(45.0, 0.16666666666666666)	(46.0, 0.3977272727272727)	(47.0, 1.359848484848485)	(48.0, 5.723484848484845)	(49.0, 13.272727272727314)	(50.0, 17.101911976912028)	(51.0, 106.2140762463363)	(52.0, 447.526406926359)	(53.0, 524.4290043289424)	(54.0, 355.2757575757356)	(55.0, 312.47777777776804)	(56.0, 253.76767676768296)	(57.0, 117.6731601731625)	(58.0, 59.45454545454613)	(59.0, 80.11111111111236)	(60.0, 4.545454545454543)	(61.0, 0.2727272727272727)	(62.0, 0.0)	(63.0, 1.636363636363636)	(64.0, 1.090909090909091)	(65.0, 1.3636363636363635)	(66.0, 0.09090909090909091)	(67.0, 0.09090909090909091)	(68.0, 0.0)	(69.0, 0.0)	(70.0, 0.0)	(71.0, 0.0)	(72.0, 0.0)	(73.0, 0.0)	(74.0, 0.0)	(75.0, 0.0)	(76.0, 0.0)	(77.0, 0.0)	(78.0, 0.0)	(79.0, 0.0)	(80.0, 0.0)	(81.0, 0.0)	(82.0, 0.0)	(83.0, 0.0)	(84.0, 0.0)	(85.0, 0.0)	(86.0, 0.0)	(87.0, 0.0)	(88.0, 0.0)	(89.0, 0.0)	(90.0, 0.0)	(91.0, 0.0)	(92.0, 0.0)	(93.0, 0.0)	(94.0, 0.0)	(95.0, 0.0)	(96.0, 0.0)	(97.0, 0.0)	(98.0, 0.0)	(99.0, 0.0)	(100.0, 0.0)
SRR37722547_subreads	(0.0, 0.0)	(1.0, 0.0)	(2.0, 0.0)	(3.0, 0.0)	(4.0, 0.0)	(5.0, 0.0)	(6.0, 0.0)	(7.0, 0.0)	(8.0, 0.0)	(9.0, 0.0)	(10.0, 0.0)	(11.0, 0.0)	(12.0, 0.0)	(13.0, 0.0)	(14.0, 0.0)	(15.0, 0.0)	(16.0, 0.0)	(17.0, 0.0)	(18.0, 0.0)	(19.0, 0.0)	(20.0, 0.0)	(21.0, 0.0)	(22.0, 0.0)	(23.0, 0.0)	(24.0, 0.2)	(25.0, 0.2)	(26.0, 0.0)	(27.0, 0.0)	(28.0, 0.2)	(29.0, 0.0)	(30.0, 0.2)	(31.0, 0.1)	(32.0, 0.0)	(33.0, 0.6166666666666667)	(34.0, 0.0)	(35.0, 0.6285714285714286)	(36.0, 0.0)	(37.0, 0.5409090909090909)	(38.0, 0.1111111111111111)	(39.0, 0.14285714285714285)	(40.0, 0.4242424242424242)	(41.0, 1.0833333333333333)	(42.0, 1.1587301587301586)	(43.0, 0.4766233766233766)	(44.0, 0.7591991341991341)	(45.0, 0.2159090909090909)	(46.0, 2.37012987012987)	(47.0, 2.9269480519480515)	(48.0, 26.63434343434339)	(49.0, 45.661363636363916)	(50.0, 32.301515151515055)	(51.0, 80.18766233766358)	(52.0, 529.0178571427966)	(53.0, 628.5514430014164)	(54.0, 367.4417027416774)	(55.0, 267.88383838384124)	(56.0, 266.49715705441827)	(57.0, 144.6095307917919)	(58.0, 135.46363636363915)	(59.0, 122.1666666666691)	(60.0, 17.179292929292984)	(61.0, 5.2530303030303)	(62.0, 2.3439393939393933)	(63.0, 2.0202020202020194)	(64.0, 1.5454545454545452)	(65.0, 2.124999999999999)	(66.0, 0.18181818181818182)	(67.0, 0.1)	(68.0, 0.0)	(69.0, 0.0)	(70.0, 0.0)	(71.0, 0.0)	(72.0, 0.0)	(73.0, 0.0)	(74.0, 0.0)	(75.0, 0.0)	(76.0, 0.0)	(77.0, 0.0)	(78.0, 0.0)	(79.0, 0.0)	(80.0, 0.0)	(81.0, 0.0)	(82.0, 0.0)	(83.0, 0.0)	(84.0, 0.0)	(85.0, 0.0)	(86.0, 0.0)	(87.0, 0.0)	(88.0, 0.0)	(89.0, 0.0)	(90.0, 0.0)	(91.0, 0.0)	(92.0, 0.0)	(93.0, 0.0)	(94.0, 0.0)	(95.0, 0.0)	(96.0, 0.0)	(97.0, 0.0)	(98.0, 0.0)	(99.0, 0.0)	(100.0, 0.0)
SRR37722548_subreads	(0.0, 0.0)	(1.0, 0.0)	(2.0, 0.0)	(3.0, 0.0)	(4.0, 0.0)	(5.0, 0.0)	(6.0, 0.0)	(7.0, 0.0)	(8.0, 0.0)	(9.0, 0.0)	(10.0, 0.0)	(11.0, 0.0)	(12.0, 0.0)	(13.0, 0.0)	(14.0, 0.0)	(15.0, 0.0)	(16.0, 0.0)	(17.0, 0.0)	(18.0, 0.0)	(19.0, 0.0)	(20.0, 0.0)	(21.0, 0.0)	(22.0, 0.0)	(23.0, 0.0)	(24.0, 0.0)	(25.0, 0.0)	(26.0, 0.0)	(27.0, 0.0)	(28.0, 0.2)	(29.0, 0.2)	(30.0, 0.2)	(31.0, 0.0)	(32.0, 0.29166666666666663)	(33.0, 0.25)	(34.0, 0.2857142857142857)	(35.0, 1.007936507936508)	(36.0, 1.0305916305916305)	(37.0, 2.3027056277056275)	(38.0, 1.7371212121212118)	(39.0, 0.5984848484848485)	(40.0, 1.6182900432900433)	(41.0, 1.8155122655122653)	(42.0, 1.6920995670995673)	(43.0, 1.4532828282828283)	(44.0, 2.4012265512265514)	(45.0, 2.4345238095238093)	(46.0, 5.21785714285714)	(47.0, 8.61381673881674)	(48.0, 52.95321067821114)	(49.0, 259.79689754690264)	(50.0, 222.63412698413225)	(51.0, 405.4835497835137)	(52.0, 795.273022855311)	(53.0, 794.6278860029161)	(54.0, 744.1213703858991)	(55.0, 547.1923160172618)	(56.0, 316.00974025972965)	(57.0, 183.11601731602138)	(58.0, 107.65909090909294)	(59.0, 286.77165200390766)	(60.0, 13.775757575757618)	(61.0, 4.257575757575755)	(62.0, 4.40151515151515)	(63.0, 3.8136363636363617)	(64.0, 0.8181818181818183)	(65.0, 3.696969696969695)	(66.0, 0.2727272727272727)	(67.0, 0.0)	(68.0, 0.0)	(69.0, 0.0)	(70.0, 0.0)	(71.0, 0.0)	(72.0, 0.0)	(73.0, 0.0)	(74.0, 0.0)	(75.0, 0.0)	(76.0, 0.0)	(77.0, 0.0)	(78.0, 0.0)	(79.0, 0.0)	(80.0, 0.0)	(81.0, 0.0)	(82.0, 0.0)	(83.0, 0.0)	(84.0, 0.0)	(85.0, 0.0)	(86.0, 0.0)	(87.0, 0.0)	(88.0, 0.0)	(89.0, 0.0)	(90.0, 0.0)	(91.0, 0.0)	(92.0, 0.0)	(93.0, 0.0)	(94.0, 0.0)	(95.0, 0.0)	(96.0, 0.0)	(97.0, 0.0)	(98.0, 0.0)	(99.0, 0.0)	(100.0, 0.0)
SRR37722549_subreads	(0.0, 0.0)	(1.0, 0.0)	(2.0, 0.0)	(3.0, 0.0)	(4.0, 0.0)	(5.0, 0.0)	(6.0, 0.0)	(7.0, 0.0)	(8.0, 0.0)	(9.0, 0.0)	(10.0, 0.0)	(11.0, 0.0)	(12.0, 0.0)	(13.0, 0.0)	(14.0, 0.0)	(15.0, 0.0)	(16.0, 0.0)	(17.0, 0.0)	(18.0, 0.0)	(19.0, 0.0)	(20.0, 0.0)	(21.0, 0.0)	(22.0, 0.0)	(23.0, 0.0)	(24.0, 0.0)	(25.0, 0.0)	(26.0, 0.0)	(27.0, 0.0)	(28.0, 0.0)	(29.0, 0.0)	(30.0, 0.0)	(31.0, 0.0)	(32.0, 0.0)	(33.0, 0.0)	(34.0, 0.16666666666666666)	(35.0, 0.3333333333333333)	(36.0, 0.0)	(37.0, 0.4575757575757576)	(38.0, 0.09090909090909091)	(39.0, 0.26666666666666666)	(40.0, 0.26785714285714285)	(41.0, 0.25757575757575757)	(42.0, 0.3727272727272727)	(43.0, 0.3246753246753247)	(44.0, 0.09090909090909091)	(45.0, 0.6071428571428572)	(46.0, 2.83420611646418)	(47.0, 3.5353535353535332)	(48.0, 26.774682306940324)	(49.0, 133.52398989899265)	(50.0, 123.46912675138731)	(51.0, 209.20616883117376)	(52.0, 323.36270539495064)	(53.0, 321.7758367080824)	(54.0, 284.53153656379277)	(55.0, 217.71625471303403)	(56.0, 106.35450937951134)	(57.0, 82.4112263184857)	(58.0, 91.85454545454705)	(59.0, 212.87121212121713)	(60.0, 10.348484848484864)	(61.0, 3.270562770562769)	(62.0, 2.181818181818181)	(63.0, 1.2727272727272727)	(64.0, 0.5064935064935066)	(65.0, 1.0000000000000002)	(66.0, 0.0)	(67.0, 0.0)	(68.0, 0.0)	(69.0, 0.0)	(70.0, 0.0)	(71.0, 0.0)	(72.0, 0.0)	(73.0, 0.0)	(74.0, 0.0)	(75.0, 0.0)	(76.0, 0.0)	(77.0, 0.0)	(78.0, 0.0)	(79.0, 0.0)	(80.0, 0.0)	(81.0, 0.0)	(82.0, 0.0)	(83.0, 0.0)	(84.0, 0.0)	(85.0, 0.0)	(86.0, 0.0)	(87.0, 0.0)	(88.0, 0.0)	(89.0, 0.0)	(90.0, 0.0)	(91.0, 0.0)	(92.0, 0.0)	(93.0, 0.0)	(94.0, 0.0)	(95.0, 0.0)	(96.0, 0.0)	(97.0, 0.0)	(98.0, 0.0)	(99.0, 0.0)	(100.0, 0.0)
SRR37722551_subreads	(0.0, 0.0)	(1.0, 0.0)	(2.0, 0.0)	(3.0, 0.0)	(4.0, 0.0)	(5.0, 0.0)	(6.0, 0.0)	(7.0, 0.0)	(8.0, 0.0)	(9.0, 0.0)	(10.0, 0.0)	(11.0, 0.0)	(12.0, 0.0)	(13.0, 0.0)	(14.0, 0.0)	(15.0, 0.0)	(16.0, 0.0)	(17.0, 0.0)	(18.0, 0.0)	(19.0, 0.0)	(20.0, 0.0)	(21.0, 0.0)	(22.0, 0.0)	(23.0, 0.0)	(24.0, 0.0)	(25.0, 0.0)	(26.0, 0.125)	(27.0, 0.0)	(28.0, 0.0)	(29.0, 0.09090909090909091)	(30.0, 0.0)	(31.0, 0.26666666666666666)	(32.0, 0.0)	(33.0, 0.6262626262626263)	(34.0, 0.6825396825396826)	(35.0, 0.6385281385281385)	(36.0, 3.290909090909091)	(37.0, 1.2524531024531025)	(38.0, 1.5818542568542568)	(39.0, 1.6278860028860027)	(40.0, 2.9794011544011543)	(41.0, 2.8127344877344878)	(42.0, 1.9115440115440119)	(43.0, 2.832395382395382)	(44.0, 3.3362914862914863)	(45.0, 4.717640692640692)	(46.0, 10.608946608946612)	(47.0, 12.747366522366537)	(48.0, 29.08474025974022)	(49.0, 53.626190476190935)	(50.0, 59.36583694083759)	(51.0, 154.484018759022)	(52.0, 581.9841269840846)	(53.0, 843.4224526370149)	(54.0, 657.5919831959982)	(55.0, 598.3868465763254)	(56.0, 280.0479437229431)	(57.0, 380.5083403155693)	(58.0, 139.29307711259221)	(59.0, 70.06969696969794)	(60.0, 7.932323232323228)	(61.0, 1.0050505050505052)	(62.0, 2.909090909090908)	(63.0, 0.7613636363636365)	(64.0, 0.2727272727272727)	(65.0, 0.36363636363636365)	(66.0, 0.0)	(67.0, 0.0)	(68.0, 0.0)	(69.0, 0.0)	(70.0, 0.0)	(71.0, 0.0)	(72.0, 0.0)	(73.0, 0.0)	(74.0, 0.0)	(75.0, 0.0)	(76.0, 0.0)	(77.0, 0.0)	(78.0, 0.0)	(79.0, 0.0)	(80.0, 0.0)	(81.0, 0.0)	(82.0, 0.0)	(83.0, 0.0)	(84.0, 0.0)	(85.0, 0.0)	(86.0, 0.0)	(87.0, 0.0)	(88.0, 0.0)	(89.0, 0.0)	(90.0, 0.0)	(91.0, 0.0)	(92.0, 0.0)	(93.0, 0.0)	(94.0, 0.0)	(95.0, 0.0)	(96.0, 0.0)	(97.0, 0.0)	(98.0, 0.0)	(99.0, 0.0)	(100.0, 0.0)
