Sample	0	1	2	3	4	5	6	7	8	9	10	11	12	13	14	15	16	17	18	19	20	21	22	23	24	25	26	27	28	29	30	31	32	33	34	35	36	37	38	39	40	41	42	43	44	45	46	47	48	49	50	51	52	53	54	55	56	57	58	59	60	61	62	63	64	65	66	67	68	69	70	71	72	73	74	75	76	77	78	79	80	81	82	83	84	85	86	87	88	89	90	91	92	93	94	95	96	97	98	99	100
SRR37797609_subreads	(0.0, 0.0)	(1.0, 0.0)	(2.0, 0.0)	(3.0, 0.0)	(4.0, 0.0)	(5.0, 0.0)	(6.0, 0.0)	(7.0, 0.0)	(8.0, 0.0)	(9.0, 0.0)	(10.0, 0.0)	(11.0, 0.0)	(12.0, 0.0)	(13.0, 0.0)	(14.0, 0.0)	(15.0, 0.0)	(16.0, 0.0)	(17.0, 0.0)	(18.0, 0.0)	(19.0, 0.0)	(20.0, 0.0)	(21.0, 0.0)	(22.0, 0.0)	(23.0, 0.0)	(24.0, 0.0)	(25.0, 0.0)	(26.0, 0.0)	(27.0, 0.0)	(28.0, 0.0)	(29.0, 0.0)	(30.0, 0.0)	(31.0, 0.0)	(32.0, 0.0)	(33.0, 0.0)	(34.0, 0.0)	(35.0, 0.0)	(36.0, 0.0032336737825925436)	(37.0, 0.01632235337880046)	(38.0, 0.011394850471992774)	(39.0, 0.011394850471992771)	(40.0, 0.006467347565185087)	(41.0, 0.004381106415125382)	(42.0, 0.0032336737825925436)	(43.0, 0.0032336737825925436)	(44.0, 0.0)	(45.0, 0.0032336737825925436)	(46.0, 0.02701682289327319)	(47.0, 0.10477897814133191)	(48.0, 0.6698478248407547)	(49.0, 1.743273536195654)	(50.0, 1.5181030452492865)	(51.0, 3.6374607899458336)	(52.0, 20.973786974563822)	(53.0, 24.205929150849745)	(54.0, 16.735458929955342)	(55.0, 10.018154838790835)	(56.0, 7.900828695595466)	(57.0, 5.698304437624037)	(58.0, 2.476601705440078)	(59.0, 3.189549782268835)	(60.0, 0.3136663569114768)	(61.0, 0.31690003069406936)	(62.0, 0.12611327752110912)	(63.0, 0.07437449699962849)	(64.0, 0.08084184456481357)	(65.0, 0.11641225617333151)	(66.0, 0.00970102134777763)	(67.0, 0.0)	(68.0, 0.0)	(69.0, 0.0)	(70.0, 0.0)	(71.0, 0.0)	(72.0, 0.0)	(73.0, 0.0)	(74.0, 0.0)	(75.0, 0.0)	(76.0, 0.0)	(77.0, 0.0)	(78.0, 0.0)	(79.0, 0.0)	(80.0, 0.0)	(81.0, 0.0)	(82.0, 0.0)	(83.0, 0.0)	(84.0, 0.0)	(85.0, 0.0)	(86.0, 0.0)	(87.0, 0.0)	(88.0, 0.0)	(89.0, 0.0)	(90.0, 0.0)	(91.0, 0.0)	(92.0, 0.0)	(93.0, 0.0)	(94.0, 0.0)	(95.0, 0.0)	(96.0, 0.0)	(97.0, 0.0)	(98.0, 0.0)	(99.0, 0.0)	(100.0, 0.0)
SRR37797610_subreads	(0.0, 0.0)	(1.0, 0.0)	(2.0, 0.0)	(3.0, 0.0)	(4.0, 0.0)	(5.0, 0.0)	(6.0, 0.0)	(7.0, 0.0)	(8.0, 0.0)	(9.0, 0.0)	(10.0, 0.0)	(11.0, 0.0)	(12.0, 0.0)	(13.0, 0.0)	(14.0, 0.0)	(15.0, 0.0)	(16.0, 0.0)	(17.0, 0.0)	(18.0, 0.0)	(19.0, 0.0)	(20.0, 0.0)	(21.0, 0.0)	(22.0, 0.0)	(23.0, 0.0)	(24.0, 0.0)	(25.0, 0.0)	(26.0, 0.0)	(27.0, 0.0)	(28.0, 0.0)	(29.0, 0.0)	(30.0, 0.0)	(31.0, 0.0)	(32.0, 0.0)	(33.0, 0.0)	(34.0, 0.004446042426892119)	(35.0, 0.0)	(36.0, 0.0)	(37.0, 0.0)	(38.0, 0.0)	(39.0, 0.0)	(40.0, 0.0)	(41.0, 0.0)	(42.0, 0.004446042426892119)	(43.0, 0.0023288793664673004)	(44.0, 0.004446042426892119)	(45.0, 0.013338127280676355)	(46.0, 0.008892084853784238)	(47.0, 0.21785607891771372)	(48.0, 1.2048774976877628)	(49.0, 1.3471508553483091)	(50.0, 1.1421830065609337)	(51.0, 2.856125761609681)	(52.0, 14.538494937868343)	(53.0, 18.817003803141343)	(54.0, 14.824491851584645)	(55.0, 13.09244758140985)	(56.0, 10.983445843105171)	(57.0, 8.142854994491373)	(58.0, 5.519867531139694)	(59.0, 6.651279470630748)	(60.0, 0.3794912342437593)	(61.0, 0.1333812728067635)	(62.0, 0.04001438184202908)	(63.0, 0.022230212134460595)	(64.0, 0.026676254561352714)	(65.0, 0.022230212134460595)	(66.0, 0.0)	(67.0, 0.0)	(68.0, 0.0)	(69.0, 0.0)	(70.0, 0.0)	(71.0, 0.0)	(72.0, 0.0)	(73.0, 0.0)	(74.0, 0.0)	(75.0, 0.0)	(76.0, 0.0)	(77.0, 0.0)	(78.0, 0.0)	(79.0, 0.0)	(80.0, 0.0)	(81.0, 0.0)	(82.0, 0.0)	(83.0, 0.0)	(84.0, 0.0)	(85.0, 0.0)	(86.0, 0.0)	(87.0, 0.0)	(88.0, 0.0)	(89.0, 0.0)	(90.0, 0.0)	(91.0, 0.0)	(92.0, 0.0)	(93.0, 0.0)	(94.0, 0.0)	(95.0, 0.0)	(96.0, 0.0)	(97.0, 0.0)	(98.0, 0.0)	(99.0, 0.0)	(100.0, 0.0)
SRR37797611_subreads	(0.0, 0.0)	(1.0, 0.0)	(2.0, 0.0)	(3.0, 0.0)	(4.0, 0.0)	(5.0, 0.0)	(6.0, 0.0)	(7.0, 0.0)	(8.0, 0.0)	(9.0, 0.0)	(10.0, 0.0)	(11.0, 0.0)	(12.0, 0.0)	(13.0, 0.0)	(14.0, 0.0)	(15.0, 0.0)	(16.0, 0.0)	(17.0, 0.0)	(18.0, 0.0)	(19.0, 0.0)	(20.0, 0.0)	(21.0, 0.0)	(22.0, 0.0)	(23.0, 0.0)	(24.0, 0.0)	(25.0, 0.0)	(26.0, 0.0)	(27.0, 0.0)	(28.0, 0.0)	(29.0, 0.0)	(30.0, 0.0)	(31.0, 0.0)	(32.0, 0.0020767861965446063)	(33.0, 0.0)	(34.0, 0.0)	(35.0, 0.0)	(36.0, 0.0)	(37.0, 0.003964773647948795)	(38.0, 0.0)	(39.0, 0.0)	(40.0, 0.0020767861965446063)	(41.0, 0.006041559844493401)	(42.0, 0.04361251012743675)	(43.0, 0.006041559844493401)	(44.0, 0.006041559844493401)	(45.0, 0.017454748502336786)	(46.0, 0.14669662497410532)	(47.0, 0.2392932740423287)	(48.0, 1.7863101917229267)	(49.0, 3.1646668970781167)	(50.0, 3.181131720977238)	(51.0, 3.4175983428393057)	(52.0, 17.402536513880804)	(53.0, 18.94438278205696)	(54.0, 16.34673799839149)	(55.0, 12.50804476147676)	(56.0, 9.234073541432883)	(57.0, 5.792978890246704)	(58.0, 3.8630963882675915)	(59.0, 3.317719746471953)	(60.0, 0.30119693141401455)	(61.0, 0.051730856168474754)	(62.0, 0.10308411484666863)	(63.0, 0.05550683107128312)	(64.0, 0.03607944019633404)	(65.0, 0.01585909459179518)	(66.0, 0.003964773647948795)	(67.0, 0.0)	(68.0, 0.0)	(69.0, 0.0)	(70.0, 0.0)	(71.0, 0.0)	(72.0, 0.0)	(73.0, 0.0)	(74.0, 0.0)	(75.0, 0.0)	(76.0, 0.0)	(77.0, 0.0)	(78.0, 0.0)	(79.0, 0.0)	(80.0, 0.0)	(81.0, 0.0)	(82.0, 0.0)	(83.0, 0.0)	(84.0, 0.0)	(85.0, 0.0)	(86.0, 0.0)	(87.0, 0.0)	(88.0, 0.0)	(89.0, 0.0)	(90.0, 0.0)	(91.0, 0.0)	(92.0, 0.0)	(93.0, 0.0)	(94.0, 0.0)	(95.0, 0.0)	(96.0, 0.0)	(97.0, 0.0)	(98.0, 0.0)	(99.0, 0.0)	(100.0, 0.0)
SRR37797612_subreads	(0.0, 0.0)	(1.0, 0.0)	(2.0, 0.0)	(3.0, 0.0)	(4.0, 0.0)	(5.0, 0.0)	(6.0, 0.0)	(7.0, 0.0)	(8.0, 0.0)	(9.0, 0.0)	(10.0, 0.0)	(11.0, 0.0)	(12.0, 0.0)	(13.0, 0.0)	(14.0, 0.0)	(15.0, 0.0)	(16.0, 0.0)	(17.0, 0.0)	(18.0, 0.0)	(19.0, 0.0)	(20.0, 0.0)	(21.0, 0.0)	(22.0, 0.0)	(23.0, 0.0)	(24.0, 0.0)	(25.0, 0.0)	(26.0, 0.0)	(27.0, 0.0)	(28.0, 0.0)	(29.0, 0.0)	(30.0, 0.0009023221782475522)	(31.0, 0.0)	(32.0, 0.0)	(33.0, 0.0017226150675635089)	(34.0, 0.0017226150675635089)	(35.0, 0.0)	(36.0, 0.001222501015690232)	(37.0, 0.0060322183471915964)	(38.0, 0.0009023221782475522)	(39.0, 0.0034452301351270177)	(40.0, 0.0021248231939377843)	(41.0, 0.004167617098943974)	(42.0, 0.018948765743198603)	(43.0, 0.0396201465539607)	(44.0, 0.00602518357733043)	(45.0, 0.00903025655233669)	(46.0, 0.11037347386818122)	(47.0, 0.1976155918060754)	(48.0, 1.2395436169577623)	(49.0, 3.321879253422729)	(50.0, 4.416949091810806)	(51.0, 4.555606793723817)	(52.0, 20.34282969363739)	(53.0, 22.404035204847712)	(54.0, 15.209479086968965)	(55.0, 10.111529916242413)	(56.0, 5.632479360499314)	(57.0, 4.36629113318798)	(58.0, 2.5396420230210093)	(59.0, 4.191815739178893)	(60.0, 0.4192067119257778)	(61.0, 0.7259142232410154)	(62.0, 0.037897531486397185)	(63.0, 0.040522468732208244)	(64.0, 0.02756184108101614)	(65.0, 0.01123801258362861)	(66.0, 0.0017226150675635089)	(67.0, 0.0)	(68.0, 0.0)	(69.0, 0.0)	(70.0, 0.0)	(71.0, 0.0)	(72.0, 0.0)	(73.0, 0.0)	(74.0, 0.0)	(75.0, 0.0)	(76.0, 0.0)	(77.0, 0.0)	(78.0, 0.0)	(79.0, 0.0)	(80.0, 0.0)	(81.0, 0.0)	(82.0, 0.0)	(83.0, 0.0)	(84.0, 0.0)	(85.0, 0.0)	(86.0, 0.0)	(87.0, 0.0)	(88.0, 0.0)	(89.0, 0.0)	(90.0, 0.0)	(91.0, 0.0)	(92.0, 0.0)	(93.0, 0.0)	(94.0, 0.0)	(95.0, 0.0)	(96.0, 0.0)	(97.0, 0.0)	(98.0, 0.0)	(99.0, 0.0)	(100.0, 0.0)
SRR37797613_subreads	(0.0, 0.0)	(1.0, 0.0)	(2.0, 0.0)	(3.0, 0.0)	(4.0, 0.0)	(5.0, 0.0)	(6.0, 0.0)	(7.0, 0.0)	(8.0, 0.0)	(9.0, 0.0)	(10.0, 0.0)	(11.0, 0.0)	(12.0, 0.0)	(13.0, 0.0)	(14.0, 0.0)	(15.0, 0.0)	(16.0, 0.0)	(17.0, 0.0)	(18.0, 0.0)	(19.0, 0.0)	(20.0, 0.0)	(21.0, 0.0)	(22.0, 0.0)	(23.0, 0.0)	(24.0, 0.0)	(25.0, 0.0)	(26.0, 0.0)	(27.0, 0.0)	(28.0, 0.002971086902596416)	(29.0, 0.005942173805192832)	(30.0, 0.0)	(31.0, 0.0)	(32.0, 0.002971086902596416)	(33.0, 0.0)	(34.0, 0.002971086902596416)	(35.0, 0.0)	(36.0, 0.0015562836156457415)	(37.0, 0.0040253435454532084)	(38.0, 0.0026105402585025342)	(39.0, 0.004217026571427171)	(40.0, 0.0)	(41.0, 0.010771484049308609)	(42.0, 0.008612615009312229)	(43.0, 0.018029211450046764)	(44.0, 0.0036647969013593267)	(45.0, 0.007831620775507604)	(46.0, 0.0994332877832075)	(47.0, 0.28112141311709893)	(48.0, 1.3791091691853863)	(49.0, 3.5318342227598567)	(50.0, 4.857730128332959)	(51.0, 5.05656627802224)	(52.0, 19.731711191111856)	(53.0, 21.78601925540964)	(54.0, 14.844517708263078)	(55.0, 9.011236558952804)	(56.0, 4.127954207586097)	(57.0, 3.887336330633604)	(58.0, 3.8557497062820363)	(59.0, 5.840402288751646)	(60.0, 0.6645472519136018)	(61.0, 0.799222376798435)	(62.0, 0.06803435306124053)	(63.0, 0.055035847862381214)	(64.0, 0.029710869025964162)	(65.0, 0.010611024652130057)	(66.0, 0.005942173805192832)	(67.0, 0.0)	(68.0, 0.0)	(69.0, 0.0)	(70.0, 0.0)	(71.0, 0.0)	(72.0, 0.0)	(73.0, 0.0)	(74.0, 0.0)	(75.0, 0.0)	(76.0, 0.0)	(77.0, 0.0)	(78.0, 0.0)	(79.0, 0.0)	(80.0, 0.0)	(81.0, 0.0)	(82.0, 0.0)	(83.0, 0.0)	(84.0, 0.0)	(85.0, 0.0)	(86.0, 0.0)	(87.0, 0.0)	(88.0, 0.0)	(89.0, 0.0)	(90.0, 0.0)	(91.0, 0.0)	(92.0, 0.0)	(93.0, 0.0)	(94.0, 0.0)	(95.0, 0.0)	(96.0, 0.0)	(97.0, 0.0)	(98.0, 0.0)	(99.0, 0.0)	(100.0, 0.0)
SRR37797614_subreads	(0.0, 0.0)	(1.0, 0.0)	(2.0, 0.0)	(3.0, 0.0)	(4.0, 0.0)	(5.0, 0.0)	(6.0, 0.0)	(7.0, 0.0)	(8.0, 0.0)	(9.0, 0.0)	(10.0, 0.0)	(11.0, 0.0)	(12.0, 0.0)	(13.0, 0.0)	(14.0, 0.0)	(15.0, 0.0)	(16.0, 0.0)	(17.0, 0.0)	(18.0, 0.0)	(19.0, 0.0)	(20.0, 0.0)	(21.0, 0.0)	(22.0, 0.0)	(23.0, 0.0)	(24.0, 0.0)	(25.0, 0.0)	(26.0, 0.0)	(27.0, 0.0)	(28.0, 0.0)	(29.0, 0.0)	(30.0, 0.0)	(31.0, 0.0)	(32.0, 0.0)	(33.0, 0.0)	(34.0, 0.0)	(35.0, 0.0)	(36.0, 0.003512844375506482)	(37.0, 0.003512844375506482)	(38.0, 0.0)	(39.0, 0.0)	(40.0, 0.0)	(41.0, 0.0)	(42.0, 0.007025688751012964)	(43.0, 0.010538533126519443)	(44.0, 0.0)	(45.0, 0.0)	(46.0, 0.04566697688158426)	(47.0, 0.1370009306447527)	(48.0, 0.8469579308215193)	(49.0, 2.2447075559486662)	(50.0, 3.189938971964584)	(51.0, 5.037219179726945)	(52.0, 22.01515038876085)	(53.0, 23.343607404857416)	(54.0, 14.749241000328176)	(55.0, 9.645504412589078)	(56.0, 5.154842807526165)	(57.0, 3.851550563841677)	(58.0, 3.2975410105561385)	(59.0, 4.998777546345826)	(60.0, 0.5176346163649568)	(61.0, 0.6822724409317051)	(62.0, 0.0913339537631685)	(63.0, 0.03864128813057131)	(64.0, 0.024589910628545375)	(65.0, 0.04566697688158426)	(66.0, 0.010538533126519443)	(67.0, 0.007025688751012964)	(68.0, 0.0)	(69.0, 0.0)	(70.0, 0.0)	(71.0, 0.0)	(72.0, 0.0)	(73.0, 0.0)	(74.0, 0.0)	(75.0, 0.0)	(76.0, 0.0)	(77.0, 0.0)	(78.0, 0.0)	(79.0, 0.0)	(80.0, 0.0)	(81.0, 0.0)	(82.0, 0.0)	(83.0, 0.0)	(84.0, 0.0)	(85.0, 0.0)	(86.0, 0.0)	(87.0, 0.0)	(88.0, 0.0)	(89.0, 0.0)	(90.0, 0.0)	(91.0, 0.0)	(92.0, 0.0)	(93.0, 0.0)	(94.0, 0.0)	(95.0, 0.0)	(96.0, 0.0)	(97.0, 0.0)	(98.0, 0.0)	(99.0, 0.0)	(100.0, 0.0)
SRR37797615_subreads	(0.0, 0.0)	(1.0, 0.0)	(2.0, 0.0)	(3.0, 0.0)	(4.0, 0.0)	(5.0, 0.0)	(6.0, 0.0)	(7.0, 0.0)	(8.0, 0.0)	(9.0, 0.0)	(10.0, 0.0)	(11.0, 0.0)	(12.0, 0.0)	(13.0, 0.0)	(14.0, 0.0)	(15.0, 0.0)	(16.0, 0.0)	(17.0, 0.0)	(18.0, 0.0)	(19.0, 0.0)	(20.0, 0.0)	(21.0, 0.0)	(22.0, 0.0)	(23.0, 0.0)	(24.0, 0.0)	(25.0, 0.0)	(26.0, 0.0)	(27.0, 0.0)	(28.0, 0.0)	(29.0, 0.0)	(30.0, 0.0)	(31.0, 0.0)	(32.0, 0.0)	(33.0, 0.0)	(34.0, 0.005512856276167757)	(35.0, 0.0)	(36.0, 0.0)	(37.0, 0.0)	(38.0, 0.0)	(39.0, 0.002505843761894435)	(40.0, 0.0)	(41.0, 0.0)	(42.0, 0.0)	(43.0, 0.0)	(44.0, 0.003395014129018267)	(45.0, 0.00501168752378887)	(46.0, 0.06854695193827355)	(47.0, 0.27402614041361756)	(48.0, 2.1575314789911415)	(49.0, 3.6452751705288313)	(50.0, 3.1281821852114393)	(51.0, 4.762881488333781)	(52.0, 18.088773851414118)	(53.0, 17.19002661903715)	(54.0, 16.229137540743075)	(55.0, 11.580312360410462)	(56.0, 7.006985827614918)	(57.0, 5.337889873407646)	(58.0, 4.46056356351167)	(59.0, 5.216489730280274)	(60.0, 0.3583356579509053)	(61.0, 0.12779803185661612)	(62.0, 0.10775128176146065)	(63.0, 0.10023375047577734)	(64.0, 0.09772790671388291)	(65.0, 0.04009350019031096)	(66.0, 0.00501168752378887)	(67.0, 0.0)	(68.0, 0.0)	(69.0, 0.0)	(70.0, 0.0)	(71.0, 0.0)	(72.0, 0.0)	(73.0, 0.0)	(74.0, 0.0)	(75.0, 0.0)	(76.0, 0.0)	(77.0, 0.0)	(78.0, 0.0)	(79.0, 0.0)	(80.0, 0.0)	(81.0, 0.0)	(82.0, 0.0)	(83.0, 0.0)	(84.0, 0.0)	(85.0, 0.0)	(86.0, 0.0)	(87.0, 0.0)	(88.0, 0.0)	(89.0, 0.0)	(90.0, 0.0)	(91.0, 0.0)	(92.0, 0.0)	(93.0, 0.0)	(94.0, 0.0)	(95.0, 0.0)	(96.0, 0.0)	(97.0, 0.0)	(98.0, 0.0)	(99.0, 0.0)	(100.0, 0.0)
SRR37797616_subreads	(0.0, 0.0)	(1.0, 0.0)	(2.0, 0.0)	(3.0, 0.0)	(4.0, 0.0)	(5.0, 0.0)	(6.0, 0.0)	(7.0, 0.0)	(8.0, 0.0)	(9.0, 0.0)	(10.0, 0.0)	(11.0, 0.0)	(12.0, 0.0)	(13.0, 0.0)	(14.0, 0.0)	(15.0, 0.0)	(16.0, 0.0)	(17.0, 0.0)	(18.0, 0.0)	(19.0, 0.0)	(20.0, 0.0)	(21.0, 0.0)	(22.0, 0.0)	(23.0, 0.0)	(24.0, 0.0)	(25.0, 0.0)	(26.0, 0.0)	(27.0, 0.0)	(28.0, 0.0)	(29.0, 0.0)	(30.0, 0.0)	(31.0, 0.0)	(32.0, 0.0)	(33.0, 0.0)	(34.0, 0.0)	(35.0, 0.0)	(36.0, 0.0)	(37.0, 0.0)	(38.0, 0.0)	(39.0, 0.0)	(40.0, 0.001401524361174576)	(41.0, 0.000949419728537616)	(42.0, 0.0)	(43.0, 0.004077161777962403)	(44.0, 0.001401524361174576)	(45.0, 0.001401524361174576)	(46.0, 0.16474281809079325)	(47.0, 0.3291034022649034)	(48.0, 1.602706812655924)	(49.0, 3.046276904665778)	(50.0, 3.073530593929558)	(51.0, 4.921919284044673)	(52.0, 15.42379614493495)	(53.0, 18.83082788619344)	(54.0, 17.374677244210748)	(55.0, 9.587195208309184)	(56.0, 6.869351769044203)	(57.0, 6.251086353786799)	(58.0, 4.522949275868888)	(59.0, 6.478194369508218)	(60.0, 0.717070827699137)	(61.0, 0.4735878227714473)	(62.0, 0.1444844205065426)	(63.0, 0.09097167217078608)	(64.0, 0.058864023169332175)	(65.0, 0.026756374167878273)	(66.0, 0.002675637416787827)	(67.0, 0.0)	(68.0, 0.0)	(69.0, 0.0)	(70.0, 0.0)	(71.0, 0.0)	(72.0, 0.0)	(73.0, 0.0)	(74.0, 0.0)	(75.0, 0.0)	(76.0, 0.0)	(77.0, 0.0)	(78.0, 0.0)	(79.0, 0.0)	(80.0, 0.0)	(81.0, 0.0)	(82.0, 0.0)	(83.0, 0.0)	(84.0, 0.0)	(85.0, 0.0)	(86.0, 0.0)	(87.0, 0.0)	(88.0, 0.0)	(89.0, 0.0)	(90.0, 0.0)	(91.0, 0.0)	(92.0, 0.0)	(93.0, 0.0)	(94.0, 0.0)	(95.0, 0.0)	(96.0, 0.0)	(97.0, 0.0)	(98.0, 0.0)	(99.0, 0.0)	(100.0, 0.0)
SRR37797617_subreads	(0.0, 0.0)	(1.0, 0.0)	(2.0, 0.0)	(3.0, 0.0)	(4.0, 0.0)	(5.0, 0.0)	(6.0, 0.0)	(7.0, 0.0)	(8.0, 0.0)	(9.0, 0.0)	(10.0, 0.0)	(11.0, 0.0)	(12.0, 0.0)	(13.0, 0.0)	(14.0, 0.0)	(15.0, 0.0)	(16.0, 0.0)	(17.0, 0.0)	(18.0, 0.0)	(19.0, 0.0)	(20.0, 0.0)	(21.0, 0.0)	(22.0, 0.0)	(23.0, 0.0)	(24.0, 0.0)	(25.0, 0.0)	(26.0, 0.0)	(27.0, 0.0)	(28.0, 0.0)	(29.0, 0.0)	(30.0, 0.0)	(31.0, 0.0)	(32.0, 0.0)	(33.0, 0.0)	(34.0, 0.0)	(35.0, 0.0)	(36.0, 0.003279240717149424)	(37.0, 0.003279240717149424)	(38.0, 0.0)	(39.0, 0.0017176975185068412)	(40.0, 0.0017176975185068412)	(41.0, 0.003607164788864367)	(42.0, 0.0)	(43.0, 0.005153092555520523)	(44.0, 0.004508955986080458)	(45.0, 0.0017176975185068412)	(46.0, 0.054185548992897625)	(47.0, 0.2984109052605975)	(48.0, 2.117155884151624)	(49.0, 3.502557009987363)	(50.0, 3.1197215235539493)	(51.0, 4.989100296246409)	(52.0, 18.324608691345862)	(53.0, 17.43283151954585)	(54.0, 15.08516717681825)	(55.0, 11.578893190295563)	(56.0, 7.278433444651243)	(57.0, 5.300628164375613)	(58.0, 4.366387092044477)	(59.0, 5.483656138964903)	(60.0, 0.41694764946955704)	(61.0, 0.09509798079733325)	(62.0, 0.19019596159466648)	(63.0, 0.12133190653452863)	(64.0, 0.12789038796882748)	(65.0, 0.06558481434298846)	(66.0, 0.0262339257371954)	(67.0, 0.0)	(68.0, 0.0)	(69.0, 0.0)	(70.0, 0.0)	(71.0, 0.0)	(72.0, 0.0)	(73.0, 0.0)	(74.0, 0.0)	(75.0, 0.0)	(76.0, 0.0)	(77.0, 0.0)	(78.0, 0.0)	(79.0, 0.0)	(80.0, 0.0)	(81.0, 0.0)	(82.0, 0.0)	(83.0, 0.0)	(84.0, 0.0)	(85.0, 0.0)	(86.0, 0.0)	(87.0, 0.0)	(88.0, 0.0)	(89.0, 0.0)	(90.0, 0.0)	(91.0, 0.0)	(92.0, 0.0)	(93.0, 0.0)	(94.0, 0.0)	(95.0, 0.0)	(96.0, 0.0)	(97.0, 0.0)	(98.0, 0.0)	(99.0, 0.0)	(100.0, 0.0)
SRR37797618_subreads	(0.0, 0.0)	(1.0, 0.0)	(2.0, 0.0)	(3.0, 0.0)	(4.0, 0.0)	(5.0, 0.0)	(6.0, 0.0)	(7.0, 0.0)	(8.0, 0.0)	(9.0, 0.0)	(10.0, 0.0)	(11.0, 0.0)	(12.0, 0.0)	(13.0, 0.0)	(14.0, 0.0)	(15.0, 0.0)	(16.0, 0.0)	(17.0, 0.0)	(18.0, 0.0)	(19.0, 0.0)	(20.0, 0.0)	(21.0, 0.0)	(22.0, 0.0)	(23.0, 0.0)	(24.0, 0.0)	(25.0, 0.0)	(26.0, 0.0)	(27.0, 0.0)	(28.0, 0.006393163108462064)	(29.0, 0.006393163108462064)	(30.0, 0.0)	(31.0, 0.0)	(32.0, 0.0)	(33.0, 0.0)	(34.0, 0.0)	(35.0, 0.0)	(36.0, 0.00290598323111912)	(37.0, 0.0)	(38.0, 0.0)	(39.0, 0.0)	(40.0, 0.0)	(41.0, 0.0)	(42.0, 0.007472528308592023)	(43.0, 0.007334148154729207)	(44.0, 0.004428164923610088)	(45.0, 0.0010311553400745264)	(46.0, 0.10046399170440383)	(47.0, 0.28049657187992655)	(48.0, 1.1103623545952286)	(49.0, 2.235379613872155)	(50.0, 2.2029227719774274)	(51.0, 9.404953590774918)	(52.0, 18.738813261532812)	(53.0, 25.09183541207458)	(54.0, 12.72422325071984)	(55.0, 8.801034291811863)	(56.0, 6.373874700564109)	(57.0, 4.548051239490624)	(58.0, 3.004974143766327)	(59.0, 4.915048799162614)	(60.0, 0.2572487060309734)	(61.0, 0.06393163108462062)	(62.0, 0.020341882617833845)	(63.0, 0.00871794969335736)	(64.0, 0.0435897484667868)	(65.0, 0.03487179877342944)	(66.0, 0.0)	(67.0, 0.00290598323111912)	(68.0, 0.0)	(69.0, 0.0)	(70.0, 0.0)	(71.0, 0.0)	(72.0, 0.0)	(73.0, 0.0)	(74.0, 0.0)	(75.0, 0.0)	(76.0, 0.0)	(77.0, 0.0)	(78.0, 0.0)	(79.0, 0.0)	(80.0, 0.0)	(81.0, 0.0)	(82.0, 0.0)	(83.0, 0.0)	(84.0, 0.0)	(85.0, 0.0)	(86.0, 0.0)	(87.0, 0.0)	(88.0, 0.0)	(89.0, 0.0)	(90.0, 0.0)	(91.0, 0.0)	(92.0, 0.0)	(93.0, 0.0)	(94.0, 0.0)	(95.0, 0.0)	(96.0, 0.0)	(97.0, 0.0)	(98.0, 0.0)	(99.0, 0.0)	(100.0, 0.0)
SRR37797619_subreads	(0.0, 0.0)	(1.0, 0.0)	(2.0, 0.0)	(3.0, 0.0)	(4.0, 0.0)	(5.0, 0.0)	(6.0, 0.0)	(7.0, 0.0)	(8.0, 0.0)	(9.0, 0.0)	(10.0, 0.0)	(11.0, 0.0)	(12.0, 0.0)	(13.0, 0.0)	(14.0, 0.0)	(15.0, 0.0)	(16.0, 0.0)	(17.0, 0.0)	(18.0, 0.0)	(19.0, 0.0)	(20.0, 0.0)	(21.0, 0.0)	(22.0, 0.0)	(23.0, 0.0)	(24.0, 0.0)	(25.0, 0.0)	(26.0, 0.0)	(27.0, 0.0)	(28.0, 0.0)	(29.0, 0.0)	(30.0, 0.0)	(31.0, 0.0)	(32.0, 0.0)	(33.0, 0.0)	(34.0, 0.0)	(35.0, 0.0)	(36.0, 0.0)	(37.0, 0.0078035556374833025)	(38.0, 0.0)	(39.0, 0.0078035556374833025)	(40.0, 0.0)	(41.0, 0.0035470707443105917)	(42.0, 0.0)	(43.0, 0.0)	(44.0, 0.001857989437496024)	(45.0, 0.0)	(46.0, 0.08512969786345419)	(47.0, 0.3795365696412337)	(48.0, 2.206278002961211)	(49.0, 3.820195191622576)	(50.0, 3.5070231713910163)	(51.0, 5.0760113421560495)	(52.0, 17.952553231659163)	(53.0, 17.297612818752278)	(54.0, 14.722439458383512)	(55.0, 11.336492585310282)	(56.0, 6.879715341045918)	(57.0, 5.096939059547482)	(58.0, 4.876791830126394)	(59.0, 5.687530879016361)	(60.0, 0.4340012688119388)	(61.0, 0.13478868828380242)	(62.0, 0.16316525423828715)	(63.0, 0.1135062638179389)	(64.0, 0.12769454679518125)	(65.0, 0.06739434414190124)	(66.0, 0.010641212232931775)	(67.0, 0.0035470707443105917)	(68.0, 0.0)	(69.0, 0.0)	(70.0, 0.0)	(71.0, 0.0)	(72.0, 0.0)	(73.0, 0.0)	(74.0, 0.0)	(75.0, 0.0)	(76.0, 0.0)	(77.0, 0.0)	(78.0, 0.0)	(79.0, 0.0)	(80.0, 0.0)	(81.0, 0.0)	(82.0, 0.0)	(83.0, 0.0)	(84.0, 0.0)	(85.0, 0.0)	(86.0, 0.0)	(87.0, 0.0)	(88.0, 0.0)	(89.0, 0.0)	(90.0, 0.0)	(91.0, 0.0)	(92.0, 0.0)	(93.0, 0.0)	(94.0, 0.0)	(95.0, 0.0)	(96.0, 0.0)	(97.0, 0.0)	(98.0, 0.0)	(99.0, 0.0)	(100.0, 0.0)
SRR37797620_subreads	(0.0, 0.0)	(1.0, 0.0)	(2.0, 0.0)	(3.0, 0.0)	(4.0, 0.0)	(5.0, 0.0)	(6.0, 0.0)	(7.0, 0.0)	(8.0, 0.0)	(9.0, 0.0)	(10.0, 0.0)	(11.0, 0.0)	(12.0, 0.0)	(13.0, 0.0)	(14.0, 0.0)	(15.0, 0.0)	(16.0, 0.0)	(17.0, 0.0)	(18.0, 0.0)	(19.0, 0.0)	(20.0, 0.0)	(21.0, 0.0)	(22.0, 0.0)	(23.0, 0.0)	(24.0, 0.0)	(25.0, 0.0)	(26.0, 0.0)	(27.0, 0.0)	(28.0, 0.0)	(29.0, 0.0)	(30.0, 0.0)	(31.0, 0.0)	(32.0, 0.0)	(33.0, 0.0)	(34.0, 0.0)	(35.0, 0.0028515340277666997)	(36.0, 0.0028515340277666997)	(37.0, 0.004345194708977828)	(38.0, 0.0)	(39.0, 0.0014936606812111283)	(40.0, 0.0)	(41.0, 0.0014936606812111283)	(42.0, 0.0014936606812111283)	(43.0, 0.0)	(44.0, 0.0010118346550139902)	(45.0, 0.0)	(46.0, 0.04847607847203388)	(47.0, 0.35216445242918815)	(48.0, 2.030360121437243)	(49.0, 3.568762729417422)	(50.0, 3.1438213402771997)	(51.0, 5.52223728782287)	(52.0, 17.121644038547565)	(53.0, 17.36351632346202)	(54.0, 14.980635490351865)	(55.0, 12.266563507702239)	(56.0, 7.73119644642219)	(57.0, 5.995304300895304)	(58.0, 4.213739428321531)	(59.0, 4.759210292342725)	(60.0, 0.43343317222053973)	(61.0, 0.10835829305513452)	(62.0, 0.08554602083300096)	(63.0, 0.10835829305513452)	(64.0, 0.09980369097183443)	(65.0, 0.04847607847203388)	(66.0, 0.0028515340277666997)	(67.0, 0.0)	(68.0, 0.0)	(69.0, 0.0)	(70.0, 0.0)	(71.0, 0.0)	(72.0, 0.0)	(73.0, 0.0)	(74.0, 0.0)	(75.0, 0.0)	(76.0, 0.0)	(77.0, 0.0)	(78.0, 0.0)	(79.0, 0.0)	(80.0, 0.0)	(81.0, 0.0)	(82.0, 0.0)	(83.0, 0.0)	(84.0, 0.0)	(85.0, 0.0)	(86.0, 0.0)	(87.0, 0.0)	(88.0, 0.0)	(89.0, 0.0)	(90.0, 0.0)	(91.0, 0.0)	(92.0, 0.0)	(93.0, 0.0)	(94.0, 0.0)	(95.0, 0.0)	(96.0, 0.0)	(97.0, 0.0)	(98.0, 0.0)	(99.0, 0.0)	(100.0, 0.0)
SRR37797621_subreads	(0.0, 0.0)	(1.0, 0.0)	(2.0, 0.0)	(3.0, 0.0)	(4.0, 0.0)	(5.0, 0.0)	(6.0, 0.0)	(7.0, 0.0)	(8.0, 0.0)	(9.0, 0.0)	(10.0, 0.0)	(11.0, 0.0)	(12.0, 0.0)	(13.0, 0.0)	(14.0, 0.0)	(15.0, 0.0)	(16.0, 0.0)	(17.0, 0.0)	(18.0, 0.0)	(19.0, 0.0)	(20.0, 0.0)	(21.0, 0.0)	(22.0, 0.0)	(23.0, 0.0)	(24.0, 0.0)	(25.0, 0.0)	(26.0, 0.0)	(27.0, 0.0)	(28.0, 0.0)	(29.0, 0.0)	(30.0, 0.0)	(31.0, 0.0)	(32.0, 0.0)	(33.0, 0.0)	(34.0, 0.0)	(35.0, 0.0)	(36.0, 0.0)	(37.0, 0.0)	(38.0, 0.0)	(39.0, 0.0050249678442758645)	(40.0, 0.0)	(41.0, 0.0)	(42.0, 0.00263212601366831)	(43.0, 0.027637323143517252)	(44.0, 0.062183977072913815)	(45.0, 0.027637323143517252)	(46.0, 0.12562419610689657)	(47.0, 0.29144813496799993)	(48.0, 1.2361420896918625)	(49.0, 2.281335401301251)	(50.0, 2.5376087613593272)	(51.0, 3.0303798015722005)	(52.0, 11.07539191448116)	(53.0, 16.524764992215456)	(54.0, 16.294349761617244)	(55.0, 18.061483974351233)	(56.0, 13.471776694767005)	(57.0, 3.9549738849189846)	(58.0, 4.291322539011653)	(59.0, 5.592789210679139)	(60.0, 0.4572720738291035)	(61.0, 0.3517477490993103)	(62.0, 0.1205992282626207)	(63.0, 0.11054929257406897)	(64.0, 0.04019974275420692)	(65.0, 0.02512483922137932)	(66.0, 0.0)	(67.0, 0.0)	(68.0, 0.0)	(69.0, 0.0)	(70.0, 0.0)	(71.0, 0.0)	(72.0, 0.0)	(73.0, 0.0)	(74.0, 0.0)	(75.0, 0.0)	(76.0, 0.0)	(77.0, 0.0)	(78.0, 0.0)	(79.0, 0.0)	(80.0, 0.0)	(81.0, 0.0)	(82.0, 0.0)	(83.0, 0.0)	(84.0, 0.0)	(85.0, 0.0)	(86.0, 0.0)	(87.0, 0.0)	(88.0, 0.0)	(89.0, 0.0)	(90.0, 0.0)	(91.0, 0.0)	(92.0, 0.0)	(93.0, 0.0)	(94.0, 0.0)	(95.0, 0.0)	(96.0, 0.0)	(97.0, 0.0)	(98.0, 0.0)	(99.0, 0.0)	(100.0, 0.0)
SRR37797622_subreads	(0.0, 0.0)	(1.0, 0.0)	(2.0, 0.0)	(3.0, 0.0)	(4.0, 0.0)	(5.0, 0.0)	(6.0, 0.0)	(7.0, 0.0)	(8.0, 0.0)	(9.0, 0.0)	(10.0, 0.0)	(11.0, 0.0)	(12.0, 0.0)	(13.0, 0.0)	(14.0, 0.0)	(15.0, 0.0)	(16.0, 0.0)	(17.0, 0.0)	(18.0, 0.0)	(19.0, 0.0)	(20.0, 0.0)	(21.0, 0.0)	(22.0, 0.0)	(23.0, 0.0)	(24.0, 0.0)	(25.0, 0.0)	(26.0, 0.0)	(27.0, 0.0)	(28.0, 0.0)	(29.0, 0.0)	(30.0, 0.0)	(31.0, 0.0)	(32.0, 0.0)	(33.0, 0.0)	(34.0, 0.0)	(35.0, 0.0)	(36.0, 0.0)	(37.0, 0.0)	(38.0, 0.0)	(39.0, 0.00339128868134123)	(40.0, 0.0)	(41.0, 0.0)	(42.0, 0.00339128868134123)	(43.0, 0.0)	(44.0, 0.001203360499830759)	(45.0, 0.0017763893092739773)	(46.0, 0.18991216615510875)	(47.0, 0.4290787631582698)	(48.0, 1.8664121352375223)	(49.0, 3.2859086832846773)	(50.0, 3.3435796918277942)	(51.0, 4.183865665093479)	(52.0, 14.59321351487677)	(53.0, 19.250767931004653)	(54.0, 17.145261608768585)	(55.0, 9.130563430311549)	(56.0, 6.546854147888919)	(57.0, 5.827682154626407)	(58.0, 5.025889825747807)	(59.0, 7.204300519668768)	(60.0, 0.8546047476979894)	(61.0, 0.6918228909936123)	(62.0, 0.19330345483644998)	(63.0, 0.07799963967084826)	(64.0, 0.09156479439621316)	(65.0, 0.05086933022011844)	(66.0, 0.00339128868134123)	(67.0, 0.00339128868134123)	(68.0, 0.0)	(69.0, 0.0)	(70.0, 0.0)	(71.0, 0.0)	(72.0, 0.0)	(73.0, 0.0)	(74.0, 0.0)	(75.0, 0.0)	(76.0, 0.0)	(77.0, 0.0)	(78.0, 0.0)	(79.0, 0.0)	(80.0, 0.0)	(81.0, 0.0)	(82.0, 0.0)	(83.0, 0.0)	(84.0, 0.0)	(85.0, 0.0)	(86.0, 0.0)	(87.0, 0.0)	(88.0, 0.0)	(89.0, 0.0)	(90.0, 0.0)	(91.0, 0.0)	(92.0, 0.0)	(93.0, 0.0)	(94.0, 0.0)	(95.0, 0.0)	(96.0, 0.0)	(97.0, 0.0)	(98.0, 0.0)	(99.0, 0.0)	(100.0, 0.0)
SRR37797623_subreads	(0.0, 0.0)	(1.0, 0.0)	(2.0, 0.0)	(3.0, 0.0)	(4.0, 0.0)	(5.0, 0.0)	(6.0, 0.0)	(7.0, 0.0)	(8.0, 0.0)	(9.0, 0.0)	(10.0, 0.0)	(11.0, 0.0)	(12.0, 0.0)	(13.0, 0.0)	(14.0, 0.0)	(15.0, 0.0)	(16.0, 0.0)	(17.0, 0.0)	(18.0, 0.0)	(19.0, 0.0)	(20.0, 0.0)	(21.0, 0.0)	(22.0, 0.0)	(23.0, 0.0)	(24.0, 0.0)	(25.0, 0.0)	(26.0, 0.0)	(27.0, 0.0)	(28.0, 0.0)	(29.0, 0.0)	(30.0, 0.0)	(31.0, 0.0)	(32.0, 0.0)	(33.0, 0.0)	(34.0, 0.0)	(35.0, 0.0030211157287009416)	(36.0, 0.0)	(37.0, 0.0015824891912243025)	(38.0, 0.0)	(39.0, 0.0)	(40.0, 0.0)	(41.0, 0.0)	(42.0, 0.0030211157287009416)	(43.0, 0.009063347186102823)	(44.0, 0.03323227301571036)	(45.0, 0.021147810100906595)	(46.0, 0.09176639025929106)	(47.0, 0.15709801789244887)	(48.0, 1.35202121992055)	(49.0, 2.770363123218808)	(50.0, 2.5921172952254476)	(51.0, 4.084743375895929)	(52.0, 19.609718780919806)	(53.0, 23.706704984669248)	(54.0, 17.910817438519828)	(55.0, 13.480369940937909)	(56.0, 5.866909289791273)	(57.0, 3.580922440279298)	(58.0, 2.0789174427306216)	(59.0, 2.007697075810147)	(60.0, 0.27250463872882486)	(61.0, 0.049409860466173454)	(62.0, 0.07516127548700527)	(63.0, 0.051358967387915996)	(64.0, 0.1208446291480376)	(65.0, 0.05740119884531787)	(66.0, 0.009063347186102823)	(67.0, 0.0030211157287009416)	(68.0, 0.0)	(69.0, 0.0)	(70.0, 0.0)	(71.0, 0.0)	(72.0, 0.0)	(73.0, 0.0)	(74.0, 0.0)	(75.0, 0.0)	(76.0, 0.0)	(77.0, 0.0)	(78.0, 0.0)	(79.0, 0.0)	(80.0, 0.0)	(81.0, 0.0)	(82.0, 0.0)	(83.0, 0.0)	(84.0, 0.0)	(85.0, 0.0)	(86.0, 0.0)	(87.0, 0.0)	(88.0, 0.0)	(89.0, 0.0)	(90.0, 0.0)	(91.0, 0.0)	(92.0, 0.0)	(93.0, 0.0)	(94.0, 0.0)	(95.0, 0.0)	(96.0, 0.0)	(97.0, 0.0)	(98.0, 0.0)	(99.0, 0.0)	(100.0, 0.0)
SRR37797624_subreads	(0.0, 0.0)	(1.0, 0.0)	(2.0, 0.0)	(3.0, 0.0)	(4.0, 0.0)	(5.0, 0.0)	(6.0, 0.0)	(7.0, 0.0)	(8.0, 0.0)	(9.0, 0.0)	(10.0, 0.0)	(11.0, 0.0)	(12.0, 0.0)	(13.0, 0.0)	(14.0, 0.0)	(15.0, 0.0)	(16.0, 0.0)	(17.0, 0.0)	(18.0, 0.0)	(19.0, 0.0)	(20.0, 0.0)	(21.0, 0.0)	(22.0, 0.0)	(23.0, 0.0)	(24.0, 0.0)	(25.0, 0.0)	(26.0, 0.0)	(27.0, 0.0)	(28.0, 0.0)	(29.0, 0.0)	(30.0, 0.0)	(31.0, 0.0)	(32.0, 0.0)	(33.0, 0.0)	(34.0, 0.0028764267674642975)	(35.0, 0.0)	(36.0, 0.0)	(37.0, 0.0)	(38.0, 0.0)	(39.0, 0.0)	(40.0, 0.0028764267674642975)	(41.0, 0.0)	(42.0, 0.0)	(43.0, 0.003013399470676883)	(44.0, 0.0)	(45.0, 0.01054689814736909)	(46.0, 0.11409826177608373)	(47.0, 0.3869478865755553)	(48.0, 2.114173674086286)	(49.0, 3.3847192136633746)	(50.0, 2.85018986708769)	(51.0, 5.432386012628536)	(52.0, 16.829166644872487)	(53.0, 17.75834804027045)	(54.0, 15.26327040013763)	(55.0, 11.896077801187417)	(56.0, 7.1156199972117955)	(57.0, 5.639292854192129)	(58.0, 4.789087084279163)	(59.0, 5.312760239506676)	(60.0, 0.46022828279428923)	(61.0, 0.1495741919081434)	(62.0, 0.12806947750376746)	(63.0, 0.12080992423350043)	(64.0, 0.1495741919081434)	(65.0, 0.08629280302392889)	(66.0, 0.0)	(67.0, 0.0)	(68.0, 0.0)	(69.0, 0.0)	(70.0, 0.0)	(71.0, 0.0)	(72.0, 0.0)	(73.0, 0.0)	(74.0, 0.0)	(75.0, 0.0)	(76.0, 0.0)	(77.0, 0.0)	(78.0, 0.0)	(79.0, 0.0)	(80.0, 0.0)	(81.0, 0.0)	(82.0, 0.0)	(83.0, 0.0)	(84.0, 0.0)	(85.0, 0.0)	(86.0, 0.0)	(87.0, 0.0)	(88.0, 0.0)	(89.0, 0.0)	(90.0, 0.0)	(91.0, 0.0)	(92.0, 0.0)	(93.0, 0.0)	(94.0, 0.0)	(95.0, 0.0)	(96.0, 0.0)	(97.0, 0.0)	(98.0, 0.0)	(99.0, 0.0)	(100.0, 0.0)
SRR37797625_subreads	(0.0, 0.0)	(1.0, 0.0)	(2.0, 0.0)	(3.0, 0.0)	(4.0, 0.0)	(5.0, 0.0)	(6.0, 0.0)	(7.0, 0.0)	(8.0, 0.0)	(9.0, 0.0)	(10.0, 0.0)	(11.0, 0.0)	(12.0, 0.0)	(13.0, 0.0)	(14.0, 0.0)	(15.0, 0.0)	(16.0, 0.0)	(17.0, 0.0)	(18.0, 0.0)	(19.0, 0.0)	(20.0, 0.0)	(21.0, 0.0)	(22.0, 0.0)	(23.0, 0.0)	(24.0, 0.0)	(25.0, 0.0)	(26.0, 0.0)	(27.0, 0.0)	(28.0, 0.0)	(29.0, 0.0)	(30.0, 0.0)	(31.0, 0.0)	(32.0, 0.0)	(33.0, 0.0)	(34.0, 0.0)	(35.0, 0.0030631974859705513)	(36.0, 0.0030631974859705513)	(37.0, 0.0030631974859705513)	(38.0, 0.0)	(39.0, 0.0030631974859705513)	(40.0, 0.0)	(41.0, 0.0)	(42.0, 0.0030631974859705513)	(43.0, 0.004667729502431315)	(44.0, 0.0)	(45.0, 0.0030631974859705513)	(46.0, 0.039821567317617164)	(47.0, 0.1333220239131944)	(48.0, 1.2681637591918098)	(49.0, 3.685026575622643)	(50.0, 3.5858498331008666)	(51.0, 5.136610459546624)	(52.0, 18.033387092097865)	(53.0, 20.15052227201482)	(54.0, 14.21461971441178)	(55.0, 8.900786105693811)	(56.0, 7.411676876223655)	(57.0, 6.337383874047115)	(58.0, 4.205967773881907)	(59.0, 5.329963625588875)	(60.0, 0.5697547323905243)	(61.0, 0.6769666443994924)	(62.0, 0.12252789943882197)	(63.0, 0.09495912206508704)	(64.0, 0.04594796228955826)	(65.0, 0.021442382401793858)	(66.0, 0.0030631974859705513)	(67.0, 0.009189592457911651)	(68.0, 0.0)	(69.0, 0.0)	(70.0, 0.0)	(71.0, 0.0)	(72.0, 0.0)	(73.0, 0.0)	(74.0, 0.0)	(75.0, 0.0)	(76.0, 0.0)	(77.0, 0.0)	(78.0, 0.0)	(79.0, 0.0)	(80.0, 0.0)	(81.0, 0.0)	(82.0, 0.0)	(83.0, 0.0)	(84.0, 0.0)	(85.0, 0.0)	(86.0, 0.0)	(87.0, 0.0)	(88.0, 0.0)	(89.0, 0.0)	(90.0, 0.0)	(91.0, 0.0)	(92.0, 0.0)	(93.0, 0.0)	(94.0, 0.0)	(95.0, 0.0)	(96.0, 0.0)	(97.0, 0.0)	(98.0, 0.0)	(99.0, 0.0)	(100.0, 0.0)
SRR37797626_subreads	(0.0, 0.0)	(1.0, 0.0)	(2.0, 0.0)	(3.0, 0.0)	(4.0, 0.0)	(5.0, 0.0)	(6.0, 0.0)	(7.0, 0.0)	(8.0, 0.0)	(9.0, 0.0)	(10.0, 0.0)	(11.0, 0.0)	(12.0, 0.0)	(13.0, 0.0)	(14.0, 0.0)	(15.0, 0.0)	(16.0, 0.0)	(17.0, 0.0)	(18.0, 0.0)	(19.0, 0.0)	(20.0, 0.0)	(21.0, 0.0)	(22.0, 0.0)	(23.0, 0.0)	(24.0, 0.0)	(25.0, 0.0)	(26.0, 0.0)	(27.0, 0.0)	(28.0, 0.0)	(29.0, 0.0)	(30.0, 0.0)	(31.0, 0.0)	(32.0, 0.0)	(33.0, 0.0)	(34.0, 0.0)	(35.0, 0.0)	(36.0, 0.0)	(37.0, 0.0)	(38.0, 0.003801905431645736)	(39.0, 0.003801905431645736)	(40.0, 0.0)	(41.0, 0.0)	(42.0, 0.0)	(43.0, 0.011405716294937208)	(44.0, 0.003801905431645736)	(45.0, 0.003801905431645736)	(46.0, 0.11785906838101777)	(47.0, 0.22051051503545258)	(48.0, 1.4827431183418367)	(49.0, 2.5638333241469375)	(50.0, 4.691551302650929)	(51.0, 4.752627073778658)	(52.0, 19.766513151978874)	(53.0, 16.462770287970006)	(54.0, 15.547614857939928)	(55.0, 10.101705464325715)	(56.0, 5.935755515684705)	(57.0, 6.518305541501407)	(58.0, 4.329908918704327)	(59.0, 5.75562345557152)	(60.0, 0.5550781930202792)	(61.0, 0.46003055722913494)	(62.0, 0.4144076920493857)	(63.0, 0.19769908244557818)	(64.0, 0.0760381086329147)	(65.0, 0.019009527158228682)	(66.0, 0.003801905431645736)	(67.0, 0.0)	(68.0, 0.0)	(69.0, 0.0)	(70.0, 0.0)	(71.0, 0.0)	(72.0, 0.0)	(73.0, 0.0)	(74.0, 0.0)	(75.0, 0.0)	(76.0, 0.0)	(77.0, 0.0)	(78.0, 0.0)	(79.0, 0.0)	(80.0, 0.0)	(81.0, 0.0)	(82.0, 0.0)	(83.0, 0.0)	(84.0, 0.0)	(85.0, 0.0)	(86.0, 0.0)	(87.0, 0.0)	(88.0, 0.0)	(89.0, 0.0)	(90.0, 0.0)	(91.0, 0.0)	(92.0, 0.0)	(93.0, 0.0)	(94.0, 0.0)	(95.0, 0.0)	(96.0, 0.0)	(97.0, 0.0)	(98.0, 0.0)	(99.0, 0.0)	(100.0, 0.0)
SRR37797627_subreads	(0.0, 0.0)	(1.0, 0.0)	(2.0, 0.0)	(3.0, 0.0)	(4.0, 0.0)	(5.0, 0.0)	(6.0, 0.0)	(7.0, 0.0)	(8.0, 0.0)	(9.0, 0.0)	(10.0, 0.0)	(11.0, 0.0)	(12.0, 0.0)	(13.0, 0.0)	(14.0, 0.0)	(15.0, 0.0)	(16.0, 0.0)	(17.0, 0.0)	(18.0, 0.0)	(19.0, 0.0)	(20.0, 0.0)	(21.0, 0.0)	(22.0, 0.0)	(23.0, 0.0)	(24.0, 0.0)	(25.0, 0.0)	(26.0, 0.0)	(27.0, 0.0)	(28.0, 0.0)	(29.0, 0.0)	(30.0, 0.0)	(31.0, 0.0)	(32.0, 0.0)	(33.0, 0.0)	(34.0, 0.002600237472828911)	(35.0, 0.0)	(36.0, 0.0)	(37.0, 0.0013620291524341914)	(38.0, 0.0)	(39.0, 0.0013620291524341914)	(40.0, 0.002724058304868383)	(41.0, 0.005200474945657822)	(42.0, 0.0013620291524341914)	(43.0, 0.01473467901269716)	(44.0, 0.0043443479024140134)	(45.0, 0.012493921374821554)	(46.0, 0.04073705374098627)	(47.0, 0.1178654494404121)	(48.0, 1.0570344777986427)	(49.0, 2.5712514154705537)	(50.0, 1.9678413460231599)	(51.0, 3.768508458770824)	(52.0, 17.688899920792903)	(53.0, 20.12218665655736)	(54.0, 12.246795278443692)	(55.0, 12.49723301785311)	(56.0, 10.05346160547907)	(57.0, 7.382030982834571)	(58.0, 3.714983410802588)	(59.0, 5.793657414378871)	(60.0, 0.5136587390545856)	(61.0, 0.20076349649083852)	(62.0, 0.08697814317714644)	(63.0, 0.06500593682072275)	(64.0, 0.027364403880723306)	(65.0, 0.026580205277806652)	(66.0, 0.008378542968004268)	(67.0, 0.002600237472828911)	(68.0, 0.0)	(69.0, 0.0)	(70.0, 0.0)	(71.0, 0.0)	(72.0, 0.0)	(73.0, 0.0)	(74.0, 0.0)	(75.0, 0.0)	(76.0, 0.0)	(77.0, 0.0)	(78.0, 0.0)	(79.0, 0.0)	(80.0, 0.0)	(81.0, 0.0)	(82.0, 0.0)	(83.0, 0.0)	(84.0, 0.0)	(85.0, 0.0)	(86.0, 0.0)	(87.0, 0.0)	(88.0, 0.0)	(89.0, 0.0)	(90.0, 0.0)	(91.0, 0.0)	(92.0, 0.0)	(93.0, 0.0)	(94.0, 0.0)	(95.0, 0.0)	(96.0, 0.0)	(97.0, 0.0)	(98.0, 0.0)	(99.0, 0.0)	(100.0, 0.0)
SRR37797628_subreads	(0.0, 0.0)	(1.0, 0.0)	(2.0, 0.0)	(3.0, 0.0)	(4.0, 0.0)	(5.0, 0.0)	(6.0, 0.0)	(7.0, 0.0)	(8.0, 0.0)	(9.0, 0.0)	(10.0, 0.0)	(11.0, 0.0)	(12.0, 0.0)	(13.0, 0.0)	(14.0, 0.0)	(15.0, 0.0)	(16.0, 0.0)	(17.0, 0.0)	(18.0, 0.0)	(19.0, 0.0)	(20.0, 0.0)	(21.0, 0.0)	(22.0, 0.0)	(23.0, 0.0)	(24.0, 0.0)	(25.0, 0.0)	(26.0, 0.0)	(27.0, 0.0)	(28.0, 0.0)	(29.0, 0.0)	(30.0, 0.0)	(31.0, 0.0)	(32.0, 0.0)	(33.0, 0.0)	(34.0, 0.0)	(35.0, 0.0)	(36.0, 0.0)	(37.0, 0.0)	(38.0, 0.0)	(39.0, 0.0)	(40.0, 0.001942713983072078)	(41.0, 0.01018453088095362)	(42.0, 0.004079699364451363)	(43.0, 0.009360349191165466)	(44.0, 0.001942713983072078)	(45.0, 0.001942713983072078)	(46.0, 0.04034692207658785)	(47.0, 0.11885877369159163)	(48.0, 0.9090135337156349)	(49.0, 1.8687940008716197)	(50.0, 1.7417313910051746)	(51.0, 3.5914172901195807)	(52.0, 16.5503080055257)	(53.0, 21.170239239891036)	(54.0, 19.182922832106577)	(55.0, 10.69678211483192)	(56.0, 8.955410116418472)	(57.0, 6.564457610065855)	(58.0, 3.6412265882625285)	(59.0, 3.4400166329344137)	(60.0, 0.7961980627692353)	(61.0, 0.224095001453399)	(62.0, 0.3526293643373195)	(63.0, 0.03708817604046695)	(64.0, 0.03337935843642025)	(65.0, 0.04450581124856034)	(66.0, 0.0074176352080933886)	(67.0, 0.0037088176040466943)	(68.0, 0.0)	(69.0, 0.0)	(70.0, 0.0)	(71.0, 0.0)	(72.0, 0.0)	(73.0, 0.0)	(74.0, 0.0)	(75.0, 0.0)	(76.0, 0.0)	(77.0, 0.0)	(78.0, 0.0)	(79.0, 0.0)	(80.0, 0.0)	(81.0, 0.0)	(82.0, 0.0)	(83.0, 0.0)	(84.0, 0.0)	(85.0, 0.0)	(86.0, 0.0)	(87.0, 0.0)	(88.0, 0.0)	(89.0, 0.0)	(90.0, 0.0)	(91.0, 0.0)	(92.0, 0.0)	(93.0, 0.0)	(94.0, 0.0)	(95.0, 0.0)	(96.0, 0.0)	(97.0, 0.0)	(98.0, 0.0)	(99.0, 0.0)	(100.0, 0.0)
SRR37797629_subreads	(0.0, 0.0)	(1.0, 0.0)	(2.0, 0.0)	(3.0, 0.0)	(4.0, 0.0)	(5.0, 0.0)	(6.0, 0.0)	(7.0, 0.0)	(8.0, 0.0)	(9.0, 0.0)	(10.0, 0.0)	(11.0, 0.0)	(12.0, 0.0)	(13.0, 0.0)	(14.0, 0.0)	(15.0, 0.0)	(16.0, 0.0)	(17.0, 0.0)	(18.0, 0.0)	(19.0, 0.0)	(20.0, 0.0)	(21.0, 0.0)	(22.0, 0.0)	(23.0, 0.0)	(24.0, 0.0)	(25.0, 0.0)	(26.0, 0.0)	(27.0, 0.0)	(28.0, 0.0)	(29.0, 0.0)	(30.0, 0.0)	(31.0, 0.0)	(32.0, 0.0)	(33.0, 0.0)	(34.0, 0.0)	(35.0, 0.0)	(36.0, 0.0)	(37.0, 0.0020654951136146846)	(38.0, 0.0)	(39.0, 0.0020654951136146846)	(40.0, 0.003943217944173489)	(41.0, 0.0)	(42.0, 0.01143063773102672)	(43.0, 0.0)	(44.0, 0.0)	(45.0, 0.0074079194250755405)	(46.0, 0.03548896149756141)	(47.0, 0.1460868362174749)	(48.0, 1.3513789496419037)	(49.0, 3.289038087235156)	(50.0, 2.3909892805364454)	(51.0, 4.319477256395025)	(52.0, 17.83078331293971)	(53.0, 19.71962407980602)	(54.0, 13.0455863260725)	(55.0, 10.251577154394473)	(56.0, 7.738317880981784)	(57.0, 7.08290377461723)	(58.0, 4.88911173431195)	(59.0, 6.827297240014802)	(60.0, 0.664047593271492)	(61.0, 0.13941183441335941)	(62.0, 0.1118888091659227)	(63.0, 0.05914826916260233)	(64.0, 0.045440892499523065)	(65.0, 0.03154574355338792)	(66.0, 0.0)	(67.0, 0.003943217944173489)	(68.0, 0.0)	(69.0, 0.0)	(70.0, 0.0)	(71.0, 0.0)	(72.0, 0.0)	(73.0, 0.0)	(74.0, 0.0)	(75.0, 0.0)	(76.0, 0.0)	(77.0, 0.0)	(78.0, 0.0)	(79.0, 0.0)	(80.0, 0.0)	(81.0, 0.0)	(82.0, 0.0)	(83.0, 0.0)	(84.0, 0.0)	(85.0, 0.0)	(86.0, 0.0)	(87.0, 0.0)	(88.0, 0.0)	(89.0, 0.0)	(90.0, 0.0)	(91.0, 0.0)	(92.0, 0.0)	(93.0, 0.0)	(94.0, 0.0)	(95.0, 0.0)	(96.0, 0.0)	(97.0, 0.0)	(98.0, 0.0)	(99.0, 0.0)	(100.0, 0.0)
SRR37797630_subreads	(0.0, 0.0)	(1.0, 0.0)	(2.0, 0.0)	(3.0, 0.0)	(4.0, 0.0)	(5.0, 0.0)	(6.0, 0.0)	(7.0, 0.0)	(8.0, 0.0)	(9.0, 0.0)	(10.0, 0.0)	(11.0, 0.0)	(12.0, 0.0)	(13.0, 0.0)	(14.0, 0.0)	(15.0, 0.0)	(16.0, 0.0)	(17.0, 0.0)	(18.0, 0.0)	(19.0, 0.0)	(20.0, 0.0)	(21.0, 0.0)	(22.0, 0.0)	(23.0, 0.0)	(24.0, 0.0)	(25.0, 0.0)	(26.0, 0.0)	(27.0, 0.0)	(28.0, 0.0)	(29.0, 0.0)	(30.0, 0.0)	(31.0, 0.0)	(32.0, 0.0)	(33.0, 0.0)	(34.0, 0.0)	(35.0, 0.0)	(36.0, 0.003722495633707066)	(37.0, 0.0)	(38.0, 0.0)	(39.0, 0.005043381181151508)	(40.0, 0.0)	(41.0, 0.0)	(42.0, 0.003722495633707066)	(43.0, 0.004549716885641968)	(44.0, 0.0)	(45.0, 0.0)	(46.0, 0.01916198942874923)	(47.0, 0.137159192294035)	(48.0, 1.485453019545963)	(49.0, 2.360062231770305)	(50.0, 2.6540779170512017)	(51.0, 3.4971345472374535)	(52.0, 17.96896674591939)	(53.0, 24.034953501801727)	(54.0, 15.760963600385306)	(55.0, 12.235619950740038)	(56.0, 9.695346569727567)	(57.0, 6.003722155336277)	(58.0, 1.9919525867387649)	(59.0, 1.7140234004463886)	(60.0, 0.17867979041793905)	(61.0, 0.03722495633707067)	(62.0, 0.06328242577302011)	(63.0, 0.04094745197077773)	(64.0, 0.052114938871898914)	(65.0, 0.052114938871898914)	(66.0, 0.0)	(67.0, 0.0)	(68.0, 0.0)	(69.0, 0.0)	(70.0, 0.0)	(71.0, 0.0)	(72.0, 0.0)	(73.0, 0.0)	(74.0, 0.0)	(75.0, 0.0)	(76.0, 0.0)	(77.0, 0.0)	(78.0, 0.0)	(79.0, 0.0)	(80.0, 0.0)	(81.0, 0.0)	(82.0, 0.0)	(83.0, 0.0)	(84.0, 0.0)	(85.0, 0.0)	(86.0, 0.0)	(87.0, 0.0)	(88.0, 0.0)	(89.0, 0.0)	(90.0, 0.0)	(91.0, 0.0)	(92.0, 0.0)	(93.0, 0.0)	(94.0, 0.0)	(95.0, 0.0)	(96.0, 0.0)	(97.0, 0.0)	(98.0, 0.0)	(99.0, 0.0)	(100.0, 0.0)
SRR37797632_subreads	(0.0, 0.0)	(1.0, 0.0)	(2.0, 0.0)	(3.0, 0.0)	(4.0, 0.0)	(5.0, 0.0)	(6.0, 0.0)	(7.0, 0.0)	(8.0, 0.0)	(9.0, 0.0)	(10.0, 0.0)	(11.0, 0.0)	(12.0, 0.0)	(13.0, 0.0)	(14.0, 0.0)	(15.0, 0.0)	(16.0, 0.0)	(17.0, 0.0)	(18.0, 0.0)	(19.0, 0.0)	(20.0, 0.0)	(21.0, 0.0)	(22.0, 0.0)	(23.0, 0.0)	(24.0, 0.0)	(25.0, 0.0)	(26.0, 0.0)	(27.0, 0.0)	(28.0, 0.0)	(29.0, 0.0)	(30.0, 0.0)	(31.0, 0.0)	(32.0, 0.0)	(33.0, 0.0)	(34.0, 0.0)	(35.0, 0.0)	(36.0, 0.0)	(37.0, 0.0)	(38.0, 0.0)	(39.0, 0.0)	(40.0, 0.0)	(41.0, 0.0)	(42.0, 0.0)	(43.0, 0.0)	(44.0, 0.005535167368633185)	(45.0, 0.0036324535856655277)	(46.0, 0.05690843950875994)	(47.0, 0.3305532762955629)	(48.0, 2.099558172514694)	(49.0, 2.7715620858628354)	(50.0, 3.2764731342703586)	(51.0, 5.478588137667634)	(52.0, 20.20772797816226)	(53.0, 18.69591865118731)	(54.0, 16.074271113460558)	(55.0, 10.176260132281165)	(56.0, 7.829254311281769)	(57.0, 5.72369226770993)	(58.0, 3.557071525064015)	(59.0, 3.0201026323131575)	(60.0, 0.27969892609624547)	(61.0, 0.07264907171331055)	(62.0, 0.1044330405878839)	(63.0, 0.10170870039863474)	(64.0, 0.10170870039863474)	(65.0, 0.0254271750996587)	(66.0, 0.007264907171331055)	(67.0, 0.0)	(68.0, 0.0)	(69.0, 0.0)	(70.0, 0.0)	(71.0, 0.0)	(72.0, 0.0)	(73.0, 0.0)	(74.0, 0.0)	(75.0, 0.0)	(76.0, 0.0)	(77.0, 0.0)	(78.0, 0.0)	(79.0, 0.0)	(80.0, 0.0)	(81.0, 0.0)	(82.0, 0.0)	(83.0, 0.0)	(84.0, 0.0)	(85.0, 0.0)	(86.0, 0.0)	(87.0, 0.0)	(88.0, 0.0)	(89.0, 0.0)	(90.0, 0.0)	(91.0, 0.0)	(92.0, 0.0)	(93.0, 0.0)	(94.0, 0.0)	(95.0, 0.0)	(96.0, 0.0)	(97.0, 0.0)	(98.0, 0.0)	(99.0, 0.0)	(100.0, 0.0)
SRR37797633_subreads	(0.0, 0.0)	(1.0, 0.0)	(2.0, 0.0)	(3.0, 0.0)	(4.0, 0.0)	(5.0, 0.0)	(6.0, 0.0)	(7.0, 0.0)	(8.0, 0.0)	(9.0, 0.0)	(10.0, 0.0)	(11.0, 0.0)	(12.0, 0.0)	(13.0, 0.0)	(14.0, 0.0)	(15.0, 0.0)	(16.0, 0.0)	(17.0, 0.0)	(18.0, 0.0)	(19.0, 0.0)	(20.0, 0.0)	(21.0, 0.0)	(22.0, 0.0)	(23.0, 0.0)	(24.0, 0.0)	(25.0, 0.0)	(26.0, 0.0)	(27.0, 0.0)	(28.0, 0.0)	(29.0, 0.0)	(30.0, 0.0)	(31.0, 0.0)	(32.0, 0.0)	(33.0, 0.0)	(34.0, 0.0)	(35.0, 0.0)	(36.0, 0.0)	(37.0, 0.003782342122586579)	(38.0, 0.003782342122586579)	(39.0, 0.0)	(40.0, 0.0)	(41.0, 0.0)	(42.0, 0.0)	(43.0, 0.0)	(44.0, 0.008906805643510332)	(45.0, 0.007564684245173158)	(46.0, 0.03025873698069264)	(47.0, 0.15507602702604967)	(48.0, 1.4562017171958321)	(49.0, 2.3720688454507513)	(50.0, 2.088735979168013)	(51.0, 4.281855304840511)	(52.0, 16.16530028828232)	(53.0, 21.939228554963815)	(54.0, 16.686072441083724)	(55.0, 12.837471258122388)	(56.0, 10.59995279303104)	(57.0, 5.823708769457543)	(58.0, 2.3199178425439335)	(59.0, 2.5341692221330376)	(60.0, 0.20558859601801233)	(61.0, 0.07942918457431813)	(62.0, 0.08321152669690471)	(63.0, 0.12481729004535705)	(64.0, 0.12859963216794362)	(65.0, 0.06051747396138526)	(66.0, 0.003782342122586579)	(67.0, 0.0)	(68.0, 0.0)	(69.0, 0.0)	(70.0, 0.0)	(71.0, 0.0)	(72.0, 0.0)	(73.0, 0.0)	(74.0, 0.0)	(75.0, 0.0)	(76.0, 0.0)	(77.0, 0.0)	(78.0, 0.0)	(79.0, 0.0)	(80.0, 0.0)	(81.0, 0.0)	(82.0, 0.0)	(83.0, 0.0)	(84.0, 0.0)	(85.0, 0.0)	(86.0, 0.0)	(87.0, 0.0)	(88.0, 0.0)	(89.0, 0.0)	(90.0, 0.0)	(91.0, 0.0)	(92.0, 0.0)	(93.0, 0.0)	(94.0, 0.0)	(95.0, 0.0)	(96.0, 0.0)	(97.0, 0.0)	(98.0, 0.0)	(99.0, 0.0)	(100.0, 0.0)
SRR37797634_subreads	(0.0, 0.0)	(1.0, 0.0)	(2.0, 0.0)	(3.0, 0.0)	(4.0, 0.0)	(5.0, 0.0)	(6.0, 0.0)	(7.0, 0.0)	(8.0, 0.0)	(9.0, 0.0)	(10.0, 0.0)	(11.0, 0.0)	(12.0, 0.0)	(13.0, 0.0)	(14.0, 0.0)	(15.0, 0.0)	(16.0, 0.0)	(17.0, 0.0)	(18.0, 0.0)	(19.0, 0.0)	(20.0, 0.0)	(21.0, 0.0)	(22.0, 0.0)	(23.0, 0.0)	(24.0, 0.0)	(25.0, 0.0)	(26.0, 0.0)	(27.0, 0.0)	(28.0, 0.0)	(29.0, 0.0)	(30.0, 0.0)	(31.0, 0.0)	(32.0, 0.0)	(33.0, 0.0)	(34.0, 0.0)	(35.0, 0.0)	(36.0, 0.0)	(37.0, 0.0)	(38.0, 0.0)	(39.0, 0.0)	(40.0, 0.0)	(41.0, 0.0)	(42.0, 0.0)	(43.0, 0.0)	(44.0, 0.0)	(45.0, 0.0)	(46.0, 0.0)	(47.0, 0.09686040802695191)	(48.0, 0.6780228561886644)	(49.0, 1.6890033649699716)	(50.0, 6.915559736811517)	(51.0, 2.6770381117691024)	(52.0, 4.100065920826397)	(53.0, 30.30198876405453)	(54.0, 28.21396014619048)	(55.0, 12.382556076965763)	(56.0, 11.375212715562453)	(57.0, 0.617141030982015)	(58.0, 0.8738917861302644)	(59.0, 0.06659153051852945)	(60.0, 0.0)	(61.0, 0.0)	(62.0, 0.0)	(63.0, 0.006053775501684496)	(64.0, 0.0)	(65.0, 0.006053775501684496)	(66.0, 0.0)	(67.0, 0.0)	(68.0, 0.0)	(69.0, 0.0)	(70.0, 0.0)	(71.0, 0.0)	(72.0, 0.0)	(73.0, 0.0)	(74.0, 0.0)	(75.0, 0.0)	(76.0, 0.0)	(77.0, 0.0)	(78.0, 0.0)	(79.0, 0.0)	(80.0, 0.0)	(81.0, 0.0)	(82.0, 0.0)	(83.0, 0.0)	(84.0, 0.0)	(85.0, 0.0)	(86.0, 0.0)	(87.0, 0.0)	(88.0, 0.0)	(89.0, 0.0)	(90.0, 0.0)	(91.0, 0.0)	(92.0, 0.0)	(93.0, 0.0)	(94.0, 0.0)	(95.0, 0.0)	(96.0, 0.0)	(97.0, 0.0)	(98.0, 0.0)	(99.0, 0.0)	(100.0, 0.0)
SRR37797635_subreads	(0.0, 0.0)	(1.0, 0.0)	(2.0, 0.0)	(3.0, 0.0)	(4.0, 0.0)	(5.0, 0.0)	(6.0, 0.0)	(7.0, 0.0)	(8.0, 0.0)	(9.0, 0.0)	(10.0, 0.0)	(11.0, 0.0)	(12.0, 0.0)	(13.0, 0.0)	(14.0, 0.0)	(15.0, 0.0)	(16.0, 0.0)	(17.0, 0.0)	(18.0, 0.0)	(19.0, 0.0)	(20.0, 0.0)	(21.0, 0.0)	(22.0, 0.0)	(23.0, 0.0)	(24.0, 0.0)	(25.0, 0.0)	(26.0, 0.0)	(27.0, 0.0)	(28.0, 0.0)	(29.0, 0.0)	(30.0, 0.0)	(31.0, 0.0)	(32.0, 0.0)	(33.0, 0.0)	(34.0, 0.0)	(35.0, 0.0)	(36.0, 0.0)	(37.0, 0.0)	(38.0, 0.0)	(39.0, 0.0)	(40.0, 0.0)	(41.0, 0.002617096474176154)	(42.0, 0.005234192948352308)	(43.0, 0.010468385896704615)	(44.0, 0.0)	(45.0, 0.0013708600579017947)	(46.0, 0.06124648968367694)	(47.0, 0.1491744990280407)	(48.0, 1.4865107973320684)	(49.0, 2.4793190081808567)	(50.0, 3.386647461225637)	(51.0, 3.7547495175358465)	(52.0, 17.704508903454318)	(53.0, 20.54979930568623)	(54.0, 16.303916056730227)	(55.0, 12.029461832903456)	(56.0, 8.821978947046857)	(57.0, 5.949757777872352)	(58.0, 2.736723109786125)	(59.0, 3.534008887273877)	(60.0, 0.3192857698494914)	(61.0, 0.1924189026727609)	(62.0, 0.2172190073566206)	(63.0, 0.12562063076045532)	(64.0, 0.11253514838957454)	(65.0, 0.06281031538022767)	(66.0, 0.002617096474176154)	(67.0, 0.0)	(68.0, 0.0)	(69.0, 0.0)	(70.0, 0.0)	(71.0, 0.0)	(72.0, 0.0)	(73.0, 0.0)	(74.0, 0.0)	(75.0, 0.0)	(76.0, 0.0)	(77.0, 0.0)	(78.0, 0.0)	(79.0, 0.0)	(80.0, 0.0)	(81.0, 0.0)	(82.0, 0.0)	(83.0, 0.0)	(84.0, 0.0)	(85.0, 0.0)	(86.0, 0.0)	(87.0, 0.0)	(88.0, 0.0)	(89.0, 0.0)	(90.0, 0.0)	(91.0, 0.0)	(92.0, 0.0)	(93.0, 0.0)	(94.0, 0.0)	(95.0, 0.0)	(96.0, 0.0)	(97.0, 0.0)	(98.0, 0.0)	(99.0, 0.0)	(100.0, 0.0)
SRR37797636_subreads	(0.0, 0.0)	(1.0, 0.0)	(2.0, 0.0)	(3.0, 0.0)	(4.0, 0.0)	(5.0, 0.0)	(6.0, 0.0)	(7.0, 0.0)	(8.0, 0.0)	(9.0, 0.0)	(10.0, 0.0)	(11.0, 0.0)	(12.0, 0.0)	(13.0, 0.0)	(14.0, 0.0)	(15.0, 0.0)	(16.0, 0.0)	(17.0, 0.0)	(18.0, 0.0)	(19.0, 0.0)	(20.0, 0.0)	(21.0, 0.0)	(22.0, 0.0)	(23.0, 0.0)	(24.0, 0.0)	(25.0, 0.0)	(26.0, 0.0)	(27.0, 0.0)	(28.0, 0.0)	(29.0, 0.0)	(30.0, 0.0)	(31.0, 0.0)	(32.0, 0.0)	(33.0, 0.0)	(34.0, 0.0)	(35.0, 0.0)	(36.0, 0.0)	(37.0, 0.0)	(38.0, 0.0)	(39.0, 0.0)	(40.0, 0.004040601446702121)	(41.0, 0.0)	(42.0, 0.0)	(43.0, 0.0)	(44.0, 0.0)	(45.0, 0.0)	(46.0, 0.05252781880712757)	(47.0, 0.12342144357553246)	(48.0, 0.7798360792135114)	(49.0, 1.8344330568027696)	(50.0, 1.7303208468688478)	(51.0, 3.5973031931034303)	(52.0, 18.637140727549074)	(53.0, 22.548608391122276)	(54.0, 17.136736930435166)	(55.0, 12.774165960775408)	(56.0, 9.411342821262371)	(57.0, 5.9592354239749925)	(58.0, 2.364012530285066)	(59.0, 2.663017037341031)	(60.0, 0.23031428246202074)	(61.0, 0.06464962314723392)	(62.0, 0.02828421012691485)	(63.0, 0.024243608680212726)	(64.0, 0.012121804340106361)	(65.0, 0.016162405786808484)	(66.0, 0.008081202893404242)	(67.0, 0.0)	(68.0, 0.0)	(69.0, 0.0)	(70.0, 0.0)	(71.0, 0.0)	(72.0, 0.0)	(73.0, 0.0)	(74.0, 0.0)	(75.0, 0.0)	(76.0, 0.0)	(77.0, 0.0)	(78.0, 0.0)	(79.0, 0.0)	(80.0, 0.0)	(81.0, 0.0)	(82.0, 0.0)	(83.0, 0.0)	(84.0, 0.0)	(85.0, 0.0)	(86.0, 0.0)	(87.0, 0.0)	(88.0, 0.0)	(89.0, 0.0)	(90.0, 0.0)	(91.0, 0.0)	(92.0, 0.0)	(93.0, 0.0)	(94.0, 0.0)	(95.0, 0.0)	(96.0, 0.0)	(97.0, 0.0)	(98.0, 0.0)	(99.0, 0.0)	(100.0, 0.0)
SRR37797637_subreads	(0.0, 0.0)	(1.0, 0.0)	(2.0, 0.0)	(3.0, 0.0)	(4.0, 0.0)	(5.0, 0.0)	(6.0, 0.0)	(7.0, 0.0)	(8.0, 0.0)	(9.0, 0.0)	(10.0, 0.0)	(11.0, 0.0)	(12.0, 0.0)	(13.0, 0.0)	(14.0, 0.0)	(15.0, 0.0)	(16.0, 0.0)	(17.0, 0.0)	(18.0, 0.0)	(19.0, 0.0)	(20.0, 0.0)	(21.0, 0.0)	(22.0, 0.0)	(23.0, 0.0)	(24.0, 0.0)	(25.0, 0.0)	(26.0, 0.0)	(27.0, 0.0)	(28.0, 0.0)	(29.0, 0.0)	(30.0, 0.0)	(31.0, 0.0)	(32.0, 0.0)	(33.0, 0.0)	(34.0, 0.0)	(35.0, 0.0010779236639511022)	(36.0, 0.003037784871134924)	(37.0, 0.0)	(38.0, 0.004629005517919884)	(39.0, 0.0057069291818709865)	(40.0, 0.0)	(41.0, 0.0)	(42.0, 0.012151139484539697)	(43.0, 0.010252523940080369)	(44.0, 0.0)	(45.0, 0.0031824412935699204)	(46.0, 0.08202019152064292)	(47.0, 0.13973810407220644)	(48.0, 1.0693002746394897)	(49.0, 1.986342665161864)	(50.0, 1.5766103481190366)	(51.0, 3.178796884991856)	(52.0, 13.067864564198855)	(53.0, 19.421805992832432)	(54.0, 18.46434185472138)	(55.0, 12.161438671841038)	(56.0, 9.789922033805524)	(57.0, 9.006087987555796)	(58.0, 3.714601162800293)	(59.0, 5.429196628022926)	(60.0, 0.4416722217996539)	(61.0, 0.18834266201036517)	(62.0, 0.11095147600764217)	(63.0, 0.04556677306702386)	(64.0, 0.03949120332475401)	(65.0, 0.04283276668300243)	(66.0, 0.003037784871134924)	(67.0, 0.0)	(68.0, 0.0)	(69.0, 0.0)	(70.0, 0.0)	(71.0, 0.0)	(72.0, 0.0)	(73.0, 0.0)	(74.0, 0.0)	(75.0, 0.0)	(76.0, 0.0)	(77.0, 0.0)	(78.0, 0.0)	(79.0, 0.0)	(80.0, 0.0)	(81.0, 0.0)	(82.0, 0.0)	(83.0, 0.0)	(84.0, 0.0)	(85.0, 0.0)	(86.0, 0.0)	(87.0, 0.0)	(88.0, 0.0)	(89.0, 0.0)	(90.0, 0.0)	(91.0, 0.0)	(92.0, 0.0)	(93.0, 0.0)	(94.0, 0.0)	(95.0, 0.0)	(96.0, 0.0)	(97.0, 0.0)	(98.0, 0.0)	(99.0, 0.0)	(100.0, 0.0)
SRR37797638_subreads	(0.0, 0.0)	(1.0, 0.0)	(2.0, 0.0)	(3.0, 0.0)	(4.0, 0.0)	(5.0, 0.0)	(6.0, 0.0)	(7.0, 0.0)	(8.0, 0.0)	(9.0, 0.0)	(10.0, 0.0)	(11.0, 0.0)	(12.0, 0.0)	(13.0, 0.0)	(14.0, 0.0)	(15.0, 0.0)	(16.0, 0.0)	(17.0, 0.0)	(18.0, 0.0)	(19.0, 0.0)	(20.0, 0.0)	(21.0, 0.0)	(22.0, 0.0)	(23.0, 0.0)	(24.0, 0.0)	(25.0, 0.0)	(26.0, 0.0)	(27.0, 0.0)	(28.0, 0.0)	(29.0, 0.0)	(30.0, 0.0)	(31.0, 0.0)	(32.0, 0.0)	(33.0, 0.0)	(34.0, 0.0)	(35.0, 0.0)	(36.0, 0.0)	(37.0, 0.0)	(38.0, 0.013953523393090757)	(39.0, 0.004651174464363585)	(40.0, 0.0023255872321817925)	(41.0, 0.0012181647406666533)	(42.0, 0.0023255872321817925)	(43.0, 0.021554223127538567)	(44.0, 0.005476382837073254)	(45.0, 0.012956843150727131)	(46.0, 0.041860570179272256)	(47.0, 0.29163435464458587)	(48.0, 2.0013339266661907)	(49.0, 3.6915321458452928)	(50.0, 3.69530845654136)	(51.0, 4.292226683888064)	(52.0, 16.688568034893965)	(53.0, 20.821891201325418)	(54.0, 17.70847214745131)	(55.0, 10.690114770493238)	(56.0, 6.685706059460996)	(57.0, 5.529721305527619)	(58.0, 2.939017128877028)	(59.0, 3.837218933100041)	(60.0, 0.3604660209881791)	(61.0, 0.27209370616527023)	(62.0, 0.16976786794927076)	(63.0, 0.11860494884127137)	(64.0, 0.08139555312636271)	(65.0, 0.01627911062527255)	(66.0, 0.0023255872321817925)	(67.0, 0.0)	(68.0, 0.0)	(69.0, 0.0)	(70.0, 0.0)	(71.0, 0.0)	(72.0, 0.0)	(73.0, 0.0)	(74.0, 0.0)	(75.0, 0.0)	(76.0, 0.0)	(77.0, 0.0)	(78.0, 0.0)	(79.0, 0.0)	(80.0, 0.0)	(81.0, 0.0)	(82.0, 0.0)	(83.0, 0.0)	(84.0, 0.0)	(85.0, 0.0)	(86.0, 0.0)	(87.0, 0.0)	(88.0, 0.0)	(89.0, 0.0)	(90.0, 0.0)	(91.0, 0.0)	(92.0, 0.0)	(93.0, 0.0)	(94.0, 0.0)	(95.0, 0.0)	(96.0, 0.0)	(97.0, 0.0)	(98.0, 0.0)	(99.0, 0.0)	(100.0, 0.0)
SRR37797639_subreads	(0.0, 0.0)	(1.0, 0.0)	(2.0, 0.0)	(3.0, 0.0)	(4.0, 0.0)	(5.0, 0.0)	(6.0, 0.0)	(7.0, 0.0)	(8.0, 0.0)	(9.0, 0.0)	(10.0, 0.0)	(11.0, 0.0)	(12.0, 0.0)	(13.0, 0.0)	(14.0, 0.0)	(15.0, 0.0)	(16.0, 0.0)	(17.0, 0.0)	(18.0, 0.0)	(19.0, 0.0)	(20.0, 0.0)	(21.0, 0.0)	(22.0, 0.0)	(23.0, 0.0)	(24.0, 0.0)	(25.0, 0.0)	(26.0, 0.0)	(27.0, 0.0)	(28.0, 0.0)	(29.0, 0.0)	(30.0, 0.0)	(31.0, 0.0)	(32.0, 0.0)	(33.0, 0.0)	(34.0, 0.0)	(35.0, 0.0)	(36.0, 0.0029930729119958008)	(37.0, 0.0029930729119958008)	(38.0, 0.0)	(39.0, 0.0)	(40.0, 0.0)	(41.0, 0.001062058130063026)	(42.0, 0.0)	(43.0, 0.0015678000967597051)	(44.0, 0.0015678000967597051)	(45.0, 0.001062058130063026)	(46.0, 0.017958437471974807)	(47.0, 0.02551238339272612)	(48.0, 0.2799235809123691)	(49.0, 0.8126905592476207)	(50.0, 0.7472389281553662)	(51.0, 2.511489127948485)	(52.0, 18.564123246597628)	(53.0, 18.96352147066086)	(54.0, 19.043373529548052)	(55.0, 17.06989167316762)	(56.0, 11.101693633548258)	(57.0, 4.481016352214193)	(58.0, 2.578097835358487)	(59.0, 3.4599922862672097)	(60.0, 0.16162593724777316)	(61.0, 0.02095151038397061)	(62.0, 0.02095151038397061)	(63.0, 0.03890994785594541)	(64.0, 0.0508822395039286)	(65.0, 0.035916874943949614)	(66.0, 0.0029930729119958008)	(67.0, 0.0)	(68.0, 0.0)	(69.0, 0.0)	(70.0, 0.0)	(71.0, 0.0)	(72.0, 0.0)	(73.0, 0.0)	(74.0, 0.0)	(75.0, 0.0)	(76.0, 0.0)	(77.0, 0.0)	(78.0, 0.0)	(79.0, 0.0)	(80.0, 0.0)	(81.0, 0.0)	(82.0, 0.0)	(83.0, 0.0)	(84.0, 0.0)	(85.0, 0.0)	(86.0, 0.0)	(87.0, 0.0)	(88.0, 0.0)	(89.0, 0.0)	(90.0, 0.0)	(91.0, 0.0)	(92.0, 0.0)	(93.0, 0.0)	(94.0, 0.0)	(95.0, 0.0)	(96.0, 0.0)	(97.0, 0.0)	(98.0, 0.0)	(99.0, 0.0)	(100.0, 0.0)
SRR37797640_subreads	(0.0, 0.0)	(1.0, 0.0)	(2.0, 0.0)	(3.0, 0.0)	(4.0, 0.0)	(5.0, 0.0)	(6.0, 0.0)	(7.0, 0.0)	(8.0, 0.0)	(9.0, 0.0)	(10.0, 0.0)	(11.0, 0.0)	(12.0, 0.0)	(13.0, 0.0)	(14.0, 0.0)	(15.0, 0.0)	(16.0, 0.0)	(17.0, 0.0)	(18.0, 0.0)	(19.0, 0.0)	(20.0, 0.0)	(21.0, 0.0)	(22.0, 0.0)	(23.0, 0.0)	(24.0, 0.0)	(25.0, 0.0)	(26.0, 0.0)	(27.0, 0.0)	(28.0, 0.0)	(29.0, 0.0)	(30.0, 0.0)	(31.0, 0.0)	(32.0, 0.0)	(33.0, 0.0)	(34.0, 0.0)	(35.0, 0.0)	(36.0, 0.008247061022898485)	(37.0, 0.002749020340966162)	(38.0, 0.010996081363864648)	(39.0, 0.00143996303574418)	(40.0, 0.0)	(41.0, 0.0)	(42.0, 0.0)	(43.0, 0.0)	(44.0, 0.0)	(45.0, 0.0)	(46.0, 0.05367134951410125)	(47.0, 0.39683438792979403)	(48.0, 2.1222437032259065)	(49.0, 2.856363039994415)	(50.0, 1.8717492537234222)	(51.0, 4.032990196348473)	(52.0, 15.42551178902935)	(53.0, 16.76365972578619)	(54.0, 17.68636129405159)	(55.0, 12.042347526445035)	(56.0, 8.247770447502651)	(57.0, 6.818626136971423)	(58.0, 3.4653829488042063)	(59.0, 6.124817319672752)	(60.0, 1.0043678832833125)	(61.0, 0.703749207287337)	(62.0, 0.11820787466154489)	(63.0, 0.085219630569951)	(64.0, 0.1127098339796126)	(65.0, 0.038486284773526266)	(66.0, 0.002749020340966162)	(67.0, 0.002749020340966162)	(68.0, 0.0)	(69.0, 0.0)	(70.0, 0.0)	(71.0, 0.0)	(72.0, 0.0)	(73.0, 0.0)	(74.0, 0.0)	(75.0, 0.0)	(76.0, 0.0)	(77.0, 0.0)	(78.0, 0.0)	(79.0, 0.0)	(80.0, 0.0)	(81.0, 0.0)	(82.0, 0.0)	(83.0, 0.0)	(84.0, 0.0)	(85.0, 0.0)	(86.0, 0.0)	(87.0, 0.0)	(88.0, 0.0)	(89.0, 0.0)	(90.0, 0.0)	(91.0, 0.0)	(92.0, 0.0)	(93.0, 0.0)	(94.0, 0.0)	(95.0, 0.0)	(96.0, 0.0)	(97.0, 0.0)	(98.0, 0.0)	(99.0, 0.0)	(100.0, 0.0)
SRR37797641_subreads	(0.0, 0.0)	(1.0, 0.0)	(2.0, 0.0)	(3.0, 0.0)	(4.0, 0.0)	(5.0, 0.0)	(6.0, 0.0)	(7.0, 0.0)	(8.0, 0.0)	(9.0, 0.0)	(10.0, 0.0)	(11.0, 0.0)	(12.0, 0.0)	(13.0, 0.0)	(14.0, 0.0)	(15.0, 0.0)	(16.0, 0.0)	(17.0, 0.0)	(18.0, 0.0)	(19.0, 0.0)	(20.0, 0.0)	(21.0, 0.0)	(22.0, 0.0)	(23.0, 0.0)	(24.0, 0.0)	(25.0, 0.0)	(26.0, 0.0)	(27.0, 0.0)	(28.0, 0.0)	(29.0, 0.0)	(30.0, 0.0)	(31.0, 0.0)	(32.0, 0.0)	(33.0, 0.0)	(34.0, 0.0)	(35.0, 0.0)	(36.0, 0.0027496393790935004)	(37.0, 0.0)	(38.0, 0.0)	(39.0, 0.0)	(40.0, 0.0)	(41.0, 0.001440287293810881)	(42.0, 0.0082489181372805)	(43.0, 0.0)	(44.0, 0.0)	(45.0, 0.0)	(46.0, 0.04268487798021337)	(47.0, 0.14298124771286194)	(48.0, 0.9926198158527512)	(49.0, 2.088416576025806)	(50.0, 1.932662809906828)	(51.0, 6.539972914151801)	(52.0, 19.262376925127576)	(53.0, 19.255433135359176)	(54.0, 17.2215193958117)	(55.0, 11.61691382165522)	(56.0, 5.973213528462597)	(57.0, 5.428784931402069)	(58.0, 3.734985955298404)	(59.0, 5.119828523872212)	(60.0, 0.4426919400340551)	(61.0, 0.0687409844773375)	(62.0, 0.03299567254912201)	(63.0, 0.038494951307309004)	(64.0, 0.035745311928215506)	(65.0, 0.0082489181372805)	(66.0, 0.0082489181372805)	(67.0, 0.0)	(68.0, 0.0)	(69.0, 0.0)	(70.0, 0.0)	(71.0, 0.0)	(72.0, 0.0)	(73.0, 0.0)	(74.0, 0.0)	(75.0, 0.0)	(76.0, 0.0)	(77.0, 0.0)	(78.0, 0.0)	(79.0, 0.0)	(80.0, 0.0)	(81.0, 0.0)	(82.0, 0.0)	(83.0, 0.0)	(84.0, 0.0)	(85.0, 0.0)	(86.0, 0.0)	(87.0, 0.0)	(88.0, 0.0)	(89.0, 0.0)	(90.0, 0.0)	(91.0, 0.0)	(92.0, 0.0)	(93.0, 0.0)	(94.0, 0.0)	(95.0, 0.0)	(96.0, 0.0)	(97.0, 0.0)	(98.0, 0.0)	(99.0, 0.0)	(100.0, 0.0)
SRR37797642_subreads	(0.0, 0.0)	(1.0, 0.0)	(2.0, 0.0)	(3.0, 0.0)	(4.0, 0.0)	(5.0, 0.0)	(6.0, 0.0)	(7.0, 0.0)	(8.0, 0.0)	(9.0, 0.0)	(10.0, 0.0)	(11.0, 0.0)	(12.0, 0.0)	(13.0, 0.0)	(14.0, 0.0)	(15.0, 0.0)	(16.0, 0.0)	(17.0, 0.0)	(18.0, 0.0)	(19.0, 0.0)	(20.0, 0.0)	(21.0, 0.0)	(22.0, 0.0)	(23.0, 0.0)	(24.0, 0.0)	(25.0, 0.0)	(26.0, 0.003171934426477485)	(27.0, 0.0)	(28.0, 0.0)	(29.0, 0.0)	(30.0, 0.0)	(31.0, 0.0)	(32.0, 0.0)	(33.0, 0.0)	(34.0, 0.0)	(35.0, 0.0)	(36.0, 0.0)	(37.0, 0.0028835767513431683)	(38.0, 0.005767153502686337)	(39.0, 0.0015104449649892785)	(40.0, 0.0015104449649892785)	(41.0, 0.0028835767513431683)	(42.0, 0.004394021716332447)	(43.0, 0.006041779859957114)	(44.0, 0.0010232046537024145)	(45.0, 0.0010232046537024145)	(46.0, 0.04641185437876146)	(47.0, 0.10373346227297328)	(48.0, 0.826213395849134)	(49.0, 1.7208958313085776)	(50.0, 1.5808733372571198)	(51.0, 4.73219749856726)	(52.0, 21.549664487595123)	(53.0, 17.532796265901347)	(54.0, 19.83165514999707)	(55.0, 13.007371779570315)	(56.0, 6.311099727292387)	(57.0, 5.384464626801211)	(58.0, 3.0467210489057743)	(59.0, 3.7467894046485517)	(60.0, 0.3384016845608537)	(61.0, 0.08650730254029501)	(62.0, 0.07497299553492234)	(63.0, 0.02306861401074535)	(64.0, 0.011534307005372673)	(65.0, 0.011534307005372673)	(66.0, 0.0028835767513431683)	(67.0, 0.0)	(68.0, 0.0)	(69.0, 0.0)	(70.0, 0.0)	(71.0, 0.0)	(72.0, 0.0)	(73.0, 0.0)	(74.0, 0.0)	(75.0, 0.0)	(76.0, 0.0)	(77.0, 0.0)	(78.0, 0.0)	(79.0, 0.0)	(80.0, 0.0)	(81.0, 0.0)	(82.0, 0.0)	(83.0, 0.0)	(84.0, 0.0)	(85.0, 0.0)	(86.0, 0.0)	(87.0, 0.0)	(88.0, 0.0)	(89.0, 0.0)	(90.0, 0.0)	(91.0, 0.0)	(92.0, 0.0)	(93.0, 0.0)	(94.0, 0.0)	(95.0, 0.0)	(96.0, 0.0)	(97.0, 0.0)	(98.0, 0.0)	(99.0, 0.0)	(100.0, 0.0)
SRR37797643_subreads	(0.0, 0.0)	(1.0, 0.0)	(2.0, 0.0)	(3.0, 0.0)	(4.0, 0.0)	(5.0, 0.0)	(6.0, 0.0)	(7.0, 0.0)	(8.0, 0.0)	(9.0, 0.0)	(10.0, 0.0)	(11.0, 0.0)	(12.0, 0.0)	(13.0, 0.0)	(14.0, 0.0)	(15.0, 0.0)	(16.0, 0.0)	(17.0, 0.0)	(18.0, 0.0)	(19.0, 0.0)	(20.0, 0.0)	(21.0, 0.0)	(22.0, 0.0)	(23.0, 0.0)	(24.0, 0.0)	(25.0, 0.0)	(26.0, 0.0)	(27.0, 0.0)	(28.0, 0.0)	(29.0, 0.0)	(30.0, 0.0)	(31.0, 0.0)	(32.0, 0.0)	(33.0, 0.0)	(34.0, 0.0)	(35.0, 0.0)	(36.0, 0.0)	(37.0, 0.0)	(38.0, 0.0030052219342532284)	(39.0, 0.0030052219342532284)	(40.0, 0.0)	(41.0, 0.0)	(42.0, 0.0030052219342532284)	(43.0, 0.0)	(44.0, 0.0030052219342532284)	(45.0, 0.0030052219342532284)	(46.0, 0.06783215223028714)	(47.0, 0.23898669667632802)	(48.0, 1.4156026368396704)	(49.0, 2.478544864791521)	(50.0, 2.3733959500791135)	(51.0, 4.106199531263438)	(52.0, 18.777963800646695)	(53.0, 16.638965928806158)	(54.0, 19.87629624839709)	(55.0, 12.488345161752916)	(56.0, 6.289467876758625)	(57.0, 5.648266154107549)	(58.0, 3.8518220359253514)	(59.0, 4.92381378266642)	(60.0, 0.5540272049760407)	(61.0, 0.060104438685064564)	(62.0, 0.07513054835633069)	(63.0, 0.06310966061931779)	(64.0, 0.03606266321103875)	(65.0, 0.018031331605519375)	(66.0, 0.0030052219342532284)	(67.0, 0.0)	(68.0, 0.0)	(69.0, 0.0)	(70.0, 0.0)	(71.0, 0.0)	(72.0, 0.0)	(73.0, 0.0)	(74.0, 0.0)	(75.0, 0.0)	(76.0, 0.0)	(77.0, 0.0)	(78.0, 0.0)	(79.0, 0.0)	(80.0, 0.0)	(81.0, 0.0)	(82.0, 0.0)	(83.0, 0.0)	(84.0, 0.0)	(85.0, 0.0)	(86.0, 0.0)	(87.0, 0.0)	(88.0, 0.0)	(89.0, 0.0)	(90.0, 0.0)	(91.0, 0.0)	(92.0, 0.0)	(93.0, 0.0)	(94.0, 0.0)	(95.0, 0.0)	(96.0, 0.0)	(97.0, 0.0)	(98.0, 0.0)	(99.0, 0.0)	(100.0, 0.0)
SRR37797644_subreads	(0.0, 0.0)	(1.0, 0.0)	(2.0, 0.0)	(3.0, 0.0)	(4.0, 0.0)	(5.0, 0.0)	(6.0, 0.0)	(7.0, 0.0)	(8.0, 0.0)	(9.0, 0.0)	(10.0, 0.0)	(11.0, 0.0)	(12.0, 0.0)	(13.0, 0.0)	(14.0, 0.0)	(15.0, 0.0)	(16.0, 0.0)	(17.0, 0.0)	(18.0, 0.0)	(19.0, 0.0)	(20.0, 0.0)	(21.0, 0.0)	(22.0, 0.0)	(23.0, 0.0)	(24.0, 0.0)	(25.0, 0.0)	(26.0, 0.0)	(27.0, 0.0)	(28.0, 0.0)	(29.0, 0.0)	(30.0, 0.0)	(31.0, 0.0)	(32.0, 0.0)	(33.0, 0.0)	(34.0, 0.0)	(35.0, 0.0)	(36.0, 0.0)	(37.0, 0.0)	(38.0, 0.0)	(39.0, 0.0)	(40.0, 0.0)	(41.0, 0.0)	(42.0, 0.0)	(43.0, 0.0048008383613994295)	(44.0, 0.0)	(45.0, 0.0043643985103631175)	(46.0, 0.04364398510363118)	(47.0, 0.19639793296634017)	(48.0, 1.3791499292747418)	(49.0, 2.242192415657359)	(50.0, 1.5699163802922256)	(51.0, 2.7290496731413554)	(52.0, 15.18430556574765)	(53.0, 16.578580046541784)	(54.0, 14.153603582058642)	(55.0, 13.367690051224995)	(56.0, 10.162994686051283)	(57.0, 5.995979617995438)	(58.0, 4.754660209418899)	(59.0, 10.793157516128247)	(60.0, 0.36379373389607383)	(61.0, 0.18766913594561396)	(62.0, 0.06110157914508364)	(63.0, 0.07419477467617298)	(64.0, 0.07419477467617298)	(65.0, 0.07419477467617298)	(66.0, 0.0043643985103631175)	(67.0, 0.0)	(68.0, 0.0)	(69.0, 0.0)	(70.0, 0.0)	(71.0, 0.0)	(72.0, 0.0)	(73.0, 0.0)	(74.0, 0.0)	(75.0, 0.0)	(76.0, 0.0)	(77.0, 0.0)	(78.0, 0.0)	(79.0, 0.0)	(80.0, 0.0)	(81.0, 0.0)	(82.0, 0.0)	(83.0, 0.0)	(84.0, 0.0)	(85.0, 0.0)	(86.0, 0.0)	(87.0, 0.0)	(88.0, 0.0)	(89.0, 0.0)	(90.0, 0.0)	(91.0, 0.0)	(92.0, 0.0)	(93.0, 0.0)	(94.0, 0.0)	(95.0, 0.0)	(96.0, 0.0)	(97.0, 0.0)	(98.0, 0.0)	(99.0, 0.0)	(100.0, 0.0)
SRR37797645_subreads	(0.0, 0.0)	(1.0, 0.0)	(2.0, 0.0)	(3.0, 0.0)	(4.0, 0.0)	(5.0, 0.0)	(6.0, 0.0)	(7.0, 0.0)	(8.0, 0.0)	(9.0, 0.0)	(10.0, 0.0)	(11.0, 0.0)	(12.0, 0.0)	(13.0, 0.0)	(14.0, 0.0)	(15.0, 0.0)	(16.0, 0.0)	(17.0, 0.0)	(18.0, 0.0)	(19.0, 0.0)	(20.0, 0.0)	(21.0, 0.0)	(22.0, 0.0)	(23.0, 0.0)	(24.0, 0.0)	(25.0, 0.0)	(26.0, 0.0)	(27.0, 0.0)	(28.0, 0.0)	(29.0, 0.0)	(30.0, 0.004017444668371613)	(31.0, 0.0)	(32.0, 0.0)	(33.0, 0.0)	(34.0, 0.0)	(35.0, 0.0)	(36.0, 0.004017444668371613)	(37.0, 0.0321395573469729)	(38.0, 0.012052334005114837)	(39.0, 0.004017444668371613)	(40.0, 0.008034889336743225)	(41.0, 0.010139265115414069)	(42.0, 0.0)	(43.0, 0.0)	(44.0, 0.004017444668371613)	(45.0, 0.0)	(46.0, 0.10043611670929027)	(47.0, 0.4459363581892496)	(48.0, 2.530990141074143)	(49.0, 3.0427121557079917)	(50.0, 2.482780805053682)	(51.0, 3.787283967370772)	(52.0, 16.8331240164256)	(53.0, 15.491167902200562)	(54.0, 17.616070601497796)	(55.0, 9.603193127969053)	(56.0, 8.552085196877785)	(57.0, 6.171054200597531)	(58.0, 4.335760818047999)	(59.0, 6.672863998480159)	(60.0, 1.0414109345901073)	(61.0, 0.8034889336743243)	(62.0, 0.11793144026510213)	(63.0, 0.12454078471951995)	(64.0, 0.10043611670929027)	(65.0, 0.06026167002557418)	(66.0, 0.008034889336743225)	(67.0, 0.0)	(68.0, 0.0)	(69.0, 0.0)	(70.0, 0.0)	(71.0, 0.0)	(72.0, 0.0)	(73.0, 0.0)	(74.0, 0.0)	(75.0, 0.0)	(76.0, 0.0)	(77.0, 0.0)	(78.0, 0.0)	(79.0, 0.0)	(80.0, 0.0)	(81.0, 0.0)	(82.0, 0.0)	(83.0, 0.0)	(84.0, 0.0)	(85.0, 0.0)	(86.0, 0.0)	(87.0, 0.0)	(88.0, 0.0)	(89.0, 0.0)	(90.0, 0.0)	(91.0, 0.0)	(92.0, 0.0)	(93.0, 0.0)	(94.0, 0.0)	(95.0, 0.0)	(96.0, 0.0)	(97.0, 0.0)	(98.0, 0.0)	(99.0, 0.0)	(100.0, 0.0)
SRR37797646_subreads	(0.0, 0.0)	(1.0, 0.0)	(2.0, 0.0)	(3.0, 0.0)	(4.0, 0.0)	(5.0, 0.0)	(6.0, 0.0)	(7.0, 0.0)	(8.0, 0.0)	(9.0, 0.0)	(10.0, 0.0)	(11.0, 0.0)	(12.0, 0.0)	(13.0, 0.0)	(14.0, 0.0)	(15.0, 0.0)	(16.0, 0.0)	(17.0, 0.0)	(18.0, 0.0)	(19.0, 0.0)	(20.0, 0.0)	(21.0, 0.0)	(22.0, 0.0)	(23.0, 0.0)	(24.0, 0.0)	(25.0, 0.0)	(26.0, 0.0)	(27.0, 0.0)	(28.0, 0.0)	(29.0, 0.0)	(30.0, 0.0)	(31.0, 0.0)	(32.0, 0.0)	(33.0, 0.0)	(34.0, 0.0)	(35.0, 0.0)	(36.0, 0.003818116534438821)	(37.0, 0.0)	(38.0, 0.002351332763144142)	(39.0, 0.004020020530536759)	(40.0, 0.002351332763144142)	(41.0, 0.0)	(42.0, 0.009405331052576568)	(43.0, 0.011159499939366642)	(44.0, 0.003297644873656838)	(45.0, 0.007165966516248813)	(46.0, 0.014107996578864853)	(47.0, 0.3010825619092673)	(48.0, 1.7388665624585242)	(49.0, 3.141644238675398)	(50.0, 3.2964854607276135)	(51.0, 4.979464226532219)	(52.0, 16.903514521545695)	(53.0, 22.29761310464112)	(54.0, 18.617108350997157)	(55.0, 9.973242386902468)	(56.0, 5.642400406445222)	(57.0, 5.204637146497693)	(58.0, 2.8946423303184394)	(59.0, 3.889938734124191)	(60.0, 0.38920155641376514)	(61.0, 0.2798085988141534)	(62.0, 0.15753929513065743)	(63.0, 0.12932330197292774)	(64.0, 0.07759398118375664)	(65.0, 0.01881066210515314)	(66.0, 0.007053998289432425)	(67.0, 0.0)	(68.0, 0.002351332763144142)	(69.0, 0.0)	(70.0, 0.0)	(71.0, 0.0)	(72.0, 0.0)	(73.0, 0.0)	(74.0, 0.0)	(75.0, 0.0)	(76.0, 0.0)	(77.0, 0.0)	(78.0, 0.0)	(79.0, 0.0)	(80.0, 0.0)	(81.0, 0.0)	(82.0, 0.0)	(83.0, 0.0)	(84.0, 0.0)	(85.0, 0.0)	(86.0, 0.0)	(87.0, 0.0)	(88.0, 0.0)	(89.0, 0.0)	(90.0, 0.0)	(91.0, 0.0)	(92.0, 0.0)	(93.0, 0.0)	(94.0, 0.0)	(95.0, 0.0)	(96.0, 0.0)	(97.0, 0.0)	(98.0, 0.0)	(99.0, 0.0)	(100.0, 0.0)
SRR37797647_subreads	(0.0, 0.0)	(1.0, 0.0)	(2.0, 0.0)	(3.0, 0.0)	(4.0, 0.0)	(5.0, 0.0)	(6.0, 0.0)	(7.0, 0.0)	(8.0, 0.0)	(9.0, 0.0)	(10.0, 0.0)	(11.0, 0.0)	(12.0, 0.0)	(13.0, 0.0)	(14.0, 0.0)	(15.0, 0.0)	(16.0, 0.0)	(17.0, 0.0)	(18.0, 0.0)	(19.0, 0.0)	(20.0, 0.0)	(21.0, 0.0)	(22.0, 0.0)	(23.0, 0.0)	(24.0, 0.0)	(25.0, 0.0)	(26.0, 0.0)	(27.0, 0.0)	(28.0, 0.0)	(29.0, 0.0)	(30.0, 0.0)	(31.0, 0.0)	(32.0, 0.0)	(33.0, 0.0)	(34.0, 0.0)	(35.0, 0.0)	(36.0, 0.0)	(37.0, 0.0)	(38.0, 0.0028940617365162805)	(39.0, 0.003031874200159913)	(40.0, 0.0)	(41.0, 0.0028940617365162805)	(42.0, 0.003031874200159913)	(43.0, 0.0)	(44.0, 0.0)	(45.0, 0.004409998836596237)	(46.0, 0.06229123356692182)	(47.0, 0.19403994881023431)	(48.0, 1.094982261535465)	(49.0, 1.2835852863767965)	(50.0, 1.1456972481563232)	(51.0, 6.687398699504195)	(52.0, 15.281508408092744)	(53.0, 23.303540797847276)	(54.0, 13.547658684049296)	(55.0, 12.376732863919832)	(56.0, 8.66640790524337)	(57.0, 9.348681848236051)	(58.0, 2.9779895268753047)	(59.0, 2.738809327876759)	(60.0, 0.4959114820765982)	(61.0, 0.5556598534111273)	(62.0, 0.09550403730503722)	(63.0, 0.06945748167639071)	(64.0, 0.04630498778426049)	(65.0, 0.011576246946065122)	(66.0, 0.0)	(67.0, 0.0)	(68.0, 0.0)	(69.0, 0.0)	(70.0, 0.0)	(71.0, 0.0)	(72.0, 0.0)	(73.0, 0.0)	(74.0, 0.0)	(75.0, 0.0)	(76.0, 0.0)	(77.0, 0.0)	(78.0, 0.0)	(79.0, 0.0)	(80.0, 0.0)	(81.0, 0.0)	(82.0, 0.0)	(83.0, 0.0)	(84.0, 0.0)	(85.0, 0.0)	(86.0, 0.0)	(87.0, 0.0)	(88.0, 0.0)	(89.0, 0.0)	(90.0, 0.0)	(91.0, 0.0)	(92.0, 0.0)	(93.0, 0.0)	(94.0, 0.0)	(95.0, 0.0)	(96.0, 0.0)	(97.0, 0.0)	(98.0, 0.0)	(99.0, 0.0)	(100.0, 0.0)
SRR37797648_subreads	(0.0, 0.0)	(1.0, 0.0)	(2.0, 0.0)	(3.0, 0.0)	(4.0, 0.0)	(5.0, 0.0)	(6.0, 0.0)	(7.0, 0.0)	(8.0, 0.0)	(9.0, 0.0)	(10.0, 0.0)	(11.0, 0.0)	(12.0, 0.0)	(13.0, 0.0)	(14.0, 0.0)	(15.0, 0.0)	(16.0, 0.0)	(17.0, 0.0)	(18.0, 0.0)	(19.0, 0.0)	(20.0, 0.0)	(21.0, 0.0)	(22.0, 0.0)	(23.0, 0.0)	(24.0, 0.0)	(25.0, 0.0)	(26.0, 0.0)	(27.0, 0.0)	(28.0, 0.0)	(29.0, 0.00340487711001603)	(30.0, 0.0)	(31.0, 0.0)	(32.0, 0.0)	(33.0, 0.0)	(34.0, 0.00319852092153021)	(35.0, 0.00319852092153021)	(36.0, 0.0)	(37.0, 0.006701662883206153)	(38.0, 0.012129118244827103)	(39.0, 0.010453702524025563)	(40.0, 0.016617077739949804)	(41.0, 0.026390583770674353)	(42.0, 0.03854762361359506)	(43.0, 0.05231129378115537)	(44.0, 0.03679195826393792)	(45.0, 0.0216421385340234)	(46.0, 0.05309544729740149)	(47.0, 0.1446802543414747)	(48.0, 0.7014030069707136)	(49.0, 1.8907896126918757)	(50.0, 1.68883857970311)	(51.0, 4.295068899646623)	(52.0, 16.71654347197967)	(53.0, 21.074967064012558)	(54.0, 15.866873197939938)	(55.0, 14.376171031771815)	(56.0, 8.212343741608315)	(57.0, 8.33090026528096)	(58.0, 2.3728439145226394)	(59.0, 3.040264314394702)	(60.0, 0.35471216243469883)	(61.0, 0.4361338043647817)	(62.0, 0.09616198383439208)	(63.0, 0.05605027138681509)	(64.0, 0.04158077197989273)	(65.0, 0.019191125529181265)	(66.0, 0.0)	(67.0, 0.0)	(68.0, 0.0)	(69.0, 0.0)	(70.0, 0.0)	(71.0, 0.0)	(72.0, 0.0)	(73.0, 0.0)	(74.0, 0.0)	(75.0, 0.0)	(76.0, 0.0)	(77.0, 0.0)	(78.0, 0.0)	(79.0, 0.0)	(80.0, 0.0)	(81.0, 0.0)	(82.0, 0.0)	(83.0, 0.0)	(84.0, 0.0)	(85.0, 0.0)	(86.0, 0.0)	(87.0, 0.0)	(88.0, 0.0)	(89.0, 0.0)	(90.0, 0.0)	(91.0, 0.0)	(92.0, 0.0)	(93.0, 0.0)	(94.0, 0.0)	(95.0, 0.0)	(96.0, 0.0)	(97.0, 0.0)	(98.0, 0.0)	(99.0, 0.0)	(100.0, 0.0)
