Sample	0	1	2	3	4	5	6	7	8	9	10	11	12	13	14	15
11_S9	(1.0, 3.063224347498351)	(2.0, 1.7714124187317442)	(3.0, 1.4840290210119664)	(4.0, 1.2249128427400358)	(5.0, 0.7867709412984076)	(6.0, 0.6275322717422029)	(7.0, 0.49467634033732216)	(8.0, 0.4522755111655517)	(9.0, 0.2968058042023933)	('>10', 7.750871572599642)	('>50', 6.263073588994629)	('>100', 27.813059455384902)	('>500', 21.45481956091586)	('>1k', 26.51653632337699)	('>5k', 0.0)	('>10k+', 0.0)
14_S10	(1.0, 3.182371249756314)	(2.0, 1.882264364029928)	(3.0, 1.476233051217758)	(4.0, 1.024489603850575)	(5.0, 0.7394610001546146)	(6.0, 0.5162782255624945)	(7.0, 0.5176227001082302)	(8.0, 0.40872026190364147)	(9.0, 0.3690582628044395)	('>10', 6.781529608690684)	('>50', 4.301646309081254)	('>100', 21.443696767210955)	('>500', 19.613866910464715)	('>1k', 34.205449155333866)	('>5k', 3.537312529830529)	('>10k+', 0.0)
15_S11	(1.0, 3.3233742361227843)	(2.0, 1.8208338529776977)	(3.0, 1.3501716181996626)	(4.0, 0.8957765113517442)	(5.0, 0.7184648169134752)	(6.0, 0.585616605484191)	(7.0, 0.5200058561660549)	(8.0, 0.481506986731446)	(9.0, 0.36113024004858446)	('>10', 6.894551054381008)	('>50', 4.652398588013296)	('>100', 21.06538843190309)	('>500', 15.018896980278818)	('>1k', 34.30303490383416)	('>5k', 8.008849317593983)	('>10k+', 0.0)
16_S12	(1.0, 3.736000282050981)	(2.0, 1.921472306119331)	(3.0, 1.3062486044352517)	(4.0, 0.9472212102337497)	(5.0, 0.7521359485727045)	(6.0, 0.5887814222420702)	(7.0, 0.4935892162508373)	(8.0, 0.4042730723578287)	(9.0, 0.3860572798533335)	('>10', 7.530761185084205)	('>50', 4.947644286704822)	('>100', 20.761302605445934)	('>500', 12.895018274553124)	('>1k', 30.835223466641597)	('>5k', 12.49427083945423)	('>10k+', 0.0)
17_S13	(1.0, 2.5648299569469013)	(2.0, 1.4684777892734373)	(3.0, 1.3504155124653738)	(4.0, 0.9311484163802022)	(5.0, 0.6695758101658712)	(6.0, 0.565697693822381)	(7.0, 0.50812668958382)	(8.0, 0.41718119013449917)	(9.0, 0.40174548609952276)	('>10', 6.679488035243467)	('>50', 4.051663718586256)	('>100', 18.561225511464137)	('>500', 13.14162467042686)	('>1k', 37.427827654106736)	('>5k', 6.515953008710743)	('>10k+', 4.745018856589795)
19_S14	(1.0, 2.4429375587079787)	(2.0, 1.593428820218171)	(3.0, 1.5591467888021173)	(4.0, 1.0504014425878818)	(5.0, 0.6753560188962557)	(6.0, 0.563596596479921)	(7.0, 0.4799484398247502)	(8.0, 0.44429512715205455)	(9.0, 0.38875823625804773)	('>10', 5.899937606702823)	('>50', 3.5475046109332253)	('>100', 12.246912903070985)	('>500', 5.941761685030408)	('>1k', 21.145156977421852)	('>5k', 20.953863242120274)	('>10k+', 21.066993945793254)
1_S1	(1.0, 3.610569633961447)	(2.0, 1.934156378600823)	(3.0, 1.3401559454191032)	(4.0, 0.9226770630279402)	(5.0, 0.7282867662984622)	(6.0, 0.6237816764132553)	(7.0, 0.4927442061944986)	(8.0, 0.4418453541260559)	(9.0, 0.3557504873294347)	('>10', 7.6342863331167425)	('>50', 4.542993285683345)	('>100', 20.451591942820013)	('>500', 14.800736408923543)	('>1k', 36.49285250162443)	('>5k', 5.627572016460905)	('>10k+', 0.0)
20_S15	(1.0, 2.2853741858687133)	(2.0, 1.26777056256109)	(3.0, 1.2222856645150053)	(4.0, 0.8787295196988318)	(5.0, 0.633885281280545)	(6.0, 0.5051726974480069)	(7.0, 0.42678383060262653)	(8.0, 0.38710551528582904)	(9.0, 0.3309752155693838)	('>10', 5.508995364411454)	('>50', 3.587500362911421)	('>100', 16.131170703854604)	('>500', 12.866419564312743)	('>1k', 32.571541938043765)	('>5k', 9.09552796353466)	('>10k+', 12.300761630101324)
21_S16	(1.0, 2.6814797280955887)	(2.0, 1.4511174118652004)	(3.0, 1.366211605851811)	(4.0, 1.097085929821492)	(5.0, 0.7229858027200733)	(6.0, 0.5650095454709185)	(7.0, 0.47547251367498056)	(8.0, 0.42401444942444155)	(9.0, 0.4307039977770116)	('>10', 6.610302933624243)	('>50', 3.9643292698615267)	('>100', 21.062300278388125)	('>500', 12.448220322847895)	('>1k', 36.503836198689875)	('>5k', 10.196930011886812)	('>10k+', 0.0)
22_S17	(1.0, 2.6994362412076898)	(2.0, 1.5614091717775291)	(3.0, 1.4863414231343788)	(4.0, 1.0809755804613665)	(5.0, 0.7356639367028743)	(6.0, 0.5945365692537515)	(7.0, 0.5464932101221353)	(8.0, 0.4744281714247108)	(9.0, 0.38509755053936173)	('>10', 7.0278426279717445)	('>50', 4.757043231516444)	('>100', 22.14873923716154)	('>500', 18.189666173721783)	('>1k', 38.31232687500469)	('>5k', 0.0)	('>10k+', 0.0)
23_S18	(1.0, 2.5595639469543716)	(2.0, 1.4208650419034776)	(3.0, 1.2101435314516906)	(4.0, 0.9327938862665768)	(5.0, 0.6522332466364833)	(6.0, 0.5394470667565745)	(7.0, 0.41863340076421673)	(8.0, 0.3756863500626144)	(9.0, 0.3684616125614103)	('>10', 6.7037536525061805)	('>50', 4.163455672221687)	('>100', 17.69217801753203)	('>500', 14.083823009986194)	('>1k', 35.86199145875478)	('>5k', 8.612689850046559)	('>10k+', 4.4042802555951575)
24_S19	(1.0, 2.557116826687224)	(2.0, 1.3683509706356436)	(3.0, 1.3219216483285443)	(4.0, 0.9320905459387484)	(5.0, 0.7095802088443479)	(6.0, 0.4835657719531853)	(7.0, 0.3556661293713645)	(8.0, 0.4204919756114654)	(9.0, 0.35479010442217396)	('>10', 6.866283551755554)	('>50', 4.409909594225243)	('>100', 18.577861097484057)	('>500', 14.350164692690448)	('>1k', 34.97354404653444)	('>5k', 12.318662835517555)	('>10k+', 0.0)
25_S20	(1.0, 3.1112028316636025)	(2.0, 1.729766237664628)	(3.0, 1.431465986266932)	(4.0, 1.0731304641476866)	(5.0, 0.7410603729691194)	(6.0, 0.5553262541743275)	(7.0, 0.49904318787287527)	(8.0, 0.5102998011331658)	(9.0, 0.38835315748001953)	('>10', 7.356822133003139)	('>50', 5.156154240616361)	('>100', 21.557039760859507)	('>500', 17.574700136330094)	('>1k', 31.63483546583618)	('>5k', 6.680799969982365)	('>10k+', 0.0)
26_S21	(1.0, 3.068562607462443)	(2.0, 1.749519948794538)	(3.0, 1.7394796621443542)	(4.0, 1.3303379811493619)	(5.0, 0.8848002610474529)	(6.0, 0.6927797788626866)	(7.0, 0.5886118048670289)	(8.0, 0.37149060605680295)	(9.0, 0.440517576776817)	('>10', 6.886381606194856)	('>50', 4.826867807075892)	('>100', 29.074160067269922)	('>500', 18.949786016390767)	('>1k', 29.396704275907076)	('>5k', 0.0)	('>10k+', 0.0)
27_S22	(1.0, 2.7726904518719406)	(2.0, 1.5355897580389533)	(3.0, 1.4396153981615187)	(4.0, 1.0108125242137147)	(5.0, 0.7132039587222203)	(6.0, 0.5441482055436199)	(7.0, 0.5054062621068574)	(8.0, 0.3944634240834009)	(9.0, 0.33282851407036945)	('>10', 6.884619448455605)	('>50', 4.181488395026943)	('>100', 20.0031697953721)	('>500', 14.135526362131511)	('>1k', 40.38407353925263)	('>5k', 5.162363962948614)	('>10k+', 0.0)
28_S23	(1.0, 2.820300423305961)	(2.0, 1.6462623192470505)	(3.0, 1.217086167874404)	(4.0, 1.0540253200884442)	(5.0, 0.6391985233209625)	(6.0, 0.6026728934169074)	(7.0, 0.42461044763463934)	(8.0, 0.36003835191139927)	(9.0, 0.3874325743394405)	('>10', 6.823118114755703)	('>50', 4.844863909416438)	('>100', 19.669051703333615)	('>500', 13.442736291474528)	('>1k', 34.70587084276369)	('>5k', 11.362732117116824)	('>10k+', 0.0)
29_S24	(1.0, 2.3015926198932295)	(2.0, 1.358082601800353)	(3.0, 1.2249547678080814)	(4.0, 0.9256405101744511)	(5.0, 0.6388349080837187)	(6.0, 0.5039201232996047)	(7.0, 0.5253635328017154)	(8.0, 0.4074247805401059)	(9.0, 0.3618575353481204)	('>10', 5.705287140655364)	('>50', 3.0235207397976276)	('>100', 15.734101722173827)	('>500', 16.795550492528314)	('>1k', 37.61129352900445)	('>5k', 12.882574996091044)	('>10k+', 0.0)
2_S2	(1.0, 2.7971125066025)	(2.0, 1.66324314807207)	(3.0, 1.2782440284054228)	(4.0, 0.8216444627032103)	(5.0, 0.654381125652914)	(6.0, 0.5317213451493632)	(7.0, 0.484770232994894)	(8.0, 0.3756088972357533)	(9.0, 0.4014320089207113)	('>10', 6.121838136040847)	('>50', 4.659310992429133)	('>100', 17.830271729561595)	('>500', 13.482011855155818)	('>1k', 42.157403603497855)	('>5k', 6.741005927577909)	('>10k+', 0.0)
30_S25	(1.0, 2.126792566005874)	(2.0, 1.2707292186221488)	(3.0, 1.095343810818476)	(4.0, 0.8175959159323626)	(5.0, 0.5786414476794033)	(6.0, 0.4674770906885996)	(7.0, 0.4541112882351599)	(8.0, 0.33642702760853194)	(9.0, 0.3021975335204546)	('>10', 5.277210002836158)	('>50', 2.9818779278442267)	('>100', 14.854296453498417)	('>500', 14.763017802596877)	('>1k', 32.62266383702849)	('>5k', 13.375908304075265)	('>10k+', 8.675709773009554)
31_S27	(1.0, 2.028032153726475)	(2.0, 1.1336599656990525)	(3.0, 1.161410069193291)	(4.0, 0.8334129442859807)	(5.0, 0.6004940428261434)	(6.0, 0.5022313812727744)	(7.0, 0.3980547632370268)	(8.0, 0.34573899435444616)	(9.0, 0.24975093144814597)	('>10', 5.3562248941174335)	('>50', 3.529722180521247)	('>100', 14.70437041384048)	('>500', 12.629026608254973)	('>1k', 35.534689903966445)	('>5k', 10.076926926243864)	('>10k+', 10.916253827012223)
32_S28	(1.0, 2.394340564730258)	(2.0, 1.4213918066981805)	(3.0, 1.338329514645562)	(4.0, 0.9724821159418938)	(5.0, 0.6952967143730431)	(6.0, 0.5683700658431989)	(7.0, 0.4409767752231715)	(8.0, 0.3770468088680663)	(9.0, 0.39477920829502977)	('>10', 5.440113487356332)	('>50', 4.033187585453833)	('>100', 16.839713108442954)	('>500', 14.497169815723037)	('>1k', 50.58680242840544)	('>5k', 0.0)	('>10k+', 0.0)
33_S29	(1.0, 2.3584987986433106)	(2.0, 1.3415634508316414)	(3.0, 1.2653514768251604)	(4.0, 0.8749832740896742)	(5.0, 0.689398390821984)	(6.0, 0.6213312079306994)	(7.0, 0.40723955575982174)	(8.0, 0.41887497163867377)	(9.0, 0.29321248014707163)	('>10', 6.034126674772673)	('>50', 4.299286167235832)	('>100', 17.48977537829646)	('>500', 15.030048461507137)	('>1k', 40.3050806043435)	('>5k', 8.571229107156363)	('>10k+', 0.0)
34_S30	(1.0, 2.2996461452770225)	(2.0, 1.3490711313521837)	(3.0, 1.279037384096196)	(4.0, 0.8404049670718521)	(5.0, 0.673716457521051)	(6.0, 0.5381540578618)	(7.0, 0.4558336882802005)	(8.0, 0.3898954817994168)	(9.0, 0.37597064316372336)	('>10', 5.52529405982766)	('>50', 3.0945906097441105)	('>100', 16.853150289964287)	('>500', 13.73071000294879)	('>1k', 42.385161036663284)	('>5k', 10.209364044428426)	('>10k+', 0.0)
35_S31	(1.0, 1.4217869242946546)	(2.0, 0.6117678389134648)	(3.0, 0.6202748886686097)	(4.0, 0.48971016851355953)	(5.0, 0.3550768593451791)	(6.0, 0.3262268645233833)	(7.0, 0.336583272920951)	(8.0, 0.3195691734106612)	(9.0, 0.1964018878253022)	('>10', 3.759746120045568)	('>50', 1.8279060821707032)	('>100', 4.323060762527556)	('>500', 2.9463981891080175)	('>1k', 22.127946028317382)	('>5k', 25.319199301682175)	('>10k+', 35.018345637732835)
361_S10	(1.0, 1.7774307861557104)	(2.0, 1.045368591287243)	(3.0, 0.9444819037672813)	(4.0, 0.6975883518968218)	(5.0, 0.5906180450289226)	(6.0, 0.4380205930514928)	(7.0, 0.4471460220733988)	(8.0, 0.28390223623707866)	(9.0, 0.28745101419004215)	('>10', 5.342431724047026)	('>50', 3.2978286548610654)	('>100', 11.181185393229946)	('>500', 9.973586952664371)	('>1k', 24.632067771519537)	('>5k', 20.70154270447298)	('>10k+', 18.35934925551708)
36_S32	(1.0, 1.913404940582906)	(2.0, 1.148677592854083)	(3.0, 0.9805010392041758)	(4.0, 0.7901124879023941)	(5.0, 0.5870313665138269)	(6.0, 0.4569325231242761)	(7.0, 0.394262958320773)	(8.0, 0.27289025686588714)	(9.0, 0.2855828269526726)	('>10', 6.499389170064573)	('>50', 2.6186358660299227)	('>100', 10.927509559091847)	('>500', 10.533246600771074)	('>1k', 14.419552904218694)	('>5k', 19.520379507845593)	('>10k+', 28.651890399657297)
37_S33	(1.0, 1.479749001711352)	(2.0, 0.8807758128921848)	(3.0, 0.7324586423274387)	(4.0, 0.5476326297775242)	(5.0, 0.3822019395322305)	(6.0, 0.41756988020536223)	(7.0, 0.23958927552766687)	(8.0, 0.34683399885909866)	(9.0, 0.22589845978322876)	('>10', 4.57843696520251)	('>50', 1.737592698231603)	('>100', 7.296063890473474)	('>500', 7.504848830576155)	('>1k', 21.247005134055904)	('>5k', 35.4717626925271)	('>10k+', 16.91158014831717)
38_S34	(1.0, 2.7638336347197106)	(2.0, 1.6622061482820978)	(3.0, 1.542857142857143)	(4.0, 1.108137432188065)	(5.0, 0.8065099457504521)	(6.0, 0.6075949367088608)	(7.0, 0.5215189873417722)	(8.0, 0.5092224231464737)	(9.0, 0.36455696202531646)	('>10', 7.424954792043399)	('>50', 5.066184448462929)	('>100', 21.91754068716094)	('>500', 18.582278481012658)	('>1k', 33.014104882459314)	('>5k', 4.108499095840868)	('>10k+', 0.0)
39_S35	(1.0, 1.446343795422767)	(2.0, 0.7361597002304644)	(3.0, 0.6847611626017608)	(4.0, 0.49961589264890377)	(5.0, 0.4145043357153516)	(6.0, 0.33160346857228123)	(7.0, 0.3094965706674625)	(8.0, 0.28296829318168)	(9.0, 0.2288063933148741)	('>10', 4.855227452345818)	('>50', 2.1609492701960327)	('>100', 5.245414200365869)	('>500', 0.8196132398211552)	('>1k', 22.560089311867536)	('>5k', 34.86589403058489)	('>10k+', 24.55855288246315)
3_S3	(1.0, 2.5906995669161867)	(2.0, 1.5417114892620853)	(3.0, 1.310956407355179)	(4.0, 0.8449872081421986)	(5.0, 0.6549208242526935)	(6.0, 0.5217071417025712)	(7.0, 0.5696417722436193)	(8.0, 0.356722831933382)	(9.0, 0.3862639414528652)	('>10', 5.918812112969662)	('>50', 3.985820267430648)	('>100', 19.764674406808947)	('>500', 12.370478956139813)	('>1k', 43.0023800101443)	('>5k', 6.180223063245843)	('>10k+', 0.0)
40_S36	(1.0, 1.8187610414434243)	(2.0, 0.9395001303252338)	(3.0, 0.790639752092444)	(4.0, 0.6047090851168583)	(5.0, 0.4402096788207015)	(6.0, 0.36143531524226014)	(7.0, 0.32436502649946425)	(8.0, 0.36143531524226014)	(9.0, 0.18245532740594864)	('>10', 5.132497321092415)	('>50', 2.798806800081091)	('>100', 5.408207593616959)	('>500', 3.961307886124707)	('>1k', 38.601755046482666)	('>5k', 32.36757508181529)	('>10k+', 5.90633959859828)
41_S37	(1.0, 1.4431187448101044)	(2.0, 0.8845767230453214)	(3.0, 0.6975219614527337)	(4.0, 0.5594161094357764)	(5.0, 0.36711682181722827)	(6.0, 0.36187229579126784)	(7.0, 0.2936934574537826)	(8.0, 0.24474454787815217)	(9.0, 0.22813688212927757)	('>10', 3.355622568943665)	('>50', 1.4230147283772563)	('>100', 4.894890957563044)	('>500', 3.2839473799222065)	('>1k', 32.08601022682575)	('>5k', 10.350072112232857)	('>10k+', 39.52624448232157)
42_S38	(1.0, 1.6578784855826325)	(2.0, 0.9025699491710608)	(3.0, 0.7446202080661251)	(4.0, 0.45603534273906227)	(5.0, 0.44534701439361546)	(6.0, 0.36340316374519027)	(7.0, 0.30758633794119045)	(8.0, 0.24701914398365873)	(9.0, 0.21376656690893547)	('>10', 3.802669706902285)	('>50', 1.4856776400171012)	('>100', 5.601871645052492)	('>500', 5.219467008693174)	('>1k', 32.90104983136193)	('>5k', 45.651037955441545)	('>10k+', 0.0)
43_S39	(1.0, 1.612188554483793)	(2.0, 1.114557415044821)	(3.0, 0.746446709158458)	(4.0, 0.5657997886771874)	(5.0, 0.3834486519649613)	(6.0, 0.37833600327209516)	(7.0, 0.39367394935069366)	(8.0, 0.32720951634343365)	(9.0, 0.21473124510037836)	('>10', 4.003203926514196)	('>50', 1.6002590408671051)	('>100', 4.978015610620676)	('>500', 10.232114250656123)	('>1k', 33.077132826613045)	('>5k', 22.388288626060874)	('>10k+', 17.98459388527216)
44_S40	(1.0, 1.903037953579212)	(2.0, 1.2289957247144847)	(3.0, 0.853866215717331)	(4.0, 0.6954782008074216)	(5.0, 0.5180359886151171)	(6.0, 0.4358647628347882)	(7.0, 0.4084743542413452)	(8.0, 0.28581295923592664)	(9.0, 0.2786676352550285)	('>10', 4.393183360922223)	('>50', 2.112634123685558)	('>100', 8.637505805575735)	('>500', 8.65656000285813)	('>1k', 51.82860749544486)	('>5k', 17.763275416512844)	('>10k+', 0.0)
45_S41	(1.0, 2.2749691738594326)	(2.0, 1.6917385943279901)	(3.0, 1.2466091245376079)	(4.0, 0.7842170160295932)	(5.0, 0.6103575832305795)	(6.0, 0.5030826140567201)	(7.0, 0.3797780517879162)	(8.0, 0.4932182490752158)	(9.0, 0.37731196054254007)	('>10', 4.247842170160296)	('>50', 2.1171393341553637)	('>100', 4.665844636251541)	('>500', 7.045622688039457)	('>1k', 60.870530209617755)	('>5k', 12.691738594327989)	('>10k+', 0.0)
46_S42	(1.0, 1.5854442816820895)	(2.0, 1.045053413841152)	(3.0, 0.704741148308264)	(4.0, 0.6395369609489442)	(5.0, 0.4600021436993104)	(6.0, 0.3269141448426167)	(7.0, 0.3876522919718461)	(8.0, 0.24295258851691737)	(9.0, 0.3376326413948337)	('>10', 3.366501125442138)	('>50', 0.9780628103897959)	('>100', 5.319053914037657)	('>500', 5.160956089892458)	('>1k', 38.64911215120226)	('>5k', 17.65515023759334)	('>10k+', 23.141234056236378)
47_S43	(1.0, 1.5782564592159436)	(2.0, 1.1118404041609484)	(3.0, 0.8055373232293096)	(4.0, 0.5449808063329157)	(5.0, 0.4823279034150804)	(6.0, 0.3818843606420431)	(7.0, 0.3132645145891759)	(8.0, 0.21480995286114923)	(9.0, 0.232710782266245)	('>10', 4.130119139964596)	('>50', 1.72146309445671)	('>100', 4.644270740099847)	('>500', 6.031585018994769)	('>1k', 35.19501959146329)	('>5k', 13.486285975694651)	('>10k+', 29.125643932613322)
4_S4	(1.0, 3.8679341417611695)	(2.0, 1.9303276898665074)	(3.0, 1.3407479655860133)	(4.0, 0.9404160540375293)	(5.0, 0.695121773688731)	(6.0, 0.6943938974859156)	(7.0, 0.48403767487225774)	(8.0, 0.4949558179144891)	(9.0, 0.40615492117100727)	('>10', 7.550987728007221)	('>50', 5.486730816822675)	('>100', 20.302650925130653)	('>500', 15.933937955832473)	('>1k', 39.87160263782336)	('>5k', 0.0)	('>10k+', 0.0)
50_S46	(1.0, 1.8095551438120143)	(2.0, 1.2017524112971654)	(3.0, 0.7792342724549343)	(4.0, 0.6441669985627457)	(5.0, 0.48485688063862575)	(6.0, 0.32208349928137286)	(7.0, 0.36364266047896937)	(8.0, 0.3878855045109006)	(9.0, 0.34286307988017106)	('>10', 3.4147777450691787)	('>50', 1.2363850456284957)	('>100', 7.103153301355867)	('>500', 9.149941990337496)	('>1k', 27.377097438916692)	('>5k', 27.197007740393776)	('>10k+', 18.1855962873816)
51_S47	(1.0, 2.339609739419249)	(2.0, 1.4457713629814148)	(3.0, 0.9744303611986227)	(4.0, 0.678926417075732)	(5.0, 0.6410726060517253)	(6.0, 0.35900065938896625)	(7.0, 0.3248101203995409)	(8.0, 0.37121156617090384)	(9.0, 0.3077148509048282)	('>10', 4.507045693213178)	('>50', 3.0173150658167875)	('>100', 7.679439275160574)	('>500', 9.492758932278312)	('>1k', 47.20614452829267)	('>5k', 20.654748821647495)	('>10k+', 0.0)
52_S48	(1.0, 2.7448956801010467)	(2.0, 1.8823022003835461)	(3.0, 1.2546114093391147)	(4.0, 0.7116396207669381)	(5.0, 0.6122873360494759)	(6.0, 0.4713457228456343)	(7.0, 0.4205143213622815)	(8.0, 0.4004898298688396)	(9.0, 0.32578307314330607)	('>10', 6.99239839495999)	('>50', 4.775841221185912)	('>100', 22.10241757226146)	('>500', 19.318243081923274)	('>1k', 37.98723053580918)	('>5k', 0.0)	('>10k+', 0.0)
53_S1	(1.0, 1.6669565106740356)	(2.0, 0.9662409494441357)	(3.0, 0.8754702895753714)	(4.0, 0.6616926607255715)	(5.0, 0.5132359740243214)	(6.0, 0.3537510763109786)	(7.0, 0.38598738542325)	(8.0, 0.32236309112271433)	(9.0, 0.2824918666943786)	('>10', 4.835870528802718)	('>50', 2.0385223893891644)	('>100', 10.8432763966593)	('>500', 5.109030832333018)	('>1k', 19.358327783880995)	('>5k', 20.22913229187433)	('>10k+', 31.557649973065715)
54_S2	(1.0, 2.318013819701109)	(2.0, 1.4301783705608229)	(3.0, 1.3197011087899728)	(4.0, 1.0565643580266753)	(5.0, 0.6578418769082436)	(6.0, 0.4941346617387112)	(7.0, 0.43588301462317214)	(8.0, 0.36156194761369115)	(9.0, 0.388679093684718)	('>10', 7.080588140768118)	('>50', 2.572111521774064)	('>100', 10.2763940221758)	('>500', 4.687248915314157)	('>1k', 29.943355294873854)	('>5k', 13.038325566447051)	('>10k+', 23.93941828699984)
55_S3	(1.0, 1.4481699186037829)	(2.0, 0.8737025144283597)	(3.0, 0.7584889960422023)	(4.0, 0.5867355102998753)	(5.0, 0.4613874694630837)	(6.0, 0.35204130617992513)	(7.0, 0.3845784572056455)	(8.0, 0.20055686533886644)	(9.0, 0.29283435923148315)	('>10', 4.462390253789779)	('>50', 1.6300579267967443)	('>100', 8.200962246236891)	('>500', 4.618141861978472)	('>1k', 16.32831585572707)	('>5k', 20.56454624009217)	('>10k+', 38.837090218585644)
56_S4	(1.0, 1.970219600821528)	(2.0, 1.0940544525778082)	(3.0, 0.831402390857865)	(4.0, 0.6925061877929328)	(5.0, 0.4575017115171941)	(6.0, 0.3673179209015746)	(7.0, 0.3502027489599242)	(8.0, 0.35810205908683973)	(9.0, 0.3139975775448944)	('>10', 4.672441940070567)	('>50', 2.7963557849281164)	('>100', 8.789957343725314)	('>500', 3.438833008583917)	('>1k', 31.296408446995628)	('>5k', 23.242403496761284)	('>10k+', 19.32829532887461)
57_S5	(1.0, 1.9230523095826242)	(2.0, 1.1519115331942507)	(3.0, 0.963765982772523)	(4.0, 0.8191370902714672)	(5.0, 0.5471579782672691)	(6.0, 0.4761234337202903)	(7.0, 0.4390062843173644)	(8.0, 0.39932933150734023)	(9.0, 0.31101611396244766)	('>10', 5.5310952118877275)	('>50', 2.579641883503347)	('>100', 9.425196144936068)	('>500', 4.926341656960745)	('>1k', 31.161766776311577)	('>5k', 12.296655616848625)	('>10k+', 27.04880265195633)
58_S7	(1.0, 1.5261423515115495)	(2.0, 0.8479747836284619)	(3.0, 0.82303434881586)	(4.0, 0.5200345982202081)	(5.0, 0.40859861288730637)	(6.0, 0.35022738247483404)	(7.0, 0.3677387515985757)	(8.0, 0.2589560040116955)	(9.0, 0.25789470891328686)	('>10', 4.860731550711333)	('>50', 1.922536070767157)	('>100', 8.0451474934863)	('>500', 4.439397396643123)	('>1k', 20.867714872458862)	('>5k', 7.762842997309617)	('>10k+', 46.74102807656183)
59_S8	(1.0, 1.7743830787309047)	(2.0, 0.9839404622013317)	(3.0, 0.8131609870740306)	(4.0, 0.7207207207207207)	(5.0, 0.5444575009792402)	(6.0, 0.33372502937720333)	(7.0, 0.3893458676067372)	(8.0, 0.26321974148061106)	(9.0, 0.26086956521739135)	('>10', 4.842929886408148)	('>50', 3.025460242851547)	('>100', 7.984332158245201)	('>500', 4.605562083822953)	('>1k', 44.184097140618874)	('>5k', 17.72972972972973)	('>10k+', 11.54406580493537)
5_S5	(1.0, 2.541281125404348)	(2.0, 1.4782216204017151)	(3.0, 1.2483073798239674)	(4.0, 0.9083728278041073)	(5.0, 0.6065222297449786)	(6.0, 0.5190701873166328)	(7.0, 0.4574776197998947)	(8.0, 0.3911833295719551)	(9.0, 0.36391333784698715)	('>10', 5.709301888211841)	('>50', 4.035018430753028)	('>100', 16.51433085082374)	('>500', 11.691773865944482)	('>1k', 38.35571353343865)	('>5k', 15.179511773113669)	('>10k+', 0.0)
60_S9	(1.0, 1.7729209737985738)	(2.0, 1.017678578962913)	(3.0, 0.8961647187882368)	(4.0, 0.6615754609510147)	(5.0, 0.5020885194717523)	(6.0, 0.4101092780895321)	(7.0, 0.4548331294038226)	(8.0, 0.2700308003881693)	(9.0, 0.37973081304586304)	('>10', 5.280789840091135)	('>50', 2.678368001350154)	('>100', 9.375975697227965)	('>500', 9.584405721277584)	('>1k', 32.935319184844516)	('>5k', 10.932028184464789)	('>10k+', 22.847981097843974)
6_S6	(1.0, 2.6853189597688374)	(2.0, 1.3836408090686818)	(3.0, 1.1030228939764393)	(4.0, 0.7038601170630511)	(5.0, 0.6506075424168334)	(6.0, 0.4584352078239609)	(7.0, 0.3727680225235237)	(8.0, 0.4186115433059199)	(9.0, 0.3000666814847744)	('>10', 6.192116766688894)	('>50', 3.6114506927465366)	('>100', 15.028802696895607)	('>500', 8.62830629028673)	('>1k', 31.54034229828851)	('>5k', 16.37632436837816)	('>10k+', 10.546325109283543)
7_S7	(1.0, 3.2968686587718135)	(2.0, 1.7446499984040056)	(3.0, 1.3105394917441484)	(4.0, 0.9138208564562538)	(5.0, 0.7295974901846337)	(6.0, 0.530782174109321)	(7.0, 0.5075262541096859)	(8.0, 0.3976306321506254)	(9.0, 0.3734627152882594)	('>10', 6.968568028125984)	('>50', 4.921135071295354)	('>100', 18.030177976187762)	('>500', 13.12956283430385)	('>1k', 39.45572027232227)	('>5k', 7.68995754654604)	('>10k+', 0.0)
9_S8	(1.0, 2.764551950632465)	(2.0, 1.6660793149729693)	(3.0, 1.4486342198594855)	(4.0, 0.9057712927485809)	(5.0, 0.7535597261691422)	(6.0, 0.5353648203828533)	(7.0, 0.4776293985768594)	(8.0, 0.5218682282723612)	(9.0, 0.2766801382650881)	('>10', 6.012731785224231)	('>50', 4.3751452758178555)	('>100', 20.00569856111332)	('>500', 16.549071359481733)	('>1k', 43.70721392848306)	('>5k', 0.0)	('>10k+', 0.0)
R1.339.d139	(1.0, 11.716195080335561)	(2.0, 4.995497416939192)	(3.0, 3.6257642542300585)	(4.0, 2.483530025119674)	(5.0, 2.0854068913218637)	(6.0, 1.8768662021896771)	(7.0, 0.9621309066780416)	(8.0, 1.3270771126593677)	(9.0, 1.279681501492962)	('>10', 23.863690222285417)	('>50', 12.81577325939618)	('>100', 30.413763685482724)	('>500', 2.554623441869283)	('>1k', 0.0)	('>5k', 0.0)	('>10k+', 0.0)
R1.339.d42	(1.0, 8.728282852896026)	(2.0, 3.387022100928385)	(3.0, 2.277102268573796)	(4.0, 1.6082263213041255)	(5.0, 1.1391603109237556)	(6.0, 1.1257584249128876)	(7.0, 0.96371743950876)	(8.0, 0.7992397475572017)	(9.0, 0.7017714856599819)	('>10', 14.257170009015816)	('>50', 8.271400375252808)	('>100', 34.35634396549624)	('>500', 13.582202295377568)	('>1k', 8.802602402592656)	('>5k', 0.0)	('>10k+', 0.0)
R1.339.w	(1.0, 11.60492562914416)	(2.0, 4.13199866874888)	(3.0, 2.76490617239702)	(4.0, 1.8944727477535137)	(5.0, 1.2416476792708842)	(6.0, 1.3517319065052098)	(7.0, 0.9497964721845319)	(8.0, 0.7987506720258059)	(9.0, 0.8985945060290315)	('>10', 15.662681446967564)	('>50', 8.12063183226236)	('>100', 34.57412764650162)	('>500', 12.675046721794118)	('>1k', 3.330687898415299)	('>5k', 0.0)	('>10k+', 0.0)
R1.377.d139	(1.0, 8.433406856738284)	(2.0, 3.491000190616235)	(3.0, 2.565149906053427)	(4.0, 1.7754540751027965)	(5.0, 1.565776216540043)	(6.0, 1.2744056858099828)	(7.0, 1.219943904365112)	(8.0, 1.0238814911635759)	(9.0, 0.8332652561065271)	('>10', 20.36326008223729)	('>50', 9.623396781308717)	('>100', 32.81594640960706)	('>500', 12.106854015194838)	('>1k', 2.908259129156115)	('>5k', 0.0)	('>10k+', 0.0)
R1.377.d42	(1.0, 5.097286927925459)	(2.0, 2.16939682988711)	(3.0, 1.596548767227433)	(4.0, 1.2199542075159786)	(5.0, 0.8530839204731302)	(6.0, 0.758493268151239)	(7.0, 0.5940646575729983)	(8.0, 0.5091982779197128)	(9.0, 0.5330669471971994)	('>10', 9.185901572680098)	('>50', 6.104191161520169)	('>100', 24.731477470628278)	('>500', 9.58459675209293)	('>1k', 30.26547264385293)	('>5k', 6.7972665953553335)	('>10k+', 0.0)
R1.377.w	(1.0, 6.338011723219915)	(2.0, 2.692604096121062)	(3.0, 1.9161159244296022)	(4.0, 1.3357931855865113)	(5.0, 1.0625627612619977)	(6.0, 0.86172672286962)	(7.0, 0.6375376567571985)	(8.0, 0.6352023539851942)	(9.0, 0.5569697111230472)	('>10', 12.044324046612644)	('>50', 6.072954858597417)	('>100', 26.724037271432245)	('>500', 16.789659279325562)	('>1k', 22.332500408677987)	('>5k', 0.0)	('>10k+', 0.0)
R1.378.d139	(1.0, 8.765701802293828)	(2.0, 3.659202621518296)	(3.0, 3.0638995084653198)	(4.0, 2.1190606226105952)	(5.0, 1.4882577826324412)	(6.0, 1.4418350628072092)	(7.0, 0.8793009284543966)	(8.0, 1.13599126160568)	(9.0, 0.9830693610049154)	('>10', 19.008738394320044)	('>50', 9.298197706171491)	('>100', 40.64445658110322)	('>500', 7.512288367012561)	('>1k', 0.0)	('>5k', 0.0)	('>10k+', 0.0)
R1.378.d42	(1.0, 6.435970273449828)	(2.0, 2.808145151262996)	(3.0, 1.9196005853490576)	(4.0, 1.4499823056248984)	(5.0, 1.1190496685891365)	(6.0, 0.8780235861237841)	(7.0, 0.7297734163534284)	(8.0, 0.7728137882222413)	(9.0, 0.6456055780321942)	('>10', 12.292330205732977)	('>50', 8.714240624372328)	('>100', 24.08443564507953)	('>500', 21.045785391141337)	('>1k', 17.104243780666266)	('>5k', 0.0)	('>10k+', 0.0)
R1.378.w	(1.0, 6.234764959662202)	(2.0, 2.7741797301294278)	(3.0, 1.8174956908421473)	(4.0, 1.2320621742633635)	(5.0, 1.014819423337787)	(6.0, 0.917927116586943)	(7.0, 0.6711067141268983)	(8.0, 0.64458881964772)	(9.0, 0.6333697104449907)	('>10', 11.857578508266444)	('>50', 6.466286576845798)	('>100', 24.573928830050896)	('>500', 15.837302518180058)	('>1k', 25.32458922761533)	('>5k', 0.0)	('>10k+', 0.0)
R1.403.d139	(1.0, 13.211963589076722)	(2.0, 5.825747724317295)	(3.0, 4.7074122236671)	(4.0, 2.635457303857824)	(5.0, 2.340702210663199)	(6.0, 1.6124837451235372)	(7.0, 1.3957520589510186)	(8.0, 1.1790203727785002)	(9.0, 1.092327698309493)	('>10', 32.58777633289987)	('>50', 12.795838751625489)	('>100', 20.615517988729952)	('>500', 0.0)	('>1k', 0.0)	('>5k', 0.0)	('>10k+', 0.0)
R1.403.d42	(1.0, 9.489694187475365)	(2.0, 4.062043541768102)	(3.0, 2.7335327258816164)	(4.0, 1.92900697873919)	(5.0, 1.3447404419095315)	(6.0, 1.1128886415803019)	(7.0, 1.2821404558206395)	(8.0, 0.9459553453432566)	(9.0, 0.9181331293037491)	('>10', 19.531195659734298)	('>50', 10.502886554914099)	('>100', 33.01801488488558)	('>500', 10.43333101481533)	('>1k', 2.6964364378289396)	('>5k', 0.0)	('>10k+', 0.0)
R1.403.w	(1.0, 9.872611464968154)	(2.0, 3.839514256801)	(3.0, 2.5180070242276327)	(4.0, 2.0358354663968092)	(5.0, 1.503065658670159)	(6.0, 1.3393654384189535)	(7.0, 1.3959164235966426)	(8.0, 0.9524376450979225)	(9.0, 0.7232573367462348)	('>10', 17.176617655812844)	('>50', 11.9024941960831)	('>100', 27.921304839573786)	('>500', 15.396749806536103)	('>1k', 3.422822787070659)	('>5k', 0.0)	('>10k+', 0.0)
R1.405.d139	(1.0, 9.326612757007652)	(2.0, 3.8075207600536674)	(3.0, 2.9807448235848715)	(4.0, 2.0596874206766507)	(5.0, 1.7949740725967291)	(6.0, 1.3054356891612575)	(7.0, 1.4468578888203938)	(8.0, 1.247416325198535)	(9.0, 1.044348551329006)	('>10', 20.770932298654678)	('>50', 9.812524930195453)	('>100', 42.45204336947456)	('>500', 1.9509011132465461)	('>1k', 0.0)	('>5k', 0.0)	('>10k+', 0.0)
R1.405.d42	(1.0, 5.812968340009706)	(2.0, 2.4199452180994134)	(3.0, 1.8038544742664901)	(4.0, 1.358854350883831)	(5.0, 0.9706102506313079)	(6.0, 0.7797784047444746)	(7.0, 0.7542793218889062)	(8.0, 0.6580408478856324)	(9.0, 0.7032811561777698)	('>10', 11.733690868860684)	('>50', 7.077229319009977)	('>100', 28.302336867561056)	('>500', 11.087988286872907)	('>1k', 22.3141651518018)	('>5k', 4.222977141306047)	('>10k+', 0.0)
R1.405.w	(1.0, 5.412304106184802)	(2.0, 2.4600506650998373)	(3.0, 1.687552374806153)	(4.0, 1.2714435700594302)	(5.0, 0.9102380103834558)	(6.0, 0.6126046292104528)	(7.0, 0.5865978289137826)	(8.0, 0.5239888652366137)	(9.0, 0.47679133877228635)	('>10', 10.743698167002186)	('>50', 7.313690172319132)	('>100', 24.980013292364596)	('>500', 13.909785299415327)	('>1k', 29.11124168023194)	('>5k', 0.0)	('>10k+', 0.0)
R1.407.d139	(1.0, 9.747530845666596)	(2.0, 4.184803818558434)	(3.0, 3.053045540512143)	(4.0, 2.461649305034373)	(5.0, 1.84623697877578)	(6.0, 1.440965446849389)	(7.0, 1.2818588454264357)	(8.0, 1.5130137191918585)	(9.0, 0.9456335744949116)	('>10', 22.929362672990905)	('>50', 10.792230794632404)	('>100', 36.48044189607037)	('>500', 3.3232265617964036)	('>1k', 0.0)	('>5k', 0.0)	('>10k+', 0.0)
R1.407.d42	(1.0, 6.387276940444832)	(2.0, 2.8757600364421383)	(3.0, 1.8924164702620268)	(4.0, 1.5171020577924779)	(5.0, 1.0645461567408052)	(6.0, 0.9447228218890494)	(7.0, 0.7902398447248025)	(8.0, 0.5545542769998614)	(9.0, 0.5971361232694936)	('>10', 13.804440395317977)	('>50', 9.081816561367372)	('>100', 33.08213344952566)	('>500', 16.67029767681369)	('>1k', 10.737557188409816)	('>5k', 0.0)	('>10k+', 0.0)
R1.407.w	(1.0, 6.551678354596917)	(2.0, 2.7037139856848)	(3.0, 1.97709085203201)	(4.0, 1.3711692355972915)	(5.0, 1.0380330480754143)	(6.0, 0.8980192881024516)	(7.0, 0.77731777088438)	(8.0, 0.6276478895339714)	(9.0, 0.6409250564279593)	('>10', 11.44008980192881)	('>50', 7.359171504785815)	('>100', 29.232700455044718)	('>500', 17.866238578618933)	('>1k', 17.516204178686525)	('>5k', 0.0)	('>10k+', 0.0)
R1.415.d139	(1.0, 7.676916847295335)	(2.0, 3.4204320796512873)	(3.0, 2.8225710406593145)	(4.0, 1.8293118643260367)	(5.0, 1.4172403115546768)	(6.0, 1.5720648834051876)	(7.0, 1.1504656646737965)	(8.0, 0.9908772598432699)	(9.0, 0.7931781911726175)	('>10', 17.106924231236455)	('>50', 11.933401614939381)	('>100', 31.543720077174093)	('>500', 13.788914560655504)	('>1k', 3.953981373413048)	('>5k', 0.0)	('>10k+', 0.0)
R1.415.d42	(1.0, 6.53675196504357)	(2.0, 2.918058310941463)	(3.0, 2.1395745963185253)	(4.0, 1.582079807136938)	(5.0, 1.142613194043344)	(6.0, 1.0095175912207126)	(7.0, 0.8437758971397001)	(8.0, 0.9341804575475251)	(9.0, 0.7571381934155346)	('>10', 14.124456944828106)	('>50', 8.475427538233596)	('>100', 35.07320258155245)	('>500', 11.578061826674368)	('>1k', 12.885161095904172)	('>5k', 0.0)	('>10k+', 0.0)
R1.415.w	(1.0, 6.024987746571352)	(2.0, 2.5709080484218507)	(3.0, 1.8726938122497296)	(4.0, 1.390879749937577)	(5.0, 1.1004966106553966)	(6.0, 0.9377340867265314)	(7.0, 0.7509270990354471)	(8.0, 0.57706713029325)	(9.0, 0.4827388493799303)	('>10', 12.25157907391823)	('>50', 6.141510917111335)	('>100', 27.25994839688162)	('>500', 13.686848603109134)	('>1k', 24.951679875708617)	('>5k', 0.0)	('>10k+', 0.0)
R1.417.d139	(1.0, 9.400630914826499)	(2.0, 4.221393748207628)	(3.0, 3.0886148551763695)	(4.0, 2.110696874103814)	(5.0, 1.7780326928591914)	(6.0, 0.8947519357613996)	(7.0, 1.1843991970174934)	(8.0, 1.1930025810151992)	(9.0, 1.0065959277315744)	('>10', 21.178663607685692)	('>50', 13.05706911385145)	('>100', 31.445368511614568)	('>500', 9.440780040149125)	('>1k', 0.0)	('>5k', 0.0)	('>10k+', 0.0)
R1.417.d42	(1.0, 6.341172413150266)	(2.0, 2.738551308222179)	(3.0, 1.990995777523)	(4.0, 1.446641126739558)	(5.0, 1.0393072527800302)	(6.0, 0.8836441933950393)	(7.0, 0.6916286830159485)	(8.0, 0.5965530419544569)	(9.0, 0.7214563351136712)	('>10', 11.733452643941725)	('>50', 7.986353849165292)	('>100', 33.017346643923084)	('>500', 8.118714055348937)	('>1k', 16.909482397024693)	('>5k', 5.784700278702124)	('>10k+', 0.0)
R1.417.w	(1.0, 7.181010811738458)	(2.0, 2.7608546421829416)	(3.0, 1.9564098163720611)	(4.0, 1.3557576797666038)	(5.0, 0.9438819289514331)	(6.0, 0.9588982323665695)	(7.0, 0.8033722327097993)	(8.0, 0.6092328814141067)	(9.0, 0.6081602883130256)	('>10', 11.251501630341513)	('>50', 7.76771923802986)	('>100', 27.167710657285056)	('>500', 12.899004633602196)	('>1k', 23.736485326926378)	('>5k', 0.0)	('>10k+', 0.0)
R1.420.d139	(1.0, 9.977416608048573)	(2.0, 4.035392988041909)	(3.0, 2.6100477583206843)	(4.0, 1.7696494020954425)	(5.0, 1.268001925141609)	(6.0, 1.1439783791788531)	(7.0, 1.0106993447114139)	(8.0, 0.9773795860945541)	(9.0, 0.9496131205805043)	('>10', 16.88015993484136)	('>50', 9.544259746029397)	('>100', 34.17681685239347)	('>500', 10.81966606197475)	('>1k', 4.83691829254748)	('>5k', 0.0)	('>10k+', 0.0)
R1.420.d42	(1.0, 10.841596932945036)	(2.0, 3.973900541895528)	(3.0, 2.549120802152837)	(4.0, 1.7252184170752387)	(5.0, 1.3547388211007483)	(6.0, 1.2828547203892802)	(7.0, 0.9676705865005346)	(8.0, 0.9437092195967117)	(9.0, 0.9455524016662366)	('>10', 15.517749843329524)	('>50', 10.119069561691305)	('>100', 29.55542448483061)	('>500', 9.56795812290338)	('>1k', 10.655435543923028)	('>5k', 0.0)	('>10k+', 0.0)
R1.420.w	(1.0, 8.634653070426443)	(2.0, 3.277665053847355)	(3.0, 2.1434888923573174)	(4.0, 1.817456601286787)	(5.0, 1.1445814473752667)	(6.0, 1.0197180167525104)	(7.0, 0.9226020151570331)	(8.0, 0.8879177288729341)	(9.0, 0.51506165131887)	('>10', 14.491094809496557)	('>50', 8.293012850528068)	('>100', 32.327489031094466)	('>500', 12.418708704021643)	('>1k', 12.106550127464752)	('>5k', 0.0)	('>10k+', 0.0)
R1.453.d139	(1.0, 8.312277555899692)	(2.0, 3.4232618795337846)	(3.0, 2.4329611215257967)	(4.0, 1.79857092400902)	(5.0, 1.399190371396745)	(6.0, 1.1818404107914255)	(7.0, 0.9794332599777217)	(8.0, 0.8585323443910127)	(9.0, 0.7335561170429538)	('>10', 15.74836308310919)	('>50', 10.143450973999512)	('>100', 29.88426114597767)	('>500', 12.102317493954954)	('>1k', 11.001983318390524)	('>5k', 0.0)	('>10k+', 0.0)
R1.453.d42	(1.0, 5.91629901139811)	(2.0, 2.503564900326344)	(3.0, 1.8145103406034968)	(4.0, 1.3015475016987108)	(5.0, 0.9426649185097282)	(6.0, 0.792412743681274)	(7.0, 0.7570029954732943)	(8.0, 0.7043668832722436)	(9.0, 0.6201491037505623)	('>10', 10.510953096438929)	('>50', 9.022786651481946)	('>100', 22.317711573245543)	('>500', 15.74202562900154)	('>1k', 27.05400465111828)	('>5k', 0.0)	('>10k+', 0.0)
R1.453.w	(1.0, 5.946275946275946)	(2.0, 2.4870855640086407)	(3.0, 1.8230487461256693)	(4.0, 1.3637644406875178)	(5.0, 1.1176857330703485)	(6.0, 0.7213299520991829)	(7.0, 0.6771860618014465)	(8.0, 0.5635390250774865)	(9.0, 0.5748098055790364)	('>10', 10.5081243542782)	('>50', 7.272471118624965)	('>100', 25.67014182398798)	('>500', 18.093359631821173)	('>1k', 23.181177796562412)	('>5k', 0.0)	('>10k+', 0.0)
R1.455.d139	(1.0, 7.473371315333169)	(2.0, 3.1979192469655686)	(3.0, 2.2145157295021054)	(4.0, 1.515977210800099)	(5.0, 1.4181322764429032)	(6.0, 1.055239038890265)	(7.0, 0.9016596482536536)	(8.0, 0.8323012137726035)	(9.0, 0.7468417141441664)	('>10', 14.42903145900421)	('>50', 10.78523656180332)	('>100', 30.017339608620265)	('>500', 11.315333168194204)	('>1k', 14.097101808273472)	('>5k', 0.0)	('>10k+', 0.0)
R1.455.d42	(1.0, 6.392295505222393)	(2.0, 2.6698744278840514)	(3.0, 1.931991550287525)	(4.0, 1.3143997183429175)	(5.0, 1.1075577983804719)	(6.0, 0.8713765989907288)	(7.0, 0.7547529632672222)	(8.0, 0.6278605797441615)	(9.0, 0.7327485036967493)	('>10', 11.63449125689473)	('>50', 7.2724738880413105)	('>100', 26.99360403708485)	('>500', 14.805333880999882)	('>1k', 19.173219105738763)	('>5k', 3.718020185424246)	('>10k+', 0.0)
R1.455.w	(1.0, 5.346397921941275)	(2.0, 2.244106138822214)	(3.0, 1.6917107815736692)	(4.0, 1.334955446683984)	(5.0, 0.9083286752375628)	(6.0, 0.8236609344688127)	(7.0, 0.7135106697793707)	(8.0, 0.6313089797126229)	(9.0, 0.5548614079505475)	('>10', 10.576069443987768)	('>50', 5.8034393187123925)	('>100', 19.104494788412847)	('>500', 15.781902475914904)	('>1k', 34.48525301680203)	('>5k', 0.0)	('>10k+', 0.0)
R1.457.d139	(1.0, 9.64988846862574)	(2.0, 4.325477645233246)	(3.0, 2.916787896421298)	(4.0, 1.9008825526137134)	(5.0, 1.6972165648336728)	(6.0, 1.2801862089031133)	(7.0, 1.1371350984385609)	(8.0, 0.9504412763068567)	(9.0, 1.0037823683444864)	('>10', 20.194452526428087)	('>50', 12.489089322083212)	('>100', 31.7524973329454)	('>500', 7.843565124624188)	('>1k', 2.8585976141984286)	('>5k', 0.0)	('>10k+', 0.0)
R1.457.d42	(1.0, 9.232925689676188)	(2.0, 3.7663023605411774)	(3.0, 2.7058871328159912)	(4.0, 1.7876731808393937)	(5.0, 1.4220127574858814)	(6.0, 1.1091699508389876)	(7.0, 0.7821070166172348)	(8.0, 0.7963271441920936)	(9.0, 0.8593019948807542)	('>10', 18.557266485190752)	('>50', 11.006378742940722)	('>100', 32.033884532564095)	('>500', 11.051070572461708)	('>1k', 4.8896924389550245)	('>5k', 0.0)	('>10k+', 0.0)
R1.457.w	(1.0, 8.329702084718942)	(2.0, 3.715340687567369)	(3.0, 2.3255280599958716)	(4.0, 1.550352039997248)	(5.0, 1.3645850056188795)	(6.0, 1.0595601220099533)	(7.0, 0.9953443570396533)	(8.0, 0.7522418182235168)	(9.0, 0.8462720455014563)	('>10', 15.333807306836686)	('>50', 8.118707428387955)	('>100', 41.05680801779694)	('>500', 11.861569158085453)	('>1k', 2.6901818682200767)	('>5k', 0.0)	('>10k+', 0.0)
R1.481.d139	(1.0, 7.3842787184927206)	(2.0, 3.3598868473373096)	(3.0, 2.2016732716864817)	(4.0, 1.6812777711060405)	(5.0, 1.4544387067504636)	(6.0, 1.0968335935310836)	(7.0, 1.0181070947253246)	(8.0, 0.8539823599268778)	(9.0, 0.6124654737600577)	('>10', 16.936872022737283)	('>50', 9.495216364436972)	('>100', 39.35657766569259)	('>500', 10.81622032744886)	('>1k', 3.7321697823679325)	('>5k', 0.0)	('>10k+', 0.0)
R1.481.d42	(1.0, 6.08776316850851)	(2.0, 2.6441881100266196)	(3.0, 1.8875534403484713)	(4.0, 1.3229007017826895)	(5.0, 0.927643784786642)	(6.0, 0.8227797047672825)	(7.0, 0.5702992659514399)	(8.0, 0.6130515447285634)	(9.0, 0.6316044204242962)	('>10', 12.580463015245623)	('>50', 7.356618536742761)	('>100', 30.107284020327498)	('>500', 12.82649027990643)	('>1k', 21.621360006453173)	('>5k', 0.0)	('>10k+', 0.0)
R1.481.w	(1.0, 4.937920576248697)	(2.0, 2.1609326130224624)	(3.0, 1.6613184938462162)	(4.0, 1.034431401221279)	(5.0, 0.8462298766535332)	(6.0, 0.706771192981031)	(7.0, 0.6729219979148895)	(8.0, 0.530755378637096)	(9.0, 0.597099800966733)	('>10', 9.024195404633279)	('>50', 5.252041106462489)	('>100', 21.584954709777)	('>500', 9.125742989831702)	('>1k', 33.78285064381169)	('>5k', 8.081833813991905)	('>10k+', 0.0)
R1.482.d139	(1.0, 8.55761836757113)	(2.0, 3.8185213665824453)	(3.0, 2.999011314951115)	(4.0, 2.1531363286828515)	(5.0, 1.5709106887839175)	(6.0, 1.2523343952543118)	(7.0, 0.9073931670877732)	(8.0, 1.0721740085686038)	(9.0, 0.9491376469295836)	('>10', 19.48588377457981)	('>50', 13.65264198615841)	('>100', 35.30923871251236)	('>500', 8.271998242337691)	('>1k', 0.0)	('>5k', 0.0)	('>10k+', 0.0)
R1.482.d42	(1.0, 6.5391135868248975)	(2.0, 2.8318859633948037)	(3.0, 1.9669238487354253)	(4.0, 1.373559838079092)	(5.0, 0.9990312424315815)	(6.0, 0.8822613569525654)	(7.0, 0.7750060547348026)	(8.0, 0.7265681763138775)	(9.0, 0.5527107912673425)	('>10', 12.343874338303982)	('>50', 6.857419645019548)	('>100', 31.634259419437427)	('>500', 16.2422585890738)	('>1k', 16.275127149430855)	('>5k', 0.0)	('>10k+', 0.0)
R1.482.w	(1.0, 6.8149801982829645)	(2.0, 2.9450070435637774)	(3.0, 2.144964516386253)	(4.0, 1.5309783908779204)	(5.0, 1.0365999521569251)	(6.0, 1.1322861015867953)	(7.0, 0.7535284267602265)	(8.0, 0.7761209898200568)	(9.0, 0.8013715014751615)	('>10', 13.645908088137576)	('>50', 8.561252425378093)	('>100', 30.893336522871646)	('>500', 12.930919916008824)	('>1k', 16.032745926693778)	('>5k', 0.0)	('>10k+', 0.0)
R1.491.d139	(1.0, 6.990416838144512)	(2.0, 3.2688576635898645)	(3.0, 2.5089658416132634)	(4.0, 1.8225645246634135)	(5.0, 1.1097066259039332)	(6.0, 1.225821623846199)	(7.0, 1.0288670703745075)	(8.0, 0.8466106179081662)	(9.0, 0.7804691633840908)	('>10', 16.166441295784583)	('>50', 9.53024869186901)	('>100', 32.29025809865365)	('>500', 6.987477217943441)	('>1k', 15.44329472632136)	('>5k', 0.0)	('>10k+', 0.0)
R1.491.d42	(1.0, 6.170884602129304)	(2.0, 2.617386525582392)	(3.0, 1.8917836417999423)	(4.0, 1.356197431049097)	(5.0, 0.9407688223623544)	(6.0, 0.9500833651580212)	(7.0, 0.762861054965117)	(8.0, 0.6333889101053475)	(9.0, 0.7125625238685159)	('>10', 12.451680809247478)	('>50', 7.798135228532307)	('>100', 28.49411786622454)	('>500', 14.8557643048091)	('>1k', 20.36438491416649)	('>5k', 0.0)	('>10k+', 0.0)
R1.491.w	(1.0, 6.262565769773709)	(2.0, 3.0172106486432533)	(3.0, 1.9763014929203917)	(4.0, 1.351755999486675)	(5.0, 1.269053628210064)	(6.0, 1.0180947084741412)	(7.0, 0.8284496157191542)	(8.0, 0.6159900757154468)	(9.0, 0.6288232022928519)	('>10', 12.78464587700161)	('>50', 8.441345482026493)	('>100', 21.49691292010666)	('>500', 25.161483509432347)	('>1k', 15.147367070197202)	('>5k', 0.0)	('>10k+', 0.0)
R1.492.d139	(1.0, 8.35406479654571)	(2.0, 3.4800263075119386)	(3.0, 2.2690229046924597)	(4.0, 1.5727316919733492)	(5.0, 1.5083926682108033)	(6.0, 1.1752595007291757)	(7.0, 0.9107546252609304)	(8.0, 0.8807297475050756)	(9.0, 0.694861456635498)	('>10', 16.848245689285406)	('>50', 10.277086729004031)	('>100', 35.40219038632009)	('>500', 7.59772382831489)	('>1k', 9.028909668010638)	('>5k', 0.0)	('>10k+', 0.0)
R1.492.d42	(1.0, 7.981725342649826)	(2.0, 3.1433893373119943)	(3.0, 2.1434727409205907)	(4.0, 1.460489857194488)	(5.0, 1.1213151822368848)	(6.0, 1.0064035437266587)	(7.0, 0.99250294229397)	(8.0, 1.0082569572510172)	(9.0, 0.7923342816632533)	('>10', 13.423347450166345)	('>50', 9.02983069067455)	('>100', 30.232881409335643)	('>500', 12.156539306267318)	('>1k', 15.507510958307464)	('>5k', 0.0)	('>10k+', 0.0)
R1.492.w	(1.0, 7.60539914353027)	(2.0, 3.082249729912661)	(3.0, 2.085204420320981)	(4.0, 1.4317883035911854)	(5.0, 1.1519387715256355)	(6.0, 0.9996485610527548)	(7.0, 0.9749176721725434)	(8.0, 0.6976713915680685)	(9.0, 0.5974462103166855)	('>10', 14.613352076743851)	('>50', 9.246749189737983)	('>100', 26.693740481861845)	('>500', 18.800682051882802)	('>1k', 12.019211995782733)	('>5k', 0.0)	('>10k+', 0.0)
R1.494.d139	(1.0, 11.4917006406523)	(2.0, 4.288002329644729)	(3.0, 2.8556348281887014)	(4.0, 1.8782760629004076)	(5.0, 1.6471316249271986)	(6.0, 1.3213453698311008)	(7.0, 1.2740244612696563)	(8.0, 0.9464181712288876)	(9.0, 1.0155794991263833)	('>10', 18.65535818287711)	('>50', 9.631624927198603)	('>100', 32.62230634828189)	('>500', 8.170136866627839)	('>1k', 4.202460687245195)	('>5k', 0.0)	('>10k+', 0.0)
R1.494.d42	(1.0, 10.572825638709423)	(2.0, 4.025685839404591)	(3.0, 2.6451701588673093)	(4.0, 1.6652593130805333)	(5.0, 1.4138994167664907)	(6.0, 1.1782495139720754)	(7.0, 1.1409382793629597)	(8.0, 0.7383696954225006)	(9.0, 1.0604245625748678)	('>10', 15.984918406221157)	('>50', 11.116784164326532)	('>100', 29.95306639436011)	('>500', 13.339748247353848)	('>1k', 5.164660369577597)	('>5k', 0.0)	('>10k+', 0.0)
R1.494.w	(1.0, 8.363243480808674)	(2.0, 3.5232932903603866)	(3.0, 2.5490770583064752)	(4.0, 1.596835628479344)	(5.0, 1.3368004687957808)	(6.0, 1.065777907998828)	(7.0, 0.9742162320539115)	(8.0, 0.7764430120128919)	(9.0, 0.6427629651333139)	('>10', 15.113170231467917)	('>50', 9.410709053618517)	('>100', 35.76582185760328)	('>500', 14.662686785818927)	('>1k', 4.219162027541752)	('>5k', 0.0)	('>10k+', 0.0)
R1.498.d139	(1.0, 7.8414559100951315)	(2.0, 3.024403038526335)	(3.0, 2.1971813935658298)	(4.0, 1.5374216913656218)	(5.0, 1.1651719511333944)	(6.0, 1.1197756413489766)	(7.0, 0.8685827272085304)	(8.0, 0.7344114116234729)	(9.0, 0.8352921000332907)	('>10', 14.549012882463911)	('>50', 8.04019086626247)	('>100', 29.777961604809995)	('>500', 12.635306223329668)	('>1k', 15.673832558233377)	('>5k', 0.0)	('>10k+', 0.0)
R1.498.d42	(1.0, 7.009321255087304)	(2.0, 2.7228567677563342)	(3.0, 2.197715636077196)	(4.0, 1.4336352894840487)	(5.0, 1.1881318104240515)	(6.0, 0.7640803465931469)	(7.0, 0.65248785611133)	(8.0, 0.7141919390836287)	(9.0, 0.7562032296179598)	('>10', 14.71445450964947)	('>50', 9.015360378101615)	('>100', 31.15005907837731)	('>500', 12.816069318629381)	('>1k', 14.865432585007222)	('>5k', 0.0)	('>10k+', 0.0)
R1.498.w	(1.0, 6.318395121904598)	(2.0, 2.643575995641827)	(3.0, 1.992717263526106)	(4.0, 1.4985998413472106)	(5.0, 1.1421089352104061)	(6.0, 0.89457235427359)	(7.0, 0.7894409878525485)	(8.0, 0.7416540031157114)	(9.0, 0.6107176649367778)	('>10', 12.568932725482886)	('>50', 6.448375720388795)	('>100', 31.255555236975656)	('>500', 15.660750637956248)	('>1k', 17.43460351138764)	('>5k', 0.0)	('>10k+', 0.0)
R1.502.d139	(1.0, 6.924689535878466)	(2.0, 2.9048724770383463)	(3.0, 2.199806341834864)	(4.0, 1.5079014411551803)	(5.0, 1.2174141934513458)	(6.0, 0.9476088857134799)	(7.0, 0.7699322196422024)	(8.0, 0.8799225367339456)	(9.0, 0.6091771408158085)	('>10', 13.458302388764064)	('>50', 8.745640341063991)	('>100', 28.590901826591335)	('>500', 16.319930809509934)	('>1k', 14.923899861807039)	('>5k', 0.0)	('>10k+', 0.0)
R1.502.d42	(1.0, 6.790506885438032)	(2.0, 2.861998242015822)	(3.0, 2.074421330208028)	(4.0, 1.514210372106651)	(5.0, 1.1661295048344564)	(6.0, 1.0266627600351597)	(7.0, 1.0090829182537358)	(8.0, 0.6844418400234398)	(9.0, 0.6750659244066803)	('>10', 13.16261353647817)	('>50', 10.54087313214181)	('>100', 23.66481101670085)	('>500', 13.201289188397306)	('>1k', 21.62789334895986)	('>5k', 0.0)	('>10k+', 0.0)
R1.502.w	(1.0, 4.657596115847118)	(2.0, 2.0041777225766384)	(3.0, 1.4847851860215662)	(4.0, 1.1178230678033083)	(5.0, 0.8327217298029697)	(6.0, 0.643595099644329)	(7.0, 0.5861984606409605)	(8.0, 0.5419748207531192)	(9.0, 0.4064811155648394)	('>10', 9.015036037561867)	('>50', 6.110389732588118)	('>100', 21.61312783454713)	('>500', 8.700765915805716)	('>1k', 24.656090630233916)	('>5k', 17.629236530608406)	('>10k+', 0.0)
R1.506.d139	(1.0, 9.971211724679403)	(2.0, 4.006200551607513)	(3.0, 2.7056952469148228)	(4.0, 2.0775874217381674)	(5.0, 1.5602037324099611)	(6.0, 1.2682946469913232)	(7.0, 1.1273730195478429)	(8.0, 1.0790570329957925)	(9.0, 0.9240432428079641)	('>10', 18.821089928129968)	('>50', 10.969742113421779)	('>100', 29.064079077164656)	('>500', 10.873110140317678)	('>1k', 5.552312121273126)	('>5k', 0.0)	('>10k+', 0.0)
R1.506.d42	(1.0, 10.452030093887958)	(2.0, 4.42703475719704)	(3.0, 2.7140458869613875)	(4.0, 1.604178324939377)	(5.0, 2.0984890878567435)	(6.0, 1.2870733072188025)	(7.0, 1.001057016725735)	(8.0, 1.0445812348442454)	(9.0, 1.0072747621712368)	('>10', 20.08642666169247)	('>50', 11.757756637443263)	('>100', 32.84524031586147)	('>500', 6.404277808866506)	('>1k', 3.270534104333769)	('>5k', 0.0)	('>10k+', 0.0)
R1.506.w	(1.0, 8.150095602294455)	(2.0, 3.5677038067095426)	(3.0, 2.274900052146706)	(4.0, 1.7469146532244046)	(5.0, 1.390578828437337)	(6.0, 1.1863375630106032)	(7.0, 0.8061011646097688)	(8.0, 0.7474361202850687)	(9.0, 0.743090561446202)	('>10', 16.447940205110378)	('>50', 10.335911698244395)	('>100', 31.172866330610116)	('>500', 10.54884408134886)	('>1k', 10.881279332522162)	('>5k', 0.0)	('>10k+', 0.0)
R1.508.d139	(1.0, 6.373232972278318)	(2.0, 2.81990086286029)	(3.0, 2.0020194602533503)	(4.0, 1.3622177345327704)	(5.0, 1.0923444097668442)	(6.0, 0.8922342573893887)	(7.0, 0.7003855333210942)	(8.0, 0.6976317238847072)	(9.0, 0.7187442628970075)	('>10', 12.638149440058749)	('>50', 8.441343859004958)	('>100', 34.12061685331375)	('>500', 14.841196989168349)	('>1k', 13.299981641270426)	('>5k', 0.0)	('>10k+', 0.0)
R1.508.d42	(1.0, 6.850923482849604)	(2.0, 2.965699208443272)	(3.0, 2.1767810026385224)	(4.0, 1.525065963060686)	(5.0, 1.141160949868074)	(6.0, 1.108179419525066)	(7.0, 0.7018469656992085)	(8.0, 0.812664907651715)	(9.0, 0.6649076517150396)	('>10', 14.366754617414248)	('>50', 8.766490765171504)	('>100', 27.25065963060686)	('>500', 8.949868073878628)	('>1k', 22.718997361477573)	('>5k', 0.0)	('>10k+', 0.0)
R1.508.w	(1.0, 5.842874062376628)	(2.0, 2.3873110238963333)	(3.0, 1.6999140753814357)	(4.0, 1.356215601123987)	(5.0, 1.1146977543484824)	(6.0, 0.8290564547966837)	(7.0, 0.7233923968324005)	(8.0, 0.6781078005619935)	(9.0, 0.6583683611620724)	('>10', 11.81115162211746)	('>50', 8.136132463249808)	('>100', 21.12352244490374)	('>500', 14.488748519542044)	('>1k', 29.150507419706926)	('>5k', 0.0)	('>10k+', 0.0)
R1.512.d139	(1.0, 7.214117855717643)	(2.0, 3.243470935130581)	(3.0, 2.081762958364741)	(4.0, 1.6716179665676407)	(5.0, 1.3024874739502506)	(6.0, 1.1971799760564004)	(7.0, 0.7992284840154302)	(8.0, 0.8158559836828804)	(9.0, 0.6285194874296103)	('>10', 14.489203210215937)	('>50', 8.693965326120694)	('>100', 28.81213142375737)	('>500', 13.857358222852836)	('>1k', 15.193100696137988)	('>5k', 0.0)	('>10k+', 0.0)
R1.512.d42	(1.0, 5.911365779357366)	(2.0, 2.6619279030971206)	(3.0, 1.9692463915282514)	(4.0, 1.2910712990498296)	(5.0, 0.9066511931529702)	(6.0, 0.9646768695147603)	(7.0, 0.6769662242208844)	(8.0, 0.6866371702811828)	(9.0, 0.5004714586204395)	('>10', 12.051207659389279)	('>50', 8.506805928289934)	('>100', 27.139092381712242)	('>500', 9.498077899470516)	('>1k', 20.73450835327966)	('>5k', 6.5012934890355645)	('>10k+', 0.0)
R1.512.w	(1.0, 6.557759367434422)	(2.0, 2.8918552739710814)	(3.0, 1.9923150389800768)	(4.0, 1.483686115985163)	(5.0, 1.1438598049885613)	(6.0, 0.8662239299913378)	(7.0, 0.6996424049930036)	(8.0, 0.7018634919929814)	(9.0, 0.6496679474935033)	('>10', 12.865646447371343)	('>50', 9.790551495902095)	('>100', 30.355596028696446)	('>500', 16.087333140839128)	('>1k', 13.913999511360862)	('>5k', 0.0)	('>10k+', 0.0)
R1.521.d139	(1.0, 6.891027286824889)	(2.0, 3.0213714273977383)	(3.0, 2.3107021453585697)	(4.0, 1.5733314163063683)	(5.0, 1.186160434617399)	(6.0, 1.0228708163453937)	(7.0, 0.7835847719593727)	(8.0, 0.788719665615725)	(9.0, 0.7209390693518738)	('>10', 14.519425302701979)	('>50', 8.502356916188266)	('>100', 33.09438961519107)	('>500', 17.185462089080136)	('>1k', 8.399659043061218)	('>5k', 0.0)	('>10k+', 0.0)
R1.521.d42	(1.0, 6.34574341949253)	(2.0, 2.7697415224092956)	(3.0, 2.0346217690301165)	(4.0, 1.6820804679471977)	(5.0, 1.138249940716149)	(6.0, 0.9675124496087265)	(7.0, 0.7193107264247885)	(8.0, 0.6450082997391511)	(9.0, 0.6260374673938819)	('>10', 13.203699312307327)	('>50', 9.083866887993045)	('>100', 23.21555608252312)	('>500', 11.78404869180302)	('>1k', 25.78452296261165)	('>5k', 0.0)	('>10k+', 0.0)
R1.521.w	(1.0, 6.484047624326542)	(2.0, 2.833514400372481)	(3.0, 2.108507194643372)	(4.0, 1.3391570405516262)	(5.0, 1.0642307607032793)	(6.0, 0.8513846085626233)	(7.0, 0.7760015963461411)	(8.0, 0.6296698667494401)	(9.0, 0.5487439859876283)	('>10', 14.156486264771745)	('>50', 9.004944238742434)	('>100', 34.52652816885794)	('>500', 16.301576391814294)	('>1k', 9.37520785757045)	('>5k', 0.0)	('>10k+', 0.0)
R1.526.d139	(1.0, 7.475205093669645)	(2.0, 3.0774254112077055)	(3.0, 2.1274641851353007)	(4.0, 1.497898044977756)	(5.0, 1.1224031672176646)	(6.0, 0.8754744704297783)	(7.0, 0.992816619729807)	(8.0, 0.8081302803967185)	(9.0, 0.7438471899106158)	('>10', 14.539202481531365)	('>50', 8.532304803885555)	('>100', 28.520264479000858)	('>500', 15.528958001714216)	('>1k', 14.158605771193011)	('>5k', 0.0)	('>10k+', 0.0)
R1.526.d42	(1.0, 7.181111063884048)	(2.0, 3.0603136821524206)	(3.0, 2.1454074042589366)	(4.0, 1.6109151187996769)	(5.0, 1.1476176308071577)	(6.0, 0.8543375696008841)	(7.0, 0.8702767033620946)	(8.0, 0.8670888766098525)	(9.0, 0.5642453351468526)	('>10', 13.585455009138435)	('>50', 7.809112934075743)	('>100', 31.250265652229352)	('>500', 11.15845624176478)	('>1k', 17.89539677816976)	('>5k', 0.0)	('>10k+', 0.0)
R1.526.w	(1.0, 6.45021645021645)	(2.0, 2.740943267259057)	(3.0, 1.9070403280929595)	(4.0, 1.2804739120528594)	(5.0, 1.0082023239917977)	(6.0, 0.9022556390977444)	(7.0, 0.8054226475279107)	(8.0, 0.6015037593984963)	(9.0, 0.6356801093643198)	('>10', 12.90498974709501)	('>50', 7.884483937115516)	('>100', 31.31578947368421)	('>500', 18.618136249715196)	('>1k', 12.94486215538847)	('>5k', 0.0)	('>10k+', 0.0)
R1.527.d139	(1.0, 14.208996204473875)	(2.0, 4.809012355648874)	(3.0, 3.016231930872971)	(4.0, 2.2450133247193733)	(5.0, 1.9381409997577326)	(6.0, 1.6958733747880157)	(7.0, 1.370830977953646)	(8.0, 1.2920939998384884)	(9.0, 1.2355648873455545)	('>10', 18.848421222643946)	('>50', 9.908745861261407)	('>100', 27.953646127755793)	('>500', 9.42824840507147)	('>1k', 2.0491803278688523)	('>5k', 0.0)	('>10k+', 0.0)
R1.527.d42	(1.0, 8.606679514433871)	(2.0, 3.5205531162458032)	(3.0, 2.4377644885065464)	(4.0, 1.9549798343035385)	(5.0, 1.0629209464963345)	(6.0, 1.2278227008125882)	(7.0, 0.8900721196829118)	(8.0, 0.6834482347565216)	(9.0, 0.7688792641010868)	('>10', 15.111358353366578)	('>50', 10.027218723302804)	('>100', 31.85981364114994)	('>500', 14.938509526553156)	('>1k', 6.90997953628832)	('>5k', 0.0)	('>10k+', 0.0)
R1.527.w	(1.0, 13.95552698477632)	(2.0, 4.669374397335126)	(3.0, 3.120708295590685)	(4.0, 2.279168979925781)	(5.0, 1.6509365046898286)	(6.0, 1.420097595184525)	(7.0, 1.2272448353446515)	(8.0, 0.8415393156649038)	(9.0, 1.2360108698828274)	('>10', 16.862928439938056)	('>50', 7.860210969231218)	('>100', 35.28621102767145)	('>500', 6.16544429185051)	('>1k', 3.4245974929141223)	('>5k', 0.0)	('>10k+', 0.0)
R1.530.d139	(1.0, 6.807948149411564)	(2.0, 2.867132867132867)	(3.0, 2.008357496162374)	(4.0, 1.3679003922906363)	(5.0, 1.0361589629882313)	(6.0, 1.0080163738700325)	(7.0, 0.6984478935698448)	(8.0, 0.9346750810165444)	(9.0, 0.6754221388367729)	('>10', 12.45181647620672)	('>50', 8.28159645232816)	('>100', 29.06788333617602)	('>500', 17.37847518335323)	('>1k', 15.416169196657)	('>5k', 0.0)	('>10k+', 0.0)
R1.530.d42	(1.0, 9.217402253982245)	(2.0, 3.471216604755609)	(3.0, 2.436567399105962)	(4.0, 1.7796805809146048)	(5.0, 1.3956221536653446)	(6.0, 1.1081030032109802)	(7.0, 1.0724254443954753)	(8.0, 1.0241558059980271)	(9.0, 0.8688534911540641)	('>10', 17.467313060085207)	('>50', 12.631954500619111)	('>100', 27.84528531553653)	('>500', 6.172217675082373)	('>1k', 13.509202711494469)	('>5k', 0.0)	('>10k+', 0.0)
R1.530.w	(1.0, 5.929717246114475)	(2.0, 2.5196096789630276)	(3.0, 1.7508270395106422)	(4.0, 1.3731976780475625)	(5.0, 0.9882862076857457)	(6.0, 0.8800948754759378)	(7.0, 0.8811351767471861)	(8.0, 0.6741152237688034)	(9.0, 0.5243118407090693)	('>10', 11.75228346129039)	('>50', 7.211368412292201)	('>100', 24.166198531094604)	('>500', 10.25945113704929)	('>1k', 25.73913405322181)	('>5k', 5.350269438029253)	('>10k+', 0.0)
R1.592.d139	(1.0, 6.633866605845363)	(2.0, 2.743475285914437)	(3.0, 1.8938776840115996)	(4.0, 1.443419895083249)	(5.0, 1.0385780847805546)	(6.0, 0.7966504838552019)	(7.0, 0.8039816232771823)	(8.0, 0.6972728161350232)	(9.0, 0.7184516633540777)	('>10', 12.221009416441301)	('>50', 6.789449675800724)	('>100', 27.53413052686455)	('>500', 14.257437033658077)	('>1k', 22.428399204978657)	('>5k', 0.0)	('>10k+', 0.0)
R1.592.d42	(1.0, 6.030668349508929)	(2.0, 2.6809418113765937)	(3.0, 1.9758889324106717)	(4.0, 1.473937705821764)	(5.0, 0.9719864792328561)	(6.0, 0.9574792183487837)	(7.0, 0.8733371052211633)	(8.0, 0.626713670191931)	(9.0, 0.5353179266222745)	('>10', 12.409510960235599)	('>50', 8.093600847224035)	('>100', 27.771249510379945)	('>500', 12.847630238934588)	('>1k', 22.75173724449087)	('>5k', 0.0)	('>10k+', 0.0)
R1.592.w	(1.0, 5.98242216594667)	(2.0, 2.6495853815978947)	(3.0, 1.996126917920453)	(4.0, 1.2791101842196733)	(5.0, 0.9881324792690799)	(6.0, 0.7805750037241174)	(7.0, 0.6256517205422315)	(8.0, 0.5640796464571229)	(9.0, 0.5720244302100402)	('>10', 11.191221013953026)	('>50', 7.749143453001639)	('>100', 24.391479219424998)	('>500', 19.107204925765927)	('>1k', 22.123243457967128)	('>5k', 0.0)	('>10k+', 0.0)
R1.593.d139	(1.0, 8.441078090827222)	(2.0, 3.373858227196706)	(3.0, 2.127556927827094)	(4.0, 1.756078734079506)	(5.0, 1.2141386851923324)	(6.0, 1.0131223465843302)	(7.0, 1.1932329859771003)	(8.0, 0.8362279686092886)	(9.0, 0.8394442300270166)	('>10', 15.301363694841116)	('>50', 11.63482567863116)	('>100', 34.70989322012093)	('>500', 7.682040396243408)	('>1k', 9.87713881384279)	('>5k', 0.0)	('>10k+', 0.0)
R1.593.d42	(1.0, 9.893133001798752)	(2.0, 4.295841709871971)	(3.0, 2.846259655062956)	(4.0, 2.144393891298981)	(5.0, 1.5342291820971328)	(6.0, 1.5024865093640885)	(7.0, 1.160371036574613)	(8.0, 1.156844072937608)	(9.0, 1.269706909321765)	('>10', 20.470496949176454)	('>50', 17.64539907593553)	('>100', 33.40034564243643)	('>500', 2.680492364123726)	('>1k', 0.0)	('>5k', 0.0)	('>10k+', 0.0)
R1.593.w	(1.0, 7.711749476020219)	(2.0, 3.2260715900217813)	(3.0, 2.108248058192578)	(4.0, 1.5205687749147248)	(5.0, 1.3356347347223934)	(6.0, 0.9863148810257676)	(7.0, 0.8198742448526691)	(8.0, 0.7726133234701845)	(9.0, 0.7767229688077919)	('>10', 16.192002630173015)	('>50', 8.552171947560925)	('>100', 27.006534336086794)	('>500', 21.240701927423665)	('>1k', 7.7507911067274895)	('>5k', 0.0)	('>10k+', 0.0)
R1.594.d139	(1.0, 5.5176578105620475)	(2.0, 2.4805796723023694)	(3.0, 1.772308897447614)	(4.0, 1.148900058750571)	(5.0, 0.9220575755597624)	(6.0, 0.7294862588941837)	(7.0, 0.7482538024675239)	(8.0, 0.6462562830471963)	(9.0, 0.5654742476662967)	('>10', 10.8125530387101)	('>50', 7.026405117827535)	('>100', 28.36102225993864)	('>500', 17.178014230693908)	('>1k', 17.91892421176317)	('>5k', 4.172106534369084)	('>10k+', 0.0)
R1.594.d42	(1.0, 6.498541773889174)	(2.0, 2.9027277406073084)	(3.0, 2.2593926917138445)	(4.0, 1.4616572310859495)	(5.0, 1.0722250814891061)	(6.0, 0.833762223365929)	(7.0, 1.032767198490307)	(8.0, 0.8371933436266941)	(9.0, 0.6639217704580546)	('>10', 15.639046148567507)	('>50', 9.636301252358894)	('>100', 37.50386001029336)	('>500', 11.058500600446045)	('>1k', 8.600102933607822)	('>5k', 0.0)	('>10k+', 0.0)
R1.594.w	(1.0, 7.381080716884517)	(2.0, 3.07236221533486)	(3.0, 2.001078021829942)	(4.0, 1.361002560301846)	(5.0, 1.094865921034901)	(6.0, 0.8489421910793694)	(7.0, 0.8725239186093519)	(8.0, 0.6737636437137852)	(9.0, 0.6821856892602075)	('>10', 13.542649238647083)	('>50', 9.53375555855006)	('>100', 26.78547365584153)	('>500', 10.960450074114)	('>1k', 21.189866594798545)	('>5k', 0.0)	('>10k+', 0.0)
R1.596.d139	(1.0, 6.371107107401551)	(2.0, 2.823840864801265)	(3.0, 2.0434239070485716)	(4.0, 1.4744273265433687)	(5.0, 1.09846674265544)	(6.0, 0.8714196418722653)	(7.0, 0.6949295878221863)	(8.0, 0.7794977387211824)	(9.0, 0.7197485016729785)	('>10', 12.290877670331286)	('>50', 8.141522962091408)	('>100', 28.77247490532044)	('>500', 13.987756002500277)	('>1k', 19.930507041217783)	('>5k', 0.0)	('>10k+', 0.0)
R1.596.d42	(1.0, 7.155333022822544)	(2.0, 2.969259431765254)	(3.0, 2.3346530041918956)	(4.0, 1.6301816488122962)	(5.0, 1.1935258500232884)	(6.0, 1.2226362366092223)	(7.0, 0.7879211302592766)	(8.0, 0.9936345287998758)	(9.0, 0.6462505822077317)	('>10', 15.515836050302747)	('>50', 10.357475547275268)	('>100', 29.442244993013507)	('>500', 13.012342803912436)	('>1k', 12.738705170004657)	('>5k', 0.0)	('>10k+', 0.0)
R1.596.w	(1.0, 6.653860929696504)	(2.0, 2.722133801657428)	(3.0, 1.9461061412655727)	(4.0, 1.3083804401514736)	(5.0, 1.0427528675703857)	(6.0, 1.0405575983755009)	(7.0, 0.7990779869381484)	(8.0, 0.6146753745678064)	(9.0, 0.6026013939959387)	('>10', 12.900499423741838)	('>50', 9.166346523242412)	('>100', 33.635914604028315)	('>500', 16.26365183030569)	('>1k', 11.303441084462982)	('>5k', 0.0)	('>10k+', 0.0)
R1.598.d139	(1.0, 5.365999056127307)	(2.0, 2.369617234784193)	(3.0, 1.7312612291871932)	(4.0, 1.3081744342973531)	(5.0, 0.927313523046225)	(6.0, 0.8544531748068787)	(7.0, 0.6838937232465909)	(8.0, 0.609377458001805)	(9.0, 0.5365171097624587)	('>10', 11.49206401775143)	('>50', 7.340680085114134)	('>100', 25.820713865821045)	('>500', 16.615471232581825)	('>1k', 18.70689441045215)	('>5k', 5.637569445019416)	('>10k+', 0.0)
R1.598.d42	(1.0, 5.861183601313242)	(2.0, 2.5254651064904454)	(3.0, 2.336055223503662)	(4.0, 1.62471588517552)	(5.0, 0.9891405000420911)	(6.0, 1.0354406936610825)	(7.0, 0.8691809074837951)	(8.0, 0.6566209276875158)	(9.0, 0.6629345904537419)	('>10', 13.18924151864635)	('>50', 10.901591043017088)	('>100', 25.833403485141847)	('>500', 13.635407020792996)	('>1k', 19.87961949659062)	('>5k', 0.0)	('>10k+', 0.0)
R1.598.w	(1.0, 13.153522374833852)	(2.0, 4.940186087727072)	(3.0, 2.8577758085954805)	(4.0, 2.148870181657067)	(5.0, 2.3260965883916707)	(6.0, 1.79441736818786)	(7.0, 1.3568896765618077)	(8.0, 1.01905183872397)	(9.0, 1.1464333185644662)	('>10', 21.294860434204697)	('>50', 13.995347806823217)	('>100', 31.06446610544971)	('>500', 2.9020824102791316)	('>1k', 0.0)	('>5k', 0.0)	('>10k+', 0.0)
R1.616.d139	(1.0, 6.77961945861122)	(2.0, 2.9455995815352427)	(3.0, 1.914966653589643)	(4.0, 1.3763567412057016)	(5.0, 1.2137112593173793)	(6.0, 0.9660651235778737)	(7.0, 0.8009676997515366)	(8.0, 0.6930822544788806)	(9.0, 0.610533542565712)	('>10', 12.510625081731398)	('>50', 8.36847783444488)	('>100', 27.66853014253956)	('>500', 15.11949130377926)	('>1k', 19.031973322871714)	('>5k', 0.0)	('>10k+', 0.0)
R1.616.d42	(1.0, 7.104289783597636)	(2.0, 2.8853648512676617)	(3.0, 2.23629947706305)	(4.0, 1.632583648654394)	(5.0, 0.9849354477559061)	(6.0, 0.9608435015518048)	(7.0, 0.7142553462862974)	(8.0, 0.8389665972251747)	(9.0, 0.6632371072658475)	('>10', 13.70548304352139)	('>50', 9.076995025721695)	('>100', 29.893853719371343)	('>500', 13.304422997888413)	('>1k', 15.998469452829386)	('>5k', 0.0)	('>10k+', 0.0)
R1.616.w	(1.0, 6.279553622091924)	(2.0, 2.694056792296116)	(3.0, 1.7022886324947986)	(4.0, 1.3355153329331173)	(5.0, 1.1060764302925141)	(6.0, 0.725322982541262)	(7.0, 0.725322982541262)	(8.0, 0.605258180442595)	(9.0, 0.4810815700528779)	('>10', 12.171774903166915)	('>50', 6.879877632585258)	('>100', 26.123962796358587)	('>500', 14.402019720232564)	('>1k', 24.767888421970213)	('>5k', 0.0)	('>10k+', 0.0)
