Sample	0	1	2	3	4	5	6	7	8	9	10	11	12	13	14	15	16	17	18	19	20	21	22	23	24	25	26	27	28	29	30	31	32	33	34	35	36	37	38	39	40	41	42	43	44	45	46	47	48	49	50
11_S9	(350, 9.0)	(355, 4.0)	(360, 3.0)	(365, 3.0)	(370, 5.0)	(375, 3.0)	(380, 4.0)	(385, 0.0)	(390, 2.0)	(395, 4.0)	(400, 0.0)	(405, 0.0)	(410, 2.0)	(415, 4.0)	(420, 11.0)	(425, 4.0)	(430, 1.0)	(435, 2271.0)	(440, 29597.0)	(445, 99.0)	(450, 214.0)	(455, 11060.0)	(460, 44848.0)	(465, 17823.0)	(470, 3.0)	(475, 3.0)	(480, 2.0)	(485, 13.0)	(490, 138.0)																						
14_S10	(335, 22.0)	(340, 12.0)	(345, 4.0)	(350, 0.0)	(355, 6.0)	(360, 4.0)	(365, 5.0)	(370, 20.0)	(375, 3.0)	(380, 2.0)	(385, 0.0)	(390, 1.0)	(395, 16.0)	(400, 1.0)	(405, 3.0)	(410, 2.0)	(415, 0.0)	(420, 15.0)	(425, 1.0)	(430, 7.0)	(435, 4129.0)	(440, 50727.0)	(445, 511.0)	(450, 17.0)	(455, 30250.0)	(460, 42372.0)	(465, 20500.0)	(470, 3.0)	(475, 3.0)	(480, 4.0)	(485, 29.0)	(490, 88.0)																			
15_S11	(350, 5.0)	(355, 6.0)	(360, 3.0)	(365, 10.0)	(370, 4.0)	(375, 10.0)	(380, 13.0)	(385, 8.0)	(390, 4.0)	(395, 0.0)	(400, 6.0)	(405, 2.0)	(410, 5.0)	(415, 12.0)	(420, 15.0)	(425, 6.0)	(430, 4.0)	(435, 2536.0)	(440, 51863.0)	(445, 126.0)	(450, 41.0)	(455, 17374.0)	(460, 81361.0)	(465, 30833.0)	(470, 4.0)	(475, 5.0)	(480, 1.0)	(485, 17.0)	(490, 147.0)																						
16_S12	(330, 2.0)	(335, 11.0)	(340, 42.0)	(345, 1.0)	(350, 5.0)	(355, 2.0)	(360, 3.0)	(365, 15.0)	(370, 22.0)	(375, 4.0)	(380, 14.0)	(385, 5.0)	(390, 1.0)	(395, 4.0)	(400, 2.0)	(405, 3.0)	(410, 4.0)	(415, 3.0)	(420, 18.0)	(425, 9.0)	(430, 12.0)	(435, 2633.0)	(440, 49923.0)	(445, 4473.0)	(450, 20.0)	(455, 18914.0)	(460, 59902.0)	(465, 34008.0)	(470, 3.0)	(475, 8.0)	(480, 3.0)	(485, 20.0)	(490, 93.0)																		
17_S13	(350, 7.0)	(355, 4.0)	(360, 9.0)	(365, 6.0)	(370, 26.0)	(375, 8.0)	(380, 4.0)	(385, 3.0)	(390, 6.0)	(395, 14.0)	(400, 7.0)	(405, 11.0)	(410, 0.0)	(415, 5.0)	(420, 41.0)	(425, 5.0)	(430, 13.0)	(435, 7116.0)	(440, 86355.0)	(445, 311.0)	(450, 55.0)	(455, 33897.0)	(460, 76677.0)	(465, 35012.0)	(470, 5.0)	(475, 0.0)	(480, 4.0)	(485, 30.0)	(490, 73.0)																						
19_S14	(330, 15.0)	(335, 6.0)	(340, 12.0)	(345, 17.0)	(350, 13.0)	(355, 10.0)	(360, 47.0)	(365, 13.0)	(370, 8.0)	(375, 47.0)	(380, 19.0)	(385, 46.0)	(390, 19.0)	(395, 20.0)	(400, 41.0)	(405, 15.0)	(410, 14.0)	(415, 18.0)	(420, 16.0)	(425, 3.0)	(430, 14.0)	(435, 12145.0)	(440, 28017.0)	(445, 456.0)	(450, 17.0)	(455, 9901.0)	(460, 16048.0)	(465, 78712.0)	(470, 7.0)	(475, 12.0)	(480, 12.0)	(485, 37.0)	(490, 72.0)																		
1_S1	(345, 2.0)	(350, 6.0)	(355, 5.0)	(360, 8.0)	(365, 4.0)	(370, 16.0)	(375, 7.0)	(380, 3.0)	(385, 0.0)	(390, 2.0)	(395, 9.0)	(400, 3.0)	(405, 4.0)	(410, 5.0)	(415, 3.0)	(420, 31.0)	(425, 4.0)	(430, 14.0)	(435, 3004.0)	(440, 50568.0)	(445, 93.0)	(450, 51.0)	(455, 22946.0)	(460, 66922.0)	(465, 40792.0)	(470, 9.0)	(475, 10.0)	(480, 5.0)	(485, 33.0)	(490, 121.0)																					
20_S15	(350, 4.0)	(355, 3.0)	(360, 2.0)	(365, 6.0)	(370, 21.0)	(375, 10.0)	(380, 18.0)	(385, 8.0)	(390, 3.0)	(395, 1.0)	(400, 1.0)	(405, 9.0)	(410, 6.0)	(415, 4.0)	(420, 12.0)	(425, 7.0)	(430, 2.0)	(435, 3170.0)	(440, 49576.0)	(445, 102.0)	(450, 169.0)	(455, 15737.0)	(460, 114300.0)	(465, 23359.0)	(470, 7.0)	(475, 8.0)	(480, 3.0)	(485, 23.0)	(490, 91.0)																						
21_S16	(330, 8.0)	(335, 0.0)	(340, 8.0)	(345, 0.0)	(350, 4.0)	(355, 0.0)	(360, 10.0)	(365, 2.0)	(370, 8.0)	(375, 1.0)	(380, 4.0)	(385, 1.0)	(390, 0.0)	(395, 11.0)	(400, 11.0)	(405, 8.0)	(410, 0.0)	(415, 0.0)	(420, 7.0)	(425, 8.0)	(430, 15.0)	(435, 5571.0)	(440, 62953.0)	(445, 197.0)	(450, 652.0)	(455, 24131.0)	(460, 78120.0)	(465, 22501.0)	(470, 11.0)	(475, 2.0)	(480, 4.0)	(485, 9.0)	(490, 76.0)																		
22_S17	(355, 3.0)	(360, 5.0)	(365, 1.0)	(370, 9.0)	(375, 0.0)	(380, 2.0)	(385, 6.0)	(390, 0.0)	(395, 5.0)	(400, 7.0)	(405, 0.0)	(410, 0.0)	(415, 1.0)	(420, 12.0)	(425, 0.0)	(430, 4.0)	(435, 3847.0)	(440, 42501.0)	(445, 73.0)	(450, 16.0)	(455, 19054.0)	(460, 51734.0)	(465, 15870.0)	(470, 1.0)	(475, 0.0)	(480, 0.0)	(485, 10.0)	(490, 52.0)																							
23_S18	(350, 8.0)	(355, 3.0)	(360, 7.0)	(365, 2.0)	(370, 7.0)	(375, 8.0)	(380, 3.0)	(385, 2.0)	(390, 8.0)	(395, 6.0)	(400, 4.0)	(405, 3.0)	(410, 3.0)	(415, 3.0)	(420, 38.0)	(425, 5.0)	(430, 9.0)	(435, 6678.0)	(440, 81785.0)	(445, 2100.0)	(450, 46.0)	(455, 39676.0)	(460, 88053.0)	(465, 30513.0)	(470, 10.0)	(475, 7.0)	(480, 2.0)	(485, 29.0)	(490, 126.0)																						
24_S19	(355, 1.0)	(360, 2.0)	(365, 0.0)	(370, 7.0)	(375, 1.0)	(380, 2.0)	(385, 0.0)	(390, 0.0)	(395, 0.0)	(400, 4.0)	(405, 2.0)	(410, 0.0)	(415, 0.0)	(420, 7.0)	(425, 7.0)	(430, 1.0)	(435, 1666.0)	(440, 29628.0)	(445, 18.0)	(450, 88.0)	(455, 13845.0)	(460, 61405.0)	(465, 7391.0)	(470, 0.0)	(475, 0.0)	(480, 1.0)	(485, 9.0)	(490, 67.0)																							
25_S20	(340, 23.0)	(345, 1.0)	(350, 1.0)	(355, 4.0)	(360, 5.0)	(365, 6.0)	(370, 17.0)	(375, 6.0)	(380, 5.0)	(385, 0.0)	(390, 10.0)	(395, 6.0)	(400, 12.0)	(405, 9.0)	(410, 10.0)	(415, 5.0)	(420, 11.0)	(425, 7.0)	(430, 7.0)	(435, 3426.0)	(440, 49314.0)	(445, 127.0)	(450, 9.0)	(455, 13589.0)	(460, 62949.0)	(465, 30231.0)	(470, 3.0)	(475, 3.0)	(480, 2.0)	(485, 25.0)	(490, 83.0)																				
26_S21	(355, 2.0)	(360, 5.0)	(365, 1.0)	(370, 3.0)	(375, 0.0)	(380, 4.0)	(385, 7.0)	(390, 0.0)	(395, 4.0)	(400, 0.0)	(405, 2.0)	(410, 6.0)	(415, 0.0)	(420, 3.0)	(425, 0.0)	(430, 2.0)	(435, 1094.0)	(440, 17244.0)	(445, 11.0)	(450, 150.0)	(455, 9956.0)	(460, 33470.0)	(465, 17536.0)	(470, 3.0)	(475, 9.0)	(480, 0.0)	(485, 7.0)	(490, 160.0)																							
27_S22	(345, 1.0)	(350, 2.0)	(355, 0.0)	(360, 7.0)	(365, 6.0)	(370, 0.0)	(375, 0.0)	(380, 3.0)	(385, 21.0)	(390, 2.0)	(395, 4.0)	(400, 3.0)	(405, 2.0)	(410, 2.0)	(415, 2.0)	(420, 9.0)	(425, 0.0)	(430, 0.0)	(435, 3248.0)	(440, 35167.0)	(445, 30.0)	(450, 3.0)	(455, 5500.0)	(460, 21591.0)	(465, 47919.0)	(470, 0.0)	(475, 2.0)	(480, 2.0)	(485, 14.0)	(490, 32.0)																					
28_S23	(350, 1.0)	(355, 0.0)	(360, 1.0)	(365, 0.0)	(370, 11.0)	(375, 0.0)	(380, 8.0)	(385, 0.0)	(390, 2.0)	(395, 0.0)	(400, 2.0)	(405, 0.0)	(410, 0.0)	(415, 2.0)	(420, 9.0)	(425, 0.0)	(430, 4.0)	(435, 2764.0)	(440, 31302.0)	(445, 10802.0)	(450, 37.0)	(455, 20601.0)	(460, 67637.0)	(465, 20015.0)	(470, 2.0)	(475, 1.0)	(480, 2.0)	(485, 17.0)	(490, 97.0)																						
29_S24	(330, 5.0)	(335, 0.0)	(340, 16.0)	(345, 0.0)	(350, 0.0)	(355, 1.0)	(360, 0.0)	(365, 6.0)	(370, 5.0)	(375, 1.0)	(380, 1.0)	(385, 8.0)	(390, 0.0)	(395, 0.0)	(400, 3.0)	(405, 5.0)	(410, 1.0)	(415, 0.0)	(420, 21.0)	(425, 9.0)	(430, 7.0)	(435, 4472.0)	(440, 67787.0)	(445, 112.0)	(450, 86.0)	(455, 14505.0)	(460, 77745.0)	(465, 58937.0)	(470, 2.0)	(475, 5.0)	(480, 1.0)	(485, 11.0)	(490, 93.0)																		
2_S2	(350, 2.0)	(355, 4.0)	(360, 0.0)	(365, 14.0)	(370, 7.0)	(375, 0.0)	(380, 5.0)	(385, 6.0)	(390, 0.0)	(395, 12.0)	(400, 9.0)	(405, 1.0)	(410, 2.0)	(415, 6.0)	(420, 11.0)	(425, 7.0)	(430, 9.0)	(435, 1680.0)	(440, 31771.0)	(445, 78.0)	(450, 13.0)	(455, 10239.0)	(460, 94988.0)	(465, 31358.0)	(470, 7.0)	(475, 4.0)	(480, 6.0)	(485, 14.0)	(490, 137.0)																						
30_S25	(345, 5.0)	(350, 3.0)	(355, 7.0)	(360, 16.0)	(365, 17.0)	(370, 36.0)	(375, 31.0)	(380, 30.0)	(385, 7.0)	(390, 16.0)	(395, 2.0)	(400, 26.0)	(405, 9.0)	(410, 7.0)	(415, 9.0)	(420, 30.0)	(425, 10.0)	(430, 3.0)	(435, 2751.0)	(440, 51050.0)	(445, 10942.0)	(450, 202.0)	(455, 38486.0)	(460, 145167.0)	(465, 57707.0)	(470, 13.0)	(475, 0.0)	(480, 6.0)	(485, 20.0)	(490, 145.0)																					
31_S27	(365, 2.0)	(370, 1.0)	(375, 0.0)	(380, 2.0)	(385, 2.0)	(390, 0.0)	(395, 0.0)	(400, 11.0)	(405, 0.0)	(410, 0.0)	(415, 2.0)	(420, 20.0)	(425, 6.0)	(430, 9.0)	(435, 2777.0)	(440, 36931.0)	(445, 31.0)	(450, 1710.0)	(455, 12447.0)	(460, 130970.0)	(465, 34769.0)	(470, 4.0)	(475, 9.0)	(480, 9.0)	(485, 12.0)	(490, 95.0)																									
32_S28	(355, 6.0)	(360, 8.0)	(365, 6.0)	(370, 9.0)	(375, 3.0)	(380, 6.0)	(385, 5.0)	(390, 0.0)	(395, 5.0)	(400, 4.0)	(405, 3.0)	(410, 5.0)	(415, 0.0)	(420, 25.0)	(425, 3.0)	(430, 12.0)	(435, 5756.0)	(440, 55730.0)	(445, 1148.0)	(450, 295.0)	(455, 46747.0)	(460, 68761.0)	(465, 35685.0)	(470, 0.0)	(475, 2.0)	(480, 1.0)	(485, 16.0)	(490, 56.0)																							
33_S29	(345, 4.0)	(350, 0.0)	(355, 0.0)	(360, 5.0)	(365, 3.0)	(370, 18.0)	(375, 0.0)	(380, 8.0)	(385, 2.0)	(390, 0.0)	(395, 0.0)	(400, 3.0)	(405, 0.0)	(410, 0.0)	(415, 0.0)	(420, 8.0)	(425, 2.0)	(430, 4.0)	(435, 1945.0)	(440, 32216.0)	(445, 56.0)	(450, 186.0)	(455, 15647.0)	(460, 94975.0)	(465, 26715.0)	(470, 0.0)	(475, 1.0)	(480, 5.0)	(485, 10.0)	(490, 76.0)																					
34_S30	(350, 5.0)	(355, 7.0)	(360, 9.0)	(365, 2.0)	(370, 20.0)	(375, 0.0)	(380, 11.0)	(385, 8.0)	(390, 10.0)	(395, 2.0)	(400, 9.0)	(405, 2.0)	(410, 3.0)	(415, 7.0)	(420, 27.0)	(425, 7.0)	(430, 10.0)	(435, 9011.0)	(440, 97764.0)	(445, 1091.0)	(450, 125.0)	(455, 32998.0)	(460, 59846.0)	(465, 43049.0)	(470, 7.0)	(475, 4.0)	(480, 3.0)	(485, 22.0)	(490, 109.0)																						
35_S31	(330, 9.0)	(335, 2.0)	(340, 0.0)	(345, 2.0)	(350, 1.0)	(355, 3.0)	(360, 15.0)	(365, 6.0)	(370, 3.0)	(375, 14.0)	(380, 6.0)	(385, 7.0)	(390, 6.0)	(395, 9.0)	(400, 7.0)	(405, 4.0)	(410, 6.0)	(415, 4.0)	(420, 9.0)	(425, 3.0)	(430, 20.0)	(435, 23472.0)	(440, 222166.0)	(445, 65.0)	(450, 4.0)	(455, 191.0)	(460, 1394.0)	(465, 22843.0)	(470, 0.0)	(475, 5.0)	(480, 5.0)	(485, 24.0)	(490, 59.0)																		
361_S10	(345, 2.0)	(350, 0.0)	(355, 0.0)	(360, 18.0)	(365, 0.0)	(370, 0.0)	(375, 0.0)	(380, 1.0)	(385, 4.0)	(390, 2.0)	(395, 2.0)	(400, 6.0)	(405, 4.0)	(410, 10.0)	(415, 4.0)	(420, 6.0)	(425, 5.0)	(430, 15.0)	(435, 24656.0)	(440, 58913.0)	(445, 16637.0)	(450, 2959.0)	(455, 901.0)	(460, 4711.0)	(465, 88357.0)	(470, 5.0)	(475, 2.0)	(480, 0.0)	(485, 18.0)	(490, 13.0)																					
36_S32	(350, 1.0)	(355, 0.0)	(360, 0.0)	(365, 0.0)	(370, 2.0)	(375, 0.0)	(380, 2.0)	(385, 0.0)	(390, 0.0)	(395, 0.0)	(400, 1.0)	(405, 0.0)	(410, 0.0)	(415, 1.0)	(420, 8.0)	(425, 4.0)	(430, 5.0)	(435, 4377.0)	(440, 10032.0)	(445, 114.0)	(450, 1.0)	(455, 2849.0)	(460, 9756.0)	(465, 98884.0)	(470, 2.0)	(475, 1.0)	(480, 0.0)	(485, 4.0)	(490, 14.0)																						
37_S33	(385, 9.0)	(390, 0.0)	(395, 0.0)	(400, 0.0)	(405, 0.0)	(410, 0.0)	(415, 8.0)	(420, 16.0)	(425, 0.0)	(430, 4.0)	(435, 7869.0)	(440, 3550.0)	(445, 945.0)	(450, 61.0)	(455, 55.0)	(460, 2067.0)	(465, 73051.0)	(470, 2.0)	(475, 0.0)	(480, 1.0)	(485, 2.0)	(490, 10.0)																													
38_S34	(350, 1.0)	(355, 5.0)	(360, 0.0)	(365, 2.0)	(370, 1.0)	(375, 8.0)	(380, 3.0)	(385, 5.0)	(390, 0.0)	(395, 5.0)	(400, 0.0)	(405, 0.0)	(410, 5.0)	(415, 2.0)	(420, 12.0)	(425, 8.0)	(430, 1.0)	(435, 3221.0)	(440, 41260.0)	(445, 62.0)	(450, 500.0)	(455, 15233.0)	(460, 59354.0)	(465, 18366.0)	(470, 0.0)	(475, 6.0)	(480, 1.0)	(485, 12.0)	(490, 177.0)																						
39_S35	(330, 1.0)	(335, 3.0)	(340, 0.0)	(345, 2.0)	(350, 0.0)	(355, 0.0)	(360, 7.0)	(365, 0.0)	(370, 3.0)	(375, 2.0)	(380, 0.0)	(385, 4.0)	(390, 0.0)	(395, 2.0)	(400, 0.0)	(405, 1.0)	(410, 0.0)	(415, 10.0)	(420, 14.0)	(425, 0.0)	(430, 11.0)	(435, 52653.0)	(440, 31729.0)	(445, 270.0)	(450, 50.0)	(455, 355.0)	(460, 4933.0)	(465, 90854.0)	(470, 0.0)	(475, 2.0)	(480, 0.0)	(485, 15.0)	(490, 18.0)																		
3_S3	(345, 1.0)	(350, 11.0)	(355, 4.0)	(360, 4.0)	(365, 7.0)	(370, 19.0)	(375, 6.0)	(380, 11.0)	(385, 6.0)	(390, 0.0)	(395, 10.0)	(400, 6.0)	(405, 8.0)	(410, 7.0)	(415, 3.0)	(420, 19.0)	(425, 7.0)	(430, 4.0)	(435, 4907.0)	(440, 58054.0)	(445, 91.0)	(450, 573.0)	(455, 29819.0)	(460, 60273.0)	(465, 25426.0)	(470, 5.0)	(475, 5.0)	(480, 0.0)	(485, 27.0)	(490, 98.0)																					
40_S36	(330, 4.0)	(335, 1.0)	(340, 0.0)	(345, 0.0)	(350, 1.0)	(355, 0.0)	(360, 5.0)	(365, 0.0)	(370, 1.0)	(375, 9.0)	(380, 3.0)	(385, 13.0)	(390, 4.0)	(395, 7.0)	(400, 0.0)	(405, 2.0)	(410, 2.0)	(415, 3.0)	(420, 4.0)	(425, 0.0)	(430, 7.0)	(435, 15543.0)	(440, 83852.0)	(445, 36.0)	(450, 8.0)	(455, 166.0)	(460, 5019.0)	(465, 67867.0)	(470, 2.0)	(475, 1.0)	(480, 2.0)	(485, 25.0)	(490, 58.0)																		
41_S37	(330, 11.0)	(335, 11.0)	(340, 14.0)	(345, 15.0)	(350, 14.0)	(355, 18.0)	(360, 125.0)	(365, 15.0)	(370, 16.0)	(375, 46.0)	(380, 19.0)	(385, 32.0)	(390, 18.0)	(395, 25.0)	(400, 29.0)	(405, 20.0)	(410, 10.0)	(415, 7.0)	(420, 18.0)	(425, 6.0)	(430, 29.0)	(435, 18357.0)	(440, 74673.0)	(445, 18.0)	(450, 5.0)	(455, 171.0)	(460, 1169.0)	(465, 19428.0)	(470, 7.0)	(475, 17.0)	(480, 12.0)	(485, 30.0)	(490, 20.0)																		
42_S38	(330, 2.0)	(335, 2.0)	(340, 0.0)	(345, 2.0)	(350, 0.0)	(355, 1.0)	(360, 18.0)	(365, 2.0)	(370, 6.0)	(375, 7.0)	(380, 0.0)	(385, 3.0)	(390, 3.0)	(395, 0.0)	(400, 4.0)	(405, 5.0)	(410, 2.0)	(415, 3.0)	(420, 3.0)	(425, 3.0)	(430, 2.0)	(435, 3802.0)	(440, 67855.0)	(445, 22.0)	(450, 3.0)	(455, 27.0)	(460, 792.0)	(465, 11598.0)	(470, 0.0)	(475, 3.0)	(480, 0.0)	(485, 10.0)	(490, 24.0)																		
43_S39	(350, 2.0)	(355, 3.0)	(360, 12.0)	(365, 5.0)	(370, 1.0)	(375, 8.0)	(380, 2.0)	(385, 16.0)	(390, 6.0)	(395, 3.0)	(400, 3.0)	(405, 1.0)	(410, 1.0)	(415, 8.0)	(420, 2.0)	(425, 1.0)	(430, 6.0)	(435, 10273.0)	(440, 6220.0)	(445, 22.0)	(450, 9.0)	(455, 48.0)	(460, 1599.0)	(465, 40413.0)	(470, 0.0)	(475, 2.0)	(480, 1.0)	(485, 4.0)	(490, 7.0)																						
44_S40	(350, 3.0)	(355, 3.0)	(360, 32.0)	(365, 8.0)	(370, 5.0)	(375, 18.0)	(380, 4.0)	(385, 13.0)	(390, 7.0)	(395, 1.0)	(400, 2.0)	(405, 2.0)	(410, 8.0)	(415, 8.0)	(420, 4.0)	(425, 6.0)	(430, 1.0)	(435, 18665.0)	(440, 7022.0)	(445, 127.0)	(450, 11.0)	(455, 68.0)	(460, 2272.0)	(465, 55643.0)	(470, 6.0)	(475, 5.0)	(480, 1.0)	(485, 14.0)	(490, 12.0)																						
45_S41	(350, 33.0)	(355, 18.0)	(360, 125.0)	(365, 21.0)	(370, 34.0)	(375, 104.0)	(380, 42.0)	(385, 55.0)	(390, 26.0)	(395, 56.0)	(400, 53.0)	(405, 40.0)	(410, 32.0)	(415, 14.0)	(420, 48.0)	(425, 18.0)	(430, 24.0)	(435, 12909.0)	(440, 15865.0)	(445, 661.0)	(450, 221.0)	(455, 253.0)	(460, 2178.0)	(465, 48131.0)	(470, 13.0)	(475, 31.0)	(480, 26.0)	(485, 38.0)	(490, 31.0)																						
46_S42	(350, 9.0)	(355, 12.0)	(360, 62.0)	(365, 5.0)	(370, 10.0)	(375, 34.0)	(380, 5.0)	(385, 28.0)	(390, 12.0)	(395, 11.0)	(400, 4.0)	(405, 6.0)	(410, 5.0)	(415, 9.0)	(420, 9.0)	(425, 5.0)	(430, 12.0)	(435, 18624.0)	(440, 37791.0)	(445, 7.0)	(450, 5.0)	(455, 216.0)	(460, 2165.0)	(465, 52861.0)	(470, 4.0)	(475, 4.0)	(480, 2.0)	(485, 11.0)	(490, 28.0)																						
47_S43	(350, 33.0)	(355, 6.0)	(360, 75.0)	(365, 23.0)	(370, 14.0)	(375, 45.0)	(380, 8.0)	(385, 26.0)	(390, 12.0)	(395, 20.0)	(400, 13.0)	(405, 24.0)	(410, 19.0)	(415, 15.0)	(420, 22.0)	(425, 9.0)	(430, 18.0)	(435, 13402.0)	(440, 11998.0)	(445, 24.0)	(450, 10.0)	(455, 155.0)	(460, 2431.0)	(465, 72106.0)	(470, 9.0)	(475, 6.0)	(480, 6.0)	(485, 13.0)	(490, 12.0)																						
4_S4	(345, 1.0)	(350, 5.0)	(355, 5.0)	(360, 3.0)	(365, 2.0)	(370, 7.0)	(375, 5.0)	(380, 5.0)	(385, 10.0)	(390, 5.0)	(395, 5.0)	(400, 3.0)	(405, 3.0)	(410, 3.0)	(415, 3.0)	(420, 15.0)	(425, 4.0)	(430, 5.0)	(435, 2099.0)	(440, 35047.0)	(445, 306.0)	(450, 107.0)	(455, 14816.0)	(460, 65520.0)	(465, 19280.0)	(470, 0.0)	(475, 1.0)	(480, 6.0)	(485, 18.0)	(490, 97.0)																					
50_S46	(330, 19.0)	(335, 3.0)	(340, 8.0)	(345, 6.0)	(350, 3.0)	(355, 10.0)	(360, 49.0)	(365, 29.0)	(370, 4.0)	(375, 18.0)	(380, 5.0)	(385, 24.0)	(390, 14.0)	(395, 5.0)	(400, 23.0)	(405, 21.0)	(410, 13.0)	(415, 5.0)	(420, 25.0)	(425, 9.0)	(430, 6.0)	(435, 7668.0)	(440, 5356.0)	(445, 8.0)	(450, 8.0)	(455, 72.0)	(460, 1469.0)	(465, 42836.0)	(470, 3.0)	(475, 9.0)	(480, 5.0)	(485, 7.0)	(490, 9.0)																		
51_S47	(330, 2.0)	(335, 5.0)	(340, 6.0)	(345, 5.0)	(350, 8.0)	(355, 4.0)	(360, 18.0)	(365, 10.0)	(370, 8.0)	(375, 14.0)	(380, 5.0)	(385, 12.0)	(390, 2.0)	(395, 8.0)	(400, 13.0)	(405, 3.0)	(410, 8.0)	(415, 1.0)	(420, 5.0)	(425, 3.0)	(430, 0.0)	(435, 1836.0)	(440, 37245.0)	(445, 11.0)	(450, 6.0)	(455, 544.0)	(460, 21791.0)	(465, 20257.0)	(470, 3.0)	(475, 4.0)	(480, 8.0)	(485, 15.0)	(490, 34.0)																		
52_S48	(340, 6.0)	(345, 3.0)	(350, 0.0)	(355, 0.0)	(360, 8.0)	(365, 11.0)	(370, 3.0)	(375, 1.0)	(380, 1.0)	(385, 4.0)	(390, 2.0)	(395, 5.0)	(400, 2.0)	(405, 2.0)	(410, 2.0)	(415, 6.0)	(420, 51.0)	(425, 1.0)	(430, 9.0)	(435, 6228.0)	(440, 61146.0)	(445, 416.0)	(450, 18.0)	(455, 16055.0)	(460, 32835.0)	(465, 12955.0)	(470, 4.0)	(475, 2.0)	(480, 0.0)	(485, 8.0)	(490, 57.0)																				
53_S1	(350, 15.0)	(355, 28.0)	(360, 190.0)	(365, 29.0)	(370, 18.0)	(375, 71.0)	(380, 21.0)	(385, 38.0)	(390, 21.0)	(395, 21.0)	(400, 54.0)	(405, 29.0)	(410, 35.0)	(415, 24.0)	(420, 46.0)	(425, 34.0)	(430, 45.0)	(435, 62570.0)	(440, 58886.0)	(445, 506.0)	(450, 86.0)	(455, 1000.0)	(460, 5358.0)	(465, 106490.0)	(470, 14.0)	(475, 42.0)	(480, 22.0)	(485, 22.0)	(490, 44.0)																						
54_S2	(330, 24.0)	(335, 26.0)	(340, 49.0)	(345, 39.0)	(350, 31.0)	(355, 26.0)	(360, 245.0)	(365, 38.0)	(370, 38.0)	(375, 110.0)	(380, 27.0)	(385, 50.0)	(390, 54.0)	(395, 80.0)	(400, 102.0)	(405, 72.0)	(410, 53.0)	(415, 20.0)	(420, 70.0)	(425, 27.0)	(430, 38.0)	(435, 23273.0)	(440, 61926.0)	(445, 56.0)	(450, 31.0)	(455, 705.0)	(460, 2596.0)	(465, 9577.0)	(470, 12.0)	(475, 37.0)	(480, 42.0)	(485, 30.0)	(490, 64.0)																		
55_S3	(350, 16.0)	(355, 7.0)	(360, 167.0)	(365, 31.0)	(370, 32.0)	(375, 22.0)	(380, 25.0)	(385, 61.0)	(390, 31.0)	(395, 44.0)	(400, 43.0)	(405, 46.0)	(410, 23.0)	(415, 16.0)	(420, 83.0)	(425, 28.0)	(430, 23.0)	(435, 32133.0)	(440, 74023.0)	(445, 40.0)	(450, 25.0)	(455, 412.0)	(460, 3829.0)	(465, 76183.0)	(470, 16.0)	(475, 13.0)	(480, 22.0)	(485, 49.0)	(490, 35.0)																						
56_S4	(330, 20.0)	(335, 12.0)	(340, 8.0)	(345, 3.0)	(350, 15.0)	(355, 3.0)	(360, 137.0)	(365, 11.0)	(370, 16.0)	(375, 20.0)	(380, 7.0)	(385, 18.0)	(390, 24.0)	(395, 20.0)	(400, 9.0)	(405, 23.0)	(410, 17.0)	(415, 5.0)	(420, 35.0)	(425, 9.0)	(430, 15.0)	(435, 27455.0)	(440, 109572.0)	(445, 30.0)	(450, 27.0)	(455, 165.0)	(460, 1340.0)	(465, 12760.0)	(470, 11.0)	(475, 38.0)	(480, 15.0)	(485, 25.0)	(490, 47.0)																		
58_S7	(350, 16.0)	(355, 6.0)	(360, 71.0)	(365, 11.0)	(370, 35.0)	(375, 86.0)	(380, 9.0)	(385, 57.0)	(390, 7.0)	(395, 64.0)	(400, 57.0)	(405, 33.0)	(410, 10.0)	(415, 25.0)	(420, 48.0)	(425, 14.0)	(430, 23.0)	(435, 10966.0)	(440, 21590.0)	(445, 114.0)	(450, 55.0)	(455, 527.0)	(460, 5892.0)	(465, 148630.0)	(470, 2.0)	(475, 11.0)	(480, 30.0)	(485, 25.0)	(490, 35.0)																						
59_S8	(335, 1.0)	(340, 0.0)	(345, 2.0)	(350, 0.0)	(355, 4.0)	(360, 35.0)	(365, 6.0)	(370, 0.0)	(375, 4.0)	(380, 0.0)	(385, 9.0)	(390, 0.0)	(395, 1.0)	(400, 2.0)	(405, 0.0)	(410, 2.0)	(415, 5.0)	(420, 6.0)	(425, 0.0)	(430, 7.0)	(435, 18854.0)	(440, 43237.0)	(445, 197.0)	(450, 24.0)	(455, 110.0)	(460, 2602.0)	(465, 62525.0)	(470, 3.0)	(475, 0.0)	(480, 2.0)	(485, 3.0)	(490, 9.0)																			
5_S5	(345, 4.0)	(350, 5.0)	(355, 4.0)	(360, 6.0)	(365, 17.0)	(370, 23.0)	(375, 9.0)	(380, 7.0)	(385, 4.0)	(390, 2.0)	(395, 3.0)	(400, 6.0)	(405, 6.0)	(410, 8.0)	(415, 6.0)	(420, 24.0)	(425, 3.0)	(430, 7.0)	(435, 4565.0)	(440, 59884.0)	(445, 79.0)	(450, 17.0)	(455, 23741.0)	(460, 99320.0)	(465, 24783.0)	(470, 3.0)	(475, 5.0)	(480, 1.0)	(485, 16.0)	(490, 130.0)																					
60_S9	(360, 12.0)	(365, 18.0)	(370, 0.0)	(375, 3.0)	(380, 0.0)	(385, 21.0)	(390, 4.0)	(395, 0.0)	(400, 1.0)	(405, 0.0)	(410, 1.0)	(415, 24.0)	(420, 21.0)	(425, 7.0)	(430, 2.0)	(435, 18711.0)	(440, 19753.0)	(445, 164.0)	(450, 33.0)	(455, 161.0)	(460, 2620.0)	(465, 76933.0)	(470, 5.0)	(475, 1.0)	(480, 1.0)	(485, 3.0)	(490, 6.0)																								
6_S6	(345, 3.0)	(350, 4.0)	(355, 5.0)	(360, 5.0)	(365, 2.0)	(370, 10.0)	(375, 0.0)	(380, 5.0)	(385, 13.0)	(390, 0.0)	(395, 0.0)	(400, 4.0)	(405, 4.0)	(410, 7.0)	(415, 7.0)	(420, 29.0)	(425, 0.0)	(430, 0.0)	(435, 3095.0)	(440, 33390.0)	(445, 51.0)	(450, 20.0)	(455, 13423.0)	(460, 134528.0)	(465, 31185.0)	(470, 4.0)	(475, 3.0)	(480, 17.0)	(485, 22.0)	(490, 116.0)																					
7_S7	(345, 5.0)	(350, 2.0)	(355, 6.0)	(360, 6.0)	(365, 10.0)	(370, 14.0)	(375, 18.0)	(380, 27.0)	(385, 7.0)	(390, 8.0)	(395, 10.0)	(400, 4.0)	(405, 2.0)	(410, 3.0)	(415, 2.0)	(420, 35.0)	(425, 19.0)	(430, 12.0)	(435, 3063.0)	(440, 59784.0)	(445, 174.0)	(450, 343.0)	(455, 27703.0)	(460, 78172.0)	(465, 49677.0)	(470, 6.0)	(475, 12.0)	(480, 10.0)	(485, 36.0)	(490, 129.0)																					
9_S8	(350, 4.0)	(355, 0.0)	(360, 1.0)	(365, 7.0)	(370, 0.0)	(375, 0.0)	(380, 7.0)	(385, 2.0)	(390, 1.0)	(395, 1.0)	(400, 2.0)	(405, 1.0)	(410, 5.0)	(415, 2.0)	(420, 13.0)	(425, 10.0)	(430, 3.0)	(435, 3342.0)	(440, 38281.0)	(445, 84.0)	(450, 27.0)	(455, 26170.0)	(460, 48551.0)	(465, 16755.0)	(470, 3.0)	(475, 1.0)	(480, 1.0)	(485, 13.0)	(490, 80.0)																						
R1.339.d139	(405, 3.0)	(410, 0.0)	(415, 3.0)	(420, 17.0)	(425, 0.0)	(430, 0.0)	(435, 738.0)	(440, 9246.0)	(445, 6.0)	(450, 3.0)	(455, 3750.0)	(460, 4153.0)	(465, 3174.0)	(470, 0.0)	(475, 0.0)	(480, 3.0)	(485, 0.0)	(490, 0.0)	(495, 0.0)	(500, 0.0)	(505, 0.0)	(510, 0.0)	(515, 0.0)	(520, 0.0)	(525, 0.0)	(530, 0.0)	(535, 0.0)	(540, 0.0)	(545, 0.0)	(550, 0.0)	(555, 0.0)	(560, 0.0)	(565, 2.0)	(570, 0.0)	(575, 0.0)	(580, 0.0)	(585, 1.0)														
R1.339.d42	(350, 1.0)	(355, 0.0)	(360, 1.0)	(365, 1.0)	(370, 2.0)	(375, 2.0)	(380, 2.0)	(385, 0.0)	(390, 2.0)	(395, 0.0)	(400, 0.0)	(405, 0.0)	(410, 0.0)	(415, 1.0)	(420, 11.0)	(425, 0.0)	(430, 5.0)	(435, 979.0)	(440, 26090.0)	(445, 39.0)	(450, 3.0)	(455, 8373.0)	(460, 30605.0)	(465, 15947.0)	(470, 0.0)	(475, 0.0)	(480, 0.0)	(485, 0.0)	(490, 0.0)	(495, 0.0)	(500, 0.0)	(505, 0.0)	(510, 0.0)	(515, 0.0)	(520, 0.0)	(525, 0.0)	(530, 0.0)	(535, 0.0)	(540, 0.0)	(545, 0.0)	(550, 0.0)	(555, 0.0)	(560, 0.0)	(565, 0.0)	(570, 0.0)	(575, 0.0)	(580, 0.0)	(585, 6.0)	(590, 8.0)		
R1.339.w	(345, 1.0)	(350, 0.0)	(355, 0.0)	(360, 0.0)	(365, 1.0)	(370, 0.0)	(375, 0.0)	(380, 0.0)	(385, 0.0)	(390, 0.0)	(395, 4.0)	(400, 0.0)	(405, 0.0)	(410, 1.0)	(415, 4.0)	(420, 3.0)	(425, 0.0)	(430, 2.0)	(435, 379.0)	(440, 17263.0)	(445, 4.0)	(450, 2.0)	(455, 1448.0)	(460, 10598.0)	(465, 9346.0)	(470, 0.0)	(475, 0.0)	(480, 0.0)	(485, 0.0)	(490, 0.0)	(495, 0.0)	(500, 0.0)	(505, 0.0)	(510, 0.0)	(515, 0.0)	(520, 0.0)	(525, 0.0)	(530, 1.0)	(535, 0.0)	(540, 0.0)	(545, 0.0)	(550, 0.0)	(555, 0.0)	(560, 0.0)	(565, 0.0)	(570, 0.0)	(575, 0.0)	(580, 0.0)	(585, 4.0)		
R1.377.d139	(355, 1.0)	(360, 0.0)	(365, 0.0)	(370, 0.0)	(375, 0.0)	(380, 0.0)	(385, 0.0)	(390, 0.0)	(395, 0.0)	(400, 0.0)	(405, 1.0)	(410, 0.0)	(415, 0.0)	(420, 9.0)	(425, 0.0)	(430, 0.0)	(435, 413.0)	(440, 9207.0)	(445, 14.0)	(450, 0.0)	(455, 2978.0)	(460, 15839.0)	(465, 8258.0)	(470, 0.0)	(475, 0.0)	(480, 0.0)	(485, 0.0)	(490, 0.0)	(495, 0.0)	(500, 0.0)	(505, 0.0)	(510, 0.0)	(515, 0.0)	(520, 0.0)	(525, 0.0)	(530, 0.0)	(535, 0.0)	(540, 0.0)	(545, 0.0)	(550, 0.0)	(555, 0.0)	(560, 0.0)	(565, 0.0)	(570, 0.0)	(575, 0.0)	(580, 0.0)	(585, 0.0)	(590, 3.0)			
R1.377.d42	(350, 1.0)	(355, 0.0)	(360, 0.0)	(365, 0.0)	(370, 0.0)	(375, 0.0)	(380, 0.0)	(385, 0.0)	(390, 0.0)	(395, 0.0)	(400, 0.0)	(405, 0.0)	(410, 2.0)	(415, 4.0)	(420, 27.0)	(425, 5.0)	(430, 0.0)	(435, 538.0)	(440, 24788.0)	(445, 41.0)	(450, 5.0)	(455, 4613.0)	(460, 60460.0)	(465, 22625.0)	(470, 0.0)	(475, 0.0)	(480, 0.0)	(485, 0.0)	(490, 0.0)	(495, 0.0)	(500, 0.0)	(505, 0.0)	(510, 0.0)	(515, 0.0)	(520, 0.0)	(525, 0.0)	(530, 0.0)	(535, 0.0)	(540, 0.0)	(545, 0.0)	(550, 0.0)	(555, 0.0)	(560, 0.0)	(565, 0.0)	(570, 1.0)	(575, 0.0)	(580, 0.0)	(585, 1.0)	(590, 8.0)		
R1.377.w	(350, 1.0)	(355, 0.0)	(360, 0.0)	(365, 11.0)	(370, 0.0)	(375, 0.0)	(380, 0.0)	(385, 0.0)	(390, 8.0)	(395, 3.0)	(400, 1.0)	(405, 0.0)	(410, 2.0)	(415, 6.0)	(420, 13.0)	(425, 0.0)	(430, 1.0)	(435, 2373.0)	(440, 54056.0)	(445, 31.0)	(450, 2.0)	(455, 2806.0)	(460, 10127.0)	(465, 16199.0)	(470, 0.0)	(475, 0.0)	(480, 0.0)	(485, 0.0)	(490, 0.0)	(495, 0.0)	(500, 0.0)	(505, 0.0)	(510, 0.0)	(515, 0.0)	(520, 0.0)	(525, 0.0)	(530, 0.0)	(535, 0.0)	(540, 0.0)	(545, 0.0)	(550, 0.0)	(555, 0.0)	(560, 0.0)	(565, 0.0)	(570, 0.0)	(575, 0.0)	(580, 1.0)	(585, 0.0)	(590, 1.0)		
R1.378.d139	(360, 1.0)	(365, 0.0)	(370, 1.0)	(375, 0.0)	(380, 2.0)	(385, 0.0)	(390, 0.0)	(395, 0.0)	(400, 0.0)	(405, 0.0)	(410, 0.0)	(415, 0.0)	(420, 31.0)	(425, 4.0)	(430, 0.0)	(435, 1121.0)	(440, 12873.0)	(445, 7.0)	(450, 1.0)	(455, 4961.0)	(460, 10793.0)	(465, 6819.0)	(470, 0.0)	(475, 0.0)	(480, 0.0)	(485, 0.0)	(490, 0.0)	(495, 0.0)	(500, 0.0)	(505, 0.0)	(510, 0.0)	(515, 0.0)	(520, 0.0)	(525, 0.0)	(530, 0.0)	(535, 0.0)	(540, 0.0)	(545, 0.0)	(550, 0.0)	(555, 0.0)	(560, 0.0)	(565, 0.0)	(570, 0.0)	(575, 1.0)	(580, 0.0)	(585, 2.0)	(590, 3.0)				
R1.378.w	(340, 5.0)	(345, 0.0)	(350, 0.0)	(355, 0.0)	(360, 3.0)	(365, 7.0)	(370, 1.0)	(375, 1.0)	(380, 0.0)	(385, 0.0)	(390, 2.0)	(395, 0.0)	(400, 0.0)	(405, 3.0)	(410, 1.0)	(415, 11.0)	(420, 45.0)	(425, 1.0)	(430, 9.0)	(435, 2170.0)	(440, 60116.0)	(445, 41.0)	(450, 7.0)	(455, 11184.0)	(460, 15516.0)	(465, 8904.0)	(470, 0.0)	(475, 0.0)	(480, 0.0)	(485, 3.0)	(490, 0.0)	(495, 0.0)	(500, 0.0)	(505, 0.0)	(510, 0.0)	(515, 0.0)	(520, 0.0)	(525, 0.0)	(530, 0.0)	(535, 0.0)	(540, 0.0)	(545, 0.0)	(550, 0.0)	(555, 0.0)	(560, 0.0)	(565, 0.0)	(570, 0.0)	(575, 2.0)	(580, 1.0)	(585, 9.0)	(590, 5.0)
R1.403.d139	(420, 6.0)	(425, 0.0)	(430, 0.0)	(435, 134.0)	(440, 2925.0)	(445, 5.0)	(450, 4.0)	(455, 1087.0)	(460, 4999.0)	(465, 2373.0)	(470, 0.0)	(475, 1.0)	(480, 0.0)	(485, 0.0)	(490, 0.0)	(495, 0.0)	(500, 0.0)	(505, 0.0)	(510, 0.0)	(515, 0.0)	(520, 0.0)	(525, 0.0)	(530, 0.0)	(535, 0.0)	(540, 0.0)	(545, 0.0)	(550, 0.0)	(555, 0.0)	(560, 0.0)	(565, 0.0)	(570, 0.0)	(575, 0.0)	(580, 0.0)	(585, 0.0)	(590, 1.0)																
R1.403.d42	(345, 1.0)	(350, 0.0)	(355, 0.0)	(360, 3.0)	(365, 0.0)	(370, 0.0)	(375, 0.0)	(380, 0.0)	(385, 0.0)	(390, 3.0)	(395, 0.0)	(400, 0.0)	(405, 0.0)	(410, 0.0)	(415, 0.0)	(420, 47.0)	(425, 1.0)	(430, 0.0)	(435, 812.0)	(440, 14751.0)	(445, 58.0)	(450, 3.0)	(455, 2607.0)	(460, 17875.0)	(465, 6965.0)	(470, 0.0)	(475, 0.0)	(480, 0.0)	(485, 0.0)	(490, 0.0)	(495, 0.0)	(500, 0.0)	(505, 0.0)	(510, 0.0)	(515, 0.0)	(520, 0.0)	(525, 0.0)	(530, 0.0)	(535, 0.0)	(540, 0.0)	(545, 0.0)	(550, 0.0)	(555, 0.0)	(560, 0.0)	(565, 0.0)	(570, 0.0)	(575, 0.0)	(580, 0.0)	(585, 2.0)	(590, 3.0)	
R1.403.w	(365, 7.0)	(370, 0.0)	(375, 0.0)	(380, 0.0)	(385, 0.0)	(390, 0.0)	(395, 1.0)	(400, 0.0)	(405, 1.0)	(410, 0.0)	(415, 1.0)	(420, 15.0)	(425, 0.0)	(430, 0.0)	(435, 840.0)	(440, 19280.0)	(445, 6.0)	(450, 1.0)	(455, 743.0)	(460, 5049.0)	(465, 7647.0)	(470, 0.0)	(475, 0.0)	(480, 0.0)	(485, 0.0)	(490, 0.0)	(495, 0.0)	(500, 0.0)	(505, 0.0)	(510, 0.0)	(515, 0.0)	(520, 0.0)	(525, 0.0)	(530, 0.0)	(535, 0.0)	(540, 0.0)	(545, 0.0)	(550, 0.0)	(555, 0.0)	(560, 0.0)	(565, 0.0)	(570, 0.0)	(575, 0.0)	(580, 0.0)	(585, 2.0)	(590, 5.0)					
R1.405.d139	(420, 24.0)	(425, 0.0)	(430, 0.0)	(435, 728.0)	(440, 12621.0)	(445, 16.0)	(450, 2.0)	(455, 4426.0)	(460, 5895.0)	(465, 3864.0)	(470, 0.0)	(475, 0.0)	(480, 0.0)	(485, 0.0)	(490, 0.0)	(495, 0.0)	(500, 0.0)	(505, 0.0)	(510, 0.0)	(515, 0.0)	(520, 0.0)	(525, 0.0)	(530, 0.0)	(535, 0.0)	(540, 0.0)	(545, 0.0)	(550, 0.0)	(555, 0.0)	(560, 0.0)	(565, 0.0)	(570, 0.0)	(575, 0.0)	(580, 0.0)	(585, 1.0)																	
R1.405.d42	(340, 22.0)	(345, 0.0)	(350, 0.0)	(355, 0.0)	(360, 1.0)	(365, 2.0)	(370, 9.0)	(375, 0.0)	(380, 1.0)	(385, 0.0)	(390, 0.0)	(395, 0.0)	(400, 0.0)	(405, 0.0)	(410, 0.0)	(415, 0.0)	(420, 33.0)	(425, 3.0)	(430, 3.0)	(435, 1761.0)	(440, 38852.0)	(445, 216.0)	(450, 6.0)	(455, 8208.0)	(460, 54052.0)	(465, 18384.0)	(470, 0.0)	(475, 0.0)	(480, 1.0)	(485, 0.0)	(490, 0.0)	(495, 0.0)	(500, 0.0)	(505, 0.0)	(510, 0.0)	(515, 0.0)	(520, 0.0)	(525, 0.0)	(530, 0.0)	(535, 0.0)	(540, 0.0)	(545, 0.0)	(550, 0.0)	(555, 0.0)	(560, 0.0)	(565, 0.0)	(570, 0.0)	(575, 0.0)	(580, 0.0)	(585, 8.0)	(590, 11.0)
R1.405.w	(360, 5.0)	(365, 6.0)	(370, 0.0)	(375, 0.0)	(380, 3.0)	(385, 0.0)	(390, 0.0)	(395, 5.0)	(400, 0.0)	(405, 3.0)	(410, 0.0)	(415, 0.0)	(420, 1.0)	(425, 2.0)	(430, 7.0)	(435, 493.0)	(440, 26979.0)	(445, 5.0)	(450, 3.0)	(455, 6891.0)	(460, 58272.0)	(465, 11125.0)	(470, 0.0)	(475, 0.0)	(480, 7.0)	(485, 0.0)	(490, 0.0)	(495, 0.0)	(500, 0.0)	(505, 2.0)	(510, 0.0)	(515, 0.0)	(520, 0.0)	(525, 0.0)	(530, 0.0)	(535, 0.0)	(540, 1.0)	(545, 0.0)	(550, 0.0)	(555, 0.0)	(560, 0.0)	(565, 0.0)	(570, 0.0)	(575, 0.0)	(580, 0.0)	(585, 4.0)	(590, 5.0)				
R1.407.d139	(380, 2.0)	(385, 0.0)	(390, 0.0)	(395, 0.0)	(400, 0.0)	(405, 0.0)	(410, 0.0)	(415, 0.0)	(420, 69.0)	(425, 0.0)	(430, 0.0)	(435, 931.0)	(440, 13198.0)	(445, 8.0)	(450, 5.0)	(455, 4307.0)	(460, 8671.0)	(465, 6115.0)	(470, 0.0)	(475, 0.0)	(480, 0.0)	(485, 0.0)	(490, 0.0)	(495, 0.0)	(500, 0.0)	(505, 0.0)	(510, 0.0)	(515, 0.0)	(520, 0.0)	(525, 0.0)	(530, 0.0)	(535, 0.0)	(540, 0.0)	(545, 0.0)	(550, 0.0)	(555, 0.0)	(560, 0.0)	(565, 0.0)	(570, 0.0)	(575, 0.0)	(580, 0.0)	(585, 2.0)	(590, 3.0)								
R1.407.d42	(365, 6.0)	(370, 3.0)	(375, 5.0)	(380, 0.0)	(385, 5.0)	(390, 0.0)	(395, 3.0)	(400, 0.0)	(405, 4.0)	(410, 0.0)	(415, 0.0)	(420, 42.0)	(425, 9.0)	(430, 1.0)	(435, 1602.0)	(440, 32701.0)	(445, 10.0)	(450, 6.0)	(455, 12832.0)	(460, 35760.0)	(465, 17973.0)	(470, 0.0)	(475, 0.0)	(480, 0.0)	(485, 0.0)	(490, 0.0)	(495, 0.0)	(500, 0.0)	(505, 0.0)	(510, 0.0)	(515, 0.0)	(520, 0.0)	(525, 0.0)	(530, 0.0)	(535, 0.0)	(540, 0.0)	(545, 0.0)	(550, 0.0)	(555, 0.0)	(560, 0.0)	(565, 0.0)	(570, 0.0)	(575, 3.0)	(580, 0.0)	(585, 7.0)	(590, 10.0)					
R1.407.w	(365, 11.0)	(370, 0.0)	(375, 0.0)	(380, 1.0)	(385, 0.0)	(390, 18.0)	(395, 0.0)	(400, 0.0)	(405, 4.0)	(410, 0.0)	(415, 0.0)	(420, 42.0)	(425, 0.0)	(430, 2.0)	(435, 1223.0)	(440, 42565.0)	(445, 31.0)	(450, 0.0)	(455, 2110.0)	(460, 18328.0)	(465, 18507.0)	(470, 0.0)	(475, 0.0)	(480, 1.0)	(485, 0.0)	(490, 0.0)	(495, 0.0)	(500, 0.0)	(505, 0.0)	(510, 0.0)	(515, 0.0)	(520, 0.0)	(525, 0.0)	(530, 0.0)	(535, 0.0)	(540, 0.0)	(545, 0.0)	(550, 0.0)	(555, 0.0)	(560, 0.0)	(565, 0.0)	(570, 0.0)	(575, 0.0)	(580, 0.0)	(585, 2.0)	(590, 4.0)					
R1.415.d139	(355, 4.0)	(360, 0.0)	(365, 0.0)	(370, 2.0)	(375, 0.0)	(380, 0.0)	(385, 0.0)	(390, 0.0)	(395, 0.0)	(400, 0.0)	(405, 0.0)	(410, 0.0)	(415, 0.0)	(420, 14.0)	(425, 5.0)	(430, 5.0)	(435, 378.0)	(440, 11327.0)	(445, 83.0)	(450, 5.0)	(455, 3526.0)	(460, 16954.0)	(465, 9679.0)	(470, 0.0)	(475, 0.0)	(480, 0.0)	(485, 0.0)	(490, 0.0)	(495, 0.0)	(500, 0.0)	(505, 0.0)	(510, 0.0)	(515, 0.0)	(520, 0.0)	(525, 0.0)	(530, 0.0)	(535, 0.0)	(540, 0.0)	(545, 0.0)	(550, 0.0)	(555, 0.0)	(560, 0.0)	(565, 0.0)	(570, 0.0)	(575, 0.0)	(580, 0.0)	(585, 0.0)	(590, 1.0)			
R1.415.d42	(355, 2.0)	(360, 0.0)	(365, 5.0)	(370, 4.0)	(375, 0.0)	(380, 0.0)	(385, 2.0)	(390, 0.0)	(395, 0.0)	(400, 0.0)	(405, 3.0)	(410, 3.0)	(415, 0.0)	(420, 28.0)	(425, 0.0)	(430, 1.0)	(435, 955.0)	(440, 24879.0)	(445, 20.0)	(450, 20.0)	(455, 8206.0)	(460, 27863.0)	(465, 17626.0)	(470, 2.0)	(475, 3.0)	(480, 1.0)	(485, 0.0)	(490, 0.0)	(495, 2.0)	(500, 0.0)	(505, 0.0)	(510, 0.0)	(515, 0.0)	(520, 0.0)	(525, 0.0)	(530, 0.0)	(535, 0.0)	(540, 0.0)	(545, 1.0)	(550, 0.0)	(555, 0.0)	(560, 0.0)	(565, 0.0)	(570, 0.0)	(575, 0.0)	(580, 1.0)	(585, 4.0)	(590, 11.0)			
R1.417.d139	(420, 20.0)	(425, 0.0)	(430, 0.0)	(435, 494.0)	(440, 11628.0)	(445, 38.0)	(450, 45.0)	(455, 3842.0)	(460, 10641.0)	(465, 8154.0)	(470, 0.0)	(475, 0.0)	(480, 0.0)	(485, 3.0)	(490, 0.0)	(495, 0.0)	(500, 0.0)	(505, 0.0)	(510, 0.0)	(515, 0.0)	(520, 0.0)	(525, 0.0)	(530, 0.0)	(535, 0.0)	(540, 0.0)	(545, 0.0)	(550, 0.0)	(555, 0.0)	(560, 0.0)	(565, 0.0)	(570, 0.0)	(575, 0.0)	(580, 0.0)	(585, 2.0)	(590, 3.0)																
R1.417.d42	(365, 3.0)	(370, 4.0)	(375, 3.0)	(380, 0.0)	(385, 1.0)	(390, 4.0)	(395, 0.0)	(400, 8.0)	(405, 0.0)	(410, 0.0)	(415, 0.0)	(420, 12.0)	(425, 7.0)	(430, 3.0)	(435, 1017.0)	(440, 31029.0)	(445, 29.0)	(450, 1.0)	(455, 11831.0)	(460, 45822.0)	(465, 17484.0)	(470, 5.0)	(475, 0.0)	(480, 0.0)	(485, 0.0)	(490, 0.0)	(495, 0.0)	(500, 0.0)	(505, 0.0)	(510, 0.0)	(515, 0.0)	(520, 2.0)	(525, 0.0)	(530, 0.0)	(535, 3.0)	(540, 0.0)	(545, 0.0)	(550, 0.0)	(555, 1.0)	(560, 0.0)	(565, 0.0)	(570, 0.0)	(575, 0.0)	(580, 0.0)	(585, 6.0)	(590, 8.0)					
R1.417.w	(330, 2.0)	(340, 3.0)	(350, 4.0)	(360, 0.0)	(370, 0.0)	(380, 5.0)	(390, 3.0)	(400, 1.0)	(410, 1.0)	(420, 6.0)	(430, 1191.0)	(440, 31994.0)	(450, 18540.0)	(460, 41462.0)	(470, 3.0)	(480, 0.0)	(490, 0.0)	(500, 0.0)	(510, 0.0)	(520, 2.0)	(530, 0.0)	(540, 0.0)	(550, 0.0)	(560, 0.0)	(570, 1.0)	(580, 10.0)	(590, 4.0)																								
R1.420.d139	(350, 2.0)	(355, 0.0)	(360, 0.0)	(365, 0.0)	(370, 1.0)	(375, 2.0)	(380, 0.0)	(385, 0.0)	(390, 0.0)	(395, 0.0)	(400, 0.0)	(405, 0.0)	(410, 0.0)	(415, 0.0)	(420, 11.0)	(425, 2.0)	(430, 3.0)	(435, 858.0)	(440, 18446.0)	(445, 40.0)	(450, 9.0)	(455, 5832.0)	(460, 19937.0)	(465, 8866.0)	(470, 0.0)	(475, 0.0)	(480, 0.0)	(485, 2.0)	(490, 0.0)	(495, 0.0)	(500, 0.0)	(505, 0.0)	(510, 0.0)	(515, 0.0)	(520, 0.0)	(525, 0.0)	(530, 0.0)	(535, 0.0)	(540, 0.0)	(545, 0.0)	(550, 0.0)	(555, 0.0)	(560, 0.0)	(565, 0.0)	(570, 0.0)	(575, 0.0)	(580, 0.0)	(585, 4.0)	(590, 7.0)		
R1.420.d42	(370, 2.0)	(375, 0.0)	(380, 2.0)	(385, 0.0)	(390, 2.0)	(395, 1.0)	(400, 0.0)	(405, 1.0)	(410, 1.0)	(415, 0.0)	(420, 3.0)	(425, 2.0)	(430, 0.0)	(435, 335.0)	(440, 17337.0)	(445, 36.0)	(450, 17.0)	(455, 2596.0)	(460, 26339.0)	(465, 7571.0)	(470, 0.0)	(475, 0.0)	(480, 0.0)	(485, 0.0)	(490, 0.0)	(495, 0.0)	(500, 0.0)	(505, 0.0)	(510, 0.0)	(515, 0.0)	(520, 0.0)	(525, 0.0)	(530, 0.0)	(535, 0.0)	(540, 0.0)	(545, 0.0)	(550, 0.0)	(555, 0.0)	(560, 0.0)	(565, 0.0)	(570, 0.0)	(575, 0.0)	(580, 0.0)	(585, 3.0)	(590, 6.0)						
R1.420.w	(350, 3.0)	(355, 0.0)	(360, 5.0)	(365, 1.0)	(370, 0.0)	(375, 0.0)	(380, 1.0)	(385, 0.0)	(390, 0.0)	(395, 1.0)	(400, 1.0)	(405, 0.0)	(410, 0.0)	(415, 6.0)	(420, 12.0)	(425, 1.0)	(430, 0.0)	(435, 580.0)	(440, 17058.0)	(445, 10.0)	(450, 4.0)	(455, 12819.0)	(460, 17131.0)	(465, 10021.0)	(470, 0.0)	(475, 0.0)	(480, 0.0)	(485, 0.0)	(490, 0.0)	(495, 0.0)	(500, 0.0)	(505, 0.0)	(510, 0.0)	(515, 0.0)	(520, 0.0)	(525, 0.0)	(530, 0.0)	(535, 0.0)	(540, 0.0)	(545, 0.0)	(550, 0.0)	(555, 0.0)	(560, 0.0)	(565, 0.0)	(570, 0.0)	(575, 1.0)	(580, 0.0)	(585, 2.0)	(590, 6.0)		
R1.453.d139	(350, 1.0)	(355, 0.0)	(360, 0.0)	(365, 4.0)	(370, 0.0)	(375, 0.0)	(380, 5.0)	(385, 0.0)	(390, 0.0)	(395, 0.0)	(400, 1.0)	(405, 2.0)	(410, 0.0)	(415, 0.0)	(420, 28.0)	(425, 7.0)	(430, 1.0)	(435, 828.0)	(440, 23866.0)	(445, 337.0)	(450, 22.0)	(455, 7120.0)	(460, 24816.0)	(465, 16559.0)	(470, 0.0)	(475, 0.0)	(480, 4.0)	(485, 0.0)	(490, 0.0)	(495, 0.0)	(500, 0.0)	(505, 0.0)	(510, 0.0)	(515, 0.0)	(520, 0.0)	(525, 0.0)	(530, 0.0)	(535, 0.0)	(540, 0.0)	(545, 0.0)	(550, 0.0)	(555, 0.0)	(560, 0.0)	(565, 0.0)	(570, 3.0)	(575, 0.0)	(580, 0.0)	(585, 4.0)	(590, 6.0)		
R1.453.d42	(350, 2.0)	(355, 1.0)	(360, 1.0)	(365, 0.0)	(370, 2.0)	(375, 0.0)	(380, 2.0)	(385, 0.0)	(390, 0.0)	(395, 0.0)	(400, 4.0)	(405, 0.0)	(410, 1.0)	(415, 2.0)	(420, 8.0)	(425, 0.0)	(430, 2.0)	(435, 953.0)	(440, 22743.0)	(445, 42.0)	(450, 800.0)	(455, 8217.0)	(460, 55362.0)	(465, 16332.0)	(470, 0.0)	(475, 0.0)	(480, 0.0)	(485, 0.0)	(490, 0.0)	(495, 0.0)	(500, 0.0)	(505, 1.0)	(510, 0.0)	(515, 0.0)	(520, 0.0)	(525, 0.0)	(530, 0.0)	(535, 0.0)	(540, 0.0)	(545, 0.0)	(550, 0.0)	(555, 0.0)	(560, 0.0)	(565, 0.0)	(570, 0.0)	(575, 0.0)	(580, 0.0)	(585, 6.0)	(590, 10.0)		
R1.453.w	(375, 2.0)	(380, 4.0)	(385, 1.0)	(390, 6.0)	(395, 0.0)	(400, 0.0)	(405, 0.0)	(410, 0.0)	(415, 0.0)	(420, 45.0)	(425, 0.0)	(430, 0.0)	(435, 1797.0)	(440, 62006.0)	(445, 139.0)	(450, 1.0)	(455, 4981.0)	(460, 19000.0)	(465, 18479.0)	(470, 0.0)	(475, 0.0)	(480, 1.0)	(485, 2.0)	(490, 0.0)	(495, 0.0)	(500, 0.0)	(505, 0.0)	(510, 0.0)	(515, 0.0)	(520, 0.0)	(525, 0.0)	(530, 0.0)	(535, 0.0)	(540, 1.0)	(545, 0.0)	(550, 0.0)	(555, 0.0)	(560, 0.0)	(565, 0.0)	(570, 0.0)	(575, 0.0)	(580, 0.0)	(585, 3.0)	(590, 2.0)							
R1.455.d42	(370, 3.0)	(375, 3.0)	(380, 1.0)	(385, 0.0)	(390, 0.0)	(395, 0.0)	(400, 0.0)	(405, 0.0)	(410, 0.0)	(415, 0.0)	(420, 56.0)	(425, 2.0)	(430, 3.0)	(435, 1281.0)	(440, 57006.0)	(445, 16.0)	(450, 2.0)	(455, 13733.0)	(460, 42242.0)	(465, 21962.0)	(470, 0.0)	(475, 0.0)	(480, 0.0)	(485, 0.0)	(490, 0.0)	(495, 0.0)	(500, 0.0)	(505, 2.0)	(510, 1.0)	(515, 0.0)	(520, 0.0)	(525, 0.0)	(530, 1.0)	(535, 0.0)	(540, 0.0)	(545, 0.0)	(550, 0.0)	(555, 0.0)	(560, 0.0)	(565, 1.0)	(570, 0.0)	(575, 0.0)	(580, 0.0)	(585, 14.0)	(590, 7.0)						
R1.455.w	(360, 2.0)	(365, 88.0)	(370, 0.0)	(375, 0.0)	(380, 0.0)	(385, 1.0)	(390, 2.0)	(395, 1.0)	(400, 3.0)	(405, 0.0)	(410, 3.0)	(415, 0.0)	(420, 80.0)	(425, 5.0)	(430, 2.0)	(435, 2160.0)	(440, 54388.0)	(445, 197.0)	(450, 3.0)	(455, 3869.0)	(460, 21982.0)	(465, 38841.0)	(470, 1.0)	(475, 0.0)	(480, 0.0)	(485, 10.0)	(490, 0.0)	(495, 0.0)	(500, 0.0)	(505, 0.0)	(510, 1.0)	(515, 0.0)	(520, 0.0)	(525, 0.0)	(530, 2.0)	(535, 0.0)	(540, 1.0)	(545, 0.0)	(550, 1.0)	(555, 0.0)	(560, 0.0)	(565, 0.0)	(570, 0.0)	(575, 0.0)	(580, 0.0)	(585, 7.0)	(590, 2.0)				
R1.457.d139	(370, 3.0)	(375, 0.0)	(380, 0.0)	(385, 0.0)	(390, 1.0)	(395, 0.0)	(400, 0.0)	(405, 0.0)	(410, 0.0)	(415, 0.0)	(420, 5.0)	(425, 0.0)	(430, 0.0)	(435, 528.0)	(440, 13351.0)	(445, 18.0)	(450, 20.0)	(455, 3768.0)	(460, 16564.0)	(465, 6978.0)	(470, 3.0)	(475, 0.0)	(480, 0.0)	(485, 0.0)	(490, 0.0)	(495, 0.0)	(500, 0.0)	(505, 0.0)	(510, 0.0)	(515, 0.0)	(520, 0.0)	(525, 0.0)	(530, 0.0)	(535, 0.0)	(540, 0.0)	(545, 0.0)	(550, 0.0)	(555, 0.0)	(560, 0.0)	(565, 0.0)	(570, 0.0)	(575, 0.0)	(580, 0.0)	(585, 3.0)	(590, 2.0)						
R1.457.w	(350, 2.0)	(355, 0.0)	(360, 1.0)	(365, 0.0)	(370, 0.0)	(375, 0.0)	(380, 0.0)	(385, 1.0)	(390, 6.0)	(395, 0.0)	(400, 0.0)	(405, 2.0)	(410, 0.0)	(415, 1.0)	(420, 7.0)	(425, 2.0)	(430, 0.0)	(435, 614.0)	(440, 25023.0)	(445, 85.0)	(450, 2.0)	(455, 3297.0)	(460, 2868.0)	(465, 11682.0)	(470, 0.0)	(475, 0.0)	(480, 0.0)	(485, 0.0)	(490, 0.0)	(495, 0.0)	(500, 0.0)	(505, 0.0)	(510, 0.0)	(515, 0.0)	(520, 0.0)	(525, 0.0)	(530, 0.0)	(535, 0.0)	(540, 0.0)	(545, 0.0)	(550, 0.0)	(555, 0.0)	(560, 0.0)	(565, 0.0)	(570, 0.0)	(575, 1.0)	(580, 0.0)	(585, 4.0)	(590, 5.0)		
R1.481.d139	(375, 1.0)	(380, 3.0)	(385, 0.0)	(390, 0.0)	(395, 0.0)	(400, 0.0)	(405, 0.0)	(410, 0.0)	(415, 0.0)	(420, 57.0)	(425, 11.0)	(430, 0.0)	(435, 966.0)	(440, 28290.0)	(445, 20.0)	(450, 289.0)	(455, 8835.0)	(460, 22609.0)	(465, 13843.0)	(470, 2.0)	(475, 0.0)	(480, 0.0)	(485, 0.0)	(490, 0.0)	(495, 0.0)	(500, 0.0)	(505, 0.0)	(510, 2.0)	(515, 0.0)	(520, 0.0)	(525, 0.0)	(530, 0.0)	(535, 0.0)	(540, 0.0)	(545, 0.0)	(550, 1.0)	(555, 0.0)	(560, 0.0)	(565, 0.0)	(570, 0.0)	(575, 0.0)	(580, 0.0)	(585, 5.0)	(590, 9.0)							
R1.481.d42	(350, 1.0)	(355, 0.0)	(360, 0.0)	(365, 0.0)	(370, 4.0)	(375, 0.0)	(380, 0.0)	(385, 0.0)	(390, 0.0)	(395, 5.0)	(400, 3.0)	(405, 0.0)	(410, 0.0)	(415, 0.0)	(420, 32.0)	(425, 3.0)	(430, 2.0)	(435, 2265.0)	(440, 35708.0)	(445, 52.0)	(450, 20.0)	(455, 15822.0)	(460, 49123.0)	(465, 20899.0)	(470, 0.0)	(475, 0.0)	(480, 0.0)	(485, 0.0)	(490, 0.0)	(495, 0.0)	(500, 2.0)	(505, 0.0)	(510, 0.0)	(515, 0.0)	(520, 0.0)	(525, 2.0)	(530, 0.0)	(535, 0.0)	(540, 0.0)	(545, 0.0)	(550, 0.0)	(555, 0.0)	(560, 0.0)	(565, 0.0)	(570, 0.0)	(575, 0.0)	(580, 0.0)	(585, 4.0)	(590, 23.0)		
R1.481.w	(360, 12.0)	(365, 318.0)	(370, 0.0)	(375, 0.0)	(380, 0.0)	(385, 0.0)	(390, 0.0)	(395, 0.0)	(400, 0.0)	(405, 0.0)	(410, 0.0)	(415, 1.0)	(420, 1.0)	(425, 2.0)	(430, 0.0)	(435, 168.0)	(440, 55934.0)	(445, 9.0)	(450, 1.0)	(455, 938.0)	(460, 12646.0)	(465, 3820.0)	(470, 0.0)	(475, 0.0)	(480, 0.0)	(485, 0.0)	(490, 0.0)	(495, 0.0)	(500, 0.0)	(505, 0.0)	(510, 0.0)	(515, 0.0)	(520, 0.0)	(525, 0.0)	(530, 0.0)	(535, 0.0)	(540, 0.0)	(545, 0.0)	(550, 0.0)	(555, 0.0)	(560, 0.0)	(565, 0.0)	(570, 0.0)	(575, 0.0)	(580, 0.0)	(585, 4.0)	(590, 3.0)				
R1.482.d139	(340, 2.0)	(345, 0.0)	(350, 0.0)	(355, 0.0)	(360, 0.0)	(365, 0.0)	(370, 0.0)	(375, 0.0)	(380, 0.0)	(385, 0.0)	(390, 1.0)	(395, 1.0)	(400, 0.0)	(405, 0.0)	(410, 0.0)	(415, 1.0)	(420, 22.0)	(425, 4.0)	(430, 0.0)	(435, 1188.0)	(440, 16441.0)	(445, 26.0)	(450, 26.0)	(455, 6993.0)	(460, 11400.0)	(465, 9399.0)	(470, 0.0)	(475, 0.0)	(480, 0.0)	(485, 0.0)	(490, 0.0)	(495, 0.0)	(500, 0.0)	(505, 0.0)	(510, 0.0)	(515, 0.0)	(520, 0.0)	(525, 0.0)	(530, 0.0)	(535, 1.0)	(540, 0.0)	(545, 0.0)	(550, 0.0)	(555, 0.0)	(560, 0.0)	(565, 0.0)	(570, 0.0)	(575, 0.0)	(580, 1.0)	(585, 5.0)	(590, 4.0)
R1.482.d42	(360, 7.0)	(365, 0.0)	(370, 1.0)	(375, 0.0)	(380, 0.0)	(385, 1.0)	(390, 0.0)	(395, 3.0)	(400, 0.0)	(405, 6.0)	(410, 0.0)	(415, 1.0)	(420, 66.0)	(425, 3.0)	(430, 0.0)	(435, 4589.0)	(440, 41957.0)	(445, 13.0)	(450, 7.0)	(455, 19526.0)	(460, 28701.0)	(465, 20712.0)	(470, 0.0)	(475, 0.0)	(480, 0.0)	(485, 0.0)	(490, 0.0)	(495, 0.0)	(500, 0.0)	(505, 0.0)	(510, 0.0)	(515, 0.0)	(520, 0.0)	(525, 0.0)	(530, 0.0)	(535, 0.0)	(540, 0.0)	(545, 0.0)	(550, 0.0)	(555, 0.0)	(560, 0.0)	(565, 0.0)	(570, 0.0)	(575, 0.0)	(580, 0.0)	(585, 5.0)	(590, 14.0)				
R1.482.w	(340, 1.0)	(345, 1.0)	(350, 0.0)	(355, 3.0)	(360, 451.0)	(365, 23.0)	(370, 0.0)	(375, 0.0)	(380, 0.0)	(385, 0.0)	(390, 1.0)	(395, 1.0)	(400, 0.0)	(405, 0.0)	(410, 3.0)	(415, 0.0)	(420, 44.0)	(425, 0.0)	(430, 1.0)	(435, 1029.0)	(440, 51760.0)	(445, 25.0)	(450, 1.0)	(455, 3549.0)	(460, 11600.0)	(465, 6743.0)	(470, 0.0)	(475, 2.0)	(480, 0.0)	(485, 0.0)	(490, 0.0)	(495, 0.0)	(500, 0.0)	(505, 0.0)	(510, 0.0)	(515, 3.0)	(520, 0.0)	(525, 0.0)	(530, 0.0)	(535, 0.0)	(540, 0.0)	(545, 0.0)	(550, 0.0)	(555, 0.0)	(560, 0.0)	(565, 0.0)	(570, 0.0)	(575, 0.0)	(580, 0.0)	(585, 3.0)	(590, 2.0)
R1.491.d139	(385, 3.0)	(390, 1.0)	(395, 3.0)	(400, 0.0)	(405, 0.0)	(410, 0.0)	(415, 0.0)	(420, 32.0)	(425, 2.0)	(430, 0.0)	(435, 797.0)	(440, 16513.0)	(445, 63.0)	(450, 36.0)	(455, 8359.0)	(460, 29148.0)	(465, 13065.0)	(470, 0.0)	(475, 0.0)	(480, 0.0)	(485, 0.0)	(490, 1.0)	(495, 0.0)	(500, 0.0)	(505, 0.0)	(510, 0.0)	(515, 0.0)	(520, 0.0)	(525, 0.0)	(530, 0.0)	(535, 0.0)	(540, 0.0)	(545, 0.0)	(550, 0.0)	(555, 0.0)	(560, 0.0)	(565, 0.0)	(570, 0.0)	(575, 0.0)	(580, 1.0)	(585, 3.0)	(590, 9.0)									
R1.491.d42	(375, 3.0)	(380, 0.0)	(385, 0.0)	(390, 0.0)	(395, 0.0)	(400, 8.0)	(405, 0.0)	(410, 0.0)	(415, 2.0)	(420, 16.0)	(425, 0.0)	(430, 3.0)	(435, 1635.0)	(440, 32282.0)	(445, 62.0)	(450, 2.0)	(455, 7736.0)	(460, 43549.0)	(465, 22046.0)	(470, 0.0)	(475, 1.0)	(480, 0.0)	(485, 0.0)	(490, 0.0)	(495, 0.0)	(500, 0.0)	(505, 0.0)	(510, 0.0)	(515, 0.0)	(520, 0.0)	(525, 0.0)	(530, 0.0)	(535, 0.0)	(540, 0.0)	(545, 0.0)	(550, 0.0)	(555, 0.0)	(560, 0.0)	(565, 0.0)	(570, 0.0)	(575, 0.0)	(580, 0.0)	(585, 6.0)	(590, 8.0)							
R1.491.w	(340, 11.0)	(345, 0.0)	(350, 0.0)	(355, 0.0)	(360, 191.0)	(365, 9.0)	(370, 0.0)	(375, 0.0)	(380, 0.0)	(385, 0.0)	(390, 3.0)	(395, 0.0)	(400, 2.0)	(405, 0.0)	(410, 0.0)	(415, 0.0)	(420, 27.0)	(425, 5.0)	(430, 2.0)	(435, 2816.0)	(440, 40143.0)	(445, 47.0)	(450, 0.0)	(455, 3571.0)	(460, 9552.0)	(465, 13737.0)	(470, 0.0)	(475, 0.0)	(480, 0.0)	(485, 1.0)	(490, 0.0)	(495, 0.0)	(500, 5.0)	(505, 0.0)	(510, 0.0)	(515, 0.0)	(520, 0.0)	(525, 0.0)	(530, 0.0)	(535, 0.0)	(540, 2.0)	(545, 0.0)	(550, 0.0)	(555, 0.0)	(560, 0.0)	(565, 0.0)	(570, 0.0)	(575, 0.0)	(580, 0.0)	(585, 2.0)	(590, 5.0)
R1.492.d139	(360, 1.0)	(365, 0.0)	(370, 0.0)	(375, 0.0)	(380, 0.0)	(385, 0.0)	(390, 1.0)	(395, 0.0)	(400, 0.0)	(405, 2.0)	(410, 0.0)	(415, 0.0)	(420, 21.0)	(425, 0.0)	(430, 0.0)	(435, 715.0)	(440, 17769.0)	(445, 22.0)	(450, 141.0)	(455, 6898.0)	(460, 32818.0)	(465, 11533.0)	(470, 2.0)	(475, 0.0)	(480, 0.0)	(485, 0.0)	(490, 0.0)	(495, 0.0)	(500, 0.0)	(505, 0.0)	(510, 0.0)	(515, 0.0)	(520, 0.0)	(525, 0.0)	(530, 0.0)	(535, 0.0)	(540, 0.0)	(545, 0.0)	(550, 0.0)	(555, 0.0)	(560, 0.0)	(565, 0.0)	(570, 0.0)	(575, 0.0)	(580, 0.0)	(585, 7.0)	(590, 12.0)				
R1.492.d42	(340, 8.0)	(345, 0.0)	(350, 0.0)	(355, 2.0)	(360, 0.0)	(365, 0.0)	(370, 1.0)	(375, 0.0)	(380, 2.0)	(385, 1.0)	(390, 0.0)	(395, 0.0)	(400, 2.0)	(405, 0.0)	(410, 0.0)	(415, 0.0)	(420, 37.0)	(425, 3.0)	(430, 0.0)	(435, 1704.0)	(440, 44729.0)	(445, 24.0)	(450, 6.0)	(455, 9190.0)	(460, 39385.0)	(465, 12787.0)	(470, 6.0)	(475, 0.0)	(480, 0.0)	(485, 0.0)	(490, 2.0)	(495, 0.0)	(500, 0.0)	(505, 0.0)	(510, 0.0)	(515, 0.0)	(520, 0.0)	(525, 0.0)	(530, 0.0)	(535, 0.0)	(540, 0.0)	(545, 0.0)	(550, 0.0)	(555, 0.0)	(560, 0.0)	(565, 0.0)	(570, 0.0)	(575, 1.0)	(580, 1.0)	(585, 11.0)	(590, 7.0)
R1.492.w	(360, 267.0)	(365, 82.0)	(370, 0.0)	(375, 0.0)	(380, 0.0)	(385, 2.0)	(390, 3.0)	(395, 0.0)	(400, 0.0)	(405, 2.0)	(410, 0.0)	(415, 1.0)	(420, 23.0)	(425, 0.0)	(430, 3.0)	(435, 928.0)	(440, 43892.0)	(445, 38.0)	(450, 6.0)	(455, 3174.0)	(460, 23237.0)	(465, 5153.0)	(470, 2.0)	(475, 0.0)	(480, 0.0)	(485, 2.0)	(490, 0.0)	(495, 0.0)	(500, 0.0)	(505, 2.0)	(510, 0.0)	(515, 0.0)	(520, 0.0)	(525, 0.0)	(530, 0.0)	(535, 0.0)	(540, 0.0)	(545, 0.0)	(550, 1.0)	(555, 0.0)	(560, 0.0)	(565, 0.0)	(570, 0.0)	(575, 0.0)	(580, 1.0)	(585, 5.0)	(590, 3.0)				
R1.494.d139	(370, 2.0)	(375, 0.0)	(380, 0.0)	(385, 0.0)	(390, 0.0)	(395, 0.0)	(400, 0.0)	(405, 0.0)	(410, 0.0)	(415, 0.0)	(420, 4.0)	(425, 0.0)	(430, 5.0)	(435, 754.0)	(440, 18368.0)	(445, 156.0)	(450, 2.0)	(455, 6594.0)	(460, 15377.0)	(465, 13674.0)	(470, 0.0)	(475, 0.0)	(480, 0.0)	(485, 0.0)	(490, 0.0)	(495, 0.0)	(500, 0.0)	(505, 0.0)	(510, 0.0)	(515, 0.0)	(520, 0.0)	(525, 0.0)	(530, 0.0)	(535, 0.0)	(540, 0.0)	(545, 0.0)	(550, 0.0)	(555, 0.0)	(560, 0.0)	(565, 0.0)	(570, 0.0)	(575, 0.0)	(580, 0.0)	(585, 4.0)	(590, 4.0)						
R1.494.d42	(360, 3.0)	(365, 0.0)	(370, 0.0)	(375, 0.0)	(380, 0.0)	(385, 0.0)	(390, 0.0)	(395, 0.0)	(400, 0.0)	(405, 0.0)	(410, 1.0)	(415, 0.0)	(420, 18.0)	(425, 0.0)	(430, 2.0)	(435, 820.0)	(440, 19981.0)	(445, 37.0)	(450, 4.0)	(455, 2450.0)	(460, 19361.0)	(465, 8235.0)	(470, 2.0)	(475, 0.0)	(480, 0.0)	(485, 0.0)	(490, 0.0)	(495, 0.0)	(500, 0.0)	(505, 0.0)	(510, 0.0)	(515, 0.0)	(520, 0.0)	(525, 0.0)	(530, 0.0)	(535, 0.0)	(540, 0.0)	(545, 0.0)	(550, 0.0)	(555, 0.0)	(560, 0.0)	(565, 0.0)	(570, 0.0)	(575, 0.0)	(580, 0.0)	(585, 3.0)	(590, 6.0)				
R1.494.w	(375, 1.0)	(380, 0.0)	(385, 0.0)	(390, 0.0)	(395, 0.0)	(400, 0.0)	(405, 3.0)	(410, 1.0)	(415, 0.0)	(420, 14.0)	(425, 1.0)	(430, 0.0)	(435, 791.0)	(440, 19783.0)	(445, 34.0)	(450, 5.0)	(455, 6681.0)	(460, 15978.0)	(465, 11305.0)	(470, 0.0)	(475, 0.0)	(480, 0.0)	(485, 0.0)	(490, 0.0)	(495, 0.0)	(500, 0.0)	(505, 0.0)	(510, 0.0)	(515, 0.0)	(520, 0.0)	(525, 0.0)	(530, 2.0)	(535, 0.0)	(540, 0.0)	(545, 0.0)	(550, 0.0)	(555, 0.0)	(560, 0.0)	(565, 0.0)	(570, 0.0)	(575, 0.0)	(580, 1.0)	(585, 1.0)	(590, 7.0)							
R1.498.d139	(350, 1.0)	(355, 0.0)	(360, 0.0)	(365, 0.0)	(370, 2.0)	(375, 0.0)	(380, 5.0)	(385, 0.0)	(390, 0.0)	(395, 0.0)	(400, 0.0)	(405, 0.0)	(410, 0.0)	(415, 0.0)	(420, 31.0)	(425, 1.0)	(430, 0.0)	(435, 1149.0)	(440, 32633.0)	(445, 273.0)	(450, 16.0)	(455, 12477.0)	(460, 28842.0)	(465, 23676.0)	(470, 0.0)	(475, 0.0)	(480, 1.0)	(485, 0.0)	(490, 0.0)	(495, 0.0)	(500, 0.0)	(505, 0.0)	(510, 0.0)	(515, 0.0)	(520, 0.0)	(525, 0.0)	(530, 0.0)	(535, 0.0)	(540, 0.0)	(545, 0.0)	(550, 0.0)	(555, 0.0)	(560, 0.0)	(565, 0.0)	(570, 0.0)	(575, 0.0)	(580, 0.0)	(585, 4.0)	(590, 16.0)		
R1.498.d42	(340, 5.0)	(345, 0.0)	(350, 0.0)	(355, 0.0)	(360, 0.0)	(365, 0.0)	(370, 4.0)	(375, 0.0)	(380, 0.0)	(385, 0.0)	(390, 0.0)	(395, 0.0)	(400, 0.0)	(405, 4.0)	(410, 0.0)	(415, 0.0)	(420, 20.0)	(425, 9.0)	(430, 0.0)	(435, 509.0)	(440, 29681.0)	(445, 5.0)	(450, 6.0)	(455, 7274.0)	(460, 28188.0)	(465, 10445.0)	(470, 2.0)	(475, 0.0)	(480, 0.0)	(485, 0.0)	(490, 0.0)	(495, 0.0)	(500, 3.0)	(505, 0.0)	(510, 0.0)	(515, 0.0)	(520, 0.0)	(525, 0.0)	(530, 0.0)	(535, 0.0)	(540, 0.0)	(545, 0.0)	(550, 0.0)	(555, 0.0)	(560, 0.0)	(565, 0.0)	(570, 0.0)	(575, 0.0)	(580, 0.0)	(585, 6.0)	(590, 9.0)
R1.498.w	(340, 24.0)	(345, 0.0)	(350, 1.0)	(355, 0.0)	(360, 153.0)	(365, 12.0)	(370, 2.0)	(375, 1.0)	(380, 0.0)	(385, 0.0)	(390, 9.0)	(395, 0.0)	(400, 2.0)	(405, 0.0)	(410, 0.0)	(415, 2.0)	(420, 91.0)	(425, 6.0)	(430, 0.0)	(435, 2352.0)	(440, 43020.0)	(445, 498.0)	(450, 12.0)	(455, 5392.0)	(460, 34937.0)	(465, 18095.0)	(470, 0.0)	(475, 0.0)	(480, 0.0)	(485, 0.0)	(490, 0.0)	(495, 0.0)	(500, 0.0)	(505, 0.0)	(510, 0.0)	(515, 0.0)	(520, 0.0)	(525, 2.0)	(530, 0.0)	(535, 0.0)	(540, 0.0)	(545, 0.0)	(550, 0.0)	(555, 0.0)	(560, 0.0)	(565, 0.0)	(570, 0.0)	(575, 2.0)	(580, 1.0)	(585, 6.0)	(590, 11.0)
R1.502.d139	(340, 16.0)	(345, 0.0)	(350, 0.0)	(355, 4.0)	(360, 0.0)	(365, 4.0)	(370, 2.0)	(375, 0.0)	(380, 3.0)	(385, 0.0)	(390, 3.0)	(395, 4.0)	(400, 0.0)	(405, 1.0)	(410, 0.0)	(415, 3.0)	(420, 25.0)	(425, 6.0)	(430, 2.0)	(435, 1584.0)	(440, 44194.0)	(445, 28.0)	(450, 146.0)	(455, 11451.0)	(460, 30405.0)	(465, 18472.0)	(470, 0.0)	(475, 0.0)	(480, 0.0)	(485, 0.0)	(490, 0.0)	(495, 0.0)	(500, 0.0)	(505, 0.0)	(510, 0.0)	(515, 0.0)	(520, 0.0)	(525, 0.0)	(530, 0.0)	(535, 2.0)	(540, 0.0)	(545, 0.0)	(550, 0.0)	(555, 0.0)	(560, 0.0)	(565, 1.0)	(570, 0.0)	(575, 0.0)	(580, 0.0)	(585, 6.0)	(590, 11.0)
R1.502.d42	(370, 4.0)	(375, 0.0)	(380, 0.0)	(385, 0.0)	(390, 0.0)	(395, 0.0)	(400, 0.0)	(405, 1.0)	(410, 0.0)	(415, 0.0)	(420, 52.0)	(425, 3.0)	(430, 2.0)	(435, 999.0)	(440, 25546.0)	(445, 30.0)	(450, 8.0)	(455, 17352.0)	(460, 17351.0)	(465, 23955.0)	(470, 0.0)	(475, 0.0)	(480, 0.0)	(485, 0.0)	(490, 0.0)	(495, 0.0)	(500, 0.0)	(505, 0.0)	(510, 0.0)	(515, 0.0)	(520, 0.0)	(525, 0.0)	(530, 0.0)	(535, 0.0)	(540, 0.0)	(545, 0.0)	(550, 0.0)	(555, 0.0)	(560, 0.0)	(565, 0.0)	(570, 0.0)	(575, 0.0)	(580, 1.0)	(585, 9.0)	(590, 12.0)						
R1.502.w	(355, 1.0)	(360, 0.0)	(365, 362.0)	(370, 0.0)	(375, 0.0)	(380, 0.0)	(385, 0.0)	(390, 2.0)	(395, 0.0)	(400, 0.0)	(405, 0.0)	(410, 3.0)	(415, 0.0)	(420, 22.0)	(425, 0.0)	(430, 3.0)	(435, 611.0)	(440, 45202.0)	(445, 6.0)	(450, 3.0)	(455, 3541.0)	(460, 48610.0)	(465, 7896.0)	(470, 0.0)	(475, 0.0)	(480, 1.0)	(485, 0.0)	(490, 0.0)	(495, 0.0)	(500, 0.0)	(505, 0.0)	(510, 0.0)	(515, 0.0)	(520, 0.0)	(525, 0.0)	(530, 0.0)	(535, 0.0)	(540, 0.0)	(545, 0.0)	(550, 0.0)	(555, 0.0)	(560, 0.0)	(565, 0.0)	(570, 0.0)	(575, 0.0)	(580, 0.0)	(585, 6.0)	(590, 9.0)			
R1.506.d139	(340, 2.0)	(345, 0.0)	(350, 0.0)	(355, 0.0)	(360, 0.0)	(365, 0.0)	(370, 0.0)	(375, 0.0)	(380, 2.0)	(385, 0.0)	(390, 1.0)	(395, 0.0)	(400, 0.0)	(405, 0.0)	(410, 0.0)	(415, 0.0)	(420, 34.0)	(425, 1.0)	(430, 0.0)	(435, 903.0)	(440, 31890.0)	(445, 16.0)	(450, 5.0)	(455, 4970.0)	(460, 6766.0)	(465, 5075.0)	(470, 0.0)	(475, 0.0)	(480, 0.0)	(485, 0.0)	(490, 0.0)	(495, 0.0)	(500, 0.0)	(505, 0.0)	(510, 0.0)	(515, 0.0)	(520, 0.0)	(525, 0.0)	(530, 0.0)	(535, 0.0)	(540, 0.0)	(545, 0.0)	(550, 0.0)	(555, 0.0)	(560, 0.0)	(565, 0.0)	(570, 0.0)	(575, 0.0)	(580, 0.0)	(585, 3.0)	(590, 5.0)
R1.506.d42	(420, 11.0)	(425, 0.0)	(430, 0.0)	(435, 521.0)	(440, 11828.0)	(445, 38.0)	(450, 3.0)	(455, 3563.0)	(460, 11638.0)	(465, 4557.0)	(470, 0.0)	(475, 0.0)	(480, 0.0)	(485, 0.0)	(490, 1.0)	(495, 0.0)	(500, 0.0)	(505, 0.0)	(510, 0.0)	(515, 0.0)	(520, 0.0)	(525, 0.0)	(530, 0.0)	(535, 0.0)	(540, 0.0)	(545, 0.0)	(550, 0.0)	(555, 0.0)	(560, 0.0)	(565, 0.0)	(570, 0.0)	(575, 0.0)	(580, 0.0)	(585, 1.0)	(590, 5.0)																
R1.506.w	(350, 1.0)	(355, 1.0)	(360, 0.0)	(365, 0.0)	(370, 1.0)	(375, 0.0)	(380, 0.0)	(385, 0.0)	(390, 3.0)	(395, 2.0)	(400, 0.0)	(405, 0.0)	(410, 0.0)	(415, 3.0)	(420, 24.0)	(425, 5.0)	(430, 0.0)	(435, 526.0)	(440, 18069.0)	(445, 15.0)	(450, 3.0)	(455, 6964.0)	(460, 16683.0)	(465, 3705.0)	(470, 0.0)	(475, 0.0)	(480, 0.0)	(485, 0.0)	(490, 0.0)	(495, 0.0)	(500, 0.0)	(505, 0.0)	(510, 0.0)	(515, 0.0)	(520, 0.0)	(525, 0.0)	(530, 0.0)	(535, 0.0)	(540, 0.0)	(545, 0.0)	(550, 0.0)	(555, 0.0)	(560, 0.0)	(565, 0.0)	(570, 0.0)	(575, 0.0)	(580, 0.0)	(585, 7.0)	(590, 12.0)		
R1.508.d139	(360, 3.0)	(365, 1.0)	(370, 0.0)	(375, 0.0)	(380, 0.0)	(385, 0.0)	(390, 0.0)	(395, 2.0)	(400, 0.0)	(405, 1.0)	(410, 0.0)	(415, 2.0)	(420, 24.0)	(425, 5.0)	(430, 2.0)	(435, 2069.0)	(440, 33759.0)	(445, 36.0)	(450, 7.0)	(455, 15807.0)	(460, 34670.0)	(465, 22529.0)	(470, 0.0)	(475, 0.0)	(480, 1.0)	(485, 0.0)	(490, 0.0)	(495, 1.0)	(500, 0.0)	(505, 0.0)	(510, 0.0)	(515, 0.0)	(520, 0.0)	(525, 0.0)	(530, 0.0)	(535, 0.0)	(540, 0.0)	(545, 0.0)	(550, 0.0)	(555, 1.0)	(560, 0.0)	(565, 0.0)	(570, 0.0)	(575, 1.0)	(580, 0.0)	(585, 8.0)	(590, 11.0)				
R1.508.d42	(370, 6.0)	(375, 0.0)	(380, 0.0)	(385, 0.0)	(390, 1.0)	(395, 1.0)	(400, 3.0)	(405, 4.0)	(410, 0.0)	(415, 0.0)	(420, 55.0)	(425, 7.0)	(430, 0.0)	(435, 656.0)	(440, 38332.0)	(445, 17.0)	(450, 4.0)	(455, 9175.0)	(460, 16995.0)	(465, 10531.0)	(470, 0.0)	(475, 0.0)	(480, 0.0)	(485, 0.0)	(490, 0.0)	(495, 0.0)	(500, 0.0)	(505, 0.0)	(510, 0.0)	(515, 0.0)	(520, 0.0)	(525, 0.0)	(530, 0.0)	(535, 0.0)	(540, 0.0)	(545, 0.0)	(550, 0.0)	(555, 0.0)	(560, 0.0)	(565, 0.0)	(570, 0.0)	(575, 0.0)	(580, 0.0)	(585, 6.0)	(590, 7.0)						
R1.508.w	(375, 3.0)	(380, 0.0)	(385, 0.0)	(390, 3.0)	(395, 6.0)	(400, 0.0)	(405, 0.0)	(410, 0.0)	(415, 1.0)	(420, 101.0)	(425, 1.0)	(430, 1.0)	(435, 1538.0)	(440, 60612.0)	(445, 48.0)	(450, 0.0)	(455, 1419.0)	(460, 15481.0)	(465, 6902.0)	(470, 0.0)	(475, 0.0)	(480, 0.0)	(485, 0.0)	(490, 0.0)	(495, 0.0)	(500, 0.0)	(505, 0.0)	(510, 0.0)	(515, 0.0)	(520, 0.0)	(525, 0.0)	(530, 0.0)	(535, 0.0)	(540, 0.0)	(545, 0.0)	(550, 0.0)	(555, 0.0)	(560, 0.0)	(565, 0.0)	(570, 0.0)	(575, 0.0)	(580, 0.0)	(585, 3.0)	(590, 3.0)							
R1.512.d139	(380, 2.0)	(385, 0.0)	(390, 0.0)	(395, 0.0)	(400, 3.0)	(405, 0.0)	(410, 0.0)	(415, 1.0)	(420, 28.0)	(425, 8.0)	(430, 0.0)	(435, 1402.0)	(440, 29737.0)	(445, 41.0)	(450, 8.0)	(455, 11060.0)	(460, 22508.0)	(465, 25397.0)	(470, 0.0)	(475, 0.0)	(480, 0.0)	(485, 0.0)	(490, 0.0)	(495, 0.0)	(500, 0.0)	(505, 0.0)	(510, 0.0)	(515, 0.0)	(520, 0.0)	(525, 0.0)	(530, 0.0)	(535, 0.0)	(540, 0.0)	(545, 0.0)	(550, 0.0)	(555, 0.0)	(560, 0.0)	(565, 0.0)	(570, 0.0)	(575, 0.0)	(580, 0.0)	(585, 12.0)	(590, 5.0)								
R1.512.d42	(370, 3.0)	(375, 0.0)	(380, 0.0)	(385, 1.0)	(390, 0.0)	(395, 0.0)	(400, 4.0)	(405, 0.0)	(410, 0.0)	(415, 0.0)	(420, 19.0)	(425, 7.0)	(430, 5.0)	(435, 675.0)	(440, 16654.0)	(445, 68.0)	(450, 17.0)	(455, 6823.0)	(460, 40255.0)	(465, 18180.0)	(470, 0.0)	(475, 0.0)	(480, 0.0)	(485, 0.0)	(490, 0.0)	(495, 0.0)	(500, 0.0)	(505, 0.0)	(510, 0.0)	(515, 0.0)	(520, 0.0)	(525, 0.0)	(530, 0.0)	(535, 0.0)	(540, 0.0)	(545, 0.0)	(550, 0.0)	(555, 0.0)	(560, 0.0)	(565, 0.0)	(570, 0.0)	(575, 0.0)	(580, 0.0)	(585, 4.0)	(590, 7.0)						
R1.512.w	(330, 2.0)	(340, 1.0)	(350, 0.0)	(360, 1.0)	(370, 0.0)	(380, 0.0)	(390, 3.0)	(400, 2.0)	(410, 1.0)	(420, 107.0)	(430, 930.0)	(440, 59661.0)	(450, 7533.0)	(460, 21796.0)	(470, 0.0)	(480, 0.0)	(490, 0.0)	(500, 0.0)	(510, 0.0)	(520, 0.0)	(530, 0.0)	(540, 0.0)	(550, 0.0)	(560, 0.0)	(570, 0.0)	(580, 2.0)	(590, 7.0)																								
R1.521.d139	(365, 22.0)	(370, 2.0)	(375, 0.0)	(380, 1.0)	(385, 0.0)	(390, 2.0)	(395, 1.0)	(400, 1.0)	(405, 1.0)	(410, 0.0)	(415, 2.0)	(420, 20.0)	(425, 5.0)	(430, 0.0)	(435, 1160.0)	(440, 40196.0)	(445, 43.0)	(450, 34.0)	(455, 11673.0)	(460, 26193.0)	(465, 17995.0)	(470, 0.0)	(475, 0.0)	(480, 0.0)	(485, 0.0)	(490, 0.0)	(495, 2.0)	(500, 0.0)	(505, 0.0)	(510, 0.0)	(515, 0.0)	(520, 0.0)	(525, 0.0)	(530, 0.0)	(535, 0.0)	(540, 2.0)	(545, 1.0)	(550, 0.0)	(555, 0.0)	(560, 0.0)	(565, 0.0)	(570, 0.0)	(575, 0.0)	(580, 1.0)	(585, 8.0)	(590, 8.0)					
R1.521.d42	(385, 2.0)	(390, 0.0)	(395, 0.0)	(400, 0.0)	(405, 0.0)	(410, 0.0)	(415, 5.0)	(420, 8.0)	(425, 3.0)	(430, 0.0)	(435, 1133.0)	(440, 24166.0)	(445, 60.0)	(450, 0.0)	(455, 7651.0)	(460, 22738.0)	(465, 7478.0)	(470, 0.0)	(475, 0.0)	(480, 0.0)	(485, 0.0)	(490, 0.0)	(495, 0.0)	(500, 0.0)	(505, 0.0)	(510, 0.0)	(515, 0.0)	(520, 0.0)	(525, 0.0)	(530, 0.0)	(535, 0.0)	(540, 0.0)	(545, 0.0)	(550, 0.0)	(555, 0.0)	(560, 0.0)	(565, 0.0)	(570, 0.0)	(575, 0.0)	(580, 0.0)	(585, 5.0)	(590, 6.0)									
R1.521.w	(340, 19.0)	(345, 4.0)	(350, 0.0)	(355, 3.0)	(360, 1.0)	(365, 6.0)	(370, 3.0)	(375, 0.0)	(380, 0.0)	(385, 0.0)	(390, 3.0)	(395, 2.0)	(400, 0.0)	(405, 6.0)	(410, 3.0)	(415, 3.0)	(420, 31.0)	(425, 12.0)	(430, 3.0)	(435, 3116.0)	(440, 34808.0)	(445, 10.0)	(450, 6.0)	(455, 10965.0)	(460, 31538.0)	(465, 9645.0)	(470, 0.0)	(475, 0.0)	(480, 0.0)	(485, 0.0)	(490, 0.0)	(495, 0.0)	(500, 0.0)	(505, 0.0)	(510, 0.0)	(515, 3.0)	(520, 0.0)	(525, 0.0)	(530, 0.0)	(535, 0.0)	(540, 0.0)	(545, 2.0)	(550, 0.0)	(555, 0.0)	(560, 0.0)	(565, 0.0)	(570, 0.0)	(575, 0.0)	(580, 0.0)	(585, 5.0)	(590, 9.0)
R1.526.d139	(355, 2.0)	(360, 0.0)	(365, 3.0)	(370, 10.0)	(375, 4.0)	(380, 0.0)	(385, 0.0)	(390, 0.0)	(395, 0.0)	(400, 0.0)	(405, 5.0)	(410, 0.0)	(415, 0.0)	(420, 22.0)	(425, 3.0)	(430, 0.0)	(435, 1751.0)	(440, 38771.0)	(445, 38.0)	(450, 20.0)	(455, 13750.0)	(460, 29748.0)	(465, 13859.0)	(470, 0.0)	(475, 0.0)	(480, 2.0)	(485, 3.0)	(490, 0.0)	(495, 0.0)	(500, 0.0)	(505, 2.0)	(510, 0.0)	(515, 0.0)	(520, 0.0)	(525, 0.0)	(530, 0.0)	(535, 0.0)	(540, 0.0)	(545, 0.0)	(550, 0.0)	(555, 2.0)	(560, 0.0)	(565, 0.0)	(570, 0.0)	(575, 0.0)	(580, 1.0)	(585, 2.0)	(590, 6.0)			
R1.526.d42	(370, 2.0)	(375, 0.0)	(380, 0.0)	(385, 2.0)	(390, 0.0)	(395, 0.0)	(400, 0.0)	(405, 0.0)	(410, 0.0)	(415, 0.0)	(420, 36.0)	(425, 3.0)	(430, 2.0)	(435, 1882.0)	(440, 31420.0)	(445, 103.0)	(450, 5.0)	(455, 12122.0)	(460, 35500.0)	(465, 13007.0)	(470, 0.0)	(475, 0.0)	(480, 0.0)	(485, 0.0)	(490, 0.0)	(495, 0.0)	(500, 0.0)	(505, 0.0)	(510, 0.0)	(515, 0.0)	(520, 0.0)	(525, 0.0)	(530, 0.0)	(535, 0.0)	(540, 0.0)	(545, 0.0)	(550, 0.0)	(555, 0.0)	(560, 0.0)	(565, 0.0)	(570, 0.0)	(575, 0.0)	(580, 1.0)	(585, 6.0)	(590, 17.0)						
R1.526.w	(345, 9.0)	(350, 3.0)	(355, 0.0)	(360, 4.0)	(365, 19.0)	(370, 0.0)	(375, 1.0)	(380, 0.0)	(385, 0.0)	(390, 3.0)	(395, 2.0)	(400, 5.0)	(405, 0.0)	(410, 0.0)	(415, 3.0)	(420, 22.0)	(425, 10.0)	(430, 3.0)	(435, 929.0)	(440, 23901.0)	(445, 19.0)	(450, 1.0)	(455, 5268.0)	(460, 45987.0)	(465, 11572.0)	(470, 0.0)	(475, 0.0)	(480, 0.0)	(485, 0.0)	(490, 0.0)	(495, 0.0)	(500, 0.0)	(505, 0.0)	(510, 0.0)	(515, 0.0)	(520, 0.0)	(525, 0.0)	(530, 0.0)	(535, 0.0)	(540, 0.0)	(545, 0.0)	(550, 0.0)	(555, 0.0)	(560, 0.0)	(565, 0.0)	(570, 0.0)	(575, 0.0)	(580, 0.0)	(585, 4.0)	(590, 15.0)	
R1.527.d139	(330, 1.0)	(340, 2.0)	(350, 0.0)	(360, 1.0)	(370, 0.0)	(380, 2.0)	(390, 1.0)	(400, 1.0)	(410, 0.0)	(420, 8.0)	(430, 733.0)	(440, 27807.0)	(450, 5059.0)	(460, 15899.0)	(470, 0.0)	(480, 0.0)	(490, 1.0)	(500, 0.0)	(510, 0.0)	(520, 0.0)	(530, 0.0)	(540, 0.0)	(550, 0.0)	(560, 0.0)	(570, 0.0)	(580, 7.0)	(590, 10.0)																								
R1.527.d42	(370, 2.0)	(375, 0.0)	(380, 0.0)	(385, 0.0)	(390, 0.0)	(395, 0.0)	(400, 0.0)	(405, 0.0)	(410, 0.0)	(415, 1.0)	(420, 9.0)	(425, 0.0)	(430, 0.0)	(435, 605.0)	(440, 16778.0)	(445, 11.0)	(450, 0.0)	(455, 2625.0)	(460, 19140.0)	(465, 11150.0)	(470, 0.0)	(475, 0.0)	(480, 0.0)	(485, 0.0)	(490, 0.0)	(495, 0.0)	(500, 0.0)	(505, 0.0)	(510, 0.0)	(515, 0.0)	(520, 0.0)	(525, 0.0)	(530, 0.0)	(535, 0.0)	(540, 0.0)	(545, 0.0)	(550, 0.0)	(555, 0.0)	(560, 0.0)	(565, 0.0)	(570, 0.0)	(575, 0.0)	(580, 0.0)	(585, 2.0)	(590, 10.0)						
R1.527.w	(330, 9.0)	(340, 1.0)	(350, 0.0)	(360, 0.0)	(370, 0.0)	(380, 0.0)	(390, 0.0)	(400, 0.0)	(410, 0.0)	(420, 14.0)	(430, 246.0)	(440, 15030.0)	(450, 2351.0)	(460, 16569.0)	(470, 0.0)	(480, 0.0)	(490, 0.0)	(500, 0.0)	(510, 0.0)	(520, 0.0)	(530, 0.0)	(540, 0.0)	(550, 0.0)	(560, 0.0)	(570, 0.0)	(580, 1.0)	(590, 2.0)																								
R1.530.d139	(340, 3.0)	(345, 0.0)	(350, 0.0)	(355, 2.0)	(360, 0.0)	(365, 0.0)	(370, 2.0)	(375, 0.0)	(380, 0.0)	(385, 0.0)	(390, 0.0)	(395, 0.0)	(400, 0.0)	(405, 3.0)	(410, 0.0)	(415, 1.0)	(420, 23.0)	(425, 3.0)	(430, 2.0)	(435, 1089.0)	(440, 39670.0)	(445, 19.0)	(450, 0.0)	(455, 11751.0)	(460, 41260.0)	(465, 23414.0)	(470, 0.0)	(475, 0.0)	(480, 1.0)	(485, 0.0)	(490, 0.0)	(495, 0.0)	(500, 0.0)	(505, 0.0)	(510, 0.0)	(515, 0.0)	(520, 0.0)	(525, 0.0)	(530, 0.0)	(535, 0.0)	(540, 0.0)	(545, 0.0)	(550, 0.0)	(555, 0.0)	(560, 0.0)	(565, 0.0)	(570, 0.0)	(575, 0.0)	(580, 0.0)	(585, 10.0)	(590, 7.0)
R1.530.d42	(420, 23.0)	(425, 3.0)	(430, 0.0)	(435, 619.0)	(440, 14435.0)	(445, 26.0)	(450, 12.0)	(455, 7008.0)	(460, 18216.0)	(465, 7286.0)	(470, 3.0)	(475, 0.0)	(480, 0.0)	(485, 0.0)	(490, 0.0)	(495, 0.0)	(500, 0.0)	(505, 0.0)	(510, 0.0)	(515, 0.0)	(520, 0.0)	(525, 0.0)	(530, 0.0)	(535, 0.0)	(540, 0.0)	(545, 0.0)	(550, 0.0)	(555, 0.0)	(560, 0.0)	(565, 0.0)	(570, 0.0)	(575, 0.0)	(580, 1.0)	(585, 6.0)	(590, 11.0)																
R1.530.w	(340, 5.0)	(345, 0.0)	(350, 0.0)	(355, 0.0)	(360, 0.0)	(365, 13.0)	(370, 0.0)	(375, 1.0)	(380, 0.0)	(385, 3.0)	(390, 0.0)	(395, 0.0)	(400, 0.0)	(405, 4.0)	(410, 0.0)	(415, 0.0)	(420, 102.0)	(425, 1.0)	(430, 1.0)	(435, 1673.0)	(440, 62229.0)	(445, 35.0)	(450, 7.0)	(455, 5146.0)	(460, 16334.0)	(465, 10553.0)	(470, 0.0)	(475, 0.0)	(480, 0.0)	(485, 0.0)	(490, 0.0)	(495, 0.0)	(500, 0.0)	(505, 0.0)	(510, 0.0)	(515, 0.0)	(520, 0.0)	(525, 2.0)	(530, 0.0)	(535, 0.0)	(540, 0.0)	(545, 0.0)	(550, 0.0)	(555, 0.0)	(560, 0.0)	(565, 0.0)	(570, 0.0)	(575, 0.0)	(580, 0.0)	(585, 9.0)	(590, 8.0)
R1.592.d139	(350, 1.0)	(355, 0.0)	(360, 0.0)	(365, 0.0)	(370, 5.0)	(375, 0.0)	(380, 1.0)	(385, 0.0)	(390, 0.0)	(395, 0.0)	(400, 0.0)	(405, 0.0)	(410, 3.0)	(415, 0.0)	(420, 2.0)	(425, 5.0)	(430, 4.0)	(435, 1299.0)	(440, 41090.0)	(445, 49.0)	(450, 25.0)	(455, 7452.0)	(460, 53841.0)	(465, 18956.0)	(470, 0.0)	(475, 4.0)	(480, 1.0)	(485, 0.0)	(490, 0.0)	(495, 0.0)	(500, 4.0)	(505, 4.0)	(510, 0.0)	(515, 0.0)	(520, 0.0)	(525, 0.0)	(530, 0.0)	(535, 0.0)	(540, 0.0)	(545, 0.0)	(550, 0.0)	(555, 0.0)	(560, 0.0)	(565, 0.0)	(570, 0.0)	(575, 0.0)	(580, 0.0)	(585, 7.0)	(590, 11.0)		
R1.592.d42	(340, 1.0)	(345, 0.0)	(350, 0.0)	(355, 0.0)	(360, 0.0)	(365, 0.0)	(370, 0.0)	(375, 1.0)	(380, 0.0)	(385, 0.0)	(390, 0.0)	(395, 0.0)	(400, 0.0)	(405, 0.0)	(410, 0.0)	(415, 1.0)	(420, 9.0)	(425, 0.0)	(430, 0.0)	(435, 535.0)	(440, 17152.0)	(445, 2.0)	(450, 3.0)	(455, 5143.0)	(460, 33058.0)	(465, 13006.0)	(470, 1.0)	(475, 0.0)	(480, 0.0)	(485, 0.0)	(490, 0.0)	(495, 0.0)	(500, 3.0)	(505, 0.0)	(510, 5.0)	(515, 0.0)	(520, 0.0)	(525, 0.0)	(530, 0.0)	(535, 0.0)	(540, 0.0)	(545, 0.0)	(550, 0.0)	(555, 0.0)	(560, 0.0)	(565, 0.0)	(570, 0.0)	(575, 0.0)	(580, 0.0)	(585, 1.0)	(590, 10.0)
R1.592.w	(340, 11.0)	(345, 0.0)	(350, 0.0)	(355, 0.0)	(360, 0.0)	(365, 0.0)	(370, 0.0)	(375, 0.0)	(380, 7.0)	(385, 0.0)	(390, 3.0)	(395, 0.0)	(400, 5.0)	(405, 0.0)	(410, 0.0)	(415, 0.0)	(420, 9.0)	(425, 1.0)	(430, 2.0)	(435, 1180.0)	(440, 25827.0)	(445, 9.0)	(450, 4.0)	(455, 20614.0)	(460, 38957.0)	(465, 14040.0)	(470, 0.0)	(475, 0.0)	(480, 0.0)	(485, 0.0)	(490, 0.0)	(495, 0.0)	(500, 0.0)	(505, 0.0)	(510, 0.0)	(515, 0.0)	(520, 0.0)	(525, 1.0)	(530, 0.0)	(535, 0.0)	(540, 0.0)	(545, 0.0)	(550, 0.0)	(555, 0.0)	(560, 0.0)	(565, 0.0)	(570, 0.0)	(575, 0.0)	(580, 0.0)	(585, 13.0)	(590, 12.0)
R1.593.d139	(340, 8.0)	(345, 0.0)	(350, 0.0)	(355, 0.0)	(360, 0.0)	(365, 0.0)	(370, 1.0)	(375, 0.0)	(380, 0.0)	(385, 0.0)	(390, 0.0)	(395, 1.0)	(400, 0.0)	(405, 0.0)	(410, 0.0)	(415, 0.0)	(420, 8.0)	(425, 0.0)	(430, 0.0)	(435, 762.0)	(440, 17961.0)	(445, 14.0)	(450, 647.0)	(455, 10285.0)	(460, 23696.0)	(465, 8776.0)	(470, 0.0)	(475, 1.0)	(480, 0.0)	(485, 0.0)	(490, 0.0)	(495, 0.0)	(500, 0.0)	(505, 0.0)	(510, 0.0)	(515, 0.0)	(520, 0.0)	(525, 0.0)	(530, 0.0)	(535, 0.0)	(540, 0.0)	(545, 0.0)	(550, 0.0)	(555, 0.0)	(560, 0.0)	(565, 0.0)	(570, 0.0)	(575, 0.0)	(580, 1.0)	(585, 9.0)	(590, 14.0)
R1.593.d42	(370, 1.0)	(375, 2.0)	(380, 0.0)	(385, 0.0)	(390, 0.0)	(395, 0.0)	(400, 0.0)	(405, 0.0)	(410, 0.0)	(415, 0.0)	(420, 3.0)	(425, 0.0)	(430, 0.0)	(435, 271.0)	(440, 8022.0)	(445, 12.0)	(450, 151.0)	(455, 1989.0)	(460, 12298.0)	(465, 5597.0)	(470, 0.0)	(475, 0.0)	(480, 0.0)	(485, 0.0)	(490, 0.0)	(495, 0.0)	(500, 0.0)	(505, 0.0)	(510, 2.0)	(515, 0.0)	(520, 0.0)	(525, 0.0)	(530, 0.0)	(535, 0.0)	(540, 0.0)	(545, 0.0)	(550, 0.0)	(555, 0.0)	(560, 0.0)	(565, 0.0)	(570, 0.0)	(575, 0.0)	(580, 0.0)	(585, 2.0)	(590, 3.0)						
R1.593.w	(420, 1.0)	(425, 6.0)	(430, 0.0)	(435, 210.0)	(440, 5332.0)	(445, 4.0)	(450, 15.0)	(455, 5413.0)	(460, 26959.0)	(465, 10710.0)	(470, 0.0)	(475, 2.0)	(480, 0.0)	(485, 0.0)	(490, 0.0)	(495, 0.0)	(500, 0.0)	(505, 3.0)	(510, 0.0)	(515, 0.0)	(520, 0.0)	(525, 0.0)	(530, 0.0)	(535, 0.0)	(540, 0.0)	(545, 0.0)	(550, 0.0)	(555, 0.0)	(560, 0.0)	(565, 0.0)	(570, 0.0)	(575, 0.0)	(580, 1.0)	(585, 4.0)	(590, 6.0)																
R1.594.d139	(385, 1.0)	(390, 2.0)	(395, 0.0)	(400, 1.0)	(405, 0.0)	(410, 0.0)	(415, 0.0)	(420, 6.0)	(425, 0.0)	(430, 1.0)	(435, 1961.0)	(440, 34640.0)	(445, 33.0)	(450, 96.0)	(455, 8510.0)	(460, 47920.0)	(465, 29362.0)	(470, 0.0)	(475, 0.0)	(480, 0.0)	(485, 0.0)	(490, 0.0)	(495, 1.0)	(500, 0.0)	(505, 0.0)	(510, 0.0)	(515, 0.0)	(520, 0.0)	(525, 0.0)	(530, 0.0)	(535, 0.0)	(540, 0.0)	(545, 0.0)	(550, 0.0)	(555, 0.0)	(560, 0.0)	(565, 0.0)	(570, 0.0)	(575, 0.0)	(580, 0.0)	(585, 7.0)	(590, 11.0)									
R1.594.d42	(370, 4.0)	(375, 0.0)	(380, 3.0)	(385, 0.0)	(390, 0.0)	(395, 0.0)	(400, 2.0)	(405, 2.0)	(410, 0.0)	(415, 0.0)	(420, 21.0)	(425, 0.0)	(430, 0.0)	(435, 736.0)	(440, 14895.0)	(445, 5.0)	(450, 2.0)	(455, 6026.0)	(460, 29315.0)	(465, 7264.0)	(470, 0.0)	(475, 0.0)	(480, 0.0)	(485, 0.0)	(490, 0.0)	(495, 0.0)	(500, 0.0)	(505, 0.0)	(510, 0.0)	(515, 0.0)	(520, 0.0)	(525, 0.0)	(530, 0.0)	(535, 0.0)	(540, 0.0)	(545, 0.0)	(550, 0.0)	(555, 0.0)	(560, 0.0)	(565, 0.0)	(570, 0.0)	(575, 0.0)	(580, 0.0)	(585, 6.0)	(590, 9.0)						
R1.594.w	(420, 6.0)	(425, 0.0)	(430, 0.0)	(435, 409.0)	(440, 16242.0)	(445, 3.0)	(450, 2.0)	(455, 8952.0)	(460, 26065.0)	(465, 7668.0)	(470, 0.0)	(475, 2.0)	(480, 0.0)	(485, 0.0)	(490, 0.0)	(495, 0.0)	(500, 0.0)	(505, 0.0)	(510, 0.0)	(515, 0.0)	(520, 0.0)	(525, 0.0)	(530, 0.0)	(535, 0.0)	(540, 0.0)	(545, 0.0)	(550, 0.0)	(555, 0.0)	(560, 0.0)	(565, 0.0)	(570, 0.0)	(575, 0.0)	(580, 1.0)	(585, 6.0)	(590, 12.0)																
R1.596.d139	(345, 3.0)	(350, 0.0)	(355, 0.0)	(360, 0.0)	(365, 0.0)	(370, 2.0)	(375, 0.0)	(380, 0.0)	(385, 0.0)	(390, 0.0)	(395, 0.0)	(400, 0.0)	(405, 0.0)	(410, 0.0)	(415, 0.0)	(420, 17.0)	(425, 6.0)	(430, 0.0)	(435, 846.0)	(440, 26740.0)	(445, 60.0)	(450, 21.0)	(455, 13095.0)	(460, 36406.0)	(465, 31570.0)	(470, 2.0)	(475, 0.0)	(480, 0.0)	(485, 0.0)	(490, 1.0)	(495, 0.0)	(500, 0.0)	(505, 0.0)	(510, 0.0)	(515, 0.0)	(520, 0.0)	(525, 0.0)	(530, 0.0)	(535, 0.0)	(540, 0.0)	(545, 0.0)	(550, 0.0)	(555, 0.0)	(560, 0.0)	(565, 0.0)	(570, 0.0)	(575, 0.0)	(580, 0.0)	(585, 7.0)	(590, 12.0)	
R1.596.d42	(340, 2.0)	(345, 0.0)	(350, 0.0)	(355, 0.0)	(360, 0.0)	(365, 0.0)	(370, 0.0)	(375, 0.0)	(380, 3.0)	(385, 0.0)	(390, 1.0)	(395, 4.0)	(400, 0.0)	(405, 0.0)	(410, 0.0)	(415, 4.0)	(420, 17.0)	(425, 2.0)	(430, 0.0)	(435, 323.0)	(440, 12844.0)	(445, 115.0)	(450, 3.0)	(455, 2860.0)	(460, 23889.0)	(465, 11452.0)	(470, 0.0)	(475, 0.0)	(480, 0.0)	(485, 0.0)	(490, 3.0)	(495, 0.0)	(500, 1.0)	(505, 0.0)	(510, 0.0)	(515, 0.0)	(520, 0.0)	(525, 0.0)	(530, 0.0)	(535, 0.0)	(540, 0.0)	(545, 0.0)	(550, 0.0)	(555, 0.0)	(560, 0.0)	(565, 0.0)	(570, 0.0)	(575, 0.0)	(580, 0.0)	(585, 2.0)	(590, 3.0)
R1.596.w	(365, 1.0)	(370, 1.0)	(375, 0.0)	(380, 0.0)	(385, 0.0)	(390, 2.0)	(395, 0.0)	(400, 0.0)	(405, 0.0)	(410, 0.0)	(415, 0.0)	(420, 15.0)	(425, 0.0)	(430, 0.0)	(435, 2681.0)	(440, 21556.0)	(445, 22.0)	(450, 12.0)	(455, 15175.0)	(460, 36197.0)	(465, 15428.0)	(470, 0.0)	(475, 0.0)	(480, 2.0)	(485, 0.0)	(490, 0.0)	(495, 0.0)	(500, 0.0)	(505, 0.0)	(510, 0.0)	(515, 0.0)	(520, 0.0)	(525, 0.0)	(530, 0.0)	(535, 0.0)	(540, 0.0)	(545, 0.0)	(550, 0.0)	(555, 0.0)	(560, 0.0)	(565, 0.0)	(570, 0.0)	(575, 0.0)	(580, 0.0)	(585, 5.0)	(590, 8.0)					
R1.598.d139	(355, 3.0)	(360, 0.0)	(365, 1.0)	(370, 0.0)	(375, 0.0)	(380, 0.0)	(385, 1.0)	(390, 2.0)	(395, 0.0)	(400, 0.0)	(405, 2.0)	(410, 0.0)	(415, 0.0)	(420, 13.0)	(425, 2.0)	(430, 2.0)	(435, 1422.0)	(440, 31791.0)	(445, 35.0)	(450, 57.0)	(455, 10577.0)	(460, 46787.0)	(465, 30056.0)	(470, 0.0)	(475, 0.0)	(480, 1.0)	(485, 0.0)	(490, 0.0)	(495, 0.0)	(500, 0.0)	(505, 0.0)	(510, 0.0)	(515, 0.0)	(520, 0.0)	(525, 0.0)	(530, 0.0)	(535, 0.0)	(540, 0.0)	(545, 0.0)	(550, 4.0)	(555, 0.0)	(560, 0.0)	(565, 0.0)	(570, 0.0)	(575, 0.0)	(580, 0.0)	(585, 10.0)	(590, 13.0)			
R1.598.d42	(370, 1.0)	(375, 0.0)	(380, 0.0)	(385, 0.0)	(390, 0.0)	(395, 0.0)	(400, 0.0)	(405, 1.0)	(410, 0.0)	(415, 0.0)	(420, 0.0)	(425, 3.0)	(430, 0.0)	(435, 247.0)	(440, 5938.0)	(445, 13.0)	(450, 7.0)	(455, 2548.0)	(460, 26166.0)	(465, 12581.0)	(470, 0.0)	(475, 0.0)	(480, 0.0)	(485, 0.0)	(490, 0.0)	(495, 0.0)	(500, 0.0)	(505, 0.0)	(510, 0.0)	(515, 0.0)	(520, 0.0)	(525, 0.0)	(530, 0.0)	(535, 0.0)	(540, 0.0)	(545, 0.0)	(550, 0.0)	(555, 0.0)	(560, 0.0)	(565, 0.0)	(570, 0.0)	(575, 0.0)	(580, 0.0)	(585, 4.0)	(590, 7.0)						
R1.598.w	(420, 2.0)	(425, 0.0)	(430, 0.0)	(435, 104.0)	(440, 7635.0)	(445, 2.0)	(450, 1.0)	(455, 607.0)	(460, 3249.0)	(465, 6450.0)	(470, 0.0)	(475, 0.0)	(480, 0.0)	(485, 0.0)	(490, 0.0)	(495, 0.0)	(500, 0.0)	(505, 0.0)	(510, 0.0)	(515, 0.0)	(520, 0.0)	(525, 0.0)	(530, 0.0)	(535, 0.0)	(540, 0.0)	(545, 0.0)	(550, 0.0)	(555, 0.0)	(560, 0.0)	(565, 0.0)	(570, 0.0)	(575, 0.0)	(580, 0.0)	(585, 3.0)	(590, 3.0)																
R1.616.d139	(365, 2.0)	(370, 0.0)	(375, 0.0)	(380, 0.0)	(385, 0.0)	(390, 0.0)	(395, 0.0)	(400, 0.0)	(405, 0.0)	(410, 1.0)	(415, 1.0)	(420, 15.0)	(425, 1.0)	(430, 3.0)	(435, 1498.0)	(440, 32818.0)	(445, 61.0)	(450, 27.0)	(455, 15751.0)	(460, 44510.0)	(465, 27645.0)	(470, 0.0)	(475, 0.0)	(480, 0.0)	(485, 0.0)	(490, 1.0)	(495, 0.0)	(500, 0.0)	(505, 1.0)	(510, 0.0)	(515, 0.0)	(520, 0.0)	(525, 0.0)	(530, 0.0)	(535, 0.0)	(540, 0.0)	(545, 0.0)	(550, 0.0)	(555, 0.0)	(560, 0.0)	(565, 0.0)	(570, 0.0)	(575, 0.0)	(580, 0.0)	(585, 12.0)	(590, 5.0)					
R1.616.d42	(340, 9.0)	(345, 0.0)	(350, 0.0)	(355, 0.0)	(360, 0.0)	(365, 0.0)	(370, 10.0)	(375, 2.0)	(380, 2.0)	(385, 0.0)	(390, 0.0)	(395, 0.0)	(400, 0.0)	(405, 0.0)	(410, 0.0)	(415, 0.0)	(420, 4.0)	(425, 0.0)	(430, 3.0)	(435, 348.0)	(440, 19597.0)	(445, 1.0)	(450, 1.0)	(455, 2504.0)	(460, 32083.0)	(465, 15990.0)	(470, 0.0)	(475, 0.0)	(480, 0.0)	(485, 0.0)	(490, 0.0)	(495, 0.0)	(500, 0.0)	(505, 0.0)	(510, 0.0)	(515, 0.0)	(520, 0.0)	(525, 0.0)	(530, 0.0)	(535, 0.0)	(540, 0.0)	(545, 0.0)	(550, 0.0)	(555, 0.0)	(560, 0.0)	(565, 0.0)	(570, 0.0)	(575, 0.0)	(580, 1.0)	(585, 3.0)	(590, 5.0)
R1.616.w	(370, 3.0)	(375, 1.0)	(380, 3.0)	(385, 0.0)	(390, 1.0)	(395, 2.0)	(400, 0.0)	(405, 0.0)	(410, 0.0)	(415, 3.0)	(420, 94.0)	(425, 4.0)	(430, 0.0)	(435, 2091.0)	(440, 27776.0)	(445, 13.0)	(450, 6.0)	(455, 26005.0)	(460, 51029.0)	(465, 14542.0)	(470, 2.0)	(475, 0.0)	(480, 0.0)	(485, 0.0)	(490, 0.0)	(495, 0.0)	(500, 0.0)	(505, 3.0)	(510, 0.0)	(515, 0.0)	(520, 0.0)	(525, 0.0)	(530, 0.0)	(535, 0.0)	(540, 0.0)	(545, 0.0)	(550, 0.0)	(555, 0.0)	(560, 0.0)	(565, 0.0)	(570, 0.0)	(575, 0.0)	(580, 0.0)	(585, 17.0)	(590, 6.0)						
