Sample	0	1	2	3	4	5	6	7	8	9	10	11	12	13	14	15
SRR5816731_1	(1.0, 5.601768722440055)	(2.0, 3.42506748751023)	(3.0, 2.951738795851808)	(4.0, 1.8737708722684356)	(5.0, 1.2886755347087349)	(6.0, 1.0333834145626444)	(7.0, 0.8721462860493239)	(8.0, 0.8355014841144783)	(9.0, 0.7255670783099417)	('>10', 11.151623975472411)	('>50', 3.9112218598458472)	('>100', 11.822223850880086)	('>500', 8.43196892520796)	('>1k', 22.918269876751314)	('>5k', 23.157071836026727)	('>10k+', 0.0)
SRR5816731_2	(1.0, 6.560030293036266)	(2.0, 2.9315841547876436)	(3.0, 2.77584374656455)	(4.0, 1.6905468625942075)	(5.0, 1.2795143342250235)	(6.0, 1.0993440580453662)	(7.0, 0.919173781865709)	(8.0, 0.6498344876445943)	(9.0, 0.5661621898933636)	('>10', 9.094629093529749)	('>50', 3.417127780424347)	('>100', 15.186216668498906)	('>500', 7.15611907117642)	('>1k', 46.67387347771385)	('>5k', 0.0)	('>10k+', 0.0)
SRR5816732_1	(1.0, 9.177723657750336)	(2.0, 4.926382165991289)	(3.0, 2.755742393160666)	(4.0, 1.7967399981810281)	(5.0, 1.2404377658983194)	(6.0, 1.1459522823044352)	(7.0, 1.043382479258668)	(8.0, 0.9175702577887366)	(9.0, 0.7139464615944299)	('>10', 12.951585031882534)	('>50', 4.1603928979253615)	('>100', 15.473892700870076)	('>500', 2.171145042796366)	('>1k', 18.987540042644785)	('>5k', 22.53756682195297)	('>10k+', 0.0)
SRR5816732_2	(1.0, 14.428489141748436)	(2.0, 4.493871075315541)	(3.0, 2.526855098679224)	(4.0, 1.6956860050324887)	(5.0, 1.2151742676111847)	(6.0, 1.0095293915539074)	(7.0, 0.7922633062845479)	(8.0, 0.8124741049142558)	(9.0, 0.7003041725193772)	('>10', 12.030983154299342)	('>50', 5.315945309578908)	('>100', 14.54924866356094)	('>500', 1.302585971684671)	('>1k', 22.022191456895417)	('>5k', 17.104398880321757)	('>10k+', 0.0)
SRR5816733_1	(1.0, 5.2263185876400176)	(2.0, 3.2317084349276772)	(3.0, 2.476029845821035)	(4.0, 1.7482171338478742)	(5.0, 1.3474618219150458)	(6.0, 1.075769519863604)	(7.0, 0.9034410691697069)	(8.0, 0.7509120574917044)	(9.0, 0.6203824224980292)	('>10', 7.571452142189304)	('>50', 1.4801913945771537)	('>100', 15.490861092269054)	('>500', 9.80915540726346)	('>1k', 46.0208627422223)	('>5k', 2.2472363283040315)	('>10k+', 0.0)
SRR5816733_2	(1.0, 8.119969934185198)	(2.0, 3.0161145434212697)	(3.0, 2.225236951619704)	(4.0, 1.5531559939135058)	(5.0, 1.11830164811997)	(6.0, 0.8953746310521201)	(7.0, 0.7160797110748528)	(8.0, 0.6658478009789722)	(9.0, 0.5147854144132583)	('>10', 6.802940583350138)	('>50', 2.2333033897372907)	('>100', 12.053458485342915)	('>500', 17.94855812418648)	('>1k', 34.082534328194036)	('>5k', 8.054338460410289)	('>10k+', 0.0)
SRR5816734_1	(1.0, 5.792710592794897)	(2.0, 3.0665741659568115)	(3.0, 2.3376919901996085)	(4.0, 1.572512067537227)	(5.0, 1.1182047836917735)	(6.0, 0.9659884257023175)	(7.0, 0.8667550692438066)	(8.0, 0.6884862961369245)	(9.0, 0.6744355553994362)	('>10', 11.40832330754437)	('>50', 4.686800207248426)	('>100', 8.453569619956735)	('>500', 8.270031819073296)	('>1k', 27.871986042930867)	('>5k', 22.225930056583504)	('>10k+', 0.0)
SRR5816734_2	(1.0, 6.806705716016967)	(2.0, 2.4512688111609715)	(3.0, 2.0356010643436107)	(4.0, 1.3652636416592754)	(5.0, 1.0347785105629372)	(6.0, 0.8658768979477137)	(7.0, 0.758154552293637)	(8.0, 0.6112072220807391)	(9.0, 0.5980346526393439)	('>10', 9.354866093513534)	('>50', 3.223766827957461)	('>100', 12.599123585046499)	('>500', 4.936200855338843)	('>1k', 33.81105851840793)	('>5k', 19.548093051030534)	('>10k+', 0.0)
SRR5816735_1	(1.0, 4.7229045887786185)	(2.0, 2.4108283384101403)	(3.0, 1.8608135992925223)	(4.0, 1.212538076053847)	(5.0, 0.8720644590743833)	(6.0, 0.7738036749533261)	(7.0, 0.663751596737742)	(8.0, 0.6033212145032918)	(9.0, 0.5460843077527758)	('>10', 10.284956273951067)	('>50', 5.396236611968163)	('>100', 7.643215092856441)	('>500', 1.583472536110838)	('>1k', 20.807949297435393)	('>5k', 11.51665520290852)	('>10k+', 29.10140512921293)
SRR5816735_2	(1.0, 5.813353640562052)	(2.0, 2.130785103665127)	(3.0, 1.738478923061806)	(4.0, 1.016999115652943)	(5.0, 0.8610101208607646)	(6.0, 0.6838950574825587)	(7.0, 0.5691755920212243)	(8.0, 0.5915299204087648)	(9.0, 0.5328191018964331)	('>10', 9.078313844944482)	('>50', 3.9805443647440306)	('>100', 10.098260784121058)	('>500', 2.765304117126855)	('>1k', 18.330303625822932)	('>5k', 25.098752088041664)	('>10k+', 16.710474599587304)
SRR5816736_1	(1.0, 5.280410413130207)	(2.0, 2.57799490480815)	(3.0, 1.4890119793502152)	(4.0, 0.9480177443956924)	(5.0, 0.7673724789695553)	(6.0, 0.6343433147800916)	(7.0, 0.6138979831756443)	(8.0, 0.5380350422222999)	(9.0, 0.5181277456600748)	('>10', 10.707435375265991)	('>50', 5.130971180152963)	('>100', 8.74804626025293)	('>500', 0.8171407203751181)	('>1k', 14.62876927174267)	('>5k', 20.975430629796918)	('>10k+', 25.624994955921483)
SRR5816736_2	(1.0, 10.278890464135928)	(2.0, 2.3799980092703437)	(3.0, 1.345356623076861)	(4.0, 0.9302625880023566)	(5.0, 0.7243296755917713)	(6.0, 0.6884158365234327)	(7.0, 0.5856511434589735)	(8.0, 0.548795743066746)	(9.0, 0.5229700610400756)	('>10', 10.16428900014258)	('>50', 4.463942236557867)	('>100', 8.994331800830189)	('>500', 2.2999652967397766)	('>1k', 4.793219682397915)	('>5k', 37.87995362137936)	('>10k+', 13.399628217785825)
SRR5816737_1	(1.0, 11.567182295763297)	(2.0, 5.71755954981987)	(3.0, 3.1403851195851664)	(4.0, 1.9226847670929588)	(5.0, 1.6459346869810936)	(6.0, 1.4099688292015031)	(7.0, 1.0128081879181596)	(8.0, 1.2041056117147824)	(9.0, 0.9263844786902438)	('>10', 12.666414192909373)	('>50', 6.641030869772094)	('>100', 17.63432089414552)	('>500', 0.0)	('>1k', 34.51122051640594)	('>5k', 0.0)	('>10k+', 0.0)
SRR5816737_2	(1.0, 17.70617880968334)	(2.0, 5.350501548829396)	(3.0, 2.79080607102281)	(4.0, 1.9071479204901876)	(5.0, 1.5731057185306028)	(6.0, 1.1419582253036968)	(7.0, 0.87686078014391)	(8.0, 0.9399792194676688)	(9.0, 0.8302502403355959)	('>10', 13.813227682776436)	('>50', 9.520202755848166)	('>100', 10.702945203484138)	('>500', 0.0)	('>1k', 32.84683582408405)	('>5k', 0.0)	('>10k+', 0.0)
SRR5816738_1	(1.0, 5.098742391529744)	(2.0, 2.8689574413583636)	(3.0, 2.537783144875032)	(4.0, 1.766262914577768)	(5.0, 1.396665080933387)	(6.0, 0.9916931972042303)	(7.0, 0.9819348385601543)	(8.0, 0.8538563813566559)	(9.0, 0.8343396640685038)	('>10', 9.65101669899123)	('>50', 3.90761273953721)	('>100', 8.455007867676658)	('>500', 7.782900916065917)	('>1k', 49.66882570351667)	('>5k', 3.2044010197484782)	('>10k+', 0.0)
SRR5816738_2	(1.0, 7.248630780302753)	(2.0, 2.3249289469511227)	(3.0, 2.0821897756797307)	(4.0, 1.4052036447469536)	(5.0, 1.0337761188568082)	(6.0, 0.8672741244922604)	(7.0, 0.7300472060599407)	(8.0, 0.731876898305705)	(9.0, 0.5543967504665714)	('>10', 9.138092972761982)	('>50', 2.959832156231322)	('>100', 10.410338980983399)	('>500', 8.739220063185373)	('>1k', 48.239226162159525)	('>5k', 3.5349654188165553)	('>10k+', 0.0)
SRR5816739_1	(1.0, 3.9276130186472162)	(2.0, 1.8275648524048715)	(3.0, 1.6596710933737011)	(4.0, 1.2183765682699144)	(5.0, 0.9679121080758734)	(6.0, 0.9055253560861488)	(7.0, 0.7192825523521182)	(8.0, 0.6679052271841097)	(9.0, 0.6440514690703916)	('>10', 9.237367829537375)	('>50', 2.2032615426959334)	('>100', 3.359710085093695)	('>500', 3.4170508497901326)	('>1k', 44.48680015596688)	('>5k', 20.144498727035025)	('>10k+', 4.6134085644166145)
SRR5816739_2	(1.0, 5.384527168054313)	(2.0, 1.4697584806990986)	(3.0, 1.3059932567260717)	(4.0, 1.055070070414459)	(5.0, 0.7752471386958416)	(6.0, 0.7624028074038396)	(7.0, 0.5972614050780981)	(8.0, 0.5614807679075208)	(9.0, 0.5284524874423725)	('>10', 7.287323103740912)	('>50', 1.6463680359641277)	('>100', 3.8537581137182046)	('>500', 2.684465240028441)	('>1k', 30.743365673524618)	('>5k', 21.80279364205601)	('>10k+', 19.541732608546067)
SRR5816740_1	(1.0, 4.197850878823773)	(2.0, 1.9759591635106206)	(3.0, 1.461253671725193)	(4.0, 1.007101767208639)	(5.0, 0.8525307681275662)	(6.0, 0.6724635217753887)	(7.0, 0.6841493017746451)	(8.0, 0.7351417963168546)	(9.0, 0.5593239245098612)	('>10', 11.011191790208379)	('>50', 2.9798738998103715)	('>100', 4.280713682454864)	('>500', 1.0697800417501049)	('>1k', 42.191508687315086)	('>5k', 26.321157104688652)	('>10k+', 0.0)
SRR5816740_2	(1.0, 7.589382937698858)	(2.0, 1.817669961702512)	(3.0, 1.332178919915225)	(4.0, 0.8859945926708912)	(5.0, 0.6453737590498398)	(6.0, 0.717081954499822)	(7.0, 0.5168301790580199)	(8.0, 0.454683076334702)	(9.0, 0.42546862633656113)	('>10', 8.885442173980017)	('>50', 3.5248561852302367)	('>100', 8.96246208761148)	('>500', 0.5811019690539299)	('>1k', 14.838284739964836)	('>5k', 18.632445036996117)	('>10k+', 30.190743799896953)
SRR5816741_1	(1.0, 4.996292442906495)	(2.0, 2.3670883893107395)	(3.0, 1.9606941466583125)	(4.0, 1.4071472503721927)	(5.0, 1.1266375043829648)	(6.0, 0.9932804120274302)	(7.0, 0.8530255390328163)	(8.0, 0.7035736251860963)	(9.0, 0.6156269220378343)	('>10', 9.644821778592739)	('>50', 2.610235156838287)	('>100', 8.861348861003972)	('>500', 5.016410969770476)	('>1k', 38.9006087291414)	('>5k', 19.943208272738246)	('>10k+', 0.0)
SRR5816741_2	(1.0, 7.722640240502618)	(2.0, 2.3337491162218558)	(3.0, 2.014151946611178)	(4.0, 1.3841546482419282)	(5.0, 0.8536003540860728)	(6.0, 0.796693663813668)	(7.0, 0.7162195563577419)	(8.0, 0.611603216665038)	(9.0, 0.5794135736826675)	('>10', 7.755404698538245)	('>50', 3.0367479263546953)	('>100', 14.085842880053342)	('>500', 7.11448591415712)	('>1k', 14.99692473946508)	('>5k', 35.99836752524875)	('>10k+', 0.0)
SRR5816742_1	(1.0, 4.865918260917301)	(2.0, 2.3868470891773943)	(3.0, 2.0503389783987047)	(4.0, 1.6073340103752092)	(5.0, 1.2955287788543353)	(6.0, 1.077045535640765)	(7.0, 0.9683528669063761)	(8.0, 0.812450251145939)	(9.0, 0.8300167430626081)	('>10', 8.798616638761562)	('>50', 1.6869321768726155)	('>100', 3.4100952433233607)	('>500', 10.122690966980484)	('>1k', 57.267861554085584)	('>5k', 2.819970905497763)	('>10k+', 0.0)
SRR5816742_2	(1.0, 5.993467460818488)	(2.0, 2.1551889770263224)	(3.0, 2.0108143715861995)	(4.0, 1.4053193533335162)	(5.0, 1.1033952735157686)	(6.0, 0.9387094117969973)	(7.0, 0.7608486811407241)	(8.0, 0.58847747920841)	(9.0, 0.5829879504844508)	('>10', 5.3363708725605905)	('>50', 1.9828177750940084)	('>100', 4.6951939176021735)	('>500', 13.26379930282985)	('>1k', 56.306096121647954)	('>5k', 2.876513051354541)	('>10k+', 0.0)
SRR5816743_1	(1.0, 4.1824540950160305)	(2.0, 2.190505683474206)	(3.0, 1.8826508306616148)	(4.0, 1.3097493442145147)	(5.0, 0.9836782279218886)	(6.0, 0.8935077236957155)	(7.0, 0.7618952200524628)	(8.0, 0.6521422325852521)	(9.0, 0.6803774409793063)	('>10', 9.14046560769455)	('>50', 2.6950961818711745)	('>100', 8.217356455843777)	('>500', 7.904947537161178)	('>1k', 31.397551734188283)	('>5k', 22.415567618770037)	('>10k+', 4.692054065870009)
SRR5816743_2	(1.0, 5.657516030311863)	(2.0, 1.9673564558437773)	(3.0, 1.8252696006995046)	(4.0, 1.2569221801224133)	(5.0, 0.924475371611775)	(6.0, 0.7787452637714952)	(7.0, 0.6949504517633343)	(8.0, 0.5792771786651122)	(9.0, 0.5533190032060623)	('>10', 6.508215534829495)	('>50', 1.6763516467502186)	('>100', 13.418555085980763)	('>500', 8.716937481783736)	('>1k', 21.268398426114835)	('>5k', 29.354142378315363)	('>10k+', 4.819567910230253)
SRR5816744_1	(1.0, 5.666944591829001)	(2.0, 3.2538467369059347)	(3.0, 2.6750549533843704)	(4.0, 1.77548700068218)	(5.0, 1.4022587735920564)	(6.0, 1.0587432729477753)	(7.0, 0.9168498446145683)	(8.0, 0.7761691806260896)	(9.0, 0.709467141666035)	('>10', 9.01387099219283)	('>50', 2.819980292579398)	('>100', 16.916546653528385)	('>500', 12.769195785643902)	('>1k', 24.533616311680436)	('>5k', 15.711968468127038)	('>10k+', 0.0)
SRR5816744_2	(1.0, 7.053740620025771)	(2.0, 2.930038656863488)	(3.0, 2.641400742818161)	(4.0, 1.7318274842719625)	(5.0, 1.1460623057682104)	(6.0, 0.9186689911316607)	(7.0, 0.6430682937921625)	(8.0, 0.5966800576063064)	(9.0, 0.5211854771469719)	('>10', 7.37481998029258)	('>50', 3.1862351246873346)	('>100', 20.5105737891306)	('>500', 16.958690214507694)	('>1k', 28.815887212915943)	('>5k', 4.971121049041159)	('>10k+', 0.0)
SRR5816745_1	(1.0, 6.431856455644583)	(2.0, 3.8680249813093286)	(3.0, 3.257840642203913)	(4.0, 2.008775175767828)	(5.0, 1.4084081589499995)	(6.0, 1.1735476026854152)	(7.0, 0.8775175767827879)	(8.0, 0.7853857830069703)	(9.0, 0.6864573814935924)	('>10', 9.63154834276048)	('>50', 5.666860495850293)	('>100', 18.594763591327528)	('>500', 18.684629849190827)	('>1k', 26.924383963026454)	('>5k', 0.0)	('>10k+', 0.0)
SRR5816745_2	(1.0, 8.50255627968796)	(2.0, 3.413407441530294)	(3.0, 2.734501846411769)	(4.0, 1.8003458718159782)	(5.0, 1.2384929655109918)	(6.0, 1.0013668733338872)	(7.0, 0.872231326320241)	(8.0, 0.7008057756062196)	(9.0, 0.5165421880545843)	('>10', 8.292616618461098)	('>50', 4.768197917217318)	('>100', 29.488970615999214)	('>500', 5.866227656152063)	('>1k', 30.80373662389838)	('>5k', 0.0)	('>10k+', 0.0)
SRR5816746_1	(1.0, 5.6138250445029065)	(2.0, 3.009499204461318)	(3.0, 2.6645032215378315)	(4.0, 1.7139526457568646)	(5.0, 1.2854644843176484)	(6.0, 1.1096583121977346)	(7.0, 0.8910033239338995)	(8.0, 0.7485940232202776)	(9.0, 0.7429228563776997)	('>10', 9.400589171221979)	('>50', 3.255249767639692)	('>100', 14.607980592006806)	('>500', 14.470297263662)	('>1k', 23.161360449912568)	('>5k', 17.325099639250777)	('>10k+', 0.0)
SRR5816746_2	(1.0, 7.484995037729012)	(2.0, 2.7788717528631515)	(3.0, 2.479245104680288)	(4.0, 1.6244742355739694)	(5.0, 1.0822476724586083)	(6.0, 0.9357425290253469)	(7.0, 0.8049906268214686)	(8.0, 0.6175270561918115)	(9.0, 0.5217473495171632)	('>10', 7.666157311866916)	('>50', 3.594889648545188)	('>100', 15.505915342081632)	('>500', 18.076214181067755)	('>1k', 27.792498306526568)	('>5k', 9.034483845051119)	('>10k+', 0.0)
SRR5816747_1	(1.0, 6.489002775998292)	(2.0, 3.7147127909459745)	(3.0, 3.1736066623959003)	(4.0, 1.9030535981208625)	(5.0, 1.3944052957505872)	(6.0, 1.1428571428571428)	(7.0, 0.9656203288490284)	(8.0, 0.8336536408285288)	(9.0, 0.6841768097373478)	('>10', 9.106555626735)	('>50', 5.813367499466154)	('>100', 17.334614563314116)	('>500', 12.035020286141362)	('>1k', 35.4093529788597)	('>5k', 0.0)	('>10k+', 0.0)
SRR5816747_2	(1.0, 6.818705957719411)	(2.0, 2.92547512278454)	(3.0, 2.4176809737347855)	(4.0, 1.5596839632714072)	(5.0, 1.1018577834721333)	(6.0, 0.8199871877001922)	(7.0, 0.7294469357249627)	(8.0, 0.6491565235959854)	(9.0, 0.5765534913516976)	('>10', 9.045483664317745)	('>50', 4.391202220798633)	('>100', 18.158018364296392)	('>500', 9.153961136023916)	('>1k', 32.23403800982276)	('>5k', 9.418748665385436)	('>10k+', 0.0)
SRR5816748_1	(1.0, 7.790562494410827)	(2.0, 5.119682833040212)	(3.0, 3.402688765016246)	(4.0, 1.9644081437982532)	(5.0, 1.6022297075744478)	(6.0, 1.1625480668912271)	(7.0, 0.8763823888872329)	(8.0, 0.6379109905505709)	(9.0, 0.5835097028050198)	('>10', 8.011893760992042)	('>50', 5.9453900497809045)	('>100', 27.443586609830984)	('>500', 23.41863653978001)	('>1k', 12.040569946642025)	('>5k', 0.0)	('>10k+', 0.0)
SRR5816748_2	(1.0, 10.952544191731004)	(2.0, 4.374459713238144)	(3.0, 2.9309625301815365)	(4.0, 1.7944972724833814)	(5.0, 1.203535338480341)	(6.0, 0.8942677437624825)	(7.0, 0.6572867916654246)	(8.0, 0.5663695710495722)	(9.0, 0.563388678570364)	('>10', 8.60211047187528)	('>50', 7.768951023936567)	('>100', 26.5858347989388)	('>500', 20.568158106537098)	('>1k', 12.537633767550005)	('>5k', 0.0)	('>10k+', 0.0)
SRR5816749_1	(1.0, 7.37530878477185)	(2.0, 4.669569312370394)	(3.0, 3.0560397888283943)	(4.0, 1.8704715009211905)	(5.0, 1.449945885210552)	(6.0, 1.0657721891291236)	(7.0, 0.8559224712695909)	(8.0, 0.7402572724493758)	(9.0, 0.6171564537050042)	('>10', 9.108634407091929)	('>50', 4.915770949859136)	('>100', 27.149926883070748)	('>500', 11.488858962813639)	('>1k', 25.636365138509078)	('>5k', 0.0)	('>10k+', 0.0)
SRR5816749_2	(1.0, 10.950189608308065)	(2.0, 4.206908517089533)	(3.0, 2.674344632721685)	(4.0, 1.609398623584134)	(5.0, 1.1855682879072036)	(6.0, 0.8228752716066722)	(7.0, 0.6882079329802792)	(8.0, 0.667553433190955)	(9.0, 0.4387015755252439)	('>10', 9.133419806839118)	('>50', 6.857293930055603)	('>100', 27.9306669751072)	('>500', 12.467056072836028)	('>1k', 20.367815332248284)	('>5k', 0.0)	('>10k+', 0.0)
SRR5816750_1	(1.0, 6.600102042027077)	(2.0, 4.264407503648596)	(3.0, 2.7925105898266476)	(4.0, 1.7964142906299316)	(5.0, 1.1746698465809988)	(6.0, 1.018047200370199)	(7.0, 0.8015045266317825)	(8.0, 0.7783670902597325)	(9.0, 0.6247107820453494)	('>10', 8.692556864699391)	('>50', 5.490691631367244)	('>100', 22.056502806155745)	('>500', 10.472359662549389)	('>1k', 33.43715516320792)	('>5k', 0.0)	('>10k+', 0.0)
SRR5816750_2	(1.0, 10.851457658491439)	(2.0, 3.8574259305402294)	(3.0, 2.5237603673512976)	(4.0, 1.4807959278111986)	(5.0, 1.0619490027171656)	(6.0, 0.932616666073399)	(7.0, 0.7682815410719159)	(8.0, 0.6264905848431993)	(9.0, 0.5072437973872495)	('>10', 9.19268145089524)	('>50', 5.770120670629694)	('>100', 28.205128205128204)	('>500', 6.52416378931881)	('>1k', 27.697884407740958)	('>5k', 0.0)	('>10k+', 0.0)
SRR5816751_1	(1.0, 6.605247152493641)	(2.0, 4.165514762799956)	(3.0, 2.785649120866969)	(4.0, 1.7707066239079952)	(5.0, 1.3598225146522172)	(6.0, 1.1528253898042686)	(7.0, 1.028074201039478)	(8.0, 0.8017250912307863)	(9.0, 0.7060018799071105)	('>10', 8.03280161450846)	('>50', 4.0442192856352985)	('>100', 18.633196947915515)	('>500', 11.345101183235652)	('>1k', 37.569114232002654)	('>5k', 0.0)	('>10k+', 0.0)
SRR5816751_2	(1.0, 10.118323565188543)	(2.0, 3.844824726307641)	(3.0, 2.5098833351763794)	(4.0, 1.5357182350989715)	(5.0, 1.140384828043791)	(6.0, 0.8915735928342364)	(7.0, 0.8006883777507464)	(8.0, 0.6607320579453722)	(9.0, 0.441639942496959)	('>10', 7.854832467101626)	('>50', 5.403005086807475)	('>100', 21.408478933982085)	('>500', 10.007740793984297)	('>1k', 33.38217405728188)	('>5k', 0.0)	('>10k+', 0.0)
SRR5816752_1	(1.0, 11.519292371118057)	(2.0, 5.938198604484617)	(3.0, 3.1210382169919964)	(4.0, 1.9123012455119954)	(5.0, 1.659714896787992)	(6.0, 1.399386437758272)	(7.0, 1.0771210962828193)	(8.0, 1.20002709738607)	(9.0, 1.0016355208020826)	('>10', 13.607726626085107)	('>50', 6.464662105273344)	('>100', 11.601552293116296)	('>500', 0.0)	('>1k', 39.49734348840135)	('>5k', 0.0)	('>10k+', 0.0)
SRR5816752_2	(1.0, 19.279790188810715)	(2.0, 5.258828425157987)	(3.0, 2.912001238737649)	(4.0, 1.8155248666905381)	(5.0, 1.5339056043200976)	(6.0, 1.201962624962499)	(7.0, 1.0771210962828193)	(8.0, 0.9135690160745564)	(9.0, 0.8448577871113219)	('>10', 13.96676699151271)	('>50', 6.414338388286186)	('>100', 8.09727961599133)	('>500', 0.0)	('>1k', 36.68405415606159)	('>5k', 0.0)	('>10k+', 0.0)
SRR5816753_1	(1.0, 4.131984025822094)	(2.0, 2.139701718895377)	(3.0, 1.7241336303339758)	(4.0, 1.087561144134279)	(5.0, 0.7894795920149066)	(6.0, 0.6435568238225778)	(7.0, 0.6093834575963403)	(8.0, 0.5188365091282798)	(9.0, 0.46021796122195974)	('>10', 9.074650097157125)	('>50', 4.208312858415004)	('>100', 8.343290171789763)	('>500', 2.48567587185736)	('>1k', 16.758419244843438)	('>5k', 15.165241944938476)	('>10k+', 31.859554948029047)
SRR5816753_2	(1.0, 5.798247430137915)	(2.0, 1.8648181453091444)	(3.0, 1.681479282708526)	(4.0, 1.1274716448364541)	(5.0, 0.8181652643945951)	(6.0, 0.6540333302568989)	(7.0, 0.6250982172478218)	(8.0, 0.5367962344442587)	(9.0, 0.46695285821545185)	('>10', 7.971374193371365)	('>50', 3.0486633723874212)	('>100', 9.061429743799529)	('>500', 5.042941204349247)	('>1k', 17.33762038628376)	('>5k', 22.714562593384336)	('>10k+', 21.250346098873276)
SRR5816754_1	(1.0, 5.718621712159677)	(2.0, 3.734553007574009)	(3.0, 2.7757379938316933)	(4.0, 1.9511990432830497)	(5.0, 1.4091993090377581)	(6.0, 1.2105826322304514)	(7.0, 0.9179027757379937)	(8.0, 0.7441131835316003)	(9.0, 0.6860667603801691)	('>10', 7.6205162634888)	('>50', 3.5167040821321915)	('>100', 12.553413199616752)	('>500', 19.10356740728308)	('>1k', 38.057822629712774)	('>5k', 0.0)	('>10k+', 0.0)
SRR5816754_2	(1.0, 9.094755540635994)	(2.0, 3.461105399716062)	(3.0, 2.420116232717202)	(4.0, 1.6252998482400745)	(5.0, 1.1854058703816377)	(6.0, 0.9315401884061011)	(7.0, 0.7759338130905175)	(8.0, 0.6182293742875326)	(9.0, 0.5633300463672031)	('>10', 7.653385924791417)	('>50', 4.374112693983453)	('>100', 15.162355146200056)	('>500', 15.365867304477968)	('>1k', 36.768562616704784)	('>5k', 0.0)	('>10k+', 0.0)
SRR5816755_1	(1.0, 5.208862300441724)	(2.0, 3.156759764877743)	(3.0, 2.33626656464123)	(4.0, 1.537337831727592)	(5.0, 1.2243052415568154)	(6.0, 1.1227435567458524)	(7.0, 0.8813606483252757)	(8.0, 0.6733678828562485)	(9.0, 0.6385864839483845)	('>10', 7.66373343535877)	('>50', 2.381830197210532)	('>100', 14.656533685784842)	('>500', 8.764912524781748)	('>1k', 41.41038572571389)	('>5k', 8.343014156029357)	('>10k+', 0.0)
SRR5816755_2	(1.0, 9.579145073214846)	(2.0, 3.135195297554868)	(3.0, 2.1411429167681124)	(4.0, 1.458036242217662)	(5.0, 1.144308024068728)	(6.0, 0.9975305206775417)	(7.0, 0.7596257521477513)	(8.0, 0.6678028590309902)	(9.0, 0.5916315954227679)	('>10', 7.408090153385969)	('>50', 2.639908177106883)	('>100', 13.318145455810232)	('>500', 16.403951166915935)	('>1k', 37.8717262008278)	('>5k', 1.8837605648499183)	('>10k+', 0.0)
SRR5816756_1	(1.0, 7.554047736375927)	(2.0, 4.840604980857435)	(3.0, 3.3319434441454074)	(4.0, 2.2339309856841414)	(5.0, 1.4372717738776644)	(6.0, 1.2129942003714795)	(7.0, 0.9817671809256662)	(8.0, 0.6722009527058616)	(9.0, 0.5970205829953376)	('>10', 8.041772487775292)	('>50', 6.526161505123637)	('>100', 22.888316086072045)	('>500', 25.343365806198904)	('>1k', 14.338602276891196)	('>5k', 0.0)	('>10k+', 0.0)
SRR5816756_2	(1.0, 11.230936406251974)	(2.0, 4.413529939476644)	(3.0, 2.812630302111368)	(4.0, 1.5086615367120277)	(5.0, 1.074005281578914)	(6.0, 0.78086501648914)	(7.0, 0.689890451461279)	(8.0, 0.5660639601733571)	(9.0, 0.48330237671051135)	('>10', 9.381752018498162)	('>50', 8.190869691570954)	('>100', 31.710953590336477)	('>500', 15.188329984963925)	('>1k', 11.968209443665264)	('>5k', 0.0)	('>10k+', 0.0)
SRR5816757_1	(1.0, 5.3515537309928245)	(2.0, 3.2357031719696248)	(3.0, 2.247188112016225)	(4.0, 1.4893523691075499)	(5.0, 1.1121116962670718)	(6.0, 0.9459400182169573)	(7.0, 0.9139442292756308)	(8.0, 0.7885413790701093)	(9.0, 0.6850711261227554)	('>10', 8.62002678357171)	('>50', 3.740927000575408)	('>100', 12.390627298084638)	('>500', 10.28458190018862)	('>1k', 44.008917536014614)	('>5k', 4.185513648526259)	('>10k+', 0.0)
SRR5816757_2	(1.0, 9.580932574035417)	(2.0, 3.061790577240157)	(3.0, 2.0598579283758784)	(4.0, 1.4800632690923259)	(5.0, 1.0901790990089046)	(6.0, 0.8994945181408383)	(7.0, 0.7604160484684597)	(8.0, 0.617209089900426)	(9.0, 0.5898578509667115)	('>10', 7.066940867137486)	('>50', 4.066561562220198)	('>100', 14.505187704327946)	('>500', 12.458747364862948)	('>1k', 36.27625783445276)	('>5k', 5.486503711769548)	('>10k+', 0.0)
SRR5816758_1	(1.0, 6.477535174028393)	(2.0, 4.205064698518013)	(3.0, 2.943635681582956)	(4.0, 1.9018607320898322)	(5.0, 1.4078650618963466)	(6.0, 1.0874232227680933)	(7.0, 0.9775961890471262)	(8.0, 0.7918393542351203)	(9.0, 0.581676511929566)	('>10', 7.108023700945054)	('>50', 4.021567679214669)	('>100', 16.76105162774511)	('>500', 18.00575800991607)	('>1k', 33.72910235608365)	('>5k', 0.0)	('>10k+', 0.0)
SRR5816758_2	(1.0, 10.155158932824724)	(2.0, 3.9483496567340244)	(3.0, 2.577545569179732)	(4.0, 1.5981415277256765)	(5.0, 1.1886629575561451)	(6.0, 0.9708167425211406)	(7.0, 0.8067541365922887)	(8.0, 0.6002069991005934)	(9.0, 0.42303746322150265)	('>10', 7.155479826626953)	('>50', 5.346271530392259)	('>100', 19.88637647622448)	('>500', 22.938031339121473)	('>1k', 22.405166842179007)	('>5k', 0.0)	('>10k+', 0.0)
SRR5816759_1	(1.0, 6.817194124407274)	(2.0, 4.36709899852241)	(3.0, 2.9450394506842303)	(4.0, 1.8542304460776267)	(5.0, 1.3786010217582354)	(6.0, 1.2197359653104387)	(7.0, 0.8889682945908621)	(8.0, 0.7803219793910011)	(9.0, 0.5910359546872435)	('>10', 7.633248669686229)	('>50', 6.1184775995441685)	('>100', 19.495494799463046)	('>500', 11.458564709745334)	('>1k', 34.4519879861319)	('>5k', 0.0)	('>10k+', 0.0)
SRR5816759_2	(1.0, 10.073203472819106)	(2.0, 3.882294996475031)	(3.0, 2.566950273788714)	(4.0, 1.6205201502699256)	(5.0, 1.306170144958328)	(6.0, 0.883656696958869)	(7.0, 0.7977053898229789)	(8.0, 0.633528735743189)	(9.0, 0.556269133823288)	('>10', 7.766521482998059)	('>50', 4.720078804793959)	('>100', 22.523588322211168)	('>500', 16.333162718379093)	('>1k', 26.33634967695829)	('>5k', 0.0)	('>10k+', 0.0)
SRR5816760_1	(1.0, 6.633496993724893)	(2.0, 4.375508703757188)	(3.0, 3.069945125633418)	(4.0, 1.9560479953790006)	(5.0, 1.3554493659253815)	(6.0, 1.146060335547562)	(7.0, 0.8592170556882927)	(8.0, 0.7824191981516003)	(9.0, 0.5671226402709586)	('>10', 8.055241946070838)	('>50', 5.116575209389031)	('>100', 21.003885840312968)	('>500', 14.464252894688476)	('>1k', 30.614776695460392)	('>5k', 0.0)	('>10k+', 0.0)
SRR5816760_2	(1.0, 12.487200357077217)	(2.0, 4.576364638853152)	(3.0, 2.7785071021608423)	(4.0, 1.8168929030902934)	(5.0, 1.1486859033265944)	(6.0, 0.838868905400793)	(7.0, 0.7397537217423268)	(8.0, 0.5776249113870874)	(9.0, 0.3544516501693491)	('>10', 8.686034604983329)	('>50', 6.946595951374484)	('>100', 29.99776826738782)	('>500', 12.352640008401817)	('>1k', 16.69861107464489)	('>5k', 0.0)	('>10k+', 0.0)
SRR5816761_1	(1.0, 5.510329805724846)	(2.0, 2.6959436169354545)	(3.0, 1.510417812589382)	(4.0, 0.9915440070992204)	(5.0, 0.84706607115355)	(6.0, 0.748058348551187)	(7.0, 0.7033215257456749)	(8.0, 0.630715862503942)	(9.0, 0.5709445336736265)	('>10', 12.13101288567175)	('>50', 4.663630429840195)	('>100', 5.438457533020909)	('>500', 4.492017043996099)	('>1k', 13.694968207520187)	('>5k', 36.133785101904614)	('>10k+', 9.237787214069364)
SRR5816761_2	(1.0, 9.194150477070545)	(2.0, 2.4326564138669484)	(3.0, 1.4653142945149722)	(4.0, 0.9856768827968581)	(5.0, 0.9369064120334719)	(6.0, 0.8338650414732349)	(7.0, 0.7264233276862262)	(8.0, 0.67765285692284)	(9.0, 0.6402499394952806)	('>10', 11.44089238960639)	('>50', 4.036581520025228)	('>100', 5.362918307627995)	('>500', 2.9027597485937235)	('>1k', 23.45969652299546)	('>5k', 30.871707993223474)	('>10k+', 4.032547872067354)
SRR5816762_1	(1.0, 6.975019142419601)	(2.0, 3.2518185298621742)	(3.0, 1.756915199081164)	(4.0, 1.0959035222052067)	(5.0, 0.8045798238897397)	(6.0, 0.7214299387442572)	(7.0, 0.6197358346094947)	(8.0, 0.641271056661562)	(9.0, 0.6191376339969372)	('>10', 12.22781872128637)	('>50', 7.965639356814701)	('>100', 4.628876339969372)	('>500', 0.5826473966309341)	('>1k', 11.626028905053598)	('>5k', 25.110667113323125)	('>10k+', 21.37251148545176)
SRR5816762_2	(1.0, 11.705589586523736)	(2.0, 3.1632848392036754)	(3.0, 1.7856288284839201)	(4.0, 1.2657924961715161)	(5.0, 1.055824081163859)	(6.0, 0.90447932618683)	(7.0, 0.7034839203675344)	(8.0, 0.7513399693721287)	(9.0, 0.5491481623277182)	('>10', 11.08405915007657)	('>50', 5.716405053598775)	('>100', 5.673932810107198)	('>500', 2.4717649310872893)	('>1k', 11.163619831546708)	('>5k', 35.76581642419602)	('>10k+', 6.239830589586524)
SRR5816763_1	(1.0, 8.74588150470745)	(2.0, 4.357850082579499)	(3.0, 2.3792956010697606)	(4.0, 1.656620192992899)	(5.0, 1.177910612932704)	(6.0, 1.1267700098089353)	(7.0, 1.0093981337871714)	(8.0, 0.7914217926038951)	(9.0, 0.928076191114949)	('>10', 13.149841967152643)	('>50', 3.153949982813404)	('>100', 14.279965459133628)	('>500', 1.0764677772281792)	('>1k', 30.945933483681117)	('>5k', 15.220617208393767)	('>10k+', 0.0)
SRR5816763_2	(1.0, 13.199305829190386)	(2.0, 3.8615347211160387)	(3.0, 2.1001182102465648)	(4.0, 1.4621182270139756)	(5.0, 1.3497765742502872)	(6.0, 1.0814980004862549)	(7.0, 0.856814694958878)	(8.0, 0.9054401864536087)	(9.0, 0.7092614793886602)	('>10', 12.244401780699034)	('>50', 2.609009129855213)	('>100', 13.097862993485862)	('>500', 0.9087936686256591)	('>1k', 40.607315621358325)	('>5k', 5.006748882871252)	('>10k+', 0.0)
SRR5816764_1	(1.0, 7.498159775977284)	(2.0, 4.176588159173484)	(3.0, 2.6554236182602615)	(4.0, 1.9133090764302012)	(5.0, 1.5258797056689377)	(6.0, 1.2510903818497592)	(7.0, 1.0580305804629768)	(8.0, 0.8801640877334989)	(9.0, 0.8369417441394432)	('>10', 9.61160140092784)	('>50', 2.95955174500389)	('>100', 13.628659819199626)	('>500', 10.201520902587315)	('>1k', 32.158995355562716)	('>5k', 9.644083647022766)	('>10k+', 0.0)
SRR5816764_2	(1.0, 12.181104239195069)	(2.0, 3.908871582487878)	(3.0, 2.546188968086193)	(4.0, 1.7540412891260442)	(5.0, 1.4014517468375651)	(6.0, 1.1897932400254618)	(7.0, 0.850825284809049)	(8.0, 0.8151995955436454)	(9.0, 0.6742685600672697)	('>10', 7.856774251009176)	('>50', 3.3844404802133345)	('>100', 16.409559210681422)	('>500', 15.898487741881404)	('>1k', 21.61274351861311)	('>5k', 9.516250291423377)	('>10k+', 0.0)
SRR5816765_1	(1.0, 9.024737896953166)	(2.0, 4.786953092779775)	(3.0, 2.676381422338632)	(4.0, 1.823325543199068)	(5.0, 1.6243515255880587)	(6.0, 1.2459391211860298)	(7.0, 1.0990601190949938)	(8.0, 1.1518786764971891)	(9.0, 0.9246865254795273)	('>10', 13.152544335028832)	('>50', 3.5279902177137523)	('>100', 9.813398548574984)	('>500', 1.1873322287260597)	('>1k', 47.961420746839934)	('>5k', 0.0)	('>10k+', 0.0)
SRR5816765_2	(1.0, 13.834120788081819)	(2.0, 4.322439204393346)	(3.0, 2.5070726218987187)	(4.0, 1.7220296796880086)	(5.0, 1.4000535420992843)	(6.0, 1.1243840849727587)	(7.0, 1.1547728440260763)	(8.0, 0.862461923608448)	(9.0, 0.8986390177195406)	('>10', 12.45649704433141)	('>50', 3.6126446179337095)	('>100', 6.72242762772323)	('>500', 4.928043759813037)	('>1k', 44.45441324371061)	('>5k', 0.0)	('>10k+', 0.0)
SRR5816766_1	(1.0, 10.449039132365066)	(2.0, 5.923764825267964)	(3.0, 3.738821589395573)	(4.0, 2.2229973996321433)	(5.0, 1.8749603602460834)	(6.0, 1.2748144859516712)	(7.0, 0.9489757087588001)	(8.0, 0.8308492420879051)	(9.0, 0.520866366461597)	('>10', 8.180852413268218)	('>50', 3.9449483097608926)	('>100', 26.266093740090064)	('>500', 31.35980211834845)	('>1k', 2.4632143083655738)	('>5k', 0.0)	('>10k+', 0.0)
SRR5816766_2	(1.0, 15.535612354918502)	(2.0, 5.655800088793049)	(3.0, 3.0300627893702035)	(4.0, 1.9153929092408195)	(5.0, 1.2922559776748908)	(6.0, 0.9703811758736601)	(7.0, 0.7214435212786199)	(8.0, 0.5454430138897698)	(9.0, 0.46378512082196993)	('>10', 7.343660810553689)	('>50', 4.888374452971396)	('>100', 43.94700957696455)	('>500', 13.690778207648888)	('>1k', 0.0)	('>5k', 0.0)	('>10k+', 0.0)
SRR5816767_1	(1.0, 11.46750947033376)	(2.0, 5.623921278551095)	(3.0, 3.0798197834711853)	(4.0, 1.9657947235110842)	(5.0, 1.5130119023602986)	(6.0, 1.3482617174366216)	(7.0, 1.1101024365095375)	(8.0, 0.9324636316768655)	(9.0, 0.8472866653217672)	('>10', 14.138816040167665)	('>50', 4.560890323448322)	('>100', 19.436038822764665)	('>500', 3.5303611055073634)	('>1k', 24.413847981530047)	('>5k', 6.031874117409724)	('>10k+', 0.0)
SRR5816767_2	(1.0, 15.31392195100083)	(2.0, 4.808015600833838)	(3.0, 2.7049290565530226)	(4.0, 1.9232062403335353)	(5.0, 1.5018044067872593)	(6.0, 1.2507565059511803)	(7.0, 1.0708762020039002)	(8.0, 0.9324636316768655)	(9.0, 0.7716360702037522)	('>10', 12.494116064824153)	('>50', 5.288817160917222)	('>100', 15.967318942909017)	('>500', 2.4191379194405216)	('>1k', 33.5530002465649)	('>5k', 0.0)	('>10k+', 0.0)
SRR5816768_1	(1.0, 6.763530646433437)	(2.0, 3.3765505732965697)	(3.0, 2.264505152824765)	(4.0, 1.621787225166383)	(5.0, 1.35909419793887)	(6.0, 1.4236267282007158)	(7.0, 0.9992764534485794)	(8.0, 1.0794532334708724)	(9.0, 0.8389228934039933)	('>10', 9.80242616240035)	('>50', 2.3381634954468713)	('>100', 4.2030884356402085)	('>500', 12.067583158965132)	('>1k', 51.86199164336325)	('>5k', 0.0)	('>10k+', 0.0)
SRR5816768_2	(1.0, 12.77418177314534)	(2.0, 3.436520197378284)	(3.0, 2.2488609030643176)	(4.0, 1.8642730964533183)	(5.0, 1.4145009158404547)	(6.0, 1.173318732033557)	(7.0, 1.1452894512127552)	(8.0, 0.9647287352275913)	(9.0, 0.7450573948413086)	('>10', 9.33635788828702)	('>50', 1.6472091310271102)	('>100', 1.977693907216562)	('>500', 14.386191342211447)	('>1k', 46.885816532060936)	('>5k', 0.0)	('>10k+', 0.0)
SRR5816769_1	(1.0, 2.8934174092134035)	(2.0, 1.3617327678859787)	(3.0, 1.0684201888001186)	(4.0, 0.6628652509304997)	(5.0, 0.4923839324004511)	(6.0, 0.4404983137173928)	(7.0, 0.3508456120473465)	(8.0, 0.3656700745282203)	(9.0, 0.3383154116170841)	('>10', 9.002154841510613)	('>50', 4.420513526439605)	('>100', 5.106850842964822)	('>500', 2.193843965473121)	('>1k', 4.5256966173753295)	('>5k', 16.728523501185073)	('>10k+', 50.04826774391095)
SRR5816769_2	(1.0, 4.670235126563849)	(2.0, 1.0726557495089395)	(3.0, 0.823816557865701)	(4.0, 0.576742183184471)	(5.0, 0.4791478051853852)	(6.0, 0.4404983137173928)	(7.0, 0.37184693389525103)	(8.0, 0.3600226602497922)	(9.0, 0.3129020473641576)	('>10', 7.561534755422842)	('>50', 3.1110193406290865)	('>100', 2.642636918911955)	('>500', 2.606987616279378)	('>1k', 7.167980572894882)	('>5k', 16.894945740702504)	('>10k+', 50.90702767762442)
SRR5816770_1	(1.0, 3.992086589060756)	(2.0, 1.9095837984372508)	(3.0, 1.683343964280019)	(4.0, 1.1381757295487163)	(5.0, 0.8670865890607558)	(6.0, 0.8192473289746451)	(7.0, 0.7116089937808961)	(8.0, 0.6498166161696699)	(9.0, 0.6413450805294212)	('>10', 9.969004146069208)	('>50', 3.1095519055971934)	('>100', 5.248365491947058)	('>500', 1.7281932706107477)	('>1k', 34.893258650932864)	('>5k', 26.910580449689043)	('>10k+', 5.728751395311753)
SRR5816770_2	(1.0, 4.989734492106522)	(2.0, 1.6066018178918833)	(3.0, 1.3858435656195183)	(4.0, 1.0464838143836708)	(5.0, 0.8297121671184818)	(6.0, 0.7504783926008611)	(7.0, 0.7709097432626375)	(8.0, 0.6577898261840217)	(9.0, 0.6009807048317652)	('>10', 7.722053898899698)	('>50', 1.9469582203795248)	('>100', 1.827360070164248)	('>500', 0.0)	('>1k', 38.89082682187849)	('>5k', 31.773740232817733)	('>10k+', 5.200526231860947)
SRR5816771_1	(1.0, 3.120852384613039)	(2.0, 1.4646147722914016)	(3.0, 1.1237379613833436)	(4.0, 0.7061478192068997)	(5.0, 0.5913987985857785)	(6.0, 0.5151669317395792)	(7.0, 0.4662180488172826)	(8.0, 0.40057839925918676)	(9.0, 0.4102076877029172)	('>10', 9.288893097244578)	('>50', 3.973846852586828)	('>100', 5.1759030266458455)	('>500', 0.5586592178770949)	('>1k', 18.730410416322286)	('>5k', 16.634435298403623)	('>10k+', 36.83892928732032)
SRR5816771_2	(1.0, 4.201900500562511)	(2.0, 1.0300128871977006)	(3.0, 0.8700062108910462)	(4.0, 0.563634350239689)	(5.0, 0.44134238700431233)	(6.0, 0.384208608904845)	(7.0, 0.38196177493464123)	(8.0, 0.3543578147292806)	(9.0, 0.28743426004535394)	('>10', 7.990704526888985)	('>50', 3.0520029722403663)	('>100', 3.86551735759486)	('>500', 2.4137416365617663)	('>1k', 8.201585943806682)	('>5k', 4.422411205923938)	('>10k+', 61.53917756247402)
SRR5816772_1	(1.0, 4.010415205826531)	(2.0, 1.9671088921923354)	(3.0, 1.6548397049336663)	(4.0, 1.1724118587496144)	(5.0, 0.9045522115950971)	(6.0, 0.8302246655260427)	(7.0, 0.6937237633111752)	(8.0, 0.7255116446488842)	(9.0, 0.6100468403780888)	('>10', 9.716339905945269)	('>50', 3.4690862853990785)	('>100', 4.48583101936256)	('>500', 4.840172402509372)	('>1k', 27.02437382548453)	('>5k', 21.809291410727475)	('>10k+', 16.08607036341028)
SRR5816772_2	(1.0, 5.594667115436756)	(2.0, 1.4884207967538965)	(3.0, 1.2902140072364177)	(4.0, 0.8769715498462027)	(5.0, 0.724576706962481)	(6.0, 0.608644433848484)	(7.0, 0.4679363120448022)	(8.0, 0.4712085939472134)	(9.0, 0.4712085939472134)	('>10', 7.302330799652203)	('>50', 3.9818996063912344)	('>100', 2.1251133611944764)	('>500', 6.198169392010023)	('>1k', 13.751063491618284)	('>5k', 0.0)	('>10k+', 54.64757523911031)
SRR5816773_1	(1.0, 6.6542630483446565)	(2.0, 3.362722381494718)	(3.0, 2.566959902603778)	(4.0, 1.7633428896830696)	(5.0, 1.416270667242666)	(6.0, 1.1987982562934454)	(7.0, 0.9793622118367827)	(8.0, 0.9307622825275891)	(9.0, 0.7908533951223343)	('>10', 10.226603306758825)	('>50', 3.7014491615284926)	('>100', 11.433747005458901)	('>500', 2.242469465498959)	('>1k', 52.73239602560578)	('>5k', 0.0)	('>10k+', 0.0)
SRR5816773_2	(1.0, 6.881062718454229)	(2.0, 2.7598868947099713)	(3.0, 2.2915603031850136)	(4.0, 1.5787613399835057)	(5.0, 1.1045438479362213)	(6.0, 0.9484349840945686)	(7.0, 0.9106350390763068)	(8.0, 0.6362172564112635)	(9.0, 0.6406354318030083)	('>10', 7.983642932883006)	('>50', 4.082394061972273)	('>100', 10.287475945489534)	('>500', 1.3838707143698699)	('>1k', 58.51087852963123)	('>5k', 0.0)	('>10k+', 0.0)
SRR5816774_1	(1.0, 4.996107078247728)	(2.0, 2.5613135175982964)	(3.0, 2.131374659369347)	(4.0, 1.3739723831550987)	(5.0, 0.893082049050814)	(6.0, 0.8862121871350387)	(7.0, 0.8375506652316289)	(8.0, 0.7831642583984062)	(9.0, 0.7264878975932584)	('>10', 12.387506011129176)	('>50', 3.455540543635073)	('>100', 5.0333188302915115)	('>500', 4.2908012548947765)	('>1k', 42.94350683551261)	('>5k', 16.700061828757242)	('>10k+', 0.0)
SRR5816774_2	(1.0, 5.487874693718656)	(2.0, 1.854862717259383)	(3.0, 1.6693764455334448)	(4.0, 1.2045157892326364)	(5.0, 0.9474684558840367)	(6.0, 0.9720854610822323)	(7.0, 0.8335432457807598)	(8.0, 0.7511049027914539)	(9.0, 0.6698115367881106)	('>10', 9.75119650095033)	('>50', 1.7312052027754241)	('>100', 3.3473402184616092)	('>500', 3.412031418168495)	('>1k', 44.94664407245415)	('>5k', 22.420939339119283)	('>10k+', 0.0)
SRR5816775_1	(1.0, 4.898972723597842)	(2.0, 2.3394439489505867)	(3.0, 2.094334901090158)	(4.0, 1.4193225493907564)	(5.0, 1.1325064645907257)	(6.0, 0.9701698438873524)	(7.0, 0.8084748699061272)	(8.0, 0.8418404994578086)	(9.0, 0.7218525624161849)	('>10', 11.402062252564983)	('>50', 3.1575435196889297)	('>100', 3.827422697611149)	('>500', 6.381176651759074)	('>1k', 52.97242844034932)	('>5k', 7.03244807473901)	('>10k+', 0.0)
SRR5816775_2	(1.0, 5.330800967603257)	(2.0, 1.8402427991196606)	(3.0, 1.8229183376216724)	(4.0, 1.452688178942438)	(5.0, 1.1100488293155555)	(6.0, 0.9663199635544661)	(7.0, 0.8623731945665356)	(8.0, 0.7032448074739011)	(9.0, 0.6236806139275838)	('>10', 8.381831131415666)	('>50', 1.7715865998498546)	('>100', 1.4533298256645855)	('>500', 7.531007577847788)	('>1k', 59.531982880865456)	('>5k', 6.6179442922315825)	('>10k+', 0.0)
SRR5816776_1	(1.0, 6.272439500774535)	(2.0, 3.184142493744139)	(3.0, 2.4774763106222704)	(4.0, 1.498298095006191)	(5.0, 1.1838212818427203)	(6.0, 0.9605272019852968)	(7.0, 0.903019909957051)	(8.0, 0.8620912967117226)	(9.0, 0.6574482304850817)	('>10', 12.036638880110248)	('>50', 3.7550707443308693)	('>100', 9.247276174884338)	('>500', 2.877436936260161)	('>1k', 47.99372082541097)	('>5k', 6.090592117874406)	('>10k+', 0.0)
SRR5816776_2	(1.0, 7.1127712815836786)	(2.0, 2.6370460939078537)	(3.0, 2.276977914091359)	(4.0, 1.5811914889207797)	(5.0, 1.2744859314368016)	(6.0, 1.1159523155751507)	(7.0, 0.903019909957051)	(8.0, 0.7377512058398396)	(9.0, 0.7320522850082116)	('>10', 9.285096285857868)	('>50', 2.920437884353354)	('>100', 8.037550707443309)	('>500', 0.0)	('>1k', 61.38566669602474)	('>5k', 0.0)	('>10k+', 0.0)
SRR5816777_1	(1.0, 4.4376803215036755)	(2.0, 2.4328169548976595)	(3.0, 2.2463312190725593)	(4.0, 1.6256568095634873)	(5.0, 1.2753583757035727)	(6.0, 1.2107402180012583)	(7.0, 0.987977621711701)	(8.0, 0.9568021947500581)	(9.0, 0.7856207594334008)	('>10', 8.682072995845166)	('>50', 1.3150361918365727)	('>100', 2.7479721801826313)	('>500', 7.353432981334422)	('>1k', 63.94250117616384)	('>5k', 0.0)	('>10k+', 0.0)
SRR5816777_2	(1.0, 5.583802381802619)	(2.0, 2.014499407666888)	(3.0, 1.9810566769262163)	(4.0, 1.482816671484687)	(5.0, 1.122315370619144)	(6.0, 0.9862771438774296)	(7.0, 0.8530730468595008)	(8.0, 0.675656526150515)	(9.0, 0.5101433502814291)	('>10', 5.658056580565805)	('>50', 1.9691533320863164)	('>100', 4.824822441772804)	('>500', 8.051195719330465)	('>1k', 64.28713135057617)	('>5k', 0.0)	('>10k+', 0.0)
SRR5816778_1	(1.0, 4.009191188678368)	(2.0, 1.9192583295147398)	(3.0, 1.6356862510708665)	(4.0, 1.08116005551903)	(5.0, 0.9762317454625146)	(6.0, 0.761062299523838)	(7.0, 0.7856341189674524)	(8.0, 0.75442126724178)	(9.0, 0.872631641862411)	('>10', 9.604260886312169)	('>50', 2.4286255055485824)	('>100', 4.552427629350706)	('>500', 0.0)	('>1k', 66.78886166065652)	('>5k', 3.8305474202910097)	('>10k+', 0.0)
SRR5816778_2	(1.0, 4.890456172507455)	(2.0, 1.5274374248733225)	(3.0, 1.5041938118861196)	(4.0, 1.1210062492113775)	(5.0, 1.0127574230138332)	(6.0, 0.8447393062777678)	(7.0, 0.7670392285776901)	(8.0, 0.5897236666467436)	(9.0, 0.6335544797083259)	('>10', 6.424534629662834)	('>50', 0.31876954953878034)	('>100', 1.9896532717045539)	('>500', 0.0)	('>1k', 74.82583892840303)	('>5k', 3.5502958579881656)	('>10k+', 0.0)
