Sample	0	1	2	3	4	5	6	7	8	9	10	11	12	13	14	15	16	17	18	19	20	21	22	23	24
SRR37700586_1	(20.0, 6.0)	(21.0, 9.0)	(22.0, 35.0)	(23.0, 137.0)	(24.0, 243.0)	(25.0, 312.0)	(26.0, 325.0)	(27.0, 453.0)	(28.0, 481.0)	(29.0, 592.0)	(30.0, 753.0)	(31.0, 1032.0)	(32.0, 1340.0)	(33.0, 1759.0)	(34.0, 2430.0)	(35.0, 3811.0)	(36.0, 7070.0)	(37.0, 24115.0)	(38.0, 1441.0)						
SRR37700586_2	(18.0, 6.0)	(19.0, 23.0)	(20.0, 19.0)	(21.0, 32.0)	(22.0, 41.0)	(23.0, 69.0)	(24.0, 78.0)	(25.0, 126.0)	(26.0, 225.0)	(27.0, 355.0)	(28.0, 643.0)	(29.0, 1021.0)	(30.0, 1219.0)	(31.0, 1546.0)	(32.0, 1994.0)	(33.0, 2669.0)	(34.0, 3629.0)	(35.0, 5520.0)	(36.0, 9577.0)	(37.0, 16895.0)	(38.0, 657.0)				
SRR37700587_1	(17.0, 1.0)	(18.0, 0.0)	(19.0, 0.0)	(20.0, 7.0)	(21.0, 20.0)	(22.0, 50.0)	(23.0, 219.0)	(24.0, 386.0)	(25.0, 450.0)	(26.0, 511.0)	(27.0, 590.0)	(28.0, 656.0)	(29.0, 796.0)	(30.0, 1008.0)	(31.0, 1291.0)	(32.0, 1773.0)	(33.0, 2396.0)	(34.0, 3341.0)	(35.0, 5016.0)	(36.0, 9238.0)	(37.0, 31201.0)	(38.0, 2454.0)			
SRR37700587_2	(17.0, 4.0)	(18.0, 18.0)	(19.0, 29.0)	(20.0, 32.0)	(21.0, 55.0)	(22.0, 71.0)	(23.0, 106.0)	(24.0, 143.0)	(25.0, 243.0)	(26.0, 439.0)	(27.0, 639.0)	(28.0, 955.0)	(29.0, 1351.0)	(30.0, 1798.0)	(31.0, 2149.0)	(32.0, 2835.0)	(33.0, 3587.0)	(34.0, 4960.0)	(35.0, 7232.0)	(36.0, 12458.0)	(37.0, 21273.0)	(38.0, 1027.0)			
SRR37700588_1	(16.0, 1.0)	(17.0, 0.0)	(18.0, 0.0)	(19.0, 2.0)	(20.0, 3.0)	(21.0, 9.0)	(22.0, 39.0)	(23.0, 107.0)	(24.0, 207.0)	(25.0, 288.0)	(26.0, 289.0)	(27.0, 341.0)	(28.0, 395.0)	(29.0, 485.0)	(30.0, 613.0)	(31.0, 838.0)	(32.0, 1046.0)	(33.0, 1423.0)	(34.0, 2126.0)	(35.0, 3097.0)	(36.0, 5562.0)	(37.0, 19243.0)	(38.0, 2264.0)		
SRR37700588_2	(17.0, 2.0)	(18.0, 4.0)	(19.0, 9.0)	(20.0, 12.0)	(21.0, 14.0)	(22.0, 40.0)	(23.0, 52.0)	(24.0, 54.0)	(25.0, 96.0)	(26.0, 169.0)	(27.0, 319.0)	(28.0, 531.0)	(29.0, 752.0)	(30.0, 977.0)	(31.0, 1198.0)	(32.0, 1628.0)	(33.0, 2120.0)	(34.0, 2927.0)	(35.0, 4364.0)	(36.0, 7921.0)	(37.0, 14362.0)	(38.0, 827.0)			
SRR37700589_1	(19.0, 1.0)	(20.0, 5.0)	(21.0, 13.0)	(22.0, 60.0)	(23.0, 236.0)	(24.0, 390.0)	(25.0, 460.0)	(26.0, 546.0)	(27.0, 609.0)	(28.0, 704.0)	(29.0, 807.0)	(30.0, 998.0)	(31.0, 1303.0)	(32.0, 1783.0)	(33.0, 2440.0)	(34.0, 3378.0)	(35.0, 5164.0)	(36.0, 9725.0)	(37.0, 32679.0)	(38.0, 3191.0)					
SRR37700589_2	(16.0, 1.0)	(17.0, 5.0)	(18.0, 8.0)	(19.0, 20.0)	(20.0, 24.0)	(21.0, 34.0)	(22.0, 70.0)	(23.0, 84.0)	(24.0, 116.0)	(25.0, 187.0)	(26.0, 323.0)	(27.0, 559.0)	(28.0, 929.0)	(29.0, 1301.0)	(30.0, 1686.0)	(31.0, 2089.0)	(32.0, 2751.0)	(33.0, 3640.0)	(34.0, 4858.0)	(35.0, 7535.0)	(36.0, 13333.0)	(37.0, 23819.0)	(38.0, 1120.0)		
SRR37700590_1	(20.0, 4.0)	(21.0, 15.0)	(22.0, 28.0)	(23.0, 111.0)	(24.0, 185.0)	(25.0, 248.0)	(26.0, 305.0)	(27.0, 395.0)	(28.0, 447.0)	(29.0, 515.0)	(30.0, 676.0)	(31.0, 965.0)	(32.0, 1309.0)	(33.0, 1728.0)	(34.0, 2513.0)	(35.0, 3744.0)	(36.0, 6860.0)	(37.0, 22417.0)	(38.0, 1205.0)						
SRR37700590_2	(16.0, 1.0)	(17.0, 1.0)	(18.0, 4.0)	(19.0, 11.0)	(20.0, 26.0)	(21.0, 21.0)	(22.0, 33.0)	(23.0, 52.0)	(24.0, 65.0)	(25.0, 102.0)	(26.0, 194.0)	(27.0, 343.0)	(28.0, 500.0)	(29.0, 779.0)	(30.0, 1063.0)	(31.0, 1301.0)	(32.0, 1697.0)	(33.0, 2419.0)	(34.0, 3339.0)	(35.0, 5051.0)	(36.0, 9011.0)	(37.0, 16868.0)	(38.0, 789.0)		
SRR37700591_1	(20.0, 2.0)	(21.0, 7.0)	(22.0, 32.0)	(23.0, 112.0)	(24.0, 236.0)	(25.0, 252.0)	(26.0, 355.0)	(27.0, 448.0)	(28.0, 512.0)	(29.0, 590.0)	(30.0, 794.0)	(31.0, 1060.0)	(32.0, 1442.0)	(33.0, 1973.0)	(34.0, 2850.0)	(35.0, 4059.0)	(36.0, 7130.0)	(37.0, 22805.0)	(38.0, 2130.0)						
SRR37700591_2	(17.0, 1.0)	(18.0, 9.0)	(19.0, 13.0)	(20.0, 17.0)	(21.0, 32.0)	(22.0, 36.0)	(23.0, 47.0)	(24.0, 73.0)	(25.0, 122.0)	(26.0, 222.0)	(27.0, 318.0)	(28.0, 538.0)	(29.0, 794.0)	(30.0, 1088.0)	(31.0, 1316.0)	(32.0, 1855.0)	(33.0, 2408.0)	(34.0, 3360.0)	(35.0, 5073.0)	(36.0, 8763.0)	(37.0, 18923.0)	(38.0, 1781.0)			
SRR37700592_1	(20.0, 5.0)	(21.0, 20.0)	(22.0, 52.0)	(23.0, 212.0)	(24.0, 386.0)	(25.0, 459.0)	(26.0, 555.0)	(27.0, 778.0)	(28.0, 877.0)	(29.0, 913.0)	(30.0, 1190.0)	(31.0, 1648.0)	(32.0, 2196.0)	(33.0, 3069.0)	(34.0, 4189.0)	(35.0, 6466.0)	(36.0, 11465.0)	(37.0, 37144.0)	(38.0, 2660.0)						
SRR37700592_2	(17.0, 4.0)	(18.0, 10.0)	(19.0, 10.0)	(20.0, 34.0)	(21.0, 46.0)	(22.0, 65.0)	(23.0, 62.0)	(24.0, 131.0)	(25.0, 173.0)	(26.0, 304.0)	(27.0, 576.0)	(28.0, 833.0)	(29.0, 1334.0)	(30.0, 1710.0)	(31.0, 2246.0)	(32.0, 3011.0)	(33.0, 4017.0)	(34.0, 5671.0)	(35.0, 8722.0)	(36.0, 14906.0)	(37.0, 28824.0)	(38.0, 1595.0)			
SRR37700593_1	(20.0, 4.0)	(21.0, 16.0)	(22.0, 41.0)	(23.0, 168.0)	(24.0, 295.0)	(25.0, 382.0)	(26.0, 490.0)	(27.0, 543.0)	(28.0, 630.0)	(29.0, 702.0)	(30.0, 898.0)	(31.0, 1170.0)	(32.0, 1528.0)	(33.0, 2172.0)	(34.0, 2981.0)	(35.0, 4353.0)	(36.0, 7805.0)	(37.0, 26987.0)	(38.0, 2061.0)						
SRR37700593_2	(17.0, 2.0)	(18.0, 4.0)	(19.0, 8.0)	(20.0, 23.0)	(21.0, 25.0)	(22.0, 48.0)	(23.0, 67.0)	(24.0, 86.0)	(25.0, 120.0)	(26.0, 228.0)	(27.0, 407.0)	(28.0, 643.0)	(29.0, 1017.0)	(30.0, 1219.0)	(31.0, 1532.0)	(32.0, 2145.0)	(33.0, 2865.0)	(34.0, 3915.0)	(35.0, 5785.0)	(36.0, 10602.0)	(37.0, 21244.0)	(38.0, 1241.0)			
SRR37700594_1	(14.0, 1.0)	(15.0, 0.0)	(16.0, 0.0)	(17.0, 0.0)	(18.0, 1.0)	(19.0, 0.0)	(20.0, 2.0)	(21.0, 8.0)	(22.0, 40.0)	(23.0, 158.0)	(24.0, 291.0)	(25.0, 375.0)	(26.0, 459.0)	(27.0, 456.0)	(28.0, 578.0)	(29.0, 638.0)	(30.0, 856.0)	(31.0, 1126.0)	(32.0, 1441.0)	(33.0, 2063.0)	(34.0, 2811.0)	(35.0, 4160.0)	(36.0, 7200.0)	(37.0, 24160.0)	(38.0, 2978.0)
SRR37700594_2	(16.0, 2.0)	(17.0, 0.0)	(18.0, 3.0)	(19.0, 14.0)	(20.0, 20.0)	(21.0, 22.0)	(22.0, 47.0)	(23.0, 55.0)	(24.0, 77.0)	(25.0, 110.0)	(26.0, 177.0)	(27.0, 334.0)	(28.0, 559.0)	(29.0, 822.0)	(30.0, 1118.0)	(31.0, 1454.0)	(32.0, 1872.0)	(33.0, 2720.0)	(34.0, 3790.0)	(35.0, 5543.0)	(36.0, 9865.0)	(37.0, 19920.0)	(38.0, 1278.0)		
SRR37700595_1	(20.0, 6.0)	(21.0, 7.0)	(22.0, 37.0)	(23.0, 152.0)	(24.0, 280.0)	(25.0, 401.0)	(26.0, 444.0)	(27.0, 507.0)	(28.0, 639.0)	(29.0, 741.0)	(30.0, 977.0)	(31.0, 1217.0)	(32.0, 1662.0)	(33.0, 2221.0)	(34.0, 3074.0)	(35.0, 4603.0)	(36.0, 8412.0)	(37.0, 26977.0)	(38.0, 2678.0)						
SRR37700595_2	(18.0, 3.0)	(19.0, 15.0)	(20.0, 23.0)	(21.0, 28.0)	(22.0, 58.0)	(23.0, 74.0)	(24.0, 102.0)	(25.0, 127.0)	(26.0, 208.0)	(27.0, 390.0)	(28.0, 657.0)	(29.0, 941.0)	(30.0, 1245.0)	(31.0, 1621.0)	(32.0, 2187.0)	(33.0, 3006.0)	(34.0, 4199.0)	(35.0, 6348.0)	(36.0, 11133.0)	(37.0, 21306.0)	(38.0, 1364.0)				
SRR37700597_1	(20.0, 3.0)	(21.0, 14.0)	(22.0, 56.0)	(23.0, 185.0)	(24.0, 364.0)	(25.0, 468.0)	(26.0, 546.0)	(27.0, 661.0)	(28.0, 754.0)	(29.0, 787.0)	(30.0, 1010.0)	(31.0, 1327.0)	(32.0, 1825.0)	(33.0, 2324.0)	(34.0, 3354.0)	(35.0, 5019.0)	(36.0, 8865.0)	(37.0, 28651.0)	(38.0, 2381.0)						
SRR37700597_2	(17.0, 1.0)	(18.0, 9.0)	(19.0, 11.0)	(20.0, 20.0)	(21.0, 33.0)	(22.0, 29.0)	(23.0, 59.0)	(24.0, 85.0)	(25.0, 144.0)	(26.0, 220.0)	(27.0, 393.0)	(28.0, 728.0)	(29.0, 1042.0)	(30.0, 1266.0)	(31.0, 1718.0)	(32.0, 2303.0)	(33.0, 3060.0)	(34.0, 4300.0)	(35.0, 6504.0)	(36.0, 11578.0)	(37.0, 23728.0)	(38.0, 1363.0)			
SRR37700598_1	(20.0, 4.0)	(21.0, 11.0)	(22.0, 29.0)	(23.0, 115.0)	(24.0, 246.0)	(25.0, 319.0)	(26.0, 400.0)	(27.0, 443.0)	(28.0, 535.0)	(29.0, 581.0)	(30.0, 707.0)	(31.0, 922.0)	(32.0, 1277.0)	(33.0, 1716.0)	(34.0, 2425.0)	(35.0, 3488.0)	(36.0, 6328.0)	(37.0, 19944.0)	(38.0, 1402.0)						
SRR37700598_2	(17.0, 1.0)	(18.0, 3.0)	(19.0, 9.0)	(20.0, 21.0)	(21.0, 28.0)	(22.0, 25.0)	(23.0, 41.0)	(24.0, 51.0)	(25.0, 102.0)	(26.0, 156.0)	(27.0, 312.0)	(28.0, 521.0)	(29.0, 741.0)	(30.0, 1012.0)	(31.0, 1230.0)	(32.0, 1661.0)	(33.0, 2166.0)	(34.0, 3028.0)	(35.0, 4628.0)	(36.0, 8243.0)	(37.0, 15992.0)	(38.0, 921.0)			
SRR37700599_1	(18.0, 1.0)	(19.0, 0.0)	(20.0, 4.0)	(21.0, 10.0)	(22.0, 38.0)	(23.0, 147.0)	(24.0, 243.0)	(25.0, 306.0)	(26.0, 351.0)	(27.0, 469.0)	(28.0, 520.0)	(29.0, 619.0)	(30.0, 758.0)	(31.0, 1046.0)	(32.0, 1360.0)	(33.0, 1891.0)	(34.0, 2537.0)	(35.0, 3945.0)	(36.0, 7526.0)	(37.0, 25985.0)	(38.0, 2539.0)				
SRR37700599_2	(16.0, 1.0)	(17.0, 3.0)	(18.0, 3.0)	(19.0, 6.0)	(20.0, 22.0)	(21.0, 28.0)	(22.0, 36.0)	(23.0, 50.0)	(24.0, 70.0)	(25.0, 113.0)	(26.0, 198.0)	(27.0, 354.0)	(28.0, 581.0)	(29.0, 881.0)	(30.0, 1143.0)	(31.0, 1439.0)	(32.0, 1932.0)	(33.0, 2550.0)	(34.0, 3543.0)	(35.0, 5712.0)	(36.0, 9688.0)	(37.0, 20618.0)	(38.0, 1324.0)		
SRR37700600_1	(20.0, 3.0)	(21.0, 6.0)	(22.0, 31.0)	(23.0, 88.0)	(24.0, 171.0)	(25.0, 202.0)	(26.0, 225.0)	(27.0, 293.0)	(28.0, 319.0)	(29.0, 390.0)	(30.0, 535.0)	(31.0, 690.0)	(32.0, 984.0)	(33.0, 1283.0)	(34.0, 1873.0)	(35.0, 2877.0)	(36.0, 5205.0)	(37.0, 17060.0)	(38.0, 2149.0)						
SRR37700600_2	(17.0, 1.0)	(18.0, 6.0)	(19.0, 11.0)	(20.0, 17.0)	(21.0, 30.0)	(22.0, 32.0)	(23.0, 28.0)	(24.0, 52.0)	(25.0, 82.0)	(26.0, 117.0)	(27.0, 221.0)	(28.0, 340.0)	(29.0, 479.0)	(30.0, 679.0)	(31.0, 866.0)	(32.0, 1103.0)	(33.0, 1583.0)	(34.0, 2362.0)	(35.0, 3612.0)	(36.0, 6301.0)	(37.0, 15009.0)	(38.0, 1453.0)			
SRR37700601_1	(18.0, 1.0)	(19.0, 1.0)	(20.0, 5.0)	(21.0, 13.0)	(22.0, 19.0)	(23.0, 65.0)	(24.0, 138.0)	(25.0, 192.0)	(26.0, 204.0)	(27.0, 232.0)	(28.0, 298.0)	(29.0, 327.0)	(30.0, 435.0)	(31.0, 583.0)	(32.0, 853.0)	(33.0, 1130.0)	(34.0, 1576.0)	(35.0, 2239.0)	(36.0, 4006.0)	(37.0, 12156.0)	(38.0, 1330.0)				
SRR37700601_2	(18.0, 3.0)	(19.0, 8.0)	(20.0, 13.0)	(21.0, 17.0)	(22.0, 25.0)	(23.0, 25.0)	(24.0, 37.0)	(25.0, 70.0)	(26.0, 139.0)	(27.0, 209.0)	(28.0, 319.0)	(29.0, 493.0)	(30.0, 607.0)	(31.0, 818.0)	(32.0, 1000.0)	(33.0, 1499.0)	(34.0, 1945.0)	(35.0, 2938.0)	(36.0, 4883.0)	(37.0, 10010.0)	(38.0, 745.0)				
SRR37700602_1	(20.0, 1.0)	(21.0, 6.0)	(22.0, 31.0)	(23.0, 111.0)	(24.0, 190.0)	(25.0, 188.0)	(26.0, 255.0)	(27.0, 279.0)	(28.0, 341.0)	(29.0, 376.0)	(30.0, 433.0)	(31.0, 597.0)	(32.0, 780.0)	(33.0, 1109.0)	(34.0, 1451.0)	(35.0, 2094.0)	(36.0, 3985.0)	(37.0, 12660.0)	(38.0, 974.0)						
SRR37700602_2	(17.0, 3.0)	(18.0, 4.0)	(19.0, 4.0)	(20.0, 14.0)	(21.0, 18.0)	(22.0, 21.0)	(23.0, 23.0)	(24.0, 41.0)	(25.0, 59.0)	(26.0, 109.0)	(27.0, 207.0)	(28.0, 396.0)	(29.0, 519.0)	(30.0, 703.0)	(31.0, 899.0)	(32.0, 1073.0)	(33.0, 1495.0)	(34.0, 1927.0)	(35.0, 2877.0)	(36.0, 5203.0)	(37.0, 9801.0)	(38.0, 465.0)			
SRR37700603_1	(18.0, 1.0)	(19.0, 0.0)	(20.0, 2.0)	(21.0, 16.0)	(22.0, 46.0)	(23.0, 98.0)	(24.0, 184.0)	(25.0, 230.0)	(26.0, 304.0)	(27.0, 424.0)	(28.0, 428.0)	(29.0, 529.0)	(30.0, 654.0)	(31.0, 838.0)	(32.0, 1129.0)	(33.0, 1453.0)	(34.0, 2024.0)	(35.0, 3086.0)	(36.0, 5366.0)	(37.0, 18542.0)	(38.0, 1552.0)				
SRR37700603_2	(16.0, 1.0)	(17.0, 0.0)	(18.0, 3.0)	(19.0, 7.0)	(20.0, 18.0)	(21.0, 18.0)	(22.0, 31.0)	(23.0, 35.0)	(24.0, 53.0)	(25.0, 89.0)	(26.0, 146.0)	(27.0, 260.0)	(28.0, 390.0)	(29.0, 639.0)	(30.0, 832.0)	(31.0, 1079.0)	(32.0, 1450.0)	(33.0, 1994.0)	(34.0, 2764.0)	(35.0, 4148.0)	(36.0, 7256.0)	(37.0, 14849.0)	(38.0, 844.0)		
SRR37700604_1	(21.0, 21.0)	(22.0, 18.0)	(23.0, 114.0)	(24.0, 186.0)	(25.0, 207.0)	(26.0, 299.0)	(27.0, 304.0)	(28.0, 348.0)	(29.0, 383.0)	(30.0, 511.0)	(31.0, 609.0)	(32.0, 888.0)	(33.0, 1177.0)	(34.0, 1724.0)	(35.0, 2439.0)	(36.0, 4577.0)	(37.0, 15197.0)	(38.0, 921.0)							
SRR37700604_2	(17.0, 1.0)	(18.0, 0.0)	(19.0, 4.0)	(20.0, 11.0)	(21.0, 25.0)	(22.0, 38.0)	(23.0, 39.0)	(24.0, 48.0)	(25.0, 97.0)	(26.0, 150.0)	(27.0, 265.0)	(28.0, 387.0)	(29.0, 656.0)	(30.0, 745.0)	(31.0, 936.0)	(32.0, 1379.0)	(33.0, 1807.0)	(34.0, 2389.0)	(35.0, 3523.0)	(36.0, 6169.0)	(37.0, 10730.0)	(38.0, 524.0)			
SRR37700605_1	(19.0, 1.0)	(20.0, 8.0)	(21.0, 9.0)	(22.0, 21.0)	(23.0, 96.0)	(24.0, 175.0)	(25.0, 209.0)	(26.0, 234.0)	(27.0, 265.0)	(28.0, 330.0)	(29.0, 382.0)	(30.0, 460.0)	(31.0, 594.0)	(32.0, 852.0)	(33.0, 1155.0)	(34.0, 1581.0)	(35.0, 2432.0)	(36.0, 4283.0)	(37.0, 14393.0)	(38.0, 1168.0)					
SRR37700605_2	(19.0, 6.0)	(20.0, 10.0)	(21.0, 19.0)	(22.0, 32.0)	(23.0, 34.0)	(24.0, 28.0)	(25.0, 74.0)	(26.0, 101.0)	(27.0, 179.0)	(28.0, 330.0)	(29.0, 468.0)	(30.0, 662.0)	(31.0, 852.0)	(32.0, 1166.0)	(33.0, 1535.0)	(34.0, 2188.0)	(35.0, 3200.0)	(36.0, 5787.0)	(37.0, 11421.0)	(38.0, 556.0)					
SRR37700606_1	(20.0, 12.0)	(21.0, 21.0)	(22.0, 51.0)	(23.0, 194.0)	(24.0, 324.0)	(25.0, 379.0)	(26.0, 492.0)	(27.0, 538.0)	(28.0, 594.0)	(29.0, 684.0)	(30.0, 870.0)	(31.0, 1056.0)	(32.0, 1496.0)	(33.0, 1939.0)	(34.0, 2806.0)	(35.0, 4232.0)	(36.0, 7592.0)	(37.0, 25006.0)	(38.0, 1693.0)						
SRR37700606_2	(16.0, 1.0)	(17.0, 4.0)	(18.0, 6.0)	(19.0, 14.0)	(20.0, 21.0)	(21.0, 30.0)	(22.0, 57.0)	(23.0, 71.0)	(24.0, 103.0)	(25.0, 187.0)	(26.0, 309.0)	(27.0, 516.0)	(28.0, 706.0)	(29.0, 1056.0)	(30.0, 1397.0)	(31.0, 1723.0)	(32.0, 2295.0)	(33.0, 2944.0)	(34.0, 4044.0)	(35.0, 5851.0)	(36.0, 10328.0)	(37.0, 17573.0)	(38.0, 743.0)		
SRR37700607_1	(17.0, 2.0)	(18.0, 4.0)	(19.0, 2.0)	(20.0, 8.0)	(21.0, 39.0)	(22.0, 34.0)	(23.0, 84.0)	(24.0, 95.0)	(25.0, 150.0)	(26.0, 138.0)	(27.0, 161.0)	(28.0, 202.0)	(29.0, 248.0)	(30.0, 274.0)	(31.0, 327.0)	(32.0, 461.0)	(33.0, 573.0)	(34.0, 799.0)	(35.0, 1106.0)	(36.0, 2074.0)	(37.0, 6657.0)	(38.0, 728.0)			
SRR37700607_2	(19.0, 2.0)	(20.0, 9.0)	(21.0, 40.0)	(22.0, 98.0)	(23.0, 117.0)	(24.0, 116.0)	(25.0, 119.0)	(26.0, 130.0)	(27.0, 181.0)	(28.0, 227.0)	(29.0, 288.0)	(30.0, 391.0)	(31.0, 512.0)	(32.0, 715.0)	(33.0, 861.0)	(34.0, 1109.0)	(35.0, 1532.0)	(36.0, 2678.0)	(37.0, 4690.0)	(38.0, 351.0)					
SRR37700608_1	(24.0, 1.0)	(25.0, 0.0)	(26.0, 1.0)	(27.0, 1.0)	(28.0, 2.0)	(29.0, 3.0)	(30.0, 2.0)	(31.0, 0.0)	(32.0, 3.0)	(33.0, 3.0)	(34.0, 5.0)	(35.0, 2.0)	(36.0, 1.0)	(37.0, 17.0)	(38.0, 1.0)										
SRR37700608_2	(19.0, 1.0)	(20.0, 0.0)	(21.0, 0.0)	(22.0, 1.0)	(23.0, 1.0)	(24.0, 1.0)	(25.0, 0.0)	(26.0, 1.0)	(27.0, 4.0)	(28.0, 3.0)	(29.0, 5.0)	(30.0, 3.0)	(31.0, 4.0)	(32.0, 4.0)	(33.0, 2.0)	(34.0, 1.0)	(35.0, 3.0)	(36.0, 2.0)	(37.0, 5.0)	(38.0, 1.0)					
SRR37700609_1	(20.0, 1.0)	(21.0, 3.0)	(22.0, 22.0)	(23.0, 30.0)	(24.0, 35.0)	(25.0, 48.0)	(26.0, 61.0)	(27.0, 62.0)	(28.0, 80.0)	(29.0, 105.0)	(30.0, 147.0)	(31.0, 168.0)	(32.0, 287.0)	(33.0, 385.0)	(34.0, 614.0)	(35.0, 883.0)	(36.0, 1488.0)	(37.0, 4975.0)	(38.0, 684.0)						
SRR37700609_2	(17.0, 1.0)	(18.0, 3.0)	(19.0, 6.0)	(20.0, 16.0)	(21.0, 14.0)	(22.0, 29.0)	(23.0, 31.0)	(24.0, 20.0)	(25.0, 28.0)	(26.0, 58.0)	(27.0, 104.0)	(28.0, 172.0)	(29.0, 251.0)	(30.0, 297.0)	(31.0, 424.0)	(32.0, 543.0)	(33.0, 709.0)	(34.0, 846.0)	(35.0, 1206.0)	(36.0, 1914.0)	(37.0, 3220.0)	(38.0, 186.0)			
SRR37700610_1	(20.0, 2.0)	(21.0, 8.0)	(22.0, 18.0)	(23.0, 32.0)	(24.0, 78.0)	(25.0, 77.0)	(26.0, 132.0)	(27.0, 136.0)	(28.0, 137.0)	(29.0, 166.0)	(30.0, 242.0)	(31.0, 347.0)	(32.0, 517.0)	(33.0, 717.0)	(34.0, 1040.0)	(35.0, 1507.0)	(36.0, 2683.0)	(37.0, 8982.0)	(38.0, 513.0)						
SRR37700610_2	(18.0, 1.0)	(19.0, 6.0)	(20.0, 9.0)	(21.0, 23.0)	(22.0, 31.0)	(23.0, 45.0)	(24.0, 45.0)	(25.0, 81.0)	(26.0, 160.0)	(27.0, 250.0)	(28.0, 346.0)	(29.0, 508.0)	(30.0, 638.0)	(31.0, 769.0)	(32.0, 1014.0)	(33.0, 1204.0)	(34.0, 1544.0)	(35.0, 2133.0)	(36.0, 3526.0)	(37.0, 4857.0)	(38.0, 144.0)				
SRR37700611_1	(21.0, 8.0)	(22.0, 30.0)	(23.0, 86.0)	(24.0, 169.0)	(25.0, 214.0)	(26.0, 278.0)	(27.0, 318.0)	(28.0, 358.0)	(29.0, 445.0)	(30.0, 560.0)	(31.0, 727.0)	(32.0, 1011.0)	(33.0, 1364.0)	(34.0, 1915.0)	(35.0, 2940.0)	(36.0, 5253.0)	(37.0, 17608.0)	(38.0, 2471.0)							
SRR37700611_2	(16.0, 4.0)	(17.0, 1.0)	(18.0, 1.0)	(19.0, 7.0)	(20.0, 15.0)	(21.0, 23.0)	(22.0, 43.0)	(23.0, 53.0)	(24.0, 82.0)	(25.0, 117.0)	(26.0, 231.0)	(27.0, 408.0)	(28.0, 666.0)	(29.0, 929.0)	(30.0, 1137.0)	(31.0, 1386.0)	(32.0, 1908.0)	(33.0, 2500.0)	(34.0, 3287.0)	(35.0, 4603.0)	(36.0, 7173.0)	(37.0, 10780.0)	(38.0, 401.0)		
SRR37700612_1	(20.0, 4.0)	(21.0, 18.0)	(22.0, 38.0)	(23.0, 169.0)	(24.0, 323.0)	(25.0, 435.0)	(26.0, 471.0)	(27.0, 566.0)	(28.0, 677.0)	(29.0, 834.0)	(30.0, 1008.0)	(31.0, 1380.0)	(32.0, 1773.0)	(33.0, 2585.0)	(34.0, 3689.0)	(35.0, 5586.0)	(36.0, 9703.0)	(37.0, 32075.0)	(38.0, 3294.0)						
SRR37700612_2	(15.0, 1.0)	(16.0, 2.0)	(17.0, 1.0)	(18.0, 13.0)	(19.0, 11.0)	(20.0, 32.0)	(21.0, 27.0)	(22.0, 43.0)	(23.0, 79.0)	(24.0, 87.0)	(25.0, 134.0)	(26.0, 229.0)	(27.0, 430.0)	(28.0, 689.0)	(29.0, 960.0)	(30.0, 1429.0)	(31.0, 1813.0)	(32.0, 2372.0)	(33.0, 3457.0)	(34.0, 4576.0)	(35.0, 7121.0)	(36.0, 12803.0)	(37.0, 26391.0)	(38.0, 1928.0)	
SRR37700613_1	(19.0, 1.0)	(20.0, 2.0)	(21.0, 17.0)	(22.0, 55.0)	(23.0, 185.0)	(24.0, 353.0)	(25.0, 468.0)	(26.0, 540.0)	(27.0, 648.0)	(28.0, 747.0)	(29.0, 909.0)	(30.0, 1163.0)	(31.0, 1493.0)	(32.0, 2068.0)	(33.0, 2846.0)	(34.0, 3935.0)	(35.0, 5747.0)	(36.0, 10502.0)	(37.0, 34321.0)	(38.0, 5203.0)					
SRR37700613_2	(17.0, 2.0)	(18.0, 9.0)	(19.0, 30.0)	(20.0, 50.0)	(21.0, 59.0)	(22.0, 73.0)	(23.0, 97.0)	(24.0, 126.0)	(25.0, 196.0)	(26.0, 309.0)	(27.0, 515.0)	(28.0, 756.0)	(29.0, 1136.0)	(30.0, 1552.0)	(31.0, 2055.0)	(32.0, 2735.0)	(33.0, 3830.0)	(34.0, 5448.0)	(35.0, 8455.0)	(36.0, 14433.0)	(37.0, 27364.0)	(38.0, 1973.0)			
SRR37700614_1	(19.0, 1.0)	(20.0, 3.0)	(21.0, 11.0)	(22.0, 46.0)	(23.0, 177.0)	(24.0, 356.0)	(25.0, 438.0)	(26.0, 526.0)	(27.0, 652.0)	(28.0, 746.0)	(29.0, 788.0)	(30.0, 1042.0)	(31.0, 1198.0)	(32.0, 1707.0)	(33.0, 2291.0)	(34.0, 3302.0)	(35.0, 4566.0)	(36.0, 7945.0)	(37.0, 24031.0)	(38.0, 3554.0)					
SRR37700614_2	(17.0, 1.0)	(18.0, 3.0)	(19.0, 19.0)	(20.0, 20.0)	(21.0, 27.0)	(22.0, 44.0)	(23.0, 63.0)	(24.0, 94.0)	(25.0, 127.0)	(26.0, 203.0)	(27.0, 297.0)	(28.0, 507.0)	(29.0, 780.0)	(30.0, 1072.0)	(31.0, 1382.0)	(32.0, 1916.0)	(33.0, 2739.0)	(34.0, 3928.0)	(35.0, 5947.0)	(36.0, 10427.0)	(37.0, 22245.0)	(38.0, 1539.0)			
SRR37700615_1	(18.0, 1.0)	(19.0, 1.0)	(20.0, 4.0)	(21.0, 10.0)	(22.0, 38.0)	(23.0, 173.0)	(24.0, 364.0)	(25.0, 438.0)	(26.0, 522.0)	(27.0, 614.0)	(28.0, 659.0)	(29.0, 763.0)	(30.0, 962.0)	(31.0, 1251.0)	(32.0, 1749.0)	(33.0, 2388.0)	(34.0, 3330.0)	(35.0, 4945.0)	(36.0, 8864.0)	(37.0, 29679.0)	(38.0, 2905.0)				
SRR37700615_2	(16.0, 1.0)	(17.0, 3.0)	(18.0, 7.0)	(19.0, 11.0)	(20.0, 20.0)	(21.0, 40.0)	(22.0, 51.0)	(23.0, 59.0)	(24.0, 82.0)	(25.0, 133.0)	(26.0, 211.0)	(27.0, 378.0)	(28.0, 664.0)	(29.0, 905.0)	(30.0, 1208.0)	(31.0, 1622.0)	(32.0, 2270.0)	(33.0, 3112.0)	(34.0, 4394.0)	(35.0, 6728.0)	(36.0, 12250.0)	(37.0, 24188.0)	(38.0, 1323.0)		
SRR37700616_1	(19.0, 1.0)	(20.0, 3.0)	(21.0, 15.0)	(22.0, 44.0)	(23.0, 188.0)	(24.0, 335.0)	(25.0, 432.0)	(26.0, 520.0)	(27.0, 595.0)	(28.0, 661.0)	(29.0, 747.0)	(30.0, 930.0)	(31.0, 1187.0)	(32.0, 1575.0)	(33.0, 1982.0)	(34.0, 2817.0)	(35.0, 4105.0)	(36.0, 7050.0)	(37.0, 21979.0)	(38.0, 3277.0)					
SRR37700616_2	(18.0, 14.0)	(19.0, 23.0)	(20.0, 32.0)	(21.0, 44.0)	(22.0, 49.0)	(23.0, 72.0)	(24.0, 104.0)	(25.0, 137.0)	(26.0, 228.0)	(27.0, 361.0)	(28.0, 541.0)	(29.0, 886.0)	(30.0, 1125.0)	(31.0, 1434.0)	(32.0, 2090.0)	(33.0, 2695.0)	(34.0, 3660.0)	(35.0, 5450.0)	(36.0, 9701.0)	(37.0, 18704.0)	(38.0, 1093.0)				
SRR37700617_1	(18.0, 1.0)	(19.0, 0.0)	(20.0, 3.0)	(21.0, 10.0)	(22.0, 37.0)	(23.0, 130.0)	(24.0, 251.0)	(25.0, 317.0)	(26.0, 382.0)	(27.0, 492.0)	(28.0, 575.0)	(29.0, 722.0)	(30.0, 815.0)	(31.0, 1136.0)	(32.0, 1522.0)	(33.0, 2052.0)	(34.0, 2884.0)	(35.0, 4491.0)	(36.0, 8121.0)	(37.0, 27561.0)	(38.0, 3191.0)				
SRR37700617_2	(15.0, 1.0)	(16.0, 0.0)	(17.0, 4.0)	(18.0, 3.0)	(19.0, 12.0)	(20.0, 20.0)	(21.0, 38.0)	(22.0, 54.0)	(23.0, 87.0)	(24.0, 118.0)	(25.0, 151.0)	(26.0, 242.0)	(27.0, 392.0)	(28.0, 628.0)	(29.0, 950.0)	(30.0, 1244.0)	(31.0, 1761.0)	(32.0, 2297.0)	(33.0, 3152.0)	(34.0, 4491.0)	(35.0, 6476.0)	(36.0, 11141.0)	(37.0, 20252.0)	(38.0, 1179.0)	
SRR37700618_1	(20.0, 4.0)	(21.0, 10.0)	(22.0, 37.0)	(23.0, 115.0)	(24.0, 190.0)	(25.0, 246.0)	(26.0, 323.0)	(27.0, 362.0)	(28.0, 433.0)	(29.0, 550.0)	(30.0, 643.0)	(31.0, 803.0)	(32.0, 1044.0)	(33.0, 1304.0)	(34.0, 1851.0)	(35.0, 2731.0)	(36.0, 5055.0)	(37.0, 17014.0)	(38.0, 1413.0)						
SRR37700618_2	(17.0, 1.0)	(18.0, 4.0)	(19.0, 3.0)	(20.0, 11.0)	(21.0, 19.0)	(22.0, 24.0)	(23.0, 33.0)	(24.0, 46.0)	(25.0, 67.0)	(26.0, 123.0)	(27.0, 192.0)	(28.0, 386.0)	(29.0, 512.0)	(30.0, 772.0)	(31.0, 1003.0)	(32.0, 1361.0)	(33.0, 1830.0)	(34.0, 2614.0)	(35.0, 3956.0)	(36.0, 7286.0)	(37.0, 13118.0)	(38.0, 767.0)			
SRR37700619_1	(19.0, 1.0)	(20.0, 4.0)	(21.0, 14.0)	(22.0, 49.0)	(23.0, 191.0)	(24.0, 413.0)	(25.0, 451.0)	(26.0, 585.0)	(27.0, 690.0)	(28.0, 813.0)	(29.0, 939.0)	(30.0, 1138.0)	(31.0, 1463.0)	(32.0, 2015.0)	(33.0, 2758.0)	(34.0, 3859.0)	(35.0, 5814.0)	(36.0, 10384.0)	(37.0, 33770.0)	(38.0, 5153.0)					
SRR37700619_2	(16.0, 3.0)	(17.0, 7.0)	(18.0, 12.0)	(19.0, 19.0)	(20.0, 42.0)	(21.0, 45.0)	(22.0, 77.0)	(23.0, 104.0)	(24.0, 122.0)	(25.0, 155.0)	(26.0, 251.0)	(27.0, 455.0)	(28.0, 809.0)	(29.0, 1202.0)	(30.0, 1640.0)	(31.0, 2126.0)	(32.0, 2832.0)	(33.0, 3976.0)	(34.0, 5520.0)	(35.0, 8414.0)	(36.0, 14046.0)	(37.0, 26965.0)	(38.0, 1682.0)		
SRR37700620_1	(17.0, 1.0)	(18.0, 0.0)	(19.0, 1.0)	(20.0, 5.0)	(21.0, 32.0)	(22.0, 94.0)	(23.0, 374.0)	(24.0, 665.0)	(25.0, 824.0)	(26.0, 927.0)	(27.0, 1125.0)	(28.0, 1375.0)	(29.0, 1429.0)	(30.0, 1755.0)	(31.0, 2277.0)	(32.0, 3052.0)	(33.0, 4027.0)	(34.0, 5653.0)	(35.0, 8635.0)	(36.0, 15221.0)	(37.0, 45890.0)	(38.0, 7629.0)			
SRR37700620_2	(15.0, 1.0)	(16.0, 2.0)	(17.0, 4.0)	(18.0, 18.0)	(19.0, 26.0)	(20.0, 31.0)	(21.0, 65.0)	(22.0, 99.0)	(23.0, 142.0)	(24.0, 192.0)	(25.0, 301.0)	(26.0, 535.0)	(27.0, 800.0)	(28.0, 1306.0)	(29.0, 1992.0)	(30.0, 2379.0)	(31.0, 3222.0)	(32.0, 4377.0)	(33.0, 5764.0)	(34.0, 8153.0)	(35.0, 11873.0)	(36.0, 19809.0)	(37.0, 37665.0)	(38.0, 2235.0)	
SRR37700621_1	(19.0, 1.0)	(20.0, 6.0)	(21.0, 18.0)	(22.0, 53.0)	(23.0, 167.0)	(24.0, 294.0)	(25.0, 377.0)	(26.0, 500.0)	(27.0, 658.0)	(28.0, 777.0)	(29.0, 960.0)	(30.0, 1094.0)	(31.0, 1357.0)	(32.0, 1672.0)	(33.0, 2149.0)	(34.0, 2717.0)	(35.0, 3878.0)	(36.0, 6655.0)	(37.0, 21079.0)	(38.0, 2851.0)					
SRR37700621_2	(17.0, 2.0)	(18.0, 1.0)	(19.0, 10.0)	(20.0, 19.0)	(21.0, 36.0)	(22.0, 40.0)	(23.0, 54.0)	(24.0, 85.0)	(25.0, 146.0)	(26.0, 200.0)	(27.0, 392.0)	(28.0, 607.0)	(29.0, 911.0)	(30.0, 1150.0)	(31.0, 1482.0)	(32.0, 1980.0)	(33.0, 2606.0)	(34.0, 3737.0)	(35.0, 5151.0)	(36.0, 9228.0)	(37.0, 18412.0)	(38.0, 1014.0)			
SRR37700622_1	(19.0, 2.0)	(20.0, 4.0)	(21.0, 14.0)	(22.0, 50.0)	(23.0, 214.0)	(24.0, 368.0)	(25.0, 470.0)	(26.0, 478.0)	(27.0, 603.0)	(28.0, 657.0)	(29.0, 728.0)	(30.0, 971.0)	(31.0, 1218.0)	(32.0, 1627.0)	(33.0, 2162.0)	(34.0, 3057.0)	(35.0, 4427.0)	(36.0, 8252.0)	(37.0, 27088.0)	(38.0, 2344.0)					
SRR37700622_2	(17.0, 2.0)	(18.0, 10.0)	(19.0, 15.0)	(20.0, 25.0)	(21.0, 49.0)	(22.0, 51.0)	(23.0, 95.0)	(24.0, 99.0)	(25.0, 176.0)	(26.0, 289.0)	(27.0, 553.0)	(28.0, 840.0)	(29.0, 1186.0)	(30.0, 1586.0)	(31.0, 1863.0)	(32.0, 2495.0)	(33.0, 3292.0)	(34.0, 4383.0)	(35.0, 6546.0)	(36.0, 11642.0)	(37.0, 18607.0)	(38.0, 930.0)			
SRR37700623_1	(18.0, 1.0)	(19.0, 3.0)	(20.0, 9.0)	(21.0, 19.0)	(22.0, 46.0)	(23.0, 166.0)	(24.0, 280.0)	(25.0, 383.0)	(26.0, 418.0)	(27.0, 481.0)	(28.0, 554.0)	(29.0, 660.0)	(30.0, 869.0)	(31.0, 1105.0)	(32.0, 1515.0)	(33.0, 2055.0)	(34.0, 2927.0)	(35.0, 4243.0)	(36.0, 7742.0)	(37.0, 26959.0)	(38.0, 2227.0)				
SRR37700623_2	(16.0, 1.0)	(17.0, 2.0)	(18.0, 4.0)	(19.0, 16.0)	(20.0, 17.0)	(21.0, 41.0)	(22.0, 47.0)	(23.0, 58.0)	(24.0, 90.0)	(25.0, 126.0)	(26.0, 238.0)	(27.0, 370.0)	(28.0, 625.0)	(29.0, 937.0)	(30.0, 1222.0)	(31.0, 1522.0)	(32.0, 2109.0)	(33.0, 2758.0)	(34.0, 3930.0)	(35.0, 5968.0)	(36.0, 10532.0)	(37.0, 21011.0)	(38.0, 1038.0)		
SRR37700624_1	(17.0, 1.0)	(18.0, 0.0)	(19.0, 3.0)	(20.0, 5.0)	(21.0, 17.0)	(22.0, 53.0)	(23.0, 226.0)	(24.0, 386.0)	(25.0, 516.0)	(26.0, 562.0)	(27.0, 699.0)	(28.0, 791.0)	(29.0, 816.0)	(30.0, 1086.0)	(31.0, 1393.0)	(32.0, 1641.0)	(33.0, 2429.0)	(34.0, 3201.0)	(35.0, 4772.0)	(36.0, 8715.0)	(37.0, 26510.0)	(38.0, 2860.0)			
SRR37700624_2	(18.0, 3.0)	(19.0, 12.0)	(20.0, 17.0)	(21.0, 28.0)	(22.0, 49.0)	(23.0, 69.0)	(24.0, 96.0)	(25.0, 150.0)	(26.0, 271.0)	(27.0, 469.0)	(28.0, 726.0)	(29.0, 1042.0)	(30.0, 1431.0)	(31.0, 1895.0)	(32.0, 2466.0)	(33.0, 3281.0)	(34.0, 4628.0)	(35.0, 6776.0)	(36.0, 11584.0)	(37.0, 20736.0)	(38.0, 953.0)				
SRR37700625_1	(20.0, 1.0)	(21.0, 1.0)	(22.0, 14.0)	(23.0, 33.0)	(24.0, 75.0)	(25.0, 76.0)	(26.0, 99.0)	(27.0, 132.0)	(28.0, 149.0)	(29.0, 180.0)	(30.0, 201.0)	(31.0, 268.0)	(32.0, 384.0)	(33.0, 528.0)	(34.0, 739.0)	(35.0, 1106.0)	(36.0, 1973.0)	(37.0, 6848.0)	(38.0, 1550.0)						
SRR37700625_2	(17.0, 1.0)	(18.0, 1.0)	(19.0, 2.0)	(20.0, 7.0)	(21.0, 7.0)	(22.0, 14.0)	(23.0, 18.0)	(24.0, 20.0)	(25.0, 32.0)	(26.0, 56.0)	(27.0, 88.0)	(28.0, 155.0)	(29.0, 208.0)	(30.0, 289.0)	(31.0, 362.0)	(32.0, 480.0)	(33.0, 727.0)	(34.0, 1041.0)	(35.0, 1543.0)	(36.0, 2702.0)	(37.0, 5753.0)	(38.0, 851.0)			
SRR37700626_1	(21.0, 2.0)	(22.0, 3.0)	(23.0, 43.0)	(24.0, 53.0)	(25.0, 61.0)	(26.0, 71.0)	(27.0, 108.0)	(28.0, 113.0)	(29.0, 135.0)	(30.0, 157.0)	(31.0, 237.0)	(32.0, 340.0)	(33.0, 442.0)	(34.0, 663.0)	(35.0, 959.0)	(36.0, 1730.0)	(37.0, 6361.0)	(38.0, 1254.0)							
SRR37700626_2	(19.0, 2.0)	(20.0, 3.0)	(21.0, 12.0)	(22.0, 18.0)	(23.0, 14.0)	(24.0, 17.0)	(25.0, 39.0)	(26.0, 86.0)	(27.0, 108.0)	(28.0, 200.0)	(29.0, 252.0)	(30.0, 363.0)	(31.0, 508.0)	(32.0, 591.0)	(33.0, 793.0)	(34.0, 1016.0)	(35.0, 1559.0)	(36.0, 2580.0)	(37.0, 4349.0)	(38.0, 222.0)					
SRR37700627_1	(19.0, 1.0)	(20.0, 1.0)	(21.0, 4.0)	(22.0, 14.0)	(23.0, 65.0)	(24.0, 100.0)	(25.0, 139.0)	(26.0, 143.0)	(27.0, 162.0)	(28.0, 142.0)	(29.0, 213.0)	(30.0, 241.0)	(31.0, 307.0)	(32.0, 446.0)	(33.0, 560.0)	(34.0, 809.0)	(35.0, 1122.0)	(36.0, 2090.0)	(37.0, 6533.0)	(38.0, 1035.0)					
SRR37700627_2	(16.0, 1.0)	(17.0, 1.0)	(18.0, 2.0)	(19.0, 5.0)	(20.0, 6.0)	(21.0, 8.0)	(22.0, 8.0)	(23.0, 18.0)	(24.0, 27.0)	(25.0, 30.0)	(26.0, 61.0)	(27.0, 122.0)	(28.0, 193.0)	(29.0, 297.0)	(30.0, 347.0)	(31.0, 476.0)	(32.0, 641.0)	(33.0, 895.0)	(34.0, 1235.0)	(35.0, 1727.0)	(36.0, 2744.0)	(37.0, 5049.0)	(38.0, 234.0)		
SRR37700628_1	(19.0, 1.0)	(20.0, 0.0)	(21.0, 4.0)	(22.0, 15.0)	(23.0, 36.0)	(24.0, 63.0)	(25.0, 97.0)	(26.0, 124.0)	(27.0, 142.0)	(28.0, 153.0)	(29.0, 200.0)	(30.0, 227.0)	(31.0, 309.0)	(32.0, 431.0)	(33.0, 595.0)	(34.0, 734.0)	(35.0, 1141.0)	(36.0, 2052.0)	(37.0, 7224.0)	(38.0, 912.0)					
SRR37700628_2	(17.0, 1.0)	(18.0, 0.0)	(19.0, 2.0)	(20.0, 10.0)	(21.0, 3.0)	(22.0, 17.0)	(23.0, 13.0)	(24.0, 32.0)	(25.0, 44.0)	(26.0, 64.0)	(27.0, 133.0)	(28.0, 203.0)	(29.0, 297.0)	(30.0, 373.0)	(31.0, 508.0)	(32.0, 619.0)	(33.0, 828.0)	(34.0, 1191.0)	(35.0, 1652.0)	(36.0, 2858.0)	(37.0, 5361.0)	(38.0, 251.0)			
SRR37700629_1	(19.0, 1.0)	(20.0, 3.0)	(21.0, 12.0)	(22.0, 43.0)	(23.0, 85.0)	(24.0, 153.0)	(25.0, 143.0)	(26.0, 197.0)	(27.0, 217.0)	(28.0, 261.0)	(29.0, 312.0)	(30.0, 480.0)	(31.0, 587.0)	(32.0, 772.0)	(33.0, 1107.0)	(34.0, 1528.0)	(35.0, 2208.0)	(36.0, 3711.0)	(37.0, 10837.0)	(38.0, 4013.0)					
SRR37700629_2	(16.0, 1.0)	(17.0, 0.0)	(18.0, 6.0)	(19.0, 11.0)	(20.0, 13.0)	(21.0, 51.0)	(22.0, 53.0)	(23.0, 77.0)	(24.0, 86.0)	(25.0, 157.0)	(26.0, 239.0)	(27.0, 355.0)	(28.0, 516.0)	(29.0, 747.0)	(30.0, 870.0)	(31.0, 1122.0)	(32.0, 1387.0)	(33.0, 1713.0)	(34.0, 2357.0)	(35.0, 3291.0)	(36.0, 5368.0)	(37.0, 7457.0)	(38.0, 793.0)		
SRR37700630_1	(17.0, 1.0)	(18.0, 0.0)	(19.0, 0.0)	(20.0, 2.0)	(21.0, 9.0)	(22.0, 17.0)	(23.0, 78.0)	(24.0, 168.0)	(25.0, 195.0)	(26.0, 201.0)	(27.0, 227.0)	(28.0, 254.0)	(29.0, 288.0)	(30.0, 385.0)	(31.0, 448.0)	(32.0, 627.0)	(33.0, 836.0)	(34.0, 1120.0)	(35.0, 1629.0)	(36.0, 2669.0)	(37.0, 7430.0)	(38.0, 1020.0)			
SRR37700630_2	(16.0, 1.0)	(17.0, 0.0)	(18.0, 1.0)	(19.0, 3.0)	(20.0, 10.0)	(21.0, 6.0)	(22.0, 24.0)	(23.0, 28.0)	(24.0, 45.0)	(25.0, 39.0)	(26.0, 68.0)	(27.0, 132.0)	(28.0, 208.0)	(29.0, 323.0)	(30.0, 455.0)	(31.0, 531.0)	(32.0, 718.0)	(33.0, 1021.0)	(34.0, 1352.0)	(35.0, 1999.0)	(36.0, 3441.0)	(37.0, 6625.0)	(38.0, 574.0)		
SRR37700631_1	(20.0, 2.0)	(21.0, 11.0)	(22.0, 17.0)	(23.0, 38.0)	(24.0, 70.0)	(25.0, 68.0)	(26.0, 73.0)	(27.0, 113.0)	(28.0, 103.0)	(29.0, 138.0)	(30.0, 167.0)	(31.0, 242.0)	(32.0, 280.0)	(33.0, 418.0)	(34.0, 546.0)	(35.0, 822.0)	(36.0, 1553.0)	(37.0, 4718.0)	(38.0, 1017.0)						
SRR37700631_2	(17.0, 1.0)	(18.0, 5.0)	(19.0, 7.0)	(20.0, 6.0)	(21.0, 16.0)	(22.0, 27.0)	(23.0, 26.0)	(24.0, 26.0)	(25.0, 50.0)	(26.0, 84.0)	(27.0, 111.0)	(28.0, 144.0)	(29.0, 227.0)	(30.0, 281.0)	(31.0, 368.0)	(32.0, 468.0)	(33.0, 650.0)	(34.0, 807.0)	(35.0, 1237.0)	(36.0, 1980.0)	(37.0, 3509.0)	(38.0, 366.0)			
SRR37700632_1	(19.0, 2.0)	(20.0, 0.0)	(21.0, 4.0)	(22.0, 9.0)	(23.0, 18.0)	(24.0, 51.0)	(25.0, 54.0)	(26.0, 71.0)	(27.0, 74.0)	(28.0, 101.0)	(29.0, 105.0)	(30.0, 137.0)	(31.0, 170.0)	(32.0, 258.0)	(33.0, 355.0)	(34.0, 522.0)	(35.0, 822.0)	(36.0, 1446.0)	(37.0, 5592.0)	(38.0, 1141.0)					
SRR37700632_2	(18.0, 1.0)	(19.0, 0.0)	(20.0, 5.0)	(21.0, 19.0)	(22.0, 17.0)	(23.0, 19.0)	(24.0, 24.0)	(25.0, 28.0)	(26.0, 52.0)	(27.0, 78.0)	(28.0, 128.0)	(29.0, 174.0)	(30.0, 225.0)	(31.0, 323.0)	(32.0, 444.0)	(33.0, 587.0)	(34.0, 838.0)	(35.0, 1226.0)	(36.0, 2073.0)	(37.0, 4485.0)	(38.0, 186.0)				
SRR37700633_1	(19.0, 1.0)	(20.0, 1.0)	(21.0, 3.0)	(22.0, 12.0)	(23.0, 43.0)	(24.0, 73.0)	(25.0, 75.0)	(26.0, 90.0)	(27.0, 93.0)	(28.0, 125.0)	(29.0, 152.0)	(30.0, 179.0)	(31.0, 259.0)	(32.0, 333.0)	(33.0, 453.0)	(34.0, 601.0)	(35.0, 897.0)	(36.0, 1717.0)	(37.0, 5503.0)	(38.0, 1227.0)					
SRR37700633_2	(18.0, 2.0)	(19.0, 5.0)	(20.0, 3.0)	(21.0, 12.0)	(22.0, 17.0)	(23.0, 27.0)	(24.0, 26.0)	(25.0, 33.0)	(26.0, 46.0)	(27.0, 93.0)	(28.0, 142.0)	(29.0, 221.0)	(30.0, 257.0)	(31.0, 369.0)	(32.0, 523.0)	(33.0, 699.0)	(34.0, 1001.0)	(35.0, 1500.0)	(36.0, 2397.0)	(37.0, 4159.0)	(38.0, 305.0)				
SRR37700634_1	(20.0, 2.0)	(21.0, 2.0)	(22.0, 24.0)	(23.0, 42.0)	(24.0, 74.0)	(25.0, 107.0)	(26.0, 115.0)	(27.0, 122.0)	(28.0, 164.0)	(29.0, 182.0)	(30.0, 236.0)	(31.0, 285.0)	(32.0, 323.0)	(33.0, 457.0)	(34.0, 608.0)	(35.0, 924.0)	(36.0, 1508.0)	(37.0, 5217.0)	(38.0, 991.0)						
SRR37700634_2	(17.0, 1.0)	(18.0, 1.0)	(19.0, 3.0)	(20.0, 3.0)	(21.0, 11.0)	(22.0, 20.0)	(23.0, 21.0)	(24.0, 27.0)	(25.0, 26.0)	(26.0, 45.0)	(27.0, 60.0)	(28.0, 92.0)	(29.0, 163.0)	(30.0, 212.0)	(31.0, 282.0)	(32.0, 401.0)	(33.0, 514.0)	(34.0, 760.0)	(35.0, 1236.0)	(36.0, 2100.0)	(37.0, 5081.0)	(38.0, 324.0)			
SRR37700635_1	(18.0, 2.0)	(19.0, 4.0)	(20.0, 4.0)	(21.0, 17.0)	(22.0, 42.0)	(23.0, 148.0)	(24.0, 269.0)	(25.0, 334.0)	(26.0, 344.0)	(27.0, 372.0)	(28.0, 384.0)	(29.0, 419.0)	(30.0, 507.0)	(31.0, 586.0)	(32.0, 681.0)	(33.0, 833.0)	(34.0, 1075.0)	(35.0, 1633.0)	(36.0, 2546.0)	(37.0, 4875.0)	(38.0, 1106.0)				
SRR37700635_2	(17.0, 1.0)	(18.0, 1.0)	(19.0, 3.0)	(20.0, 14.0)	(21.0, 13.0)	(22.0, 29.0)	(23.0, 45.0)	(24.0, 60.0)	(25.0, 56.0)	(26.0, 65.0)	(27.0, 93.0)	(28.0, 135.0)	(29.0, 222.0)	(30.0, 311.0)	(31.0, 411.0)	(32.0, 569.0)	(33.0, 800.0)	(34.0, 1139.0)	(35.0, 1715.0)	(36.0, 3214.0)	(37.0, 6679.0)	(38.0, 606.0)			
SRR37700636_1	(20.0, 4.0)	(21.0, 5.0)	(22.0, 13.0)	(23.0, 31.0)	(24.0, 33.0)	(25.0, 39.0)	(26.0, 33.0)	(27.0, 45.0)	(28.0, 74.0)	(29.0, 63.0)	(30.0, 85.0)	(31.0, 146.0)	(32.0, 211.0)	(33.0, 270.0)	(34.0, 379.0)	(35.0, 608.0)	(36.0, 1052.0)	(37.0, 3124.0)	(38.0, 2305.0)						
SRR37700636_2	(17.0, 1.0)	(18.0, 1.0)	(19.0, 2.0)	(20.0, 3.0)	(21.0, 9.0)	(22.0, 14.0)	(23.0, 24.0)	(24.0, 26.0)	(25.0, 32.0)	(26.0, 38.0)	(27.0, 49.0)	(28.0, 58.0)	(29.0, 74.0)	(30.0, 97.0)	(31.0, 135.0)	(32.0, 224.0)	(33.0, 315.0)	(34.0, 503.0)	(35.0, 778.0)	(36.0, 1436.0)	(37.0, 3470.0)	(38.0, 1231.0)			
SRR37700637_1	(18.0, 1.0)	(19.0, 0.0)	(20.0, 7.0)	(21.0, 15.0)	(22.0, 24.0)	(23.0, 64.0)	(24.0, 91.0)	(25.0, 127.0)	(26.0, 176.0)	(27.0, 171.0)	(28.0, 239.0)	(29.0, 252.0)	(30.0, 356.0)	(31.0, 481.0)	(32.0, 670.0)	(33.0, 912.0)	(34.0, 1196.0)	(35.0, 1646.0)	(36.0, 2483.0)	(37.0, 5132.0)	(38.0, 1006.0)				
SRR37700637_2	(18.0, 1.0)	(19.0, 3.0)	(20.0, 10.0)	(21.0, 10.0)	(22.0, 18.0)	(23.0, 17.0)	(24.0, 20.0)	(25.0, 26.0)	(26.0, 36.0)	(27.0, 35.0)	(28.0, 71.0)	(29.0, 99.0)	(30.0, 138.0)	(31.0, 234.0)	(32.0, 354.0)	(33.0, 524.0)	(34.0, 791.0)	(35.0, 1179.0)	(36.0, 2379.0)	(37.0, 6447.0)	(38.0, 2657.0)				
SRR37700638_1	(21.0, 5.0)	(22.0, 24.0)	(23.0, 62.0)	(24.0, 131.0)	(25.0, 168.0)	(26.0, 195.0)	(27.0, 237.0)	(28.0, 312.0)	(29.0, 369.0)	(30.0, 488.0)	(31.0, 547.0)	(32.0, 771.0)	(33.0, 897.0)	(34.0, 1128.0)	(35.0, 1613.0)	(36.0, 2695.0)	(37.0, 9928.0)	(38.0, 1110.0)							
SRR37700638_2	(18.0, 1.0)	(19.0, 1.0)	(20.0, 7.0)	(21.0, 11.0)	(22.0, 13.0)	(23.0, 30.0)	(24.0, 31.0)	(25.0, 36.0)	(26.0, 68.0)	(27.0, 134.0)	(28.0, 219.0)	(29.0, 303.0)	(30.0, 424.0)	(31.0, 570.0)	(32.0, 748.0)	(33.0, 1070.0)	(34.0, 1427.0)	(35.0, 2184.0)	(36.0, 3920.0)	(37.0, 8903.0)	(38.0, 580.0)				
SRR37700639_1	(19.0, 1.0)	(20.0, 1.0)	(21.0, 6.0)	(22.0, 11.0)	(23.0, 64.0)	(24.0, 119.0)	(25.0, 165.0)	(26.0, 178.0)	(27.0, 241.0)	(28.0, 245.0)	(29.0, 301.0)	(30.0, 361.0)	(31.0, 424.0)	(32.0, 563.0)	(33.0, 725.0)	(34.0, 1002.0)	(35.0, 1471.0)	(36.0, 2618.0)	(37.0, 8016.0)	(38.0, 2601.0)					
SRR37700639_2	(19.0, 1.0)	(20.0, 2.0)	(21.0, 7.0)	(22.0, 22.0)	(23.0, 18.0)	(24.0, 32.0)	(25.0, 17.0)	(26.0, 39.0)	(27.0, 73.0)	(28.0, 117.0)	(29.0, 212.0)	(30.0, 287.0)	(31.0, 393.0)	(32.0, 578.0)	(33.0, 857.0)	(34.0, 1298.0)	(35.0, 1923.0)	(36.0, 3439.0)	(37.0, 8342.0)	(38.0, 1456.0)					
SRR37700640_1	(17.0, 1.0)	(18.0, 0.0)	(19.0, 0.0)	(20.0, 2.0)	(21.0, 18.0)	(22.0, 66.0)	(23.0, 190.0)	(24.0, 313.0)	(25.0, 404.0)	(26.0, 466.0)	(27.0, 542.0)	(28.0, 653.0)	(29.0, 777.0)	(30.0, 985.0)	(31.0, 1290.0)	(32.0, 1709.0)	(33.0, 2307.0)	(34.0, 3080.0)	(35.0, 4618.0)	(36.0, 8831.0)	(37.0, 26785.0)	(38.0, 3317.0)			
SRR37700640_2	(18.0, 3.0)	(19.0, 13.0)	(20.0, 16.0)	(21.0, 33.0)	(22.0, 45.0)	(23.0, 44.0)	(24.0, 87.0)	(25.0, 112.0)	(26.0, 220.0)	(27.0, 404.0)	(28.0, 677.0)	(29.0, 1001.0)	(30.0, 1258.0)	(31.0, 1674.0)	(32.0, 2347.0)	(33.0, 3251.0)	(34.0, 4663.0)	(35.0, 7164.0)	(36.0, 11915.0)	(37.0, 19953.0)	(38.0, 1474.0)				
SRR37700641_1	(17.0, 1.0)	(18.0, 0.0)	(19.0, 0.0)	(20.0, 1.0)	(21.0, 6.0)	(22.0, 10.0)	(23.0, 47.0)	(24.0, 76.0)	(25.0, 96.0)	(26.0, 130.0)	(27.0, 146.0)	(28.0, 184.0)	(29.0, 222.0)	(30.0, 317.0)	(31.0, 438.0)	(32.0, 575.0)	(33.0, 783.0)	(34.0, 1062.0)	(35.0, 1548.0)	(36.0, 2747.0)	(37.0, 11575.0)	(38.0, 2839.0)			
SRR37700641_2	(16.0, 1.0)	(17.0, 2.0)	(18.0, 5.0)	(19.0, 3.0)	(20.0, 5.0)	(21.0, 10.0)	(22.0, 15.0)	(23.0, 17.0)	(24.0, 17.0)	(25.0, 26.0)	(26.0, 42.0)	(27.0, 86.0)	(28.0, 159.0)	(29.0, 246.0)	(30.0, 319.0)	(31.0, 459.0)	(32.0, 714.0)	(33.0, 990.0)	(34.0, 1489.0)	(35.0, 2184.0)	(36.0, 4180.0)	(37.0, 11318.0)	(38.0, 516.0)		
SRR37700642_1	(19.0, 2.0)	(20.0, 0.0)	(21.0, 3.0)	(22.0, 14.0)	(23.0, 42.0)	(24.0, 102.0)	(25.0, 122.0)	(26.0, 129.0)	(27.0, 141.0)	(28.0, 194.0)	(29.0, 256.0)	(30.0, 312.0)	(31.0, 372.0)	(32.0, 503.0)	(33.0, 680.0)	(34.0, 945.0)	(35.0, 1374.0)	(36.0, 2630.0)	(37.0, 9223.0)	(38.0, 3219.0)					
SRR37700642_2	(18.0, 1.0)	(19.0, 4.0)	(20.0, 8.0)	(21.0, 9.0)	(22.0, 9.0)	(23.0, 18.0)	(24.0, 25.0)	(25.0, 34.0)	(26.0, 55.0)	(27.0, 78.0)	(28.0, 138.0)	(29.0, 206.0)	(30.0, 282.0)	(31.0, 421.0)	(32.0, 573.0)	(33.0, 858.0)	(34.0, 1264.0)	(35.0, 2027.0)	(36.0, 3689.0)	(37.0, 9041.0)	(38.0, 1523.0)				
SRR37700643_1	(20.0, 8.0)	(21.0, 18.0)	(22.0, 48.0)	(23.0, 208.0)	(24.0, 433.0)	(25.0, 544.0)	(26.0, 586.0)	(27.0, 697.0)	(28.0, 811.0)	(29.0, 894.0)	(30.0, 1095.0)	(31.0, 1344.0)	(32.0, 1724.0)	(33.0, 2447.0)	(34.0, 3337.0)	(35.0, 5045.0)	(36.0, 8620.0)	(37.0, 27426.0)	(38.0, 10541.0)						
SRR37700643_2	(16.0, 1.0)	(17.0, 0.0)	(18.0, 6.0)	(19.0, 19.0)	(20.0, 37.0)	(21.0, 41.0)	(22.0, 58.0)	(23.0, 67.0)	(24.0, 87.0)	(25.0, 102.0)	(26.0, 145.0)	(27.0, 244.0)	(28.0, 498.0)	(29.0, 855.0)	(30.0, 1172.0)	(31.0, 1614.0)	(32.0, 2229.0)	(33.0, 3232.0)	(34.0, 4648.0)	(35.0, 7024.0)	(36.0, 12066.0)	(37.0, 26833.0)	(38.0, 4848.0)		
SRR37700644_1	(20.0, 3.0)	(21.0, 9.0)	(22.0, 39.0)	(23.0, 135.0)	(24.0, 244.0)	(25.0, 300.0)	(26.0, 369.0)	(27.0, 388.0)	(28.0, 454.0)	(29.0, 565.0)	(30.0, 653.0)	(31.0, 847.0)	(32.0, 1102.0)	(33.0, 1567.0)	(34.0, 2176.0)	(35.0, 3235.0)	(36.0, 5884.0)	(37.0, 19124.0)	(38.0, 4364.0)						
SRR37700644_2	(18.0, 6.0)	(19.0, 9.0)	(20.0, 13.0)	(21.0, 26.0)	(22.0, 29.0)	(23.0, 45.0)	(24.0, 63.0)	(25.0, 78.0)	(26.0, 176.0)	(27.0, 277.0)	(28.0, 466.0)	(29.0, 762.0)	(30.0, 917.0)	(31.0, 1203.0)	(32.0, 1630.0)	(33.0, 2242.0)	(34.0, 3112.0)	(35.0, 4780.0)	(36.0, 8300.0)	(37.0, 15492.0)	(38.0, 1832.0)				
SRR37700645_1	(16.0, 1.0)	(17.0, 0.0)	(18.0, 0.0)	(19.0, 0.0)	(20.0, 6.0)	(21.0, 17.0)	(22.0, 55.0)	(23.0, 226.0)	(24.0, 446.0)	(25.0, 539.0)	(26.0, 579.0)	(27.0, 595.0)	(28.0, 712.0)	(29.0, 834.0)	(30.0, 946.0)	(31.0, 1210.0)	(32.0, 1560.0)	(33.0, 2042.0)	(34.0, 2765.0)	(35.0, 3869.0)	(36.0, 6608.0)	(37.0, 17889.0)	(38.0, 3265.0)		
SRR37700645_2	(17.0, 3.0)	(18.0, 9.0)	(19.0, 12.0)	(20.0, 18.0)	(21.0, 22.0)	(22.0, 42.0)	(23.0, 41.0)	(24.0, 65.0)	(25.0, 68.0)	(26.0, 112.0)	(27.0, 259.0)	(28.0, 418.0)	(29.0, 676.0)	(30.0, 908.0)	(31.0, 1151.0)	(32.0, 1727.0)	(33.0, 2260.0)	(34.0, 3317.0)	(35.0, 5174.0)	(36.0, 8888.0)	(37.0, 17444.0)	(38.0, 1550.0)			
SRR37700646_1	(19.0, 3.0)	(20.0, 6.0)	(21.0, 22.0)	(22.0, 70.0)	(23.0, 188.0)	(24.0, 274.0)	(25.0, 317.0)	(26.0, 373.0)	(27.0, 453.0)	(28.0, 470.0)	(29.0, 595.0)	(30.0, 722.0)	(31.0, 934.0)	(32.0, 1262.0)	(33.0, 1811.0)	(34.0, 2517.0)	(35.0, 3720.0)	(36.0, 6790.0)	(37.0, 23735.0)	(38.0, 1776.0)					
SRR37700646_2	(16.0, 1.0)	(17.0, 7.0)	(18.0, 9.0)	(19.0, 19.0)	(20.0, 31.0)	(21.0, 54.0)	(22.0, 82.0)	(23.0, 85.0)	(24.0, 104.0)	(25.0, 151.0)	(26.0, 243.0)	(27.0, 352.0)	(28.0, 505.0)	(29.0, 778.0)	(30.0, 1019.0)	(31.0, 1319.0)	(32.0, 1769.0)	(33.0, 2510.0)	(34.0, 3491.0)	(35.0, 5221.0)	(36.0, 9319.0)	(37.0, 18067.0)	(38.0, 902.0)		
SRR37700647_1	(19.0, 1.0)	(20.0, 4.0)	(21.0, 19.0)	(22.0, 63.0)	(23.0, 308.0)	(24.0, 671.0)	(25.0, 813.0)	(26.0, 854.0)	(27.0, 909.0)	(28.0, 989.0)	(29.0, 1016.0)	(30.0, 1164.0)	(31.0, 1507.0)	(32.0, 1985.0)	(33.0, 2577.0)	(34.0, 3549.0)	(35.0, 4945.0)	(36.0, 8689.0)	(37.0, 24212.0)	(38.0, 5173.0)					
SRR37700647_2	(17.0, 2.0)	(18.0, 8.0)	(19.0, 13.0)	(20.0, 38.0)	(21.0, 32.0)	(22.0, 49.0)	(23.0, 66.0)	(24.0, 70.0)	(25.0, 103.0)	(26.0, 161.0)	(27.0, 305.0)	(28.0, 589.0)	(29.0, 924.0)	(30.0, 1215.0)	(31.0, 1653.0)	(32.0, 2176.0)	(33.0, 2997.0)	(34.0, 4204.0)	(35.0, 6404.0)	(36.0, 11711.0)	(37.0, 24752.0)	(38.0, 1976.0)			
SRR37700649_1	(20.0, 7.0)	(21.0, 16.0)	(22.0, 49.0)	(23.0, 186.0)	(24.0, 353.0)	(25.0, 415.0)	(26.0, 463.0)	(27.0, 507.0)	(28.0, 508.0)	(29.0, 678.0)	(30.0, 848.0)	(31.0, 1152.0)	(32.0, 1446.0)	(33.0, 2010.0)	(34.0, 2810.0)	(35.0, 4011.0)	(36.0, 7131.0)	(37.0, 21362.0)	(38.0, 3471.0)						
SRR37700649_2	(18.0, 6.0)	(19.0, 14.0)	(20.0, 20.0)	(21.0, 24.0)	(22.0, 30.0)	(23.0, 42.0)	(24.0, 57.0)	(25.0, 96.0)	(26.0, 129.0)	(27.0, 270.0)	(28.0, 402.0)	(29.0, 657.0)	(30.0, 862.0)	(31.0, 1191.0)	(32.0, 1622.0)	(33.0, 2297.0)	(34.0, 3332.0)	(35.0, 5349.0)	(36.0, 9508.0)	(37.0, 20242.0)	(38.0, 1273.0)				
SRR37700650_1	(20.0, 2.0)	(21.0, 7.0)	(22.0, 36.0)	(23.0, 130.0)	(24.0, 298.0)	(25.0, 344.0)	(26.0, 438.0)	(27.0, 421.0)	(28.0, 511.0)	(29.0, 632.0)	(30.0, 758.0)	(31.0, 959.0)	(32.0, 1287.0)	(33.0, 1778.0)	(34.0, 2572.0)	(35.0, 3782.0)	(36.0, 6877.0)	(37.0, 22920.0)	(38.0, 6988.0)						
SRR37700650_2	(15.0, 1.0)	(16.0, 0.0)	(17.0, 0.0)	(18.0, 3.0)	(19.0, 16.0)	(20.0, 26.0)	(21.0, 30.0)	(22.0, 30.0)	(23.0, 37.0)	(24.0, 53.0)	(25.0, 83.0)	(26.0, 133.0)	(27.0, 260.0)	(28.0, 459.0)	(29.0, 729.0)	(30.0, 1056.0)	(31.0, 1303.0)	(32.0, 1794.0)	(33.0, 2471.0)	(34.0, 3678.0)	(35.0, 5503.0)	(36.0, 9569.0)	(37.0, 20420.0)	(38.0, 3086.0)	
SRR37700651_1	(17.0, 1.0)	(18.0, 1.0)	(19.0, 0.0)	(20.0, 11.0)	(21.0, 24.0)	(22.0, 73.0)	(23.0, 289.0)	(24.0, 479.0)	(25.0, 643.0)	(26.0, 784.0)	(27.0, 850.0)	(28.0, 1031.0)	(29.0, 1148.0)	(30.0, 1369.0)	(31.0, 1553.0)	(32.0, 1948.0)	(33.0, 2551.0)	(34.0, 3250.0)	(35.0, 4737.0)	(36.0, 8420.0)	(37.0, 22950.0)	(38.0, 3698.0)			
SRR37700651_2	(16.0, 1.0)	(17.0, 0.0)	(18.0, 5.0)	(19.0, 14.0)	(20.0, 15.0)	(21.0, 28.0)	(22.0, 38.0)	(23.0, 59.0)	(24.0, 58.0)	(25.0, 116.0)	(26.0, 229.0)	(27.0, 337.0)	(28.0, 604.0)	(29.0, 881.0)	(30.0, 1227.0)	(31.0, 1574.0)	(32.0, 2105.0)	(33.0, 2912.0)	(34.0, 4222.0)	(35.0, 6594.0)	(36.0, 11220.0)	(37.0, 21707.0)	(38.0, 1864.0)		
SRR37700652_1	(19.0, 3.0)	(20.0, 6.0)	(21.0, 9.0)	(22.0, 37.0)	(23.0, 174.0)	(24.0, 333.0)	(25.0, 385.0)	(26.0, 438.0)	(27.0, 473.0)	(28.0, 519.0)	(29.0, 640.0)	(30.0, 755.0)	(31.0, 1028.0)	(32.0, 1258.0)	(33.0, 1796.0)	(34.0, 2374.0)	(35.0, 3498.0)	(36.0, 6388.0)	(37.0, 20894.0)	(38.0, 5449.0)					
SRR37700652_2	(17.0, 1.0)	(18.0, 4.0)	(19.0, 8.0)	(20.0, 25.0)	(21.0, 33.0)	(22.0, 25.0)	(23.0, 52.0)	(24.0, 63.0)	(25.0, 78.0)	(26.0, 156.0)	(27.0, 276.0)	(28.0, 572.0)	(29.0, 754.0)	(30.0, 1006.0)	(31.0, 1304.0)	(32.0, 1687.0)	(33.0, 2365.0)	(34.0, 3210.0)	(35.0, 5030.0)	(36.0, 9028.0)	(37.0, 18847.0)	(38.0, 1933.0)			
SRR37700653_1	(20.0, 2.0)	(21.0, 11.0)	(22.0, 54.0)	(23.0, 305.0)	(24.0, 594.0)	(25.0, 592.0)	(26.0, 626.0)	(27.0, 676.0)	(28.0, 719.0)	(29.0, 805.0)	(30.0, 865.0)	(31.0, 1040.0)	(32.0, 1357.0)	(33.0, 1660.0)	(34.0, 2196.0)	(35.0, 2940.0)	(36.0, 4959.0)	(37.0, 10377.0)	(38.0, 1917.0)						
SRR37700653_2	(15.0, 1.0)	(16.0, 0.0)	(17.0, 3.0)	(18.0, 3.0)	(19.0, 3.0)	(20.0, 19.0)	(21.0, 15.0)	(22.0, 29.0)	(23.0, 34.0)	(24.0, 38.0)	(25.0, 61.0)	(26.0, 109.0)	(27.0, 220.0)	(28.0, 378.0)	(29.0, 605.0)	(30.0, 794.0)	(31.0, 980.0)	(32.0, 1155.0)	(33.0, 1734.0)	(34.0, 2306.0)	(35.0, 3586.0)	(36.0, 6330.0)	(37.0, 12540.0)	(38.0, 752.0)	
SRR37700654_1	(20.0, 1.0)	(21.0, 13.0)	(22.0, 26.0)	(23.0, 99.0)	(24.0, 194.0)	(25.0, 173.0)	(26.0, 234.0)	(27.0, 314.0)	(28.0, 376.0)	(29.0, 437.0)	(30.0, 525.0)	(31.0, 673.0)	(32.0, 921.0)	(33.0, 1273.0)	(34.0, 1806.0)	(35.0, 2711.0)	(36.0, 5074.0)	(37.0, 17030.0)	(38.0, 4994.0)						
SRR37700654_2	(16.0, 1.0)	(17.0, 1.0)	(18.0, 8.0)	(19.0, 15.0)	(20.0, 22.0)	(21.0, 26.0)	(22.0, 34.0)	(23.0, 30.0)	(24.0, 58.0)	(25.0, 75.0)	(26.0, 131.0)	(27.0, 196.0)	(28.0, 330.0)	(29.0, 558.0)	(30.0, 751.0)	(31.0, 993.0)	(32.0, 1388.0)	(33.0, 1832.0)	(34.0, 2743.0)	(35.0, 4142.0)	(36.0, 7193.0)	(37.0, 14050.0)	(38.0, 2297.0)		
SRR37700655_1	(20.0, 4.0)	(21.0, 7.0)	(22.0, 39.0)	(23.0, 195.0)	(24.0, 374.0)	(25.0, 418.0)	(26.0, 501.0)	(27.0, 527.0)	(28.0, 565.0)	(29.0, 623.0)	(30.0, 762.0)	(31.0, 963.0)	(32.0, 1336.0)	(33.0, 1812.0)	(34.0, 2443.0)	(35.0, 3614.0)	(36.0, 6447.0)	(37.0, 20085.0)	(38.0, 7199.0)						
SRR37700655_2	(17.0, 1.0)	(18.0, 1.0)	(19.0, 9.0)	(20.0, 20.0)	(21.0, 34.0)	(22.0, 40.0)	(23.0, 49.0)	(24.0, 50.0)	(25.0, 75.0)	(26.0, 139.0)	(27.0, 248.0)	(28.0, 444.0)	(29.0, 740.0)	(30.0, 947.0)	(31.0, 1225.0)	(32.0, 1663.0)	(33.0, 2397.0)	(34.0, 3449.0)	(35.0, 5005.0)	(36.0, 8910.0)	(37.0, 19546.0)	(38.0, 2922.0)			
SRR37700656_1	(20.0, 4.0)	(21.0, 21.0)	(22.0, 54.0)	(23.0, 172.0)	(24.0, 295.0)	(25.0, 380.0)	(26.0, 488.0)	(27.0, 629.0)	(28.0, 788.0)	(29.0, 991.0)	(30.0, 1196.0)	(31.0, 1308.0)	(32.0, 1392.0)	(33.0, 1475.0)	(34.0, 1705.0)	(35.0, 2302.0)	(36.0, 3686.0)	(37.0, 12621.0)	(38.0, 4962.0)						
SRR37700656_2	(16.0, 1.0)	(17.0, 1.0)	(18.0, 5.0)	(19.0, 12.0)	(20.0, 26.0)	(21.0, 31.0)	(22.0, 31.0)	(23.0, 44.0)	(24.0, 42.0)	(25.0, 50.0)	(26.0, 103.0)	(27.0, 136.0)	(28.0, 269.0)	(29.0, 420.0)	(30.0, 552.0)	(31.0, 809.0)	(32.0, 1185.0)	(33.0, 1590.0)	(34.0, 2345.0)	(35.0, 3584.0)	(36.0, 6150.0)	(37.0, 14879.0)	(38.0, 2204.0)		
SRR37700657_1	(18.0, 1.0)	(19.0, 1.0)	(20.0, 1.0)	(21.0, 12.0)	(22.0, 43.0)	(23.0, 244.0)	(24.0, 559.0)	(25.0, 626.0)	(26.0, 600.0)	(27.0, 644.0)	(28.0, 675.0)	(29.0, 793.0)	(30.0, 906.0)	(31.0, 1176.0)	(32.0, 1539.0)	(33.0, 1936.0)	(34.0, 2769.0)	(35.0, 3972.0)	(36.0, 7050.0)	(37.0, 20090.0)	(38.0, 4786.0)				
SRR37700657_2	(16.0, 2.0)	(17.0, 3.0)	(18.0, 8.0)	(19.0, 15.0)	(20.0, 17.0)	(21.0, 23.0)	(22.0, 25.0)	(23.0, 36.0)	(24.0, 44.0)	(25.0, 72.0)	(26.0, 118.0)	(27.0, 182.0)	(28.0, 381.0)	(29.0, 637.0)	(30.0, 894.0)	(31.0, 1127.0)	(32.0, 1586.0)	(33.0, 2206.0)	(34.0, 3126.0)	(35.0, 5036.0)	(36.0, 9072.0)	(37.0, 21062.0)	(38.0, 2751.0)		
SRR37700658_1	(20.0, 3.0)	(21.0, 14.0)	(22.0, 27.0)	(23.0, 114.0)	(24.0, 186.0)	(25.0, 270.0)	(26.0, 297.0)	(27.0, 348.0)	(28.0, 389.0)	(29.0, 576.0)	(30.0, 700.0)	(31.0, 882.0)	(32.0, 1202.0)	(33.0, 1673.0)	(34.0, 2410.0)	(35.0, 3559.0)	(36.0, 6160.0)	(37.0, 24169.0)	(38.0, 7284.0)						
SRR37700658_2	(16.0, 1.0)	(17.0, 2.0)	(18.0, 5.0)	(19.0, 16.0)	(20.0, 22.0)	(21.0, 30.0)	(22.0, 35.0)	(23.0, 47.0)	(24.0, 60.0)	(25.0, 65.0)	(26.0, 112.0)	(27.0, 227.0)	(28.0, 398.0)	(29.0, 663.0)	(30.0, 910.0)	(31.0, 1143.0)	(32.0, 1664.0)	(33.0, 2395.0)	(34.0, 3236.0)	(35.0, 4955.0)	(36.0, 9394.0)	(37.0, 22508.0)	(38.0, 2375.0)		
SRR37700659_1	(19.0, 1.0)	(20.0, 2.0)	(21.0, 8.0)	(22.0, 31.0)	(23.0, 115.0)	(24.0, 199.0)	(25.0, 296.0)	(26.0, 329.0)	(27.0, 390.0)	(28.0, 409.0)	(29.0, 508.0)	(30.0, 636.0)	(31.0, 752.0)	(32.0, 1087.0)	(33.0, 1471.0)	(34.0, 2089.0)	(35.0, 3209.0)	(36.0, 6045.0)	(37.0, 21091.0)	(38.0, 7145.0)					
SRR37700659_2	(17.0, 2.0)	(18.0, 2.0)	(19.0, 8.0)	(20.0, 20.0)	(21.0, 25.0)	(22.0, 35.0)	(23.0, 30.0)	(24.0, 33.0)	(25.0, 71.0)	(26.0, 120.0)	(27.0, 268.0)	(28.0, 454.0)	(29.0, 679.0)	(30.0, 952.0)	(31.0, 1178.0)	(32.0, 1598.0)	(33.0, 2171.0)	(34.0, 3134.0)	(35.0, 4817.0)	(36.0, 8420.0)	(37.0, 18262.0)	(38.0, 3534.0)			
SRR37700660_1	(20.0, 1.0)	(21.0, 20.0)	(22.0, 36.0)	(23.0, 167.0)	(24.0, 266.0)	(25.0, 355.0)	(26.0, 410.0)	(27.0, 495.0)	(28.0, 612.0)	(29.0, 697.0)	(30.0, 808.0)	(31.0, 1021.0)	(32.0, 1354.0)	(33.0, 1790.0)	(34.0, 2465.0)	(35.0, 3770.0)	(36.0, 7207.0)	(37.0, 22305.0)	(38.0, 2919.0)						
SRR37700660_2	(17.0, 1.0)	(18.0, 7.0)	(19.0, 12.0)	(20.0, 18.0)	(21.0, 24.0)	(22.0, 33.0)	(23.0, 45.0)	(24.0, 49.0)	(25.0, 97.0)	(26.0, 164.0)	(27.0, 310.0)	(28.0, 512.0)	(29.0, 772.0)	(30.0, 977.0)	(31.0, 1418.0)	(32.0, 1925.0)	(33.0, 2598.0)	(34.0, 3878.0)	(35.0, 5880.0)	(36.0, 10052.0)	(37.0, 16954.0)	(38.0, 972.0)			
SRR37700661_1	(19.0, 2.0)	(20.0, 3.0)	(21.0, 22.0)	(22.0, 64.0)	(23.0, 226.0)	(24.0, 298.0)	(25.0, 373.0)	(26.0, 549.0)	(27.0, 588.0)	(28.0, 679.0)	(29.0, 815.0)	(30.0, 1074.0)	(31.0, 1304.0)	(32.0, 1721.0)	(33.0, 2321.0)	(34.0, 3132.0)	(35.0, 4673.0)	(36.0, 8523.0)	(37.0, 22800.0)	(38.0, 3911.0)					
SRR37700661_2	(16.0, 1.0)	(17.0, 1.0)	(18.0, 7.0)	(19.0, 20.0)	(20.0, 18.0)	(21.0, 34.0)	(22.0, 54.0)	(23.0, 65.0)	(24.0, 82.0)	(25.0, 137.0)	(26.0, 286.0)	(27.0, 436.0)	(28.0, 729.0)	(29.0, 1084.0)	(30.0, 1419.0)	(31.0, 1820.0)	(32.0, 2469.0)	(33.0, 3296.0)	(34.0, 4725.0)	(35.0, 7094.0)	(36.0, 10996.0)	(37.0, 17378.0)	(38.0, 927.0)		
SRR37700662_1	(18.0, 1.0)	(19.0, 0.0)	(20.0, 9.0)	(21.0, 15.0)	(22.0, 54.0)	(23.0, 160.0)	(24.0, 288.0)	(25.0, 398.0)	(26.0, 525.0)	(27.0, 620.0)	(28.0, 790.0)	(29.0, 991.0)	(30.0, 1201.0)	(31.0, 1497.0)	(32.0, 1869.0)	(33.0, 2127.0)	(34.0, 2555.0)	(35.0, 3727.0)	(36.0, 6269.0)	(37.0, 20674.0)	(38.0, 2024.0)				
SRR37700662_2	(17.0, 2.0)	(18.0, 4.0)	(19.0, 8.0)	(20.0, 11.0)	(21.0, 23.0)	(22.0, 26.0)	(23.0, 38.0)	(24.0, 61.0)	(25.0, 89.0)	(26.0, 116.0)	(27.0, 237.0)	(28.0, 395.0)	(29.0, 591.0)	(30.0, 879.0)	(31.0, 1204.0)	(32.0, 1590.0)	(33.0, 2225.0)	(34.0, 3206.0)	(35.0, 4868.0)	(36.0, 8991.0)	(37.0, 19859.0)	(38.0, 1371.0)			
SRR37700663_1	(19.0, 2.0)	(20.0, 2.0)	(21.0, 14.0)	(22.0, 38.0)	(23.0, 100.0)	(24.0, 216.0)	(25.0, 266.0)	(26.0, 302.0)	(27.0, 363.0)	(28.0, 446.0)	(29.0, 518.0)	(30.0, 627.0)	(31.0, 881.0)	(32.0, 1177.0)	(33.0, 1604.0)	(34.0, 2290.0)	(35.0, 3374.0)	(36.0, 6325.0)	(37.0, 22247.0)	(38.0, 2881.0)					
SRR37700663_2	(17.0, 2.0)	(18.0, 8.0)	(19.0, 15.0)	(20.0, 17.0)	(21.0, 29.0)	(22.0, 40.0)	(23.0, 51.0)	(24.0, 61.0)	(25.0, 80.0)	(26.0, 166.0)	(27.0, 261.0)	(28.0, 495.0)	(29.0, 669.0)	(30.0, 950.0)	(31.0, 1264.0)	(32.0, 1838.0)	(33.0, 2422.0)	(34.0, 3497.0)	(35.0, 5319.0)	(36.0, 9390.0)	(37.0, 16423.0)	(38.0, 676.0)			
SRR37700664_1	(20.0, 2.0)	(21.0, 8.0)	(22.0, 26.0)	(23.0, 108.0)	(24.0, 187.0)	(25.0, 228.0)	(26.0, 276.0)	(27.0, 347.0)	(28.0, 424.0)	(29.0, 557.0)	(30.0, 695.0)	(31.0, 922.0)	(32.0, 1194.0)	(33.0, 1693.0)	(34.0, 2299.0)	(35.0, 3448.0)	(36.0, 6176.0)	(37.0, 23150.0)	(38.0, 2185.0)						
SRR37700664_2	(18.0, 1.0)	(19.0, 9.0)	(20.0, 7.0)	(21.0, 23.0)	(22.0, 27.0)	(23.0, 40.0)	(24.0, 43.0)	(25.0, 73.0)	(26.0, 146.0)	(27.0, 215.0)	(28.0, 398.0)	(29.0, 577.0)	(30.0, 872.0)	(31.0, 1167.0)	(32.0, 1637.0)	(33.0, 2265.0)	(34.0, 3217.0)	(35.0, 5054.0)	(36.0, 9213.0)	(37.0, 17887.0)	(38.0, 1054.0)				
SRR37700665_1	(17.0, 1.0)	(18.0, 0.0)	(19.0, 0.0)	(20.0, 7.0)	(21.0, 18.0)	(22.0, 50.0)	(23.0, 201.0)	(24.0, 363.0)	(25.0, 443.0)	(26.0, 497.0)	(27.0, 571.0)	(28.0, 624.0)	(29.0, 702.0)	(30.0, 851.0)	(31.0, 1074.0)	(32.0, 1403.0)	(33.0, 1807.0)	(34.0, 2401.0)	(35.0, 3643.0)	(36.0, 6418.0)	(37.0, 18877.0)	(38.0, 2734.0)			
SRR37700665_2	(17.0, 1.0)	(18.0, 5.0)	(19.0, 14.0)	(20.0, 14.0)	(21.0, 21.0)	(22.0, 27.0)	(23.0, 29.0)	(24.0, 57.0)	(25.0, 89.0)	(26.0, 162.0)	(27.0, 268.0)	(28.0, 470.0)	(29.0, 711.0)	(30.0, 892.0)	(31.0, 1240.0)	(32.0, 1619.0)	(33.0, 2263.0)	(34.0, 3201.0)	(35.0, 5082.0)	(36.0, 8783.0)	(37.0, 16720.0)	(38.0, 1017.0)			
SRR37700666_1	(20.0, 4.0)	(21.0, 11.0)	(22.0, 43.0)	(23.0, 132.0)	(24.0, 239.0)	(25.0, 314.0)	(26.0, 372.0)	(27.0, 444.0)	(28.0, 489.0)	(29.0, 630.0)	(30.0, 812.0)	(31.0, 1015.0)	(32.0, 1274.0)	(33.0, 1785.0)	(34.0, 2478.0)	(35.0, 3761.0)	(36.0, 7585.0)	(37.0, 17688.0)	(38.0, 1604.0)						
SRR37700666_2	(17.0, 1.0)	(18.0, 4.0)	(19.0, 14.0)	(20.0, 17.0)	(21.0, 25.0)	(22.0, 36.0)	(23.0, 45.0)	(24.0, 52.0)	(25.0, 91.0)	(26.0, 190.0)	(27.0, 359.0)	(28.0, 588.0)	(29.0, 861.0)	(30.0, 1143.0)	(31.0, 1526.0)	(32.0, 1998.0)	(33.0, 2688.0)	(34.0, 3901.0)	(35.0, 5853.0)	(36.0, 9196.0)	(37.0, 11485.0)	(38.0, 607.0)			
SRR37700667_1	(19.0, 1.0)	(20.0, 7.0)	(21.0, 15.0)	(22.0, 39.0)	(23.0, 146.0)	(24.0, 251.0)	(25.0, 302.0)	(26.0, 347.0)	(27.0, 438.0)	(28.0, 566.0)	(29.0, 727.0)	(30.0, 861.0)	(31.0, 1114.0)	(32.0, 1398.0)	(33.0, 1813.0)	(34.0, 2643.0)	(35.0, 3891.0)	(36.0, 6659.0)	(37.0, 23348.0)	(38.0, 2621.0)					
SRR37700667_2	(16.0, 1.0)	(17.0, 1.0)	(18.0, 3.0)	(19.0, 10.0)	(20.0, 11.0)	(21.0, 15.0)	(22.0, 28.0)	(23.0, 45.0)	(24.0, 56.0)	(25.0, 90.0)	(26.0, 111.0)	(27.0, 296.0)	(28.0, 457.0)	(29.0, 735.0)	(30.0, 921.0)	(31.0, 1267.0)	(32.0, 1829.0)	(33.0, 2534.0)	(34.0, 3694.0)	(35.0, 5601.0)	(36.0, 10036.0)	(37.0, 18753.0)	(38.0, 693.0)		
SRR37700668_1	(20.0, 4.0)	(21.0, 7.0)	(22.0, 24.0)	(23.0, 66.0)	(24.0, 136.0)	(25.0, 173.0)	(26.0, 228.0)	(27.0, 253.0)	(28.0, 281.0)	(29.0, 339.0)	(30.0, 448.0)	(31.0, 565.0)	(32.0, 749.0)	(33.0, 987.0)	(34.0, 1414.0)	(35.0, 2277.0)	(36.0, 3932.0)	(37.0, 13065.0)	(38.0, 860.0)						
SRR37700668_2	(18.0, 2.0)	(19.0, 4.0)	(20.0, 7.0)	(21.0, 30.0)	(22.0, 32.0)	(23.0, 35.0)	(24.0, 56.0)	(25.0, 81.0)	(26.0, 135.0)	(27.0, 246.0)	(28.0, 430.0)	(29.0, 604.0)	(30.0, 804.0)	(31.0, 1010.0)	(32.0, 1271.0)	(33.0, 1734.0)	(34.0, 2203.0)	(35.0, 3316.0)	(36.0, 5665.0)	(37.0, 7908.0)	(38.0, 235.0)				
SRR37700669_1	(16.0, 1.0)	(17.0, 0.0)	(18.0, 0.0)	(19.0, 0.0)	(20.0, 1.0)	(21.0, 10.0)	(22.0, 52.0)	(23.0, 147.0)	(24.0, 288.0)	(25.0, 334.0)	(26.0, 376.0)	(27.0, 484.0)	(28.0, 492.0)	(29.0, 601.0)	(30.0, 580.0)	(31.0, 765.0)	(32.0, 961.0)	(33.0, 1191.0)	(34.0, 1563.0)	(35.0, 2343.0)	(36.0, 4357.0)	(37.0, 12414.0)	(38.0, 1116.0)		
SRR37700669_2	(16.0, 1.0)	(17.0, 0.0)	(18.0, 3.0)	(19.0, 9.0)	(20.0, 13.0)	(21.0, 24.0)	(22.0, 32.0)	(23.0, 29.0)	(24.0, 51.0)	(25.0, 93.0)	(26.0, 153.0)	(27.0, 296.0)	(28.0, 477.0)	(29.0, 628.0)	(30.0, 798.0)	(31.0, 971.0)	(32.0, 1362.0)	(33.0, 1723.0)	(34.0, 2528.0)	(35.0, 3634.0)	(36.0, 5893.0)	(37.0, 9007.0)	(38.0, 351.0)		
SRR37700670_1	(18.0, 1.0)	(19.0, 1.0)	(20.0, 5.0)	(21.0, 6.0)	(22.0, 20.0)	(23.0, 49.0)	(24.0, 92.0)	(25.0, 108.0)	(26.0, 131.0)	(27.0, 192.0)	(28.0, 187.0)	(29.0, 234.0)	(30.0, 230.0)	(31.0, 349.0)	(32.0, 487.0)	(33.0, 624.0)	(34.0, 938.0)	(35.0, 1451.0)	(36.0, 2523.0)	(37.0, 8874.0)	(38.0, 4955.0)				
SRR37700670_2	(17.0, 4.0)	(18.0, 3.0)	(19.0, 2.0)	(20.0, 7.0)	(21.0, 18.0)	(22.0, 34.0)	(23.0, 55.0)	(24.0, 58.0)	(25.0, 65.0)	(26.0, 86.0)	(27.0, 126.0)	(28.0, 179.0)	(29.0, 277.0)	(30.0, 392.0)	(31.0, 500.0)	(32.0, 784.0)	(33.0, 1120.0)	(34.0, 1535.0)	(35.0, 2369.0)	(36.0, 4133.0)	(37.0, 8314.0)	(38.0, 1396.0)			
SRR37700671_1	(20.0, 4.0)	(21.0, 17.0)	(22.0, 51.0)	(23.0, 139.0)	(24.0, 258.0)	(25.0, 330.0)	(26.0, 347.0)	(27.0, 429.0)	(28.0, 480.0)	(29.0, 595.0)	(30.0, 815.0)	(31.0, 1052.0)	(32.0, 1273.0)	(33.0, 1745.0)	(34.0, 2432.0)	(35.0, 3517.0)	(36.0, 6927.0)	(37.0, 17953.0)	(38.0, 1657.0)						
SRR37700671_2	(16.0, 1.0)	(17.0, 4.0)	(18.0, 7.0)	(19.0, 18.0)	(20.0, 18.0)	(21.0, 27.0)	(22.0, 33.0)	(23.0, 56.0)	(24.0, 75.0)	(25.0, 104.0)	(26.0, 228.0)	(27.0, 407.0)	(28.0, 596.0)	(29.0, 855.0)	(30.0, 1147.0)	(31.0, 1545.0)	(32.0, 2007.0)	(33.0, 2825.0)	(34.0, 3827.0)	(35.0, 5748.0)	(36.0, 8809.0)	(37.0, 11233.0)	(38.0, 451.0)		
SRR37700672_1	(19.0, 1.0)	(20.0, 6.0)	(21.0, 20.0)	(22.0, 47.0)	(23.0, 164.0)	(24.0, 279.0)	(25.0, 401.0)	(26.0, 471.0)	(27.0, 587.0)	(28.0, 616.0)	(29.0, 666.0)	(30.0, 698.0)	(31.0, 832.0)	(32.0, 1038.0)	(33.0, 1292.0)	(34.0, 1770.0)	(35.0, 2552.0)	(36.0, 4840.0)	(37.0, 12940.0)	(38.0, 2133.0)					
SRR37700672_2	(17.0, 2.0)	(18.0, 1.0)	(19.0, 11.0)	(20.0, 12.0)	(21.0, 29.0)	(22.0, 29.0)	(23.0, 36.0)	(24.0, 57.0)	(25.0, 78.0)	(26.0, 182.0)	(27.0, 276.0)	(28.0, 471.0)	(29.0, 666.0)	(30.0, 864.0)	(31.0, 1121.0)	(32.0, 1457.0)	(33.0, 2075.0)	(34.0, 2737.0)	(35.0, 4253.0)	(36.0, 6292.0)	(37.0, 10140.0)	(38.0, 564.0)			
SRR37700673_1	(19.0, 1.0)	(20.0, 3.0)	(21.0, 23.0)	(22.0, 61.0)	(23.0, 167.0)	(24.0, 299.0)	(25.0, 342.0)	(26.0, 427.0)	(27.0, 512.0)	(28.0, 543.0)	(29.0, 746.0)	(30.0, 939.0)	(31.0, 1115.0)	(32.0, 1494.0)	(33.0, 2145.0)	(34.0, 2799.0)	(35.0, 4147.0)	(36.0, 7998.0)	(37.0, 28600.0)	(38.0, 3380.0)					
SRR37700673_2	(15.0, 1.0)	(16.0, 1.0)	(17.0, 3.0)	(18.0, 12.0)	(19.0, 14.0)	(20.0, 19.0)	(21.0, 24.0)	(22.0, 47.0)	(23.0, 57.0)	(24.0, 90.0)	(25.0, 110.0)	(26.0, 201.0)	(27.0, 363.0)	(28.0, 531.0)	(29.0, 810.0)	(30.0, 1060.0)	(31.0, 1510.0)	(32.0, 2065.0)	(33.0, 2731.0)	(34.0, 4007.0)	(35.0, 6245.0)	(36.0, 11155.0)	(37.0, 23154.0)	(38.0, 1531.0)	
SRR37700674_1	(17.0, 2.0)	(18.0, 0.0)	(19.0, 3.0)	(20.0, 8.0)	(21.0, 17.0)	(22.0, 60.0)	(23.0, 289.0)	(24.0, 476.0)	(25.0, 593.0)	(26.0, 733.0)	(27.0, 991.0)	(28.0, 1293.0)	(29.0, 1539.0)	(30.0, 1863.0)	(31.0, 2054.0)	(32.0, 2228.0)	(33.0, 2411.0)	(34.0, 2642.0)	(35.0, 3483.0)	(36.0, 5242.0)	(37.0, 14070.0)	(38.0, 2948.0)			
SRR37700674_2	(17.0, 1.0)	(18.0, 5.0)	(19.0, 7.0)	(20.0, 26.0)	(21.0, 26.0)	(22.0, 31.0)	(23.0, 42.0)	(24.0, 64.0)	(25.0, 96.0)	(26.0, 113.0)	(27.0, 230.0)	(28.0, 455.0)	(29.0, 633.0)	(30.0, 850.0)	(31.0, 1221.0)	(32.0, 1674.0)	(33.0, 2205.0)	(34.0, 3290.0)	(35.0, 4833.0)	(36.0, 8285.0)	(37.0, 17601.0)	(38.0, 1257.0)			
SRR37700675_1	(19.0, 2.0)	(20.0, 5.0)	(21.0, 20.0)	(22.0, 57.0)	(23.0, 158.0)	(24.0, 320.0)	(25.0, 356.0)	(26.0, 396.0)	(27.0, 431.0)	(28.0, 565.0)	(29.0, 635.0)	(30.0, 822.0)	(31.0, 1113.0)	(32.0, 1483.0)	(33.0, 1977.0)	(34.0, 2836.0)	(35.0, 4058.0)	(36.0, 8159.0)	(37.0, 24874.0)	(38.0, 1995.0)					
SRR37700675_2	(16.0, 1.0)	(17.0, 3.0)	(18.0, 10.0)	(19.0, 17.0)	(20.0, 21.0)	(21.0, 30.0)	(22.0, 51.0)	(23.0, 55.0)	(24.0, 73.0)	(25.0, 80.0)	(26.0, 202.0)	(27.0, 418.0)	(28.0, 711.0)	(29.0, 934.0)	(30.0, 1211.0)	(31.0, 1647.0)	(32.0, 2207.0)	(33.0, 2965.0)	(34.0, 4174.0)	(35.0, 6522.0)	(36.0, 10913.0)	(37.0, 17025.0)	(38.0, 992.0)		
SRR37700676_1	(18.0, 1.0)	(19.0, 0.0)	(20.0, 4.0)	(21.0, 11.0)	(22.0, 37.0)	(23.0, 115.0)	(24.0, 229.0)	(25.0, 261.0)	(26.0, 299.0)	(27.0, 361.0)	(28.0, 455.0)	(29.0, 572.0)	(30.0, 762.0)	(31.0, 995.0)	(32.0, 1272.0)	(33.0, 1769.0)	(34.0, 2342.0)	(35.0, 3390.0)	(36.0, 5882.0)	(37.0, 19685.0)	(38.0, 1857.0)				
SRR37700676_2	(18.0, 6.0)	(19.0, 6.0)	(20.0, 11.0)	(21.0, 22.0)	(22.0, 28.0)	(23.0, 31.0)	(24.0, 48.0)	(25.0, 56.0)	(26.0, 98.0)	(27.0, 200.0)	(28.0, 372.0)	(29.0, 492.0)	(30.0, 729.0)	(31.0, 957.0)	(32.0, 1438.0)	(33.0, 1937.0)	(34.0, 2745.0)	(35.0, 4588.0)	(36.0, 8060.0)	(37.0, 17676.0)	(38.0, 799.0)				
SRR37700677_1	(20.0, 10.0)	(21.0, 16.0)	(22.0, 57.0)	(23.0, 142.0)	(24.0, 229.0)	(25.0, 282.0)	(26.0, 316.0)	(27.0, 341.0)	(28.0, 418.0)	(29.0, 535.0)	(30.0, 619.0)	(31.0, 759.0)	(32.0, 1053.0)	(33.0, 1382.0)	(34.0, 1886.0)	(35.0, 2784.0)	(36.0, 5614.0)	(37.0, 13550.0)	(38.0, 1400.0)						
SRR37700677_2	(16.0, 2.0)	(17.0, 2.0)	(18.0, 6.0)	(19.0, 14.0)	(20.0, 14.0)	(21.0, 31.0)	(22.0, 33.0)	(23.0, 55.0)	(24.0, 61.0)	(25.0, 106.0)	(26.0, 186.0)	(27.0, 326.0)	(28.0, 451.0)	(29.0, 642.0)	(30.0, 903.0)	(31.0, 1154.0)	(32.0, 1569.0)	(33.0, 2133.0)	(34.0, 2822.0)	(35.0, 4405.0)	(36.0, 6924.0)	(37.0, 9055.0)	(38.0, 499.0)		
SRR37700678_1	(18.0, 2.0)	(19.0, 0.0)	(20.0, 1.0)	(21.0, 6.0)	(22.0, 52.0)	(23.0, 126.0)	(24.0, 246.0)	(25.0, 331.0)	(26.0, 379.0)	(27.0, 454.0)	(28.0, 502.0)	(29.0, 610.0)	(30.0, 714.0)	(31.0, 880.0)	(32.0, 1069.0)	(33.0, 1419.0)	(34.0, 1994.0)	(35.0, 3002.0)	(36.0, 5651.0)	(37.0, 15643.0)	(38.0, 2246.0)				
SRR37700678_2	(18.0, 2.0)	(19.0, 8.0)	(20.0, 17.0)	(21.0, 28.0)	(22.0, 42.0)	(23.0, 69.0)	(24.0, 75.0)	(25.0, 154.0)	(26.0, 284.0)	(27.0, 452.0)	(28.0, 662.0)	(29.0, 942.0)	(30.0, 1092.0)	(31.0, 1429.0)	(32.0, 1862.0)	(33.0, 2425.0)	(34.0, 3411.0)	(35.0, 4836.0)	(36.0, 7020.0)	(37.0, 10085.0)	(38.0, 432.0)				
SRR37700679_1	(20.0, 2.0)	(21.0, 10.0)	(22.0, 21.0)	(23.0, 79.0)	(24.0, 127.0)	(25.0, 145.0)	(26.0, 185.0)	(27.0, 242.0)	(28.0, 295.0)	(29.0, 310.0)	(30.0, 414.0)	(31.0, 573.0)	(32.0, 820.0)	(33.0, 987.0)	(34.0, 1317.0)	(35.0, 2116.0)	(36.0, 3774.0)	(37.0, 11384.0)	(38.0, 2139.0)						
SRR37700679_2	(18.0, 2.0)	(19.0, 6.0)	(20.0, 14.0)	(21.0, 21.0)	(22.0, 26.0)	(23.0, 31.0)	(24.0, 46.0)	(25.0, 90.0)	(26.0, 165.0)	(27.0, 244.0)	(28.0, 384.0)	(29.0, 532.0)	(30.0, 693.0)	(31.0, 878.0)	(32.0, 1134.0)	(33.0, 1520.0)	(34.0, 2132.0)	(35.0, 3127.0)	(36.0, 4786.0)	(37.0, 8258.0)	(38.0, 851.0)				
SRR37700680_1	(16.0, 1.0)	(17.0, 0.0)	(18.0, 0.0)	(19.0, 0.0)	(20.0, 0.0)	(21.0, 5.0)	(22.0, 16.0)	(23.0, 59.0)	(24.0, 115.0)	(25.0, 137.0)	(26.0, 133.0)	(27.0, 178.0)	(28.0, 213.0)	(29.0, 264.0)	(30.0, 336.0)	(31.0, 470.0)	(32.0, 596.0)	(33.0, 834.0)	(34.0, 1120.0)	(35.0, 1618.0)	(36.0, 2877.0)	(37.0, 9643.0)	(38.0, 1051.0)		
SRR37700680_2	(17.0, 1.0)	(18.0, 2.0)	(19.0, 4.0)	(20.0, 5.0)	(21.0, 19.0)	(22.0, 18.0)	(23.0, 19.0)	(24.0, 32.0)	(25.0, 52.0)	(26.0, 82.0)	(27.0, 173.0)	(28.0, 307.0)	(29.0, 357.0)	(30.0, 537.0)	(31.0, 612.0)	(32.0, 833.0)	(33.0, 1122.0)	(34.0, 1586.0)	(35.0, 2207.0)	(36.0, 3744.0)	(37.0, 7464.0)	(38.0, 490.0)			
SRR37700681_1	(20.0, 1.0)	(21.0, 12.0)	(22.0, 29.0)	(23.0, 79.0)	(24.0, 139.0)	(25.0, 174.0)	(26.0, 204.0)	(27.0, 243.0)	(28.0, 301.0)	(29.0, 430.0)	(30.0, 483.0)	(31.0, 681.0)	(32.0, 869.0)	(33.0, 1183.0)	(34.0, 1639.0)	(35.0, 2476.0)	(36.0, 4482.0)	(37.0, 16080.0)	(38.0, 1315.0)						
SRR37700681_2	(15.0, 2.0)	(16.0, 0.0)	(17.0, 0.0)	(18.0, 8.0)	(19.0, 13.0)	(20.0, 22.0)	(21.0, 24.0)	(22.0, 35.0)	(23.0, 52.0)	(24.0, 58.0)	(25.0, 85.0)	(26.0, 164.0)	(27.0, 305.0)	(28.0, 502.0)	(29.0, 647.0)	(30.0, 859.0)	(31.0, 1156.0)	(32.0, 1515.0)	(33.0, 2015.0)	(34.0, 2688.0)	(35.0, 4030.0)	(36.0, 6276.0)	(37.0, 10000.0)	(38.0, 364.0)	
SRR37700682_1	(19.0, 1.0)	(20.0, 7.0)	(21.0, 20.0)	(22.0, 65.0)	(23.0, 184.0)	(24.0, 368.0)	(25.0, 432.0)	(26.0, 509.0)	(27.0, 592.0)	(28.0, 668.0)	(29.0, 823.0)	(30.0, 1063.0)	(31.0, 1402.0)	(32.0, 1943.0)	(33.0, 2612.0)	(34.0, 3585.0)	(35.0, 5650.0)	(36.0, 10562.0)	(37.0, 35737.0)	(38.0, 3101.0)					
SRR37700682_2	(15.0, 1.0)	(16.0, 2.0)	(17.0, 3.0)	(18.0, 11.0)	(19.0, 13.0)	(20.0, 32.0)	(21.0, 36.0)	(22.0, 47.0)	(23.0, 74.0)	(24.0, 96.0)	(25.0, 164.0)	(26.0, 282.0)	(27.0, 543.0)	(28.0, 847.0)	(29.0, 1138.0)	(30.0, 1614.0)	(31.0, 2069.0)	(32.0, 2797.0)	(33.0, 3931.0)	(34.0, 5539.0)	(35.0, 7964.0)	(36.0, 14088.0)	(37.0, 26588.0)	(38.0, 1445.0)	
SRR37700683_1	(19.0, 3.0)	(20.0, 6.0)	(21.0, 28.0)	(22.0, 84.0)	(23.0, 273.0)	(24.0, 595.0)	(25.0, 803.0)	(26.0, 944.0)	(27.0, 1180.0)	(28.0, 1340.0)	(29.0, 1582.0)	(30.0, 2065.0)	(31.0, 2670.0)	(32.0, 3665.0)	(33.0, 5092.0)	(34.0, 6989.0)	(35.0, 10569.0)	(36.0, 19229.0)	(37.0, 65863.0)	(38.0, 6820.0)					
SRR37700683_2	(17.0, 1.0)	(18.0, 6.0)	(19.0, 23.0)	(20.0, 46.0)	(21.0, 64.0)	(22.0, 89.0)	(23.0, 166.0)	(24.0, 210.0)	(25.0, 298.0)	(26.0, 542.0)	(27.0, 816.0)	(28.0, 1305.0)	(29.0, 2053.0)	(30.0, 2665.0)	(31.0, 3524.0)	(32.0, 4767.0)	(33.0, 6718.0)	(34.0, 9345.0)	(35.0, 13975.0)	(36.0, 25328.0)	(37.0, 53643.0)	(38.0, 4216.0)			
SRR37700684_1	(19.0, 1.0)	(20.0, 4.0)	(21.0, 10.0)	(22.0, 50.0)	(23.0, 143.0)	(24.0, 294.0)	(25.0, 330.0)	(26.0, 421.0)	(27.0, 402.0)	(28.0, 488.0)	(29.0, 554.0)	(30.0, 688.0)	(31.0, 843.0)	(32.0, 1156.0)	(33.0, 1504.0)	(34.0, 2010.0)	(35.0, 3049.0)	(36.0, 5418.0)	(37.0, 16366.0)	(38.0, 2764.0)					
SRR37700684_2	(18.0, 3.0)	(19.0, 11.0)	(20.0, 19.0)	(21.0, 26.0)	(22.0, 29.0)	(23.0, 49.0)	(24.0, 62.0)	(25.0, 99.0)	(26.0, 149.0)	(27.0, 291.0)	(28.0, 515.0)	(29.0, 721.0)	(30.0, 968.0)	(31.0, 1284.0)	(32.0, 1536.0)	(33.0, 2200.0)	(34.0, 3097.0)	(35.0, 4473.0)	(36.0, 7237.0)	(37.0, 12951.0)	(38.0, 775.0)				
SRR37700685_1	(20.0, 1.0)	(21.0, 4.0)	(22.0, 20.0)	(23.0, 59.0)	(24.0, 140.0)	(25.0, 147.0)	(26.0, 177.0)	(27.0, 258.0)	(28.0, 289.0)	(29.0, 406.0)	(30.0, 515.0)	(31.0, 761.0)	(32.0, 1018.0)	(33.0, 1408.0)	(34.0, 1928.0)	(35.0, 3015.0)	(36.0, 5059.0)	(37.0, 15735.0)	(38.0, 1323.0)						
SRR37700685_2	(19.0, 7.0)	(20.0, 20.0)	(21.0, 24.0)	(22.0, 22.0)	(23.0, 42.0)	(24.0, 42.0)	(25.0, 101.0)	(26.0, 189.0)	(27.0, 256.0)	(28.0, 427.0)	(29.0, 671.0)	(30.0, 886.0)	(31.0, 1074.0)	(32.0, 1361.0)	(33.0, 1863.0)	(34.0, 2466.0)	(35.0, 3606.0)	(36.0, 6175.0)	(37.0, 12222.0)	(38.0, 809.0)					
SRR37700686_1	(21.0, 8.0)	(22.0, 12.0)	(23.0, 56.0)	(24.0, 86.0)	(25.0, 98.0)	(26.0, 151.0)	(27.0, 170.0)	(28.0, 183.0)	(29.0, 270.0)	(30.0, 396.0)	(31.0, 510.0)	(32.0, 655.0)	(33.0, 986.0)	(34.0, 1403.0)	(35.0, 2026.0)	(36.0, 3764.0)	(37.0, 11132.0)	(38.0, 1201.0)							
SRR37700686_2	(16.0, 1.0)	(17.0, 1.0)	(18.0, 2.0)	(19.0, 5.0)	(20.0, 12.0)	(21.0, 12.0)	(22.0, 15.0)	(23.0, 27.0)	(24.0, 36.0)	(25.0, 50.0)	(26.0, 121.0)	(27.0, 171.0)	(28.0, 270.0)	(29.0, 386.0)	(30.0, 518.0)	(31.0, 630.0)	(32.0, 828.0)	(33.0, 1163.0)	(34.0, 1682.0)	(35.0, 2448.0)	(36.0, 4187.0)	(37.0, 9578.0)	(38.0, 964.0)		
SRR37700687_1	(17.0, 1.0)	(18.0, 1.0)	(19.0, 0.0)	(20.0, 4.0)	(21.0, 18.0)	(22.0, 61.0)	(23.0, 220.0)	(24.0, 400.0)	(25.0, 440.0)	(26.0, 482.0)	(27.0, 590.0)	(28.0, 644.0)	(29.0, 745.0)	(30.0, 988.0)	(31.0, 1182.0)	(32.0, 1589.0)	(33.0, 2145.0)	(34.0, 2985.0)	(35.0, 4446.0)	(36.0, 7914.0)	(37.0, 23815.0)	(38.0, 1791.0)			
SRR37700687_2	(17.0, 2.0)	(18.0, 1.0)	(19.0, 13.0)	(20.0, 12.0)	(21.0, 37.0)	(22.0, 35.0)	(23.0, 62.0)	(24.0, 63.0)	(25.0, 114.0)	(26.0, 201.0)	(27.0, 335.0)	(28.0, 600.0)	(29.0, 949.0)	(30.0, 1240.0)	(31.0, 1588.0)	(32.0, 2101.0)	(33.0, 2953.0)	(34.0, 4001.0)	(35.0, 5846.0)	(36.0, 10448.0)	(37.0, 18939.0)	(38.0, 921.0)			
SRR37700688_1	(18.0, 1.0)	(19.0, 2.0)	(20.0, 1.0)	(21.0, 14.0)	(22.0, 26.0)	(23.0, 111.0)	(24.0, 217.0)	(25.0, 247.0)	(26.0, 320.0)	(27.0, 383.0)	(28.0, 445.0)	(29.0, 522.0)	(30.0, 735.0)	(31.0, 957.0)	(32.0, 1273.0)	(33.0, 1668.0)	(34.0, 2363.0)	(35.0, 3576.0)	(36.0, 5998.0)	(37.0, 17952.0)	(38.0, 1558.0)				
SRR37700688_2	(17.0, 1.0)	(18.0, 9.0)	(19.0, 13.0)	(20.0, 18.0)	(21.0, 23.0)	(22.0, 33.0)	(23.0, 48.0)	(24.0, 52.0)	(25.0, 90.0)	(26.0, 202.0)	(27.0, 357.0)	(28.0, 542.0)	(29.0, 841.0)	(30.0, 1035.0)	(31.0, 1270.0)	(32.0, 1681.0)	(33.0, 2228.0)	(34.0, 3059.0)	(35.0, 4479.0)	(36.0, 7501.0)	(37.0, 13960.0)	(38.0, 927.0)			
SRR37700689_1	(20.0, 2.0)	(21.0, 11.0)	(22.0, 27.0)	(23.0, 83.0)	(24.0, 183.0)	(25.0, 239.0)	(26.0, 268.0)	(27.0, 353.0)	(28.0, 390.0)	(29.0, 442.0)	(30.0, 516.0)	(31.0, 614.0)	(32.0, 930.0)	(33.0, 1221.0)	(34.0, 1734.0)	(35.0, 2556.0)	(36.0, 4803.0)	(37.0, 15947.0)	(38.0, 1897.0)						
SRR37700689_2	(17.0, 1.0)	(18.0, 5.0)	(19.0, 4.0)	(20.0, 12.0)	(21.0, 24.0)	(22.0, 26.0)	(23.0, 32.0)	(24.0, 54.0)	(25.0, 69.0)	(26.0, 131.0)	(27.0, 214.0)	(28.0, 339.0)	(29.0, 549.0)	(30.0, 748.0)	(31.0, 828.0)	(32.0, 1172.0)	(33.0, 1550.0)	(34.0, 2221.0)	(35.0, 3237.0)	(36.0, 5822.0)	(37.0, 13994.0)	(38.0, 1184.0)			
SRR37700690_1	(16.0, 1.0)	(17.0, 1.0)	(18.0, 0.0)	(19.0, 0.0)	(20.0, 1.0)	(21.0, 6.0)	(22.0, 16.0)	(23.0, 80.0)	(24.0, 129.0)	(25.0, 177.0)	(26.0, 223.0)	(27.0, 237.0)	(28.0, 305.0)	(29.0, 351.0)	(30.0, 462.0)	(31.0, 625.0)	(32.0, 937.0)	(33.0, 1188.0)	(34.0, 1706.0)	(35.0, 2515.0)	(36.0, 4277.0)	(37.0, 14093.0)	(38.0, 1727.0)		
SRR37700690_2	(17.0, 3.0)	(18.0, 0.0)	(19.0, 7.0)	(20.0, 12.0)	(21.0, 22.0)	(22.0, 19.0)	(23.0, 28.0)	(24.0, 44.0)	(25.0, 79.0)	(26.0, 147.0)	(27.0, 233.0)	(28.0, 432.0)	(29.0, 594.0)	(30.0, 744.0)	(31.0, 846.0)	(32.0, 1086.0)	(33.0, 1477.0)	(34.0, 1920.0)	(35.0, 2971.0)	(36.0, 5038.0)	(37.0, 11994.0)	(38.0, 1361.0)			
SRR37700691_1	(20.0, 6.0)	(21.0, 15.0)	(22.0, 60.0)	(23.0, 219.0)	(24.0, 355.0)	(25.0, 444.0)	(26.0, 537.0)	(27.0, 603.0)	(28.0, 668.0)	(29.0, 800.0)	(30.0, 1071.0)	(31.0, 1390.0)	(32.0, 1940.0)	(33.0, 2544.0)	(34.0, 3523.0)	(35.0, 5309.0)	(36.0, 9683.0)	(37.0, 31495.0)	(38.0, 3050.0)						
SRR37700691_2	(17.0, 2.0)	(18.0, 7.0)	(19.0, 13.0)	(20.0, 19.0)	(21.0, 29.0)	(22.0, 46.0)	(23.0, 61.0)	(24.0, 107.0)	(25.0, 145.0)	(26.0, 270.0)	(27.0, 534.0)	(28.0, 848.0)	(29.0, 1237.0)	(30.0, 1660.0)	(31.0, 2091.0)	(32.0, 2690.0)	(33.0, 3556.0)	(34.0, 4821.0)	(35.0, 7232.0)	(36.0, 12592.0)	(37.0, 24112.0)	(38.0, 1640.0)			
SRR37700693_1	(20.0, 4.0)	(21.0, 11.0)	(22.0, 24.0)	(23.0, 96.0)	(24.0, 205.0)	(25.0, 213.0)	(26.0, 242.0)	(27.0, 328.0)	(28.0, 336.0)	(29.0, 416.0)	(30.0, 552.0)	(31.0, 667.0)	(32.0, 993.0)	(33.0, 1339.0)	(34.0, 1864.0)	(35.0, 2833.0)	(36.0, 5222.0)	(37.0, 16763.0)	(38.0, 1350.0)						
SRR37700693_2	(17.0, 2.0)	(18.0, 8.0)	(19.0, 9.0)	(20.0, 8.0)	(21.0, 25.0)	(22.0, 24.0)	(23.0, 33.0)	(24.0, 39.0)	(25.0, 91.0)	(26.0, 151.0)	(27.0, 262.0)	(28.0, 454.0)	(29.0, 642.0)	(30.0, 841.0)	(31.0, 1084.0)	(32.0, 1453.0)	(33.0, 1877.0)	(34.0, 2748.0)	(35.0, 3822.0)	(36.0, 6808.0)	(37.0, 12476.0)	(38.0, 601.0)			
SRR37700696_1	(18.0, 1.0)	(19.0, 0.0)	(20.0, 5.0)	(21.0, 15.0)	(22.0, 32.0)	(23.0, 119.0)	(24.0, 204.0)	(25.0, 256.0)	(26.0, 305.0)	(27.0, 342.0)	(28.0, 417.0)	(29.0, 550.0)	(30.0, 637.0)	(31.0, 914.0)	(32.0, 1148.0)	(33.0, 1506.0)	(34.0, 1977.0)	(35.0, 2999.0)	(36.0, 5425.0)	(37.0, 18743.0)	(38.0, 1637.0)				
SRR37700696_2	(18.0, 2.0)	(19.0, 6.0)	(20.0, 18.0)	(21.0, 28.0)	(22.0, 30.0)	(23.0, 47.0)	(24.0, 57.0)	(25.0, 70.0)	(26.0, 119.0)	(27.0, 263.0)	(28.0, 445.0)	(29.0, 675.0)	(30.0, 856.0)	(31.0, 1188.0)	(32.0, 1633.0)	(33.0, 2065.0)	(34.0, 2978.0)	(35.0, 4519.0)	(36.0, 7906.0)	(37.0, 13900.0)	(38.0, 427.0)				
SRR37700697_1	(19.0, 1.0)	(20.0, 6.0)	(21.0, 18.0)	(22.0, 65.0)	(23.0, 221.0)	(24.0, 333.0)	(25.0, 376.0)	(26.0, 392.0)	(27.0, 466.0)	(28.0, 557.0)	(29.0, 642.0)	(30.0, 771.0)	(31.0, 1040.0)	(32.0, 1300.0)	(33.0, 1724.0)	(34.0, 2470.0)	(35.0, 3646.0)	(36.0, 6740.0)	(37.0, 17892.0)	(38.0, 2237.0)					
SRR37700697_2	(17.0, 1.0)	(18.0, 7.0)	(19.0, 18.0)	(20.0, 22.0)	(21.0, 33.0)	(22.0, 44.0)	(23.0, 53.0)	(24.0, 69.0)	(25.0, 120.0)	(26.0, 222.0)	(27.0, 469.0)	(28.0, 637.0)	(29.0, 862.0)	(30.0, 1144.0)	(31.0, 1448.0)	(32.0, 1938.0)	(33.0, 2653.0)	(34.0, 3579.0)	(35.0, 5527.0)	(36.0, 8727.0)	(37.0, 12626.0)	(38.0, 698.0)			
