Sample	0	1	2	3	4	5	6	7	8	9	10	11	12	13	14	15
SRR37700586_1	(1.0, 1.5838080441912654)	(2.0, 1.0918349732435697)	(3.0, 0.8091662351113412)	(4.0, 0.647332988089073)	(5.0, 0.38839979285344384)	(6.0, 0.4013464526152252)	(7.0, 0.3020887277749007)	(8.0, 0.3625064733298809)	(9.0, 0.1747799067840497)	('>10', 4.188244432936303)	('>50', 3.04030726739168)	('>100', 9.93656136716727)	('>500', 15.984809252546176)	('>1k', 25.38624201622648)	('>5k', 13.218539616778871)	('>10k+', 22.48403245296047)
SRR37700586_2	(1.0, 3.8559468323839114)	(2.0, 1.5535991714137753)	(3.0, 0.9645261522527189)	(4.0, 0.8544795442775763)	(5.0, 0.6257552218194373)	(6.0, 0.49197307094769555)	(7.0, 0.4833419644398412)	(8.0, 0.3797686863455895)	(9.0, 0.3689798032107716)	('>10', 6.145347833592266)	('>50', 2.9993095114793715)	('>100', 12.11375798377352)	('>500', 16.54798895218367)	('>1k', 39.47652339029864)	('>5k', 13.13870188158122)	('>10k+', 0.0)
SRR37700587_1	(1.0, 1.6383297505048533)	(2.0, 1.3549605888867176)	(3.0, 0.8843072112565957)	(4.0, 0.6449091264412742)	(5.0, 0.4885675200312683)	(6.0, 0.4299394176275161)	(7.0, 0.3989968080255358)	(8.0, 0.2866262784183441)	(9.0, 0.24916943521594684)	('>10', 4.1967949970685945)	('>50', 3.0926324017979288)	('>100', 11.42922285193147)	('>500', 7.787766269298417)	('>1k', 38.55612012246759)	('>5k', 9.940720474236207)	('>10k+', 18.620936746791738)
SRR37700587_2	(1.0, 4.208194905869324)	(2.0, 1.5341020128981826)	(3.0, 1.2556185264803597)	(4.0, 0.7100514624454433)	(5.0, 0.5699954400364797)	(6.0, 0.4103967168262654)	(7.0, 0.3761969904240766)	(8.0, 0.4299394176275161)	(9.0, 0.2638264608168849)	('>10', 5.550127027555208)	('>50', 3.1414891538010554)	('>100', 18.106312292358805)	('>500', 6.144550843593252)	('>1k', 40.26773500097713)	('>5k', 17.03146374829001)	('>10k+', 0.0)
SRR37700588_1	(1.0, 2.0793162749491896)	(2.0, 1.5060711866173329)	(3.0, 1.1803637500651414)	(4.0, 0.7816978477252592)	(5.0, 0.5081036010214185)	(6.0, 0.4064828808171348)	(7.0, 0.4742300276199906)	(8.0, 0.33352441502944397)	(9.0, 0.3048621606128511)	('>10', 6.501120433581739)	('>50', 5.510969826463078)	('>100', 14.4770441398718)	('>500', 17.687216634530202)	('>1k', 31.35390067226015)	('>5k', 16.895096148835272)	('>10k+', 0.0)
SRR37700588_2	(1.0, 4.343634373860024)	(2.0, 1.9698785762676534)	(3.0, 1.305435405701183)	(4.0, 1.0005732450883318)	(5.0, 0.5471884934076815)	(6.0, 0.5002866225441659)	(7.0, 0.49246964406691335)	(8.0, 0.5002866225441659)	(9.0, 0.37521496690812445)	('>10', 8.332899056751264)	('>50', 5.748084840273073)	('>100', 19.604982020949503)	('>500', 13.817812288290165)	('>1k', 41.46125384334775)	('>5k', 0.0)	('>10k+', 0.0)
SRR37700589_1	(1.0, 1.7955715437573652)	(2.0, 1.1474291384977982)	(3.0, 0.9536066488866837)	(4.0, 0.7008621224337902)	(5.0, 0.46517397506667496)	(6.0, 0.334925262048006)	(7.0, 0.32562178254667246)	(8.0, 0.28530670470756064)	(9.0, 0.22328350803200395)	('>10', 4.1617564969298515)	('>50', 3.4469391552440616)	('>100', 13.595484711282019)	('>500', 5.205296780996092)	('>1k', 40.98182720337406)	('>5k', 10.26173788997085)	('>10k+', 16.11517707622651)
SRR37700589_2	(1.0, 3.901259070892514)	(2.0, 1.7676611052533646)	(3.0, 1.1954971159213545)	(4.0, 0.8807293927929045)	(5.0, 0.519444272157787)	(6.0, 0.35353222105067295)	(7.0, 0.4016001984742294)	(8.0, 0.3845438193884513)	(9.0, 0.30701482354400544)	('>10', 6.236432425727222)	('>50', 4.042361843329405)	('>100', 16.203560131489176)	('>500', 7.01327296408857)	('>1k', 47.494262854307514)	('>5k', 9.298827761582832)	('>10k+', 0.0)
SRR37700590_1	(1.0, 1.401419738951225)	(2.0, 1.0121364781314404)	(3.0, 0.7625372108999313)	(4.0, 0.5495763682161667)	(5.0, 0.2976871994504236)	(6.0, 0.31600641172429583)	(7.0, 0.4007327684909549)	(8.0, 0.18319212273872224)	(9.0, 0.24730936569727502)	('>10', 4.1676207923059305)	('>50', 3.347836043050149)	('>100', 11.289214563773758)	('>500', 6.246851385390428)	('>1k', 36.52850927410121)	('>5k', 33.249370277078086)	('>10k+', 0.0)
SRR37700590_2	(1.0, 3.327226929242043)	(2.0, 1.5388138310052668)	(3.0, 1.0510648042134187)	(4.0, 0.5953743989008472)	(5.0, 0.4350812915044653)	(6.0, 0.5633157774215709)	(7.0, 0.3847034577513167)	(8.0, 0.27478818410808337)	(9.0, 0.24730936569727502)	('>10', 6.466681932676894)	('>50', 4.185940004579803)	('>100', 14.717197160522097)	('>500', 15.733913441722006)	('>1k', 50.478589420654906)	('>5k', 0.0)	('>10k+', 0.0)
SRR37700591_1	(1.0, 1.6179016435486975)	(2.0, 1.1583919297270726)	(3.0, 0.9297057000577058)	(4.0, 0.47019598623608116)	(5.0, 0.33127444484814805)	(6.0, 0.2821175917416487)	(7.0, 0.2992156276047789)	(8.0, 0.2393725020838231)	(9.0, 0.269294064844301)	('>10', 3.785077689200453)	('>50', 2.701489666374575)	('>100', 14.304644253991322)	('>500', 9.90190001923529)	('>1k', 30.069033319797388)	('>5k', 11.368056594498707)	('>10k+', 22.272328966210004)
SRR37700591_2	(1.0, 3.248626813994742)	(2.0, 1.4875291200923295)	(3.0, 0.9297057000577058)	(4.0, 0.5727842014148624)	(5.0, 0.4167646241637991)	(6.0, 0.5257646027912544)	(7.0, 0.37401953450597364)	(8.0, 0.2906666096732138)	(9.0, 0.230823484152258)	('>10', 4.9263715830643955)	('>50', 3.8342345423069526)	('>100', 17.67936908247665)	('>500', 9.089743315736605)	('>1k', 36.29699288294257)	('>5k', 20.096603902626686)	('>10k+', 0.0)
SRR37700592_1	(1.0, 1.3556082063432233)	(2.0, 1.0742555597436865)	(3.0, 0.8157880566474611)	(4.0, 0.6300145387970492)	(5.0, 0.4105863981476496)	(6.0, 0.35539281675730977)	(7.0, 0.27327553712777986)	(8.0, 0.18308114802649292)	(9.0, 0.2423132841527112)	('>10', 3.883743471003177)	('>50', 2.748909590221313)	('>100', 12.347208012492596)	('>500', 7.733832319207366)	('>1k', 26.5790749017285)	('>5k', 21.980507242474825)	('>10k+', 19.386408917128854)
SRR37700592_2	(1.0, 3.3439233213074147)	(2.0, 1.4673415540358623)	(3.0, 1.070217005007808)	(4.0, 0.7754025092886758)	(5.0, 0.46443379462602985)	(6.0, 0.4200096925313661)	(7.0, 0.40520165849981155)	(8.0, 0.3015454202789295)	(9.0, 0.16961929890689784)	('>10', 5.5799364600721555)	('>50', 3.836626999084594)	('>100', 17.00904636260837)	('>500', 8.65058424425179)	('>1k', 48.92035970060847)	('>5k', 7.585751978891821)	('>10k+', 0.0)
SRR37700593_1	(1.0, 1.3376921053620412)	(2.0, 1.0821778829895163)	(3.0, 1.0145417653026716)	(4.0, 0.6237553075564574)	(5.0, 0.44151354601134785)	(6.0, 0.34945327471536464)	(7.0, 0.27618081388794946)	(8.0, 0.2555142223725247)	(9.0, 0.38890767669935744)	('>10', 4.306166159395784)	('>50', 3.86841017547815)	('>100', 10.220568894900989)	('>500', 5.2925262089956036)	('>1k', 20.69101566903393)	('>5k', 49.85157629729831)	('>10k+', 0.0)
SRR37700593_2	(1.0, 3.081200916845151)	(2.0, 1.4804794649231579)	(3.0, 1.093450569270657)	(4.0, 0.7064216736181566)	(5.0, 0.5072708826513358)	(6.0, 0.38327133355878706)	(7.0, 0.4339984218239206)	(8.0, 0.2555142223725247)	(9.0, 0.4734528238079134)	('>10', 6.808702513809041)	('>50', 3.4738661556382224)	('>100', 12.510802991019426)	('>500', 11.640927366324728)	('>1k', 34.12242137301319)	('>5k', 23.02821929132379)	('>10k+', 0.0)
SRR37700594_1	(1.0, 1.5842737239468294)	(2.0, 1.2489458254688568)	(3.0, 0.9336974418698044)	(4.0, 0.6987671177864343)	(5.0, 0.5321071442913939)	(6.0, 0.44576523031203563)	(7.0, 0.3232801895506205)	(8.0, 0.305208626159592)	(9.0, 0.23493032408337017)	('>10', 4.493795429902414)	('>50', 3.054094213083812)	('>100', 15.071683868117747)	('>500', 9.182362154130356)	('>1k', 35.4985743544436)	('>5k', 26.392514356853138)	('>10k+', 0.0)
SRR37700594_2	(1.0, 3.283000682703506)	(2.0, 1.4216296534275732)	(3.0, 1.0963415123890607)	(4.0, 0.76302156539898)	(5.0, 0.572266174049235)	(6.0, 0.44576523031203563)	(7.0, 0.3935584916268423)	(8.0, 0.4337175213846834)	(9.0, 0.18071563391028472)	('>10', 5.678486807758724)	('>50', 3.7287659130155415)	('>100', 17.36476446729047)	('>500', 6.626239910043773)	('>1k', 45.755190554596204)	('>5k', 12.25653588209309)	('>10k+', 0.0)
SRR37700595_1	(1.0, 1.4627055510129918)	(2.0, 1.1338239302262196)	(3.0, 1.1501771599890978)	(4.0, 0.6032524756972835)	(5.0, 0.49968202053238847)	(6.0, 0.45789043336058866)	(7.0, 0.25438357408921597)	(8.0, 0.30526028890705914)	(9.0, 0.3107113654946852)	('>10', 5.985282093213409)	('>50', 2.5710911238302896)	('>100', 13.16071590805851)	('>500', 13.771236485872626)	('>1k', 24.380848550922142)	('>5k', 12.933587716907422)	('>10k+', 21.019351321886074)
SRR37700595_2	(1.0, 3.3451439992731897)	(2.0, 1.5808122104115565)	(3.0, 1.1501771599890978)	(4.0, 0.8867084582538385)	(5.0, 0.5905332969928228)	(6.0, 0.44698828018533665)	(7.0, 0.25438357408921597)	(8.0, 0.3488689016080676)	(9.0, 0.21259198691741618)	('>10', 7.1100208957935855)	('>50', 5.007722358499137)	('>100', 16.10429726537658)	('>500', 18.580903061688016)	('>1k', 31.521758880712277)	('>5k', 12.859089670209867)	('>10k+', 0.0)
SRR37700597_1	(1.0, 1.3021811106939276)	(2.0, 0.9386626617059767)	(3.0, 0.7577567669044611)	(4.0, 0.6143973785711848)	(5.0, 0.34986517390859134)	(6.0, 0.3481585145236714)	(7.0, 0.2628255452776735)	(8.0, 0.12287947571423695)	(9.0, 0.19967914803563505)	('>10', 3.8365702973000646)	('>50', 1.8704986858722734)	('>100', 9.738198450353279)	('>500', 5.860668327815135)	('>1k', 47.525343891866065)	('>5k', 26.272314571457827)	('>10k+', 0.0)
SRR37700597_2	(1.0, 2.8586544697409293)	(2.0, 1.4233539270232447)	(3.0, 0.9830358057138956)	(4.0, 0.7918899546028604)	(5.0, 0.5717308939481859)	(6.0, 0.4710379902379084)	(7.0, 0.2747721609721132)	(8.0, 0.38229170222207054)	(9.0, 0.27647882035703314)	('>10', 5.6695224767041)	('>50', 1.1827149537495307)	('>100', 13.965593746800014)	('>500', 9.543639280472403)	('>1k', 46.18220295593405)	('>5k', 15.423080861521656)	('>10k+', 0.0)
SRR37700598_1	(1.0, 1.6188985620659297)	(2.0, 1.2471877139782843)	(3.0, 1.0711141543578206)	(4.0, 0.5771300009781865)	(5.0, 0.635821187518341)	(6.0, 0.4988750855913137)	(7.0, 0.4964296194854739)	(8.0, 0.3325833903942091)	(9.0, 0.33013792428836936)	('>10', 5.651472170595715)	('>50', 4.137728651080896)	('>100', 15.474909517754085)	('>500', 6.015846620365842)	('>1k', 26.988163944047734)	('>5k', 34.9237014574978)	('>10k+', 0.0)
SRR37700598_2	(1.0, 3.565489582314389)	(2.0, 1.6726988163944048)	(3.0, 1.4672796635038639)	(4.0, 0.7336398317519319)	(5.0, 0.5991391959307444)	(6.0, 0.5135478822263524)	(7.0, 0.42795656852196035)	(8.0, 0.35214711924092734)	(9.0, 0.3741563141934853)	('>10', 7.8768463269099085)	('>50', 4.355375134500636)	('>100', 28.02748703902964)	('>500', 9.077570184877237)	('>1k', 28.232906191920183)	('>5k', 12.72376014868434)	('>10k+', 0.0)
SRR37700599_1	(1.0, 1.6999701759618253)	(2.0, 1.1213838353713093)	(3.0, 0.8827915299731584)	(4.0, 0.6601053782682175)	(5.0, 0.44736057262153295)	(6.0, 0.5964807634953773)	(7.0, 0.3618649965205289)	(8.0, 0.23859230539815093)	(9.0, 0.2863107664777811)	('>10', 5.034297643900984)	('>50', 3.6285913112635453)	('>100', 15.228153892036984)	('>500', 8.416343572919773)	('>1k', 30.71875932001193)	('>5k', 30.6789939357789)	('>10k+', 0.0)
SRR37700599_2	(1.0, 3.5530370812207974)	(2.0, 2.02405805746098)	(3.0, 1.2466447957053384)	(4.0, 0.7953076846605031)	(5.0, 0.5964807634953773)	(6.0, 0.5487623024157471)	(7.0, 0.32011134307585243)	(8.0, 0.3658415349438314)	(9.0, 0.26841634357291977)	('>10', 6.791927627000696)	('>50', 5.9170891738741425)	('>100', 16.540411571726814)	('>500', 14.701262550949398)	('>1k', 36.079133114623716)	('>5k', 10.251516055273884)	('>10k+', 0.0)
SRR37700600_1	(1.0, 2.1056305258259655)	(2.0, 1.6344811540251278)	(3.0, 1.1516984644020476)	(4.0, 0.8841321544904607)	(5.0, 0.6979990693345742)	(6.0, 0.43624941833410885)	(7.0, 0.5496742671009772)	(8.0, 0.3955328059562588)	(9.0, 0.20939972080037225)	('>10', 7.00907398790135)	('>50', 3.5772452303396927)	('>100', 14.628897161470453)	('>500', 16.234295020939975)	('>1k', 50.48569101907864)	('>5k', 0.0)	('>10k+', 0.0)
SRR37700600_2	(1.0, 3.8360865518845975)	(2.0, 1.518147975802699)	(3.0, 1.2825732899022801)	(4.0, 0.9073987901349464)	(5.0, 0.5962075383899489)	(6.0, 0.36644951140065146)	(7.0, 0.508957654723127)	(8.0, 0.2791996277338297)	(9.0, 0.36644951140065146)	('>10', 8.483597021870636)	('>50', 4.502093997208004)	('>100', 23.106677524429966)	('>500', 10.292577943229409)	('>1k', 43.95358306188925)	('>5k', 0.0)	('>10k+', 0.0)
SRR37700601_1	(1.0, 2.2129209781808314)	(2.0, 1.5889625237375498)	(3.0, 1.092896174863388)	(4.0, 0.63558500949502)	(5.0, 0.48443979382242375)	(6.0, 0.46506220206952675)	(7.0, 0.3798007983567802)	(8.0, 0.24803317443708095)	(9.0, 0.13951866062085805)	('>10', 8.119210944463822)	('>50', 6.336472503197303)	('>100', 18.141301399062122)	('>500', 10.235243963880169)	('>1k', 49.920551873813125)	('>5k', 0.0)	('>10k+', 0.0)
SRR37700601_2	(1.0, 4.514978878424989)	(2.0, 2.139286129519823)	(3.0, 1.3951866062085805)	(4.0, 0.8836181839321009)	(5.0, 0.6007053443398055)	(6.0, 0.5813277525869085)	(7.0, 0.5154439406270589)	(8.0, 0.46506220206952675)	(9.0, 0.5929543076386466)	('>10', 11.363019803898771)	('>50', 5.97217377824284)	('>100', 25.34201449443863)	('>500', 6.820912297019727)	('>1k', 38.81331628105259)	('>5k', 0.0)	('>10k+', 0.0)
SRR37700602_1	(1.0, 1.9411469007385638)	(2.0, 1.500328680252117)	(3.0, 1.0904450717296315)	(4.0, 0.680561463207146)	(5.0, 0.3286802521170875)	(6.0, 0.20880863075673795)	(7.0, 0.4060167820269905)	(8.0, 0.340280731603573)	(9.0, 0.2436100692161943)	('>10', 7.312168902981324)	('>50', 4.6169908356212055)	('>100', 18.99771857236766)	('>500', 13.63443022311589)	('>1k', 48.698812884265884)	('>5k', 0.0)	('>10k+', 0.0)
SRR37700602_2	(1.0, 4.2109740535942155)	(2.0, 2.211824755423224)	(3.0, 1.7168709639998454)	(4.0, 0.9589729708827965)	(5.0, 0.6380263717566993)	(6.0, 0.6728278102161556)	(7.0, 0.37894899655852443)	(8.0, 0.7114960751711071)	(9.0, 0.2784115076756506)	('>10', 8.959436990062256)	('>50', 5.599164765476973)	('>100', 23.487104133637523)	('>500', 17.102973589575036)	('>1k', 33.072967015969994)	('>5k', 0.0)	('>10k+', 0.0)
SRR37700603_1	(1.0, 1.6257519102584945)	(2.0, 1.1488646832493363)	(3.0, 0.8372622337831247)	(4.0, 0.6503007641033979)	(5.0, 0.4335338427355986)	(6.0, 0.2438627865387742)	(7.0, 0.18967105619682437)	(8.0, 0.2384436135045792)	(9.0, 0.2438627865387742)	('>10', 4.57920121389476)	('>50', 3.687747249769685)	('>100', 10.185335717769469)	('>500', 16.05700970031973)	('>1k', 43.968460412940985)	('>5k', 15.910692028396467)	('>10k+', 0.0)
SRR37700603_2	(1.0, 3.362596867717986)	(2.0, 1.50111093047201)	(3.0, 0.9998374248089742)	(4.0, 1.0079661843602667)	(5.0, 0.6096569663469354)	(6.0, 0.4552105348723785)	(7.0, 0.3224407955346014)	(8.0, 0.4118571505988186)	(9.0, 0.31702162250040644)	('>10', 6.578876063512708)	('>50', 2.8342274968839756)	('>100', 14.336422261962825)	('>500', 12.24733105728066)	('>1k', 55.01544464314746)	('>5k', 0.0)	('>10k+', 0.0)
SRR37700604_1	(1.0, 1.6642716305183305)	(2.0, 1.102830598536243)	(3.0, 1.0226247368245163)	(4.0, 0.628279250075193)	(5.0, 0.48457708117501586)	(6.0, 0.32082344684690706)	(7.0, 0.2573271396584567)	(8.0, 0.24061758513518028)	(9.0, 0.21054038699328276)	('>10', 4.434715770477559)	('>50', 2.4128596731611136)	('>100', 10.236273100959128)	('>500', 9.076630017043746)	('>1k', 67.90762958259533)	('>5k', 0.0)	('>10k+', 0.0)
SRR37700604_2	(1.0, 3.6326571533602916)	(2.0, 1.7979480667045418)	(3.0, 1.1329077966781405)	(4.0, 0.7485880426427832)	(5.0, 0.4678675266517394)	(6.0, 0.38097784313070215)	(7.0, 0.6550145373124353)	(8.0, 0.40102930855863383)	(9.0, 0.3609263777027705)	('>10', 6.266082946228653)	('>50', 4.9059252080339535)	('>100', 16.49567222537847)	('>500', 9.751696019784113)	('>1k', 53.00270694783277)	('>5k', 0.0)	('>10k+', 0.0)
SRR37700605_1	(1.0, 1.769757051103044)	(2.0, 1.3613515777715721)	(3.0, 0.9529461044401005)	(4.0, 0.6283161128176488)	(5.0, 0.5585032113934655)	(6.0, 0.3769896676905892)	(7.0, 0.1954761239877129)	(8.0, 0.36302708740575257)	(9.0, 0.3769896676905892)	('>10', 7.040631108628874)	('>50', 3.8955598994694216)	('>100', 8.92557944708182)	('>500', 14.688634459648142)	('>1k', 33.41943591175649)	('>5k', 25.446802569114773)	('>10k+', 0.0)
SRR37700605_2	(1.0, 3.6651773247696173)	(2.0, 1.8221167271711813)	(3.0, 1.4346551242669645)	(4.0, 0.963418039653728)	(5.0, 0.4712370846132365)	(6.0, 0.523596760681374)	(7.0, 0.6108628874616029)	(8.0, 0.2234012845573862)	(9.0, 0.2513264451270595)	('>10', 7.801591734152471)	('>50', 6.698547891650378)	('>100', 15.271572186540073)	('>500', 9.42474169226473)	('>1k', 50.8377548170902)	('>5k', 0.0)	('>10k+', 0.0)
SRR37700606_1	(1.0, 1.5286420296524539)	(2.0, 1.184497488945357)	(3.0, 0.8163428640028811)	(4.0, 0.4882050461193701)	(5.0, 0.3701554652954241)	(6.0, 0.3721563056483723)	(7.0, 0.2240941195302027)	(8.0, 0.2240941195302027)	(9.0, 0.2340983212949439)	('>10', 4.397847095780227)	('>50', 3.013265571540047)	('>100', 8.877728646031333)	('>500', 10.474399247684026)	('>1k', 21.971227915724604)	('>5k', 45.823245763220555)	('>10k+', 0.0)
SRR37700606_2	(1.0, 3.5374857440124856)	(2.0, 1.4886252225934893)	(3.0, 0.9964184957682226)	(4.0, 0.7603193341203306)	(5.0, 0.5502310970607655)	(6.0, 0.4441865583545089)	(7.0, 0.42017647411913006)	(8.0, 0.2721142880009604)	(9.0, 0.378158826707217)	('>10', 5.480301726725225)	('>50', 3.6235218791892594)	('>100', 12.513255567338282)	('>500', 13.235558934752595)	('>1k', 32.32557674223174)	('>5k', 23.97406910902579)	('>10k+', 0.0)
SRR37700607_1	(1.0, 3.3107440350134123)	(2.0, 1.327121276295355)	(3.0, 0.8894536213468869)	(4.0, 0.5647324579980234)	(5.0, 0.458845122123394)	(6.0, 0.3811944091486658)	(7.0, 0.34589863052378933)	(8.0, 0.4517859663984188)	(9.0, 0.6353240152477764)	('>10', 12.473528166031343)	('>50', 6.762671184526331)	('>100', 23.104616687844135)	('>500', 14.69716221939856)	('>1k', 34.596922208103905)	('>5k', 0.0)	('>10k+', 0.0)
SRR37700607_2	(1.0, 7.073274036425244)	(2.0, 1.9483269800931808)	(3.0, 0.9953409572215163)	(4.0, 0.7906254411972328)	(5.0, 0.529436679373147)	(6.0, 0.6353240152477764)	(7.0, 0.5929690808979247)	(8.0, 0.5647324579980234)	(9.0, 0.5717916137229987)	('>10', 17.033742764365382)	('>50', 12.819426796555131)	('>100', 20.90216010165184)	('>500', 10.708739234787519)	('>1k', 24.834109840463082)	('>5k', 0.0)	('>10k+', 0.0)
SRR37700608_1	(1.0, 28.57142857142857)	(2.0, 14.285714285714285)	(3.0, 0.0)	(4.0, 9.523809523809524)	(5.0, 11.904761904761903)	(6.0, 0.0)	(7.0, 16.666666666666664)	(8.0, 19.047619047619047)	(9.0, 0.0)	('>10', 0.0)	('>50', 0.0)	('>100', 0.0)	('>500', 0.0)	('>1k', 0.0)	('>5k', 0.0)	('>10k+', 0.0)
SRR37700608_2	(1.0, 64.28571428571429)	(2.0, 9.523809523809524)	(3.0, 14.285714285714285)	(4.0, 0.0)	(5.0, 11.904761904761903)	(6.0, 0.0)	(7.0, 0.0)	(8.0, 0.0)	(9.0, 0.0)	('>10', 0.0)	('>50', 0.0)	('>100', 0.0)	('>500', 0.0)	('>1k', 0.0)	('>5k', 0.0)	('>10k+', 0.0)
SRR37700609_1	(1.0, 1.766223457035126)	(2.0, 0.952569954356023)	(3.0, 0.5953562214725144)	(4.0, 0.5159753919428458)	(5.0, 0.4465171661043858)	(6.0, 0.23814248858900575)	(7.0, 0.4167493550307601)	(8.0, 0.23814248858900575)	(9.0, 0.26791029966263147)	('>10', 4.524707283191109)	('>50', 5.249057352649335)	('>100', 10.815638023417344)	('>500', 22.51438777535225)	('>1k', 0.0)	('>5k', 51.45862274260766)	('>10k+', 0.0)
SRR37700609_2	(1.0, 5.229212145266918)	(2.0, 1.5082357610637032)	(3.0, 1.1311768207977773)	(4.0, 0.674737051002183)	(5.0, 0.396904147648343)	(6.0, 0.7144274657670172)	(7.0, 0.48620758086922006)	(8.0, 0.23814248858900575)	(9.0, 0.4465171661043858)	('>10', 7.193887676126215)	('>50', 4.971224449295495)	('>100', 9.763842032149237)	('>500', 20.758086922008335)	('>1k', 46.48739829331217)	('>5k', 0.0)	('>10k+', 0.0)
SRR37700610_1	(1.0, 2.0076150917272413)	(2.0, 1.2461059190031152)	(3.0, 1.107649705780547)	(4.0, 0.4384446752047998)	(5.0, 0.2307603553709473)	(6.0, 0.24229837313949465)	(7.0, 0.2826814353294104)	(8.0, 0.1846082842967578)	(9.0, 0.3115264797507788)	('>10', 6.582439136956271)	('>50', 5.867082035306334)	('>100', 11.739933079496941)	('>500', 11.739933079496941)	('>1k', 58.018922349140425)	('>5k', 0.0)	('>10k+', 0.0)
SRR37700610_2	(1.0, 6.3805238260066925)	(2.0, 2.0076150917272413)	(3.0, 1.2807199723087574)	(4.0, 0.8768893504095996)	(5.0, 0.5480558440059998)	(6.0, 0.6922810661128418)	(7.0, 0.726895119418484)	(8.0, 0.6922810661128418)	(9.0, 0.46728971962616817)	('>10', 8.491981077650859)	('>50', 7.378562362986039)	('>100', 17.624322141456098)	('>500', 19.43002192223376)	('>1k', 33.40256143994462)	('>5k', 0.0)	('>10k+', 0.0)
SRR37700611_1	(1.0, 1.152286393511397)	(2.0, 0.8670116067682843)	(3.0, 0.7803104460914557)	(4.0, 0.5705495734862257)	(5.0, 0.517410152426234)	(6.0, 0.18458956789260242)	(7.0, 0.17619913298839324)	(8.0, 0.35799188924625924)	(9.0, 0.32722696126415884)	('>10', 3.5099986015941824)	('>50', 2.2989791637533212)	('>100', 10.121661306111033)	('>500', 4.51405397846455)	('>1k', 39.7231156481611)	('>5k', 0.0)	('>10k+', 34.89861557824081)
SRR37700611_2	(1.0, 3.951894839882534)	(2.0, 1.376031324290309)	(3.0, 1.0655852328345685)	(4.0, 0.7159837784925185)	(5.0, 0.6013145014683261)	(6.0, 0.4027408754020417)	(7.0, 0.41113131030625094)	(8.0, 0.4922388477136065)	(9.0, 0.251713047126276)	('>10', 4.656691371836106)	('>50', 1.6501188644944764)	('>100', 10.127254929380507)	('>500', 8.068801566214516)	('>1k', 32.94364424556006)	('>5k', 0.0)	('>10k+', 33.2848552649979)
SRR37700612_1	(1.0, 1.513275979451631)	(2.0, 1.1573930803985888)	(3.0, 1.169771616017825)	(4.0, 0.6931979946772296)	(5.0, 0.5260877638175404)	(6.0, 0.33422046171937864)	(7.0, 0.3249365600049514)	(8.0, 0.2847063192424336)	(9.0, 0.2228136411462524)	('>10', 4.672897196261682)	('>50', 3.158073899857647)	('>100', 9.25914464318871)	('>500', 10.462957232159436)	('>1k', 45.99863836108188)	('>5k', 0.0)	('>10k+', 20.22188525097481)
SRR37700612_2	(1.0, 3.1921148728105466)	(2.0, 1.6153988983103298)	(3.0, 1.1326360091601162)	(4.0, 0.7798477440118834)	(5.0, 0.4874048400074271)	(6.0, 0.5106145942934951)	(7.0, 0.3465989973386148)	(8.0, 0.33422046171937864)	(9.0, 0.2228136411462524)	('>10', 6.062387819520951)	('>50', 4.324750881970663)	('>100', 14.585009593365106)	('>500', 7.1934765117286625)	('>1k', 49.61162344494646)	('>5k', 9.601101689670113)	('>10k+', 0.0)
SRR37700613_1	(1.0, 1.7302641742623204)	(2.0, 1.435332780922152)	(3.0, 1.2302852407904161)	(4.0, 0.7921014563993091)	(5.0, 0.5547519065207926)	(6.0, 0.48874345182085027)	(7.0, 0.3047624397848405)	(8.0, 0.3482999311826749)	(9.0, 0.404477339437945)	('>10', 5.4674662584441664)	('>50', 2.256927376655478)	('>100', 11.361880819628386)	('>500', 5.536283583556872)	('>1k', 47.210089462522646)	('>5k', 20.87833377807115)	('>10k+', 0.0)
SRR37700613_2	(1.0, 3.5082791455416205)	(2.0, 1.7021754701346852)	(3.0, 1.2302852407904161)	(4.0, 0.8763675687822141)	(5.0, 0.6390180189036978)	(6.0, 0.43818378439110706)	(7.0, 0.36374871845287415)	(8.0, 0.37077089448478295)	(9.0, 0.3539176720082019)	('>10', 6.005364942488378)	('>50', 2.7344353468252742)	('>100', 15.638386023060827)	('>500', 6.3719225313540155)	('>1k', 48.42773478645563)	('>5k', 11.339409856326279)	('>10k+', 0.0)
SRR37700614_1	(1.0, 1.3563132259273136)	(2.0, 1.0678156612963656)	(3.0, 0.8654926938928437)	(4.0, 0.5994754589733983)	(5.0, 0.42150618209067064)	(6.0, 0.26976395653802926)	(7.0, 0.26227051330086176)	(8.0, 0.29973772948669913)	(9.0, 0.16860247283626825)	('>10', 3.9565380292244288)	('>50', 1.7721993255901087)	('>100', 9.0089921318846)	('>500', 5.528287748220307)	('>1k', 29.06893967778194)	('>5k', 24.22817534657175)	('>10k+', 21.125889846384414)
SRR37700614_2	(1.0, 2.5871112776320717)	(2.0, 1.2026976395653803)	(3.0, 1.0059947545897339)	(4.0, 0.5769951292618958)	(5.0, 0.35593855376545525)	(6.0, 0.5058074185088048)	(7.0, 0.36717871862120643)	(8.0, 0.22480329711502436)	(9.0, 0.35406519295616334)	('>10', 5.028100412139378)	('>50', 2.8119145747470964)	('>100', 11.708505058074186)	('>500', 4.39865118021731)	('>1k', 25.337204945672536)	('>5k', 21.562382914949417)	('>10k+', 21.972648932184338)
SRR37700615_1	(1.0, 1.2755615152531008)	(2.0, 1.019108280254777)	(3.0, 0.879986590680523)	(4.0, 0.5766007375125712)	(5.0, 0.3855179349648005)	(6.0, 0.39222259470331877)	(7.0, 0.3402614817298022)	(8.0, 0.28159570901776737)	(9.0, 0.27153871940998997)	('>10', 3.7043245055313445)	('>50', 3.68253436138116)	('>100', 7.336573918873617)	('>500', 5.836406302380155)	('>1k', 16.317465638618838)	('>5k', 57.700301709688226)	('>10k+', 0.0)
SRR37700615_2	(1.0, 2.748910492792491)	(2.0, 1.2571237009721756)	(3.0, 1.0056989607777405)	(4.0, 0.6101240362051625)	(5.0, 0.62018102581294)	(6.0, 0.4123365739188736)	(7.0, 0.36372779081461615)	(8.0, 0.29500502849480387)	(9.0, 0.27153871940998997)	('>10', 4.65135769359705)	('>50', 2.8830036875628564)	('>100', 10.791149849145155)	('>500', 11.039222259470332)	('>1k', 20.189406637613143)	('>5k', 42.861213543412674)	('>10k+', 0.0)
SRR37700616_1	(1.0, 1.7711537270606692)	(2.0, 1.3293974361620875)	(3.0, 1.089940755114258)	(4.0, 0.6440559007493343)	(5.0, 0.46446338996346226)	(6.0, 0.3591850215717441)	(7.0, 0.34679933117271844)	(8.0, 0.3302850773073509)	(9.0, 0.3158351051751543)	('>10', 3.7487356274384327)	('>50', 3.6228144417150054)	('>100', 13.32700286935161)	('>500', 4.6735338438990155)	('>1k', 39.29153850917573)	('>5k', 28.68525896414343)	('>10k+', 0.0)
SRR37700616_2	(1.0, 3.8003426707677064)	(2.0, 1.6555539500030965)	(3.0, 1.2261833495035404)	(4.0, 0.6935986623454369)	(5.0, 0.6089631112854282)	(6.0, 0.5201989967590778)	(7.0, 0.39014924756930824)	(8.0, 0.3302850773073509)	(9.0, 0.29725656957661584)	('>10', 5.460025184237145)	('>50', 4.460912825382408)	('>100', 14.66259315071321)	('>500', 7.039200710112917)	('>1k', 31.092211465020746)	('>5k', 27.762525029416015)	('>10k+', 0.0)
SRR37700617_1	(1.0, 1.6345784652514947)	(2.0, 1.2140493298959647)	(3.0, 0.9653886237726947)	(4.0, 0.7386685681897135)	(5.0, 0.502806574881612)	(6.0, 0.48269431188634737)	(7.0, 0.29437039474887094)	(8.0, 0.27791490684365455)	(9.0, 0.4113871976304097)	('>10', 4.627648876455854)	('>50', 3.004040736474503)	('>100', 6.642531951072349)	('>500', 8.555025323167499)	('>1k', 44.23966503940176)	('>5k', 26.40922970032728)	('>10k+', 0.0)
SRR37700617_2	(1.0, 3.6969996160386156)	(2.0, 1.5980107143510138)	(3.0, 1.0696067138390652)	(4.0, 0.8629989212513484)	(5.0, 0.6125098275830545)	(6.0, 0.44978333607591464)	(7.0, 0.31996782037920757)	(8.0, 0.4241859104455781)	(9.0, 0.21392134276781308)	('>10', 5.622291700948933)	('>50', 3.601923463697365)	('>100', 9.78553014096868)	('>500', 17.93282504159582)	('>1k', 42.31071617940139)	('>5k', 11.498729270656208)	('>10k+', 0.0)
SRR37700618_1	(1.0, 2.0393811533052038)	(2.0, 1.5412564463197376)	(3.0, 1.1163853727144866)	(4.0, 0.6563525550867323)	(5.0, 0.5274261603375527)	(6.0, 0.3340365682137834)	(7.0, 0.30766526019690577)	(8.0, 0.39849976558837313)	(9.0, 0.26371308016877637)	('>10', 7.20815752461322)	('>50', 5.350445382090951)	('>100', 14.281528363806844)	('>500', 12.403305203938116)	('>1k', 53.57184716361931)	('>5k', 0.0)	('>10k+', 0.0)
SRR37700618_2	(1.0, 3.694913267698078)	(2.0, 2.1448663853727146)	(3.0, 1.5646976090014066)	(4.0, 0.8790436005625879)	(5.0, 0.7618377871542429)	(6.0, 0.5625879043600562)	(7.0, 0.4512423816221285)	(8.0, 0.5157055789967182)	(9.0, 0.3691983122362869)	('>10', 10.636427566807313)	('>50', 6.018518518518518)	('>100', 22.39803094233474)	('>500', 13.9269807782466)	('>1k', 36.075949367088604)	('>5k', 0.0)	('>10k+', 0.0)
SRR37700619_1	(1.0, 1.5942357880403948)	(2.0, 1.4126858050607058)	(3.0, 1.1063202087824804)	(4.0, 0.6978327470781799)	(5.0, 0.4964257347100874)	(6.0, 0.4169976171564733)	(7.0, 0.4070691024622717)	(8.0, 0.34040621808691707)	(9.0, 0.19147849767389083)	('>10', 4.738738227618291)	('>50', 2.867922387382276)	('>100', 9.42074208555543)	('>500', 4.277771473958925)	('>1k', 54.29479178486327)	('>5k', 17.736582321570406)	('>10k+', 0.0)
SRR37700619_2	(1.0, 3.504765687053217)	(2.0, 1.69635765346647)	(3.0, 1.2552479291955065)	(4.0, 0.8113014864404857)	(5.0, 0.5531601043912402)	(6.0, 0.5191194825825485)	(7.0, 0.47656870532168394)	(8.0, 0.2950187223419948)	(9.0, 0.3318960626347441)	('>10', 4.979859298763191)	('>50', 3.4210824917735168)	('>100', 14.258765460115738)	('>500', 8.080392601838193)	('>1k', 52.70764779303302)	('>5k', 7.1088165210484515)	('>10k+', 0.0)
SRR37700620_1	(1.0, 1.308037349862859)	(2.0, 1.019892861740155)	(3.0, 0.9268152607658108)	(4.0, 0.49509362220395875)	(5.0, 0.420829578873365)	(6.0, 0.30299729678882276)	(7.0, 0.2703211177233615)	(8.0, 0.2376449386579002)	(9.0, 0.20496875959243893)	('>10', 3.576556326801398)	('>50', 2.196235308096761)	('>100', 8.965155310869285)	('>500', 6.74218494717351)	('>1k', 40.86799813844798)	('>5k', 9.322612906100543)	('>10k+', 23.14265627630185)
SRR37700620_2	(1.0, 2.982443980156648)	(2.0, 1.273380796308582)	(3.0, 0.8733451495677832)	(4.0, 0.6495628323315938)	(5.0, 0.5347011119802755)	(6.0, 0.3445851610539553)	(7.0, 0.3257716034102049)	(8.0, 0.26933093047895357)	(9.0, 0.24061550039112395)	('>10', 4.362764998861285)	('>50', 3.2141477953481004)	('>100', 10.158330940380827)	('>500', 9.058232911843628)	('>1k', 36.93695477814855)	('>5k', 16.173718450158926)	('>10k+', 12.602113059579567)
SRR37700621_1	(1.0, 1.5085796500433744)	(2.0, 0.9902037534646552)	(3.0, 0.7870850348052387)	(4.0, 0.4062374373188329)	(5.0, 0.35968939762605)	(6.0, 0.30467807798912466)	(7.0, 0.13329665912024205)	(8.0, 0.22004527854770115)	(9.0, 0.11425427924592174)	('>10', 3.404354357531261)	('>50', 2.5241732433404565)	('>100', 10.998032287412988)	('>500', 5.287434145102934)	('>1k', 47.82599496434843)	('>5k', 25.135941434102786)	('>10k+', 0.0)
SRR37700621_2	(1.0, 3.4318600173497242)	(2.0, 1.4049044707276306)	(3.0, 0.9457715337579079)	(4.0, 0.5416499164251106)	(5.0, 0.4972176967183632)	(6.0, 0.39354251740261936)	(7.0, 0.3258362778494806)	(8.0, 0.3554577576539788)	(9.0, 0.17138141886888264)	('>10', 4.0814167530626495)	('>50', 3.728074815394706)	('>100', 11.408501364703891)	('>500', 16.177559613228105)	('>1k', 37.67005903137761)	('>5k', 18.866766815479338)	('>10k+', 0.0)
SRR37700622_1	(1.0, 1.2862206306865933)	(2.0, 0.935433185953886)	(3.0, 0.8660065041838712)	(4.0, 0.5188730953337961)	(5.0, 0.4932948441553696)	(6.0, 0.30693901414111885)	(7.0, 0.2813607629626923)	(8.0, 0.24847444001900096)	(9.0, 0.23020426060583915)	('>10', 3.2064164870099026)	('>50', 2.1650162604596774)	('>100', 7.940219972960135)	('>500', 3.6375927211605217)	('>1k', 34.2858186867395)	('>5k', 24.00518873095334)	('>10k+', 19.592940402674756)
SRR37700622_2	(1.0, 3.129681733474623)	(2.0, 1.0487082983154894)	(3.0, 0.9098549347754595)	(4.0, 0.686958745934885)	(5.0, 0.5389702926882742)	(6.0, 0.317901121789016)	(7.0, 0.39646289326561185)	(8.0, 0.21924215295794205)	(9.0, 0.26309058354953047)	('>10', 3.9427047173603245)	('>50', 3.562684985566558)	('>100', 11.442613366463258)	('>500', 9.443855738663354)	('>1k', 22.285964848174807)	('>5k', 23.40592684620163)	('>10k+', 18.405378740819234)
SRR37700623_1	(1.0, 1.2988492651247578)	(2.0, 0.9304621928525313)	(3.0, 0.7120884128973454)	(4.0, 0.5848619497930196)	(5.0, 0.42725304773840717)	(6.0, 0.23926170673350802)	(7.0, 0.22596938969275757)	(8.0, 0.2278682921271505)	(9.0, 0.17090121909536288)	('>10', 3.7389388933196614)	('>50', 2.789487676123201)	('>100', 5.698606205613156)	('>500', 3.625004747256086)	('>1k', 29.94948919524515)	('>5k', 21.806995556568303)	('>10k+', 27.573962249819605)
SRR37700623_2	(1.0, 3.1768637727393565)	(2.0, 1.3824009722380464)	(3.0, 0.8488093881736356)	(4.0, 0.7519653640195967)	(5.0, 0.3512969503626904)	(6.0, 0.4671299988606586)	(7.0, 0.3456002430595116)	(8.0, 0.3342068284531541)	(9.0, 0.23926170673350802)	('>10', 5.728988644563442)	('>50', 3.2718088944590025)	('>100', 8.493790589039534)	('>500', 7.7019482738976865)	('>1k', 25.287683718810527)	('>5k', 41.618244654589645)	('>10k+', 0.0)
SRR37700624_1	(1.0, 1.3866836032602943)	(2.0, 1.0303094456794044)	(3.0, 0.81507356832857)	(4.0, 0.5363254648742105)	(5.0, 0.476341695776437)	(6.0, 0.3281465015348788)	(7.0, 0.4445855827246745)	(8.0, 0.23993507639109415)	(9.0, 0.12702445220704986)	('>10', 3.237359302776896)	('>50', 2.3111393387671573)	('>100', 10.622419815814546)	('>500', 7.125718923114922)	('>1k', 25.738329628453478)	('>5k', 27.86951765992731)	('>10k+', 17.711089940369078)
SRR37700624_2	(1.0, 2.7098549804170635)	(2.0, 1.1608623548922055)	(3.0, 1.0056102466391448)	(4.0, 0.6633499170812603)	(5.0, 0.6351222610352493)	(6.0, 0.35990261458664125)	(7.0, 0.41988638368441483)	(8.0, 0.32461804452912746)	(9.0, 0.2858050174658622)	('>10', 3.7789774531597335)	('>50', 2.300553967749903)	('>100', 13.448713877421403)	('>500', 8.304223563035883)	('>1k', 19.635863237006458)	('>5k', 27.193818143325927)	('>10k+', 17.772837937969726)
SRR37700625_1	(1.0, 2.2915650901999025)	(2.0, 1.3930486870516126)	(3.0, 0.7522462910078708)	(4.0, 0.8636901859719998)	(5.0, 0.6616981263495159)	(6.0, 0.33433168489238696)	(7.0, 0.5850804485616773)	(8.0, 0.445775579856516)	(9.0, 0.6268719091732257)	('>10', 10.364282231663996)	('>50', 7.278679389844675)	('>100', 22.086786933203314)	('>500', 18.84098349237306)	('>1k', 33.474959949850245)	('>5k', 0.0)	('>10k+', 0.0)
SRR37700625_2	(1.0, 4.436860068259386)	(2.0, 1.7691718325555477)	(3.0, 1.2746395486522253)	(4.0, 1.0029950546771609)	(5.0, 0.9751340809361287)	(6.0, 0.6686633697847739)	(7.0, 0.9263773768893223)	(8.0, 0.5572194748206449)	(9.0, 0.5641847182559031)	('>10', 14.223027094796963)	('>50', 6.387128230131643)	('>100', 25.367416591209864)	('>500', 26.426133593369087)	('>1k', 15.421048965661349)	('>5k', 0.0)	('>10k+', 0.0)
SRR37700626_1	(1.0, 1.869305686459315)	(2.0, 1.4608859566446748)	(3.0, 1.0367577756833177)	(4.0, 0.5969211435752434)	(5.0, 0.47125353440150797)	(6.0, 0.2827521206409048)	(7.0, 0.2748978950675463)	(8.0, 0.2513352183474709)	(9.0, 0.353440150801131)	('>10', 4.060634621426328)	('>50', 3.3694627709707827)	('>100', 22.525918944392085)	('>500', 16.17970468111844)	('>1k', 47.26672950047126)	('>5k', 0.0)	('>10k+', 0.0)
SRR37700626_2	(1.0, 4.948162111215834)	(2.0, 1.649387370405278)	(3.0, 1.1310084825636193)	(4.0, 1.1310084825636193)	(5.0, 0.47125353440150797)	(6.0, 0.8011310084825637)	(7.0, 0.43983663210807417)	(8.0, 0.5026704366949418)	(9.0, 0.4241281809613572)	('>10', 5.293748036443606)	('>50', 4.830348727615457)	('>100', 25.0)	('>500', 8.686773484134465)	('>1k', 44.690543512409675)	('>5k', 0.0)	('>10k+', 0.0)
SRR37700627_1	(1.0, 1.3732568839810293)	(2.0, 1.2316840093438097)	(3.0, 0.7644935230409854)	(4.0, 0.7644935230409854)	(5.0, 0.7078643731860975)	(6.0, 0.21235931195582924)	(7.0, 0.3964040489842146)	(8.0, 0.28314574927443903)	(9.0, 0.5096623486939902)	('>10', 5.0683089120124585)	('>50', 1.5714589084731365)	('>100', 12.932682098110002)	('>500', 8.699653146457138)	('>1k', 15.728746372195088)	('>5k', 49.75578679125079)	('>10k+', 0.0)
SRR37700627_2	(1.0, 4.0277482834288945)	(2.0, 2.024492107312239)	(3.0, 1.3378636653217244)	(4.0, 0.5662914985488781)	(5.0, 1.0971897784384512)	(6.0, 0.594606073476322)	(7.0, 0.3468535428611878)	(8.0, 0.28314574927443903)	(9.0, 0.573370142280739)	('>10', 6.738868832731648)	('>50', 2.1519076944857365)	('>100', 10.865718128406597)	('>500', 8.232462660154315)	('>1k', 14.249309832236143)	('>5k', 46.91017201104268)	('>10k+', 0.0)
SRR37700628_1	(1.0, 2.2060857538035963)	(2.0, 1.6320885200553252)	(3.0, 1.3070539419087137)	(4.0, 0.9405255878284924)	(5.0, 0.6224066390041494)	(6.0, 0.5394190871369294)	(7.0, 0.5809128630705395)	(8.0, 0.3872752420470263)	(9.0, 0.12448132780082986)	('>10', 9.412171507607193)	('>50', 2.8284923928077457)	('>100', 15.096818810511756)	('>500', 19.149377593361)	('>1k', 45.17289073305671)	('>5k', 0.0)	('>10k+', 0.0)
SRR37700628_2	(1.0, 5.062240663900415)	(2.0, 2.0470262793914245)	(3.0, 1.5352697095435683)	(4.0, 0.8852005532503457)	(5.0, 0.7952973720608575)	(6.0, 0.8713692946058091)	(7.0, 0.5325034578146611)	(8.0, 0.6085753803596128)	(9.0, 0.24896265560165973)	('>10', 9.370677731673583)	('>50', 7.607192254495159)	('>100', 19.83402489626556)	('>500', 25.622406639004147)	('>1k', 24.979253112033195)	('>5k', 0.0)	('>10k+', 0.0)
SRR37700629_1	(1.0, 1.777277840269966)	(2.0, 1.019872515935508)	(3.0, 0.922384701912261)	(4.0, 0.35995500562429694)	(5.0, 0.31871016122984624)	(6.0, 0.35995500562429694)	(7.0, 0.15748031496062992)	(8.0, 0.2399700037495313)	(9.0, 0.23622047244094488)	('>10', 4.806899137607799)	('>50', 2.6509186351706036)	('>100', 16.565429321334832)	('>500', 0.0)	('>1k', 42.93213348331459)	('>5k', 27.652793400824898)	('>10k+', 0.0)
SRR37700629_2	(1.0, 5.5380577427821525)	(2.0, 1.6947881514810648)	(3.0, 0.9673790776152981)	(4.0, 0.869891263592051)	(5.0, 0.39370078740157477)	(6.0, 0.6749156355455568)	(7.0, 0.4461942257217848)	(8.0, 0.509936257967754)	(9.0, 0.47244094488188976)	('>10', 5.909261342332209)	('>50', 3.974503187101612)	('>100', 16.921634795650544)	('>500', 6.737907761529809)	('>1k', 29.137607799025123)	('>5k', 25.751781027371578)	('>10k+', 0.0)
SRR37700630_1	(1.0, 2.118836628039082)	(2.0, 1.772324471710975)	(3.0, 1.1247443762781186)	(4.0, 0.6362190411270165)	(5.0, 0.3692342649397864)	(6.0, 0.47716428084526247)	(7.0, 0.3976369007043854)	(8.0, 0.22722108611679162)	(9.0, 0.3067484662576687)	('>10', 6.958645762326745)	('>50', 3.1583730970234036)	('>100', 9.78186775732788)	('>500', 14.025221540558963)	('>1k', 58.64576232674392)	('>5k', 0.0)	('>10k+', 0.0)
SRR37700630_2	(1.0, 4.464894342194955)	(2.0, 1.772324471710975)	(3.0, 1.2610770279481935)	(4.0, 0.7498295841854125)	(5.0, 0.7384685298795728)	(6.0, 0.6816632583503749)	(7.0, 0.6362190411270165)	(8.0, 0.5453306066803)	(9.0, 0.408997955010225)	('>10', 9.333106112247217)	('>50', 4.544421722335833)	('>100', 15.246534878436718)	('>500', 3.5105657805044306)	('>1k', 56.10656668938877)	('>5k', 0.0)	('>10k+', 0.0)
SRR37700631_1	(1.0, 3.2320123124278566)	(2.0, 2.250865717583686)	(3.0, 1.0388611004232395)	(4.0, 1.0388611004232395)	(5.0, 0.6733358984224702)	(6.0, 0.8080030781069641)	(7.0, 0.6060023085802232)	(8.0, 0.461716044632551)	(9.0, 0.6060023085802232)	('>10', 10.984994228549443)	('>50', 4.068872643324355)	('>100', 36.571758368603305)	('>500', 16.063870719507502)	('>1k', 21.594844170834936)	('>5k', 0.0)	('>10k+', 0.0)
SRR37700631_2	(1.0, 6.579453636013851)	(2.0, 2.53943824547903)	(3.0, 1.846864178530204)	(4.0, 1.5775298191612157)	(5.0, 0.5771450557906888)	(6.0, 0.9811465948441709)	(7.0, 0.8753366679492112)	(8.0, 0.8464794151596767)	(9.0, 0.9522893420546364)	('>10', 13.399384378607158)	('>50', 9.44594074644094)	('>100', 30.502116198537898)	('>500', 6.262023855328973)	('>1k', 23.614851866102345)	('>5k', 0.0)	('>10k+', 0.0)
SRR37700632_1	(1.0, 1.6739846322722283)	(2.0, 1.2806439809732895)	(3.0, 1.0976948408342482)	(4.0, 0.804976216611782)	(5.0, 0.45737285034760333)	(6.0, 0.27442371020856204)	(7.0, 0.38419319429198684)	(8.0, 0.5122575923893158)	(9.0, 0.0823271130625686)	('>10', 3.0552506403219906)	('>50', 2.341748993779729)	('>100', 15.998902305159165)	('>500', 7.628979143798024)	('>1k', 0.0)	('>5k', 64.4072447859495)	('>10k+', 0.0)
SRR37700632_2	(1.0, 4.052323454079765)	(2.0, 1.609952433223564)	(3.0, 1.2897914379802415)	(4.0, 0.8781558726673985)	(5.0, 0.5031101353823637)	(6.0, 0.49396267837541163)	(7.0, 0.7683863885839737)	(8.0, 0.3658982802780827)	(9.0, 0.411635565312843)	('>10', 4.784120014635931)	('>50', 6.577021587998537)	('>100', 16.474570069520674)	('>500', 0.0)	('>1k', 0.0)	('>5k', 61.79107208196122)	('>10k+', 0.0)
SRR37700633_1	(1.0, 2.3316718763200135)	(2.0, 1.5713440905634875)	(3.0, 1.0898031595843543)	(4.0, 0.6758469206724677)	(5.0, 0.3379234603362338)	(6.0, 0.4561966714539157)	(7.0, 0.29568302779420463)	(8.0, 0.13516938413449353)	(9.0, 0.15206555715130524)	('>10', 3.3707865168539324)	('>50', 2.264087184252767)	('>100', 23.130860860015208)	('>500', 20.613331080510264)	('>1k', 43.575230210357354)	('>5k', 0.0)	('>10k+', 0.0)
SRR37700633_2	(1.0, 4.511278195488721)	(2.0, 1.7403058207316042)	(3.0, 1.1151474191095718)	(4.0, 0.7772239587733378)	(5.0, 0.6336064881304384)	(6.0, 0.4561966714539157)	(7.0, 0.29568302779420463)	(8.0, 0.3379234603362338)	(9.0, 0.7603277857565262)	('>10', 3.5735405930556725)	('>50', 2.4837374334713185)	('>100', 20.8076370702036)	('>500', 20.672467686069105)	('>1k', 41.83492438962575)	('>5k', 0.0)	('>10k+', 0.0)
SRR37700634_1	(1.0, 2.011771940613195)	(2.0, 1.1596240007028025)	(3.0, 1.0278485460774838)	(4.0, 0.7028024246683651)	(5.0, 0.43925151541772817)	(6.0, 0.5271018185012738)	(7.0, 0.49196169726785555)	(8.0, 0.21084072740050952)	(9.0, 0.15813054555038217)	('>10', 4.067469032768163)	('>50', 5.33251339717122)	('>100', 15.417728191162258)	('>500', 0.0)	('>1k', 21.31248352806817)	('>5k', 47.140472634630584)	('>10k+', 0.0)
SRR37700634_2	(1.0, 3.6194324870420806)	(2.0, 1.4231749099534392)	(3.0, 1.1332689097777386)	(4.0, 0.7730826671352016)	(5.0, 0.7906527277519106)	(6.0, 0.6325221822015287)	(7.0, 0.7994377580602653)	(8.0, 0.140560484933673)	(9.0, 0.3953263638759553)	('>10', 6.492137397874023)	('>50', 3.039620486690679)	('>100', 14.345954493543003)	('>500', 19.63454273917245)	('>1k', 0.0)	('>5k', 46.78028639198805)	('>10k+', 0.0)
SRR37700635_1	(1.0, 1.8293059761448613)	(2.0, 1.1618564983622768)	(3.0, 0.7786910574130153)	(4.0, 0.5685680736666461)	(5.0, 0.30900438786230766)	(6.0, 0.22248315926086148)	(7.0, 0.21630307150361533)	(8.0, 0.09888140411593845)	(9.0, 0.2781039490760769)	('>10', 3.318707125641184)	('>50', 1.458500710710092)	('>100', 13.639453680242259)	('>500', 3.1024040541375686)	('>1k', 24.49786786972375)	('>5k', 48.51986898213955)	('>10k+', 0.0)
SRR37700635_2	(1.0, 3.0158828255361225)	(2.0, 1.1989370249057536)	(3.0, 0.8899326370434459)	(4.0, 0.5932884246956306)	(5.0, 0.40170570422099994)	(6.0, 0.3337247388912922)	(7.0, 0.3893455287065076)	(8.0, 0.3955256164637538)	(9.0, 0.6674494777825845)	('>10', 3.547370372659292)	('>50', 4.023237129967246)	('>100', 10.178604536184414)	('>500', 3.2321858970397384)	('>1k', 24.263024534948396)	('>5k', 46.86978555095482)	('>10k+', 0.0)
SRR37700636_1	(1.0, 2.5469483568075115)	(2.0, 1.3380281690140845)	(3.0, 0.7746478873239436)	(4.0, 0.9859154929577465)	(5.0, 0.8215962441314555)	(6.0, 0.8450704225352111)	(7.0, 0.5751173708920189)	(8.0, 0.4694835680751174)	(9.0, 0.31690140845070425)	('>10', 5.786384976525821)	('>50', 3.063380281690141)	('>100', 15.927230046948356)	('>500', 0.0)	('>1k', 0.0)	('>5k', 66.54929577464789)	('>10k+', 0.0)
SRR37700636_2	(1.0, 3.791079812206573)	(2.0, 1.4788732394366197)	(3.0, 1.267605633802817)	(4.0, 0.7981220657276996)	(5.0, 1.232394366197183)	(6.0, 0.7746478873239436)	(7.0, 0.5751173708920189)	(8.0, 0.7511737089201878)	(9.0, 0.31690140845070425)	('>10', 7.370892018779343)	('>50', 2.5938967136150235)	('>100', 13.708920187793428)	('>500', 0.0)	('>1k', 0.0)	('>5k', 65.34037558685446)	('>10k+', 0.0)
SRR37700637_1	(1.0, 1.6479500299023189)	(2.0, 0.7309455777792544)	(3.0, 0.8771346933351054)	(4.0, 0.7442354973752409)	(5.0, 0.4651471858595256)	(6.0, 0.27908831151571534)	(7.0, 0.13954415575785767)	(8.0, 0.21263871353578312)	(9.0, 0.059804638181939)	('>10', 4.292644029503621)	('>50', 1.6878197886902786)	('>100', 2.2327064921257227)	('>500', 9.037145325270782)	('>1k', 6.857598511529004)	('>5k', 0.0)	('>10k+', 70.73559704963786)
SRR37700637_2	(1.0, 2.2526413715197022)	(2.0, 0.9037145325270782)	(3.0, 0.837264934547146)	(4.0, 0.478437105455512)	(5.0, 0.5648215828294239)	(6.0, 0.3986975878795933)	(7.0, 0.18605887434381022)	(8.0, 0.26579839191972887)	(9.0, 0.299023190909695)	('>10', 3.9869758787959335)	('>50', 1.5216957937404478)	('>100', 1.5084058741444615)	('>500', 8.645092697189181)	('>1k', 6.764569074357101)	('>5k', 0.0)	('>10k+', 71.3868031098412)
SRR37700638_1	(1.0, 2.0454545454545454)	(2.0, 1.3733075435203095)	(3.0, 1.0009671179883946)	(4.0, 0.7156673114119922)	(5.0, 0.4593810444874275)	(6.0, 0.40618955512572535)	(7.0, 0.4738878143133462)	(8.0, 0.3481624758220503)	(9.0, 0.17408123791102514)	('>10', 6.170212765957447)	('>50', 5.715667311411992)	('>100', 14.177949709864604)	('>500', 21.02998065764023)	('>1k', 45.909090909090914)	('>5k', 0.0)	('>10k+', 0.0)
SRR37700638_2	(1.0, 3.8104448742746615)	(2.0, 1.885880077369439)	(3.0, 1.3781431334622825)	(4.0, 0.9284332688588007)	(5.0, 0.6528046421663443)	(6.0, 0.40618955512572535)	(7.0, 0.4738878143133462)	(8.0, 0.3868471953578337)	(9.0, 0.3481624758220503)	('>10', 8.462282398452611)	('>50', 5.933268858800774)	('>100', 19.879110251450676)	('>500', 14.990328820116053)	('>1k', 40.4642166344294)	('>5k', 0.0)	('>10k+', 0.0)
SRR37700639_1	(1.0, 1.302778213781196)	(2.0, 0.9103751373410768)	(3.0, 0.7377177837074242)	(4.0, 0.6278449223041909)	(5.0, 0.26160205096007955)	(6.0, 0.21974572280646681)	(7.0, 0.25637000994087794)	(8.0, 0.2092816407680636)	(9.0, 0.23544184586407158)	('>10', 3.8036938209595563)	('>50', 2.0143357923926124)	('>100', 6.278449223041909)	('>500', 2.8409982734264636)	('>1k', 20.833987338460734)	('>5k', 59.46737822424528)	('>10k+', 0.0)
SRR37700639_2	(1.0, 2.1922251870454663)	(2.0, 1.266153926646785)	(3.0, 0.7848061528802386)	(4.0, 0.5232041019201591)	(5.0, 0.5755245121121749)	(6.0, 0.31392246115209543)	(7.0, 0.14649714853764453)	(8.0, 0.29299429707528907)	(9.0, 0.42379532255532887)	('>10', 4.761157327473447)	('>50', 4.196096897399676)	('>100', 6.2418249359074975)	('>500', 0.0)	('>1k', 49.32245068801339)	('>5k', 28.959347041280804)	('>10k+', 0.0)
SRR37700640_1	(1.0, 1.4124995563757676)	(2.0, 1.0469531887709833)	(3.0, 0.8304645632963055)	(4.0, 0.6033289562409057)	(5.0, 0.479114171132484)	(6.0, 0.4578202079710402)	(7.0, 0.4471732263903183)	(8.0, 0.42587926322887465)	(9.0, 0.20761614082407637)	('>10', 4.645632963054974)	('>50', 2.0442204634985983)	('>100', 8.689711466799162)	('>500', 6.093622458033147)	('>1k', 34.85111970756291)	('>5k', 10.354189587252014)	('>10k+', 27.41065407956844)
SRR37700640_2	(1.0, 2.528658125421443)	(2.0, 1.2421478510842177)	(3.0, 1.0859921212336303)	(4.0, 0.8730524896191929)	(5.0, 0.6654363487951166)	(6.0, 0.5217020974553714)	(7.0, 0.3974873123469496)	(8.0, 0.4116832877879121)	(9.0, 0.39926180927707)	('>10', 5.806153955353658)	('>50', 3.213613940447883)	('>100', 9.103169251517194)	('>500', 9.280618944529225)	('>1k', 27.433722539660003)	('>5k', 10.143024452567698)	('>10k+', 26.894275472903434)
SRR37700641_1	(1.0, 1.0831908082269877)	(2.0, 0.6665789589089155)	(3.0, 0.723589001447178)	(4.0, 0.596412752707977)	(5.0, 0.39468490988027893)	(6.0, 0.2631232732535193)	(7.0, 0.24558172170328466)	(8.0, 0.24558172170328466)	(9.0, 0.11840547296408369)	('>10', 2.648774284085427)	('>50', 3.7100381528746214)	('>100', 3.3109678551067843)	('>500', 5.486120247335877)	('>1k', 9.867122747006974)	('>5k', 0.0)	('>10k+', 70.63982809279482)
SRR37700641_2	(1.0, 2.0479761434898918)	(2.0, 0.9823268868131386)	(3.0, 0.8814629653992896)	(4.0, 0.6314958558084462)	(5.0, 0.482392667631452)	(6.0, 0.5262465465070386)	(7.0, 0.36837258255492694)	(8.0, 0.3859141341051616)	(9.0, 0.11840547296408369)	('>10', 3.574091128360304)	('>50', 2.4558172170328465)	('>100', 3.6924966013243874)	('>500', 5.701004253826251)	('>1k', 8.99881594527036)	('>5k', 0.0)	('>10k+', 69.15318159891243)
SRR37700642_1	(1.0, 1.5989734984947934)	(2.0, 1.0462419187681982)	(3.0, 0.7254601983911563)	(4.0, 0.6909144746582441)	(5.0, 0.5428613729457632)	(6.0, 0.3553274441099541)	(7.0, 0.31091151359620983)	(8.0, 0.15792330849331293)	(9.0, 0.13324779154123279)	('>10', 3.3262596851404034)	('>50', 1.9641711493855796)	('>100', 4.51068449884025)	('>500', 17.63805951734689)	('>1k', 34.18546118541184)	('>5k', 32.81350244287618)	('>10k+', 0.0)
SRR37700642_2	(1.0, 2.4971623155505105)	(2.0, 1.371958742535656)	(3.0, 0.9475398509598776)	(4.0, 0.7106548882199082)	(5.0, 0.4441593051374426)	(6.0, 0.5922124068499235)	(7.0, 0.24182006613038542)	(8.0, 0.27636578986329763)	(9.0, 0.2220796525687213)	('>10', 4.066525193702808)	('>50', 1.2485811577752552)	('>100', 7.698761289049005)	('>500', 23.15550510783201)	('>1k', 23.40226027735281)	('>5k', 33.12441395647239)	('>10k+', 0.0)
SRR37700643_1	(1.0, 0.9646644183149515)	(2.0, 0.6258925044815119)	(3.0, 0.5696837116033179)	(4.0, 0.34636769665481726)	(5.0, 0.37978914106887857)	(6.0, 0.20052866648436785)	(7.0, 0.2552183027982864)	(8.0, 0.21875854525567404)	(9.0, 0.13672409078479628)	('>10', 3.223650229392641)	('>50', 1.9110989578585968)	('>100', 3.211496976878437)	('>500', 2.208853644456598)	('>1k', 3.450004557469693)	('>5k', 37.09324582991523)	('>10k+', 45.2040227265822)
SRR37700643_2	(1.0, 1.760702457995321)	(2.0, 0.7535016558806551)	(3.0, 0.6107009388387566)	(4.0, 0.5043599793394706)	(5.0, 0.38738492389025614)	(6.0, 0.34636769665481726)	(7.0, 0.2764864946981436)	(8.0, 0.21875854525567404)	(9.0, 0.16406890894175555)	('>10', 3.47127274936955)	('>50', 1.3216662109196973)	('>100', 4.217178622428828)	('>500', 1.689302099474372)	('>1k', 1.7257618570169841)	('>5k', 36.46887248199799)	('>10k+', 46.08361437729773)
SRR37700644_1	(1.0, 1.4351874185923101)	(2.0, 1.0371942688986444)	(3.0, 0.9768922765208162)	(4.0, 0.5885474456076029)	(5.0, 0.4824159390226253)	(6.0, 0.361811954266969)	(7.0, 0.3039220415842539)	(8.0, 0.2894495634135752)	(9.0, 0.13025230353610884)	('>10', 3.8303825558396447)	('>50', 1.8162960104201844)	('>100', 10.714458005692508)	('>500', 1.907955038834483)	('>1k', 31.16889382025182)	('>5k', 44.956341357518454)	('>10k+', 0.0)
SRR37700644_2	(1.0, 2.8872593950504126)	(2.0, 1.2735780790197306)	(3.0, 1.0130734719475132)	(4.0, 0.6174924019489604)	(5.0, 0.5185971344493222)	(6.0, 0.5065367359737566)	(7.0, 0.3714602730474215)	(8.0, 0.32804283853538524)	(9.0, 0.2605046070722177)	('>10', 4.6432534130927685)	('>50', 2.289063630662357)	('>100', 9.040474697283999)	('>500', 8.669014424236575)	('>1k', 22.425104925466737)	('>5k', 45.156543972212845)	('>10k+', 0.0)
SRR37700645_1	(1.0, 1.086858074449778)	(2.0, 0.7970292545965039)	(3.0, 0.781179241010778)	(4.0, 0.543429037224889)	(5.0, 0.4641789692962594)	(6.0, 0.2037858889593334)	(7.0, 0.23775020378588896)	(8.0, 0.2717145186124445)	(9.0, 0.24454306675120008)	('>10', 2.4680735440630377)	('>50', 1.440086948645956)	('>100', 4.19346073725206)	('>500', 1.141200978172267)	('>1k', 33.12199981885699)	('>5k', 0.0)	('>10k+', 53.004709718322616)
SRR37700645_2	(1.0, 2.182773299519971)	(2.0, 1.1457295534824745)	(3.0, 0.7540077891495336)	(4.0, 0.5706004890861335)	(5.0, 0.48682184584729643)	(6.0, 0.3260574223349334)	(7.0, 0.3170002717145186)	(8.0, 0.30794312109410377)	(9.0, 0.4279503668146002)	('>10', 3.3986957703106606)	('>50', 2.4454306675120008)	('>100', 2.9752739788062676)	('>500', 5.814690698306313)	('>1k', 27.42731636627117)	('>5k', 0.0)	('>10k+', 51.419708359750025)
SRR37700646_1	(1.0, 1.6377774881619531)	(2.0, 1.1642556149267995)	(3.0, 0.9644206959468266)	(4.0, 0.608193231678179)	(5.0, 0.45614492375863414)	(6.0, 0.33885051479212824)	(7.0, 0.24327729267127154)	(8.0, 0.15639254528867458)	(9.0, 0.15639254528867458)	('>10', 4.602719492593075)	('>50', 4.235631434901603)	('>100', 10.610799774099657)	('>500', 6.1253746904730875)	('>1k', 37.89478257091968)	('>5k', 0.0)	('>10k+', 30.804987184499762)
SRR37700646_2	(1.0, 3.664364220861028)	(2.0, 1.5161388418263173)	(3.0, 0.9904861201616056)	(4.0, 0.8080281506581519)	(5.0, 0.5864720448325297)	(6.0, 0.4822103479734133)	(7.0, 0.36491593900690733)	(8.0, 0.3996698379599461)	(9.0, 0.25413788609409615)	('>10', 6.5511099526478125)	('>50', 4.633129154176984)	('>100', 14.83339849689387)	('>500', 17.416047612841563)	('>1k', 30.553021417090232)	('>5k', 16.94686997697554)	('>10k+', 0.0)
SRR37700647_1	(1.0, 0.6913605167541381)	(2.0, 0.42053559413268743)	(3.0, 0.44913201453371016)	(4.0, 0.2960570582694119)	(5.0, 0.2270892208316512)	(6.0, 0.21194993944287444)	(7.0, 0.2237249360785897)	(8.0, 0.20185708518368994)	(9.0, 0.18167137666532096)	('>10', 2.038756560355268)	('>50', 0.7350962185439376)	('>100', 2.975709864082896)	('>500', 2.344906472883865)	('>1k', 6.834544475844435)	('>5k', 9.756425783878347)	('>10k+', 72.41118288251917)
SRR37700647_2	(1.0, 1.8150316242766789)	(2.0, 0.6425783878347463)	(3.0, 0.4844570044408559)	(4.0, 0.3902570313551339)	(5.0, 0.31960705154084246)	(6.0, 0.2523213564796124)	(7.0, 0.2237249360785897)	(8.0, 0.22877136320818195)	(9.0, 0.3027856277755349)	('>10', 2.8007670569236978)	('>50', 1.9462387296460775)	('>100', 4.933723590364688)	('>500', 1.2649710671511236)	('>1k', 6.271026779706634)	('>5k', 9.934732875790607)	('>10k+', 68.18900551742699)
SRR37700649_1	(1.0, 0.8751027982202728)	(2.0, 0.5988655293844759)	(3.0, 0.4744533243362925)	(4.0, 0.3542584821710984)	(5.0, 0.3901060666765072)	(6.0, 0.1644771524365814)	(7.0, 0.19189001117601165)	(8.0, 0.18556396685152776)	(9.0, 0.2656938616283238)	('>10', 2.3722666216814625)	('>50', 0.9678847816460368)	('>100', 2.933175885119035)	('>500', 6.610716319085676)	('>1k', 6.1278282689834045)	('>5k', 27.836703709170656)	('>10k+', 49.651013221432635)
SRR37700649_2	(1.0, 2.013790776627375)	(2.0, 0.7759947704700251)	(3.0, 0.6895388313687452)	(4.0, 0.4217362882989266)	(5.0, 0.4322796955063999)	(6.0, 0.2783459502772916)	(7.0, 0.2214115513569365)	(8.0, 0.2867806760432701)	(9.0, 0.189781329734517)	('>10', 3.715496699913544)	('>50', 1.271534909221264)	('>100', 6.889062269362968)	('>500', 3.4835417413491347)	('>1k', 31.20215928979609)	('>5k', 0.0)	('>10k+', 48.128545220673516)
SRR37700650_1	(1.0, 1.3598738667717778)	(2.0, 1.036657469452109)	(3.0, 0.833661805281829)	(4.0, 0.5360662199448166)	(5.0, 0.44343713046905797)	(6.0, 0.40204966495861255)	(7.0, 0.400078833267639)	(8.0, 0.31533307055577453)	(9.0, 0.19511233740638548)	('>10', 5.0729207725660235)	('>50', 1.5017737485218763)	('>100', 3.366180528182893)	('>500', 0.9932991722506899)	('>1k', 48.06858494284588)	('>5k', 35.47497043752463)	('>10k+', 0.0)
SRR37700650_2	(1.0, 2.355143870713441)	(2.0, 1.1864406779661016)	(3.0, 0.8927867560110367)	(4.0, 0.6148994875837603)	(5.0, 0.3843121797398502)	(6.0, 0.35474970437524633)	(7.0, 0.27591643673630273)	(8.0, 0.3941663381947182)	(9.0, 0.15963736696886086)	('>10', 4.15451320457233)	('>50', 1.7205360662199447)	('>100', 3.4016554986204177)	('>500', 5.0157666535277885)	('>1k', 41.88608592826172)	('>5k', 37.20338983050848)	('>10k+', 0.0)
SRR37700651_1	(1.0, 1.6394911306217526)	(2.0, 1.053574628202831)	(3.0, 0.9030639670309979)	(4.0, 0.7167174341515857)	(5.0, 0.5912918831750582)	(6.0, 0.3870274144418563)	(7.0, 0.401361763124888)	(8.0, 0.401361763124888)	(9.0, 0.33864898763662427)	('>10', 5.291166457624081)	('>50', 2.7020247267514783)	('>100', 10.4855760616377)	('>500', 9.15427342770113)	('>1k', 24.814549363913276)	('>5k', 12.89016305321627)	('>10k+', 28.229707937645582)
SRR37700651_2	(1.0, 2.725318043361405)	(2.0, 1.3474287762049812)	(3.0, 1.0858269127396525)	(4.0, 0.7883891775667442)	(5.0, 0.654004658663322)	(6.0, 0.5912918831750582)	(7.0, 0.42644687332019354)	(8.0, 0.4730335065400466)	(9.0, 0.2096398494893388)	('>10', 6.824941766708475)	('>50', 2.5031356387744133)	('>100', 15.393298691990683)	('>500', 7.19584303888192)	('>1k', 18.786955742698442)	('>5k', 12.845368213581795)	('>10k+', 28.149077226303532)
SRR37700652_1	(1.0, 1.2764491895731538)	(2.0, 0.9126719331855264)	(3.0, 0.5747250145295649)	(4.0, 0.43050562886109733)	(5.0, 0.41974298813956995)	(6.0, 0.3487095593774889)	(7.0, 0.406827819273737)	(8.0, 0.18942247669888285)	(9.0, 0.251845792883742)	('>10', 2.634694448629916)	('>50', 1.4099059345200937)	('>100', 6.65346449404826)	('>500', 1.1838904793680178)	('>1k', 56.70620143358375)	('>5k', 0.0)	('>10k+', 26.600942807327204)
SRR37700652_2	(1.0, 2.6088641108982498)	(2.0, 1.0891792410185763)	(3.0, 0.8265708074133069)	(4.0, 0.5510472049422046)	(5.0, 0.4843188324687346)	(6.0, 0.40037023484082057)	(7.0, 0.2712185461824913)	(8.0, 0.43050562886109733)	(9.0, 0.251845792883742)	('>10', 3.865940547172654)	('>50', 2.6282368641969995)	('>100', 6.5738209527089575)	('>500', 1.1386873883376025)	('>1k', 40.157565060163165)	('>5k', 12.646102847794735)	('>10k+', 26.07572594011667)
SRR37700653_1	(1.0, 1.1389809118157437)	(2.0, 0.7824578009149707)	(3.0, 0.6436346426881212)	(4.0, 0.5048114844612716)	(5.0, 0.34705789556712413)	(6.0, 0.24609559867486988)	(7.0, 0.08834200978072251)	(8.0, 0.15144344533838144)	(9.0, 0.31235210601041175)	('>10', 3.1077457012147027)	('>50', 0.9149708155860546)	('>100', 9.812273229215965)	('>500', 2.5051269916390595)	('>1k', 16.229689225429876)	('>5k', 20.65625492979965)	('>10k+', 42.558763211863074)
SRR37700653_2	(1.0, 2.785928379870642)	(2.0, 1.0474838302571383)	(3.0, 0.7856128726928537)	(4.0, 0.530052058684335)	(5.0, 0.4101593311247831)	(6.0, 0.37860861334595364)	(7.0, 0.41962454645843195)	(8.0, 0.15144344533838144)	(9.0, 0.28395646000946523)	('>10', 3.808171635904717)	('>50', 2.36630383341221)	('>100', 6.341694273544723)	('>500', 10.358100646789714)	('>1k', 10.405426723457959)	('>5k', 19.62454645843193)	('>10k+', 40.30288689067677)
SRR37700654_1	(1.0, 1.6298747084666703)	(2.0, 1.3613928513315614)	(3.0, 0.8623962683733796)	(4.0, 0.8461246406682215)	(5.0, 0.5966263491891306)	(6.0, 0.35797580951347835)	(7.0, 0.30373705049628463)	(8.0, 0.3905190649237945)	(9.0, 0.41492650648153173)	('>10', 6.61441666214677)	('>50', 2.8475348484026686)	('>100', 5.16081792048598)	('>500', 2.5709171774149806)	('>1k', 54.00553235341975)	('>5k', 22.037207788685794)	('>10k+', 0.0)
SRR37700654_2	(1.0, 3.097033139881759)	(2.0, 1.6434343982209685)	(3.0, 1.3586809133807018)	(4.0, 0.7051038672235179)	(5.0, 0.6644247979606227)	(6.0, 0.5369637142702175)	(7.0, 0.32272061615230246)	(8.0, 0.3905190649237945)	(9.0, 0.463741389597006)	('>10', 7.785973856918154)	('>50', 2.937028800781038)	('>100', 4.998101643434398)	('>500', 7.05103867223518)	('>1k', 45.27580408960243)	('>5k', 22.76943103541791)	('>10k+', 0.0)
SRR37700655_1	(1.0, 1.147889969528739)	(2.0, 0.8473515047793965)	(3.0, 0.7075176357640772)	(4.0, 0.350628208874233)	(5.0, 0.3130609007805652)	(6.0, 0.2754935926868973)	(7.0, 0.18992361314020956)	(8.0, 0.10017948824978086)	(9.0, 0.3756730809366782)	('>10', 2.8885085778686816)	('>50', 2.2122970321826605)	('>100', 7.465458947280544)	('>500', 2.398046499979129)	('>1k', 5.163417790207455)	('>5k', 52.189339232792086)	('>10k+', 23.375213924948866)
SRR37700655_2	(1.0, 2.2790833576825147)	(2.0, 0.8223066327169511)	(3.0, 0.5885544934674626)	(4.0, 0.5008974412489043)	(5.0, 0.36523771757732604)	(6.0, 0.350628208874233)	(7.0, 0.2629711566556748)	(8.0, 0.2170555578745252)	(9.0, 0.1878365404683391)	('>10', 3.4436699085862172)	('>50', 1.513127687106065)	('>100', 7.751387903326794)	('>500', 2.264473848979421)	('>1k', 4.643736694911717)	('>5k', 51.68218057352757)	('>10k+', 23.126852276996285)
SRR37700656_1	(1.0, 1.4824915141141315)	(2.0, 1.021207461777249)	(3.0, 0.8877542139313586)	(4.0, 0.5570222518784995)	(5.0, 0.40616205866140587)	(6.0, 0.31332501668165597)	(7.0, 0.345237749862195)	(8.0, 0.27851112593924976)	(9.0, 0.33943543473846066)	('>10', 4.958078273231019)	('>50', 2.0743276567350373)	('>100', 2.4514781397777714)	('>500', 0.0)	('>1k', 47.251153210130845)	('>5k', 37.63381589254112)	('>10k+', 0.0)
SRR37700656_2	(1.0, 2.616844120804201)	(2.0, 1.2416954364791553)	(3.0, 1.0531201949577882)	(4.0, 0.7775102265804056)	(5.0, 0.4931967855174214)	(6.0, 0.4003597435376715)	(7.0, 0.4467782645275465)	(8.0, 0.16246482346456237)	(9.0, 0.469987525022484)	('>10', 6.362238533174737)	('>50', 1.0763294554527256)	('>100', 1.9350720937654122)	('>500', 0.0)	('>1k', 34.039281673387684)	('>5k', 48.92512112332821)	('>10k+', 0.0)
SRR37700657_1	(1.0, 1.0077855564504472)	(2.0, 0.7434483613159036)	(3.0, 0.53900006195403)	(4.0, 0.34694256861408834)	(5.0, 0.392375524027838)	(6.0, 0.40889659872374695)	(7.0, 0.23129504574272555)	(8.0, 0.1652107469590897)	(9.0, 0.1672758812960783)	('>10', 3.2112838940173054)	('>50', 2.0362224562707807)	('>100', 2.763149742890775)	('>500', 2.6743489664002644)	('>1k', 11.021621956508271)	('>5k', 44.30332693141688)	('>10k+', 29.98781570741177)
SRR37700657_2	(1.0, 1.9680730231501558)	(2.0, 0.8673564215352209)	(3.0, 0.7372529583049378)	(4.0, 0.4956322408772691)	(5.0, 0.3510728372880656)	(6.0, 0.3345517625921566)	(7.0, 0.30357474753732727)	(8.0, 0.2643371951345435)	(9.0, 0.1672758812960783)	('>10', 3.806042583070029)	('>50', 2.2055634719038473)	('>100', 4.654812795572353)	('>500', 1.2411457365301612)	('>1k', 10.443384342151457)	('>5k', 43.91714681040001)	('>10k+', 28.242777192656384)
SRR37700658_1	(1.0, 0.9509977518253985)	(2.0, 0.652567494976424)	(3.0, 0.6087977239719078)	(4.0, 0.40586514931460516)	(5.0, 0.2984302568489744)	(6.0, 0.2506814157531385)	(7.0, 0.20890117979428208)	(8.0, 0.1909953643833436)	(9.0, 0.1969639695203231)	('>10', 3.0559258301334977)	('>50', 1.3130931301354873)	('>100', 4.014881722141536)	('>500', 1.7786443308198876)	('>1k', 30.7860652965402)	('>5k', 15.231880309571652)	('>10k+', 40.05530907426934)
SRR37700658_2	(1.0, 2.1646141296778945)	(2.0, 0.8873326303642839)	(3.0, 0.6625151702047232)	(4.0, 0.5729860931500308)	(5.0, 0.3680639834470684)	(6.0, 0.4536139904104411)	(7.0, 0.3203151423512325)	(8.0, 0.39790700913196586)	(9.0, 0.23277560034220005)	('>10', 3.402104928078308)	('>50', 2.1128862184907384)	('>100', 4.506296878419514)	('>500', 1.5597954757973063)	('>1k', 27.71422318604142)	('>5k', 15.85460477886318)	('>10k+', 38.78996478522969)
SRR37700659_1	(1.0, 1.4209940409927313)	(2.0, 0.7814375832187371)	(3.0, 0.7596097177656997)	(4.0, 0.427826162879532)	(5.0, 0.39290157815467225)	(6.0, 0.3274179817955602)	(7.0, 0.320869622159649)	(8.0, 0.0873114618121494)	(9.0, 0.1571606312618689)	('>10', 5.317268024359898)	('>50', 2.0037980485888287)	('>100', 4.420142754240063)	('>500', 6.659681749721695)	('>1k', 42.02737214327811)	('>5k', 12.393862004234606)	('>10k+', 22.5023464955362)
SRR37700659_2	(1.0, 2.411979132560627)	(2.0, 1.1743391613734093)	(3.0, 0.9233187086634799)	(4.0, 0.6810294021347653)	(5.0, 0.5566105690524524)	(6.0, 0.5369654901447187)	(7.0, 0.30559011634252287)	(8.0, 0.3317835548861677)	(9.0, 0.2946761836160042)	('>10', 3.616877305568288)	('>50', 2.1173029489446225)	('>100', 5.00294676183616)	('>500', 5.662148298517888)	('>1k', 40.340078143758326)	('>5k', 13.085805339095891)	('>10k+', 22.958548883504683)
SRR37700660_1	(1.0, 1.2398817936528332)	(2.0, 0.9850528930575185)	(3.0, 1.0021842477193885)	(4.0, 0.48824360786329185)	(5.0, 0.5246477365197653)	(6.0, 0.43684954387768216)	(7.0, 0.32977857724099535)	(8.0, 0.35975844789926764)	(9.0, 0.3276371579082616)	('>10', 4.214313246819993)	('>50', 3.0065527431581653)	('>100', 11.895584393335904)	('>500', 3.539766157008865)	('>1k', 38.59908347252559)	('>5k', 0.0)	('>10k+', 33.05066598141248)
SRR37700660_2	(1.0, 2.6146730052678917)	(2.0, 1.2720030836438392)	(3.0, 1.0728510856996019)	(4.0, 0.76234528245321)	(5.0, 0.6103045098291148)	(6.0, 0.41115251188487734)	(7.0, 0.4347081245449484)	(8.0, 0.3940211572230074)	(9.0, 0.30836438391365795)	('>10', 5.801104972375691)	('>50', 3.154310677116793)	('>100', 13.043385155681186)	('>500', 2.7046126172427085)	('>1k', 34.47042699901495)	('>5k', 0.0)	('>10k+', 32.945736434108525)
SRR37700661_1	(1.0, 1.3037416632126304)	(2.0, 0.9382418327744075)	(3.0, 0.7517238780662422)	(4.0, 0.43709258073024604)	(5.0, 0.39564414635065376)	(6.0, 0.3504276724820076)	(7.0, 0.316515317080523)	(8.0, 0.2863710011680923)	(9.0, 0.25434266551113455)	('>10', 4.05252647047741)	('>50', 2.4812540035419572)	('>100', 9.608500697087305)	('>500', 10.99513922905912)	('>1k', 20.115678812313952)	('>5k', 14.544632427747842)	('>10k+', 33.16816760239647)
SRR37700661_2	(1.0, 3.0747202230679376)	(2.0, 1.1982365575191227)	(3.0, 1.0512830174460228)	(4.0, 0.5275255284675383)	(5.0, 0.4804250348543653)	(6.0, 0.5312935679565922)	(7.0, 0.4220204227740307)	(8.0, 0.4220204227740307)	(9.0, 0.3730359094163307)	('>10', 5.825389050077245)	('>50', 2.3267643844907497)	('>100', 12.602208071140586)	('>500', 7.8299860582538905)	('>1k', 17.063566826180338)	('>5k', 14.476807716944872)	('>10k+', 31.794717208636346)
SRR37700662_1	(1.0, 1.7709743634537276)	(2.0, 1.28837839018212)	(3.0, 1.0154168668384504)	(4.0, 0.7249858060007861)	(5.0, 0.4367384373498711)	(6.0, 0.288247368650915)	(7.0, 0.25985937022317335)	(8.0, 0.227103987421933)	(9.0, 0.17687906712669782)	('>10', 5.035594182644014)	('>50', 3.939380704895838)	('>100', 8.990260732847098)	('>500', 5.915622133904005)	('>1k', 50.7031488841333)	('>5k', 19.22740970432808)	('>10k+', 0.0)
SRR37700662_2	(1.0, 3.0113115255273617)	(2.0, 1.725116827531991)	(3.0, 1.3822771542123422)	(4.0, 0.7599248809887758)	(5.0, 0.5131676638860986)	(6.0, 0.5502904310608377)	(7.0, 0.3821461326811373)	(8.0, 0.2969821373979124)	(9.0, 0.47167751233786087)	('>10', 6.758527317989256)	('>50', 4.129361925143032)	('>100', 10.828929554090056)	('>500', 8.53823645018998)	('>1k', 47.98881949600384)	('>5k', 12.663230990959514)	('>10k+', 0.0)
SRR37700663_1	(1.0, 1.1883772582602523)	(2.0, 0.9387951365832435)	(3.0, 0.8655233210450394)	(4.0, 0.7235591784397682)	(5.0, 0.44650012593593297)	(6.0, 0.384677031575573)	(7.0, 0.28850777368167974)	(8.0, 0.25645135438371536)	(9.0, 0.18546928308107985)	('>10', 4.416916630412382)	('>50', 1.5959517321915144)	('>100', 10.26492340805532)	('>500', 1.2341721429716301)	('>1k', 29.956723833947745)	('>5k', 0.0)	('>10k+', 47.25345178943512)
SRR37700663_2	(1.0, 2.77745975774506)	(2.0, 1.3417901220433677)	(3.0, 1.0166464405925857)	(4.0, 0.7418771323243194)	(5.0, 0.5953335012479106)	(6.0, 0.384677031575573)	(7.0, 0.4968744991184485)	(8.0, 0.4579488471137774)	(9.0, 0.4327616605225197)	('>10', 5.756417008220182)	('>50', 3.3086804203970415)	('>100', 6.921896824124746)	('>500', 3.441485586060037)	('>1k', 26.322899732099923)	('>5k', 0.0)	('>10k+', 46.00325143681451)
SRR37700664_1	(1.0, 0.9379624359704041)	(2.0, 0.6465566306203757)	(3.0, 0.560045532157086)	(4.0, 0.4735344336937963)	(5.0, 0.28457598178713717)	(6.0, 0.2868525896414343)	(7.0, 0.30278884462151395)	(8.0, 0.2549800796812749)	(9.0, 0.24587364826408653)	('>10', 2.5793966989186115)	('>50', 1.2680705748434833)	('>100', 5.743881616391577)	('>500', 3.230506545247581)	('>1k', 14.613545816733067)	('>5k', 13.507114399544678)	('>10k+', 55.064314171883886)
SRR37700664_2	(1.0, 2.0922026180990323)	(2.0, 0.8833238474672737)	(3.0, 0.6966420034149118)	(4.0, 0.40978941377347755)	(5.0, 0.3642572566875356)	(6.0, 0.20489470688673878)	(7.0, 0.3665338645418327)	(8.0, 0.30961866818440525)	(9.0, 0.10244735344336939)	('>10', 4.07057484348321)	('>50', 1.9920318725099602)	('>100', 4.225384177575413)	('>500', 1.5253272623790552)	('>1k', 29.42743312464428)	('>5k', 0.0)	('>10k+', 53.32953898690951)
SRR37700665_1	(1.0, 1.3236499941431417)	(2.0, 1.01675061497013)	(3.0, 0.8433876068876655)	(4.0, 0.5622584045917769)	(5.0, 0.40998008668150404)	(6.0, 0.33735504275506617)	(7.0, 0.36078247627972354)	(8.0, 0.2623872554761626)	(9.0, 0.16867752137753309)	('>10', 4.228651751200656)	('>50', 4.055288743118191)	('>100', 7.79899262035844)	('>500', 4.3434461754714775)	('>1k', 20.262387255476163)	('>5k', 19.711842567646716)	('>10k+', 34.31416188356566)
SRR37700665_2	(1.0, 2.738666979032447)	(2.0, 1.3166217640857445)	(3.0, 1.0964038889539651)	(4.0, 0.6653391121002694)	(5.0, 0.6676818554527352)	(6.0, 0.6325407051657491)	(7.0, 0.5739721213541057)	(8.0, 0.3560969895747921)	(9.0, 0.2741009722384913)	('>10', 6.0442778493616025)	('>50', 3.6289094529694275)	('>100', 8.74311819140213)	('>500', 9.565421108117606)	('>1k', 13.428604896333606)	('>5k', 17.151224083401665)	('>10k+', 33.11702003045566)
SRR37700666_1	(1.0, 1.4601769911504425)	(2.0, 1.19960668633235)	(3.0, 1.0545722713864307)	(4.0, 0.6588003933136677)	(5.0, 0.4916420845624385)	(6.0, 0.28023598820059)	(7.0, 0.344149459193707)	(8.0, 0.2949852507374631)	(9.0, 0.2654867256637168)	('>10', 5.260570304818092)	('>50', 3.8741396263520156)	('>100', 8.121927236971485)	('>500', 9.122418879056047)	('>1k', 27.418879056047196)	('>5k', 40.15240904621435)	('>10k+', 0.0)
SRR37700666_2	(1.0, 2.7630285152409044)	(2.0, 1.4110127826941985)	(3.0, 1.0324483775811208)	(4.0, 0.7669616519174041)	(5.0, 0.6637168141592921)	(6.0, 0.56047197640118)	(7.0, 0.44739429695181904)	(8.0, 0.41297935103244837)	(9.0, 0.4424778761061947)	('>10', 7.173058013765979)	('>50', 3.1833824975417895)	('>100', 10.154867256637168)	('>500', 7.27630285152409)	('>1k', 24.11504424778761)	('>5k', 39.5968534906588)	('>10k+', 0.0)
SRR37700667_1	(1.0, 0.8667641511433235)	(2.0, 0.6188145039947442)	(3.0, 0.6294106427617776)	(4.0, 0.34755335155869205)	(5.0, 0.27549960794286565)	(6.0, 0.33059952953143873)	(7.0, 0.2521881026553924)	(8.0, 0.2034458643270392)	(9.0, 0.22887659736791915)	('>10', 2.596053997923157)	('>50', 1.799224362642253)	('>100', 4.6919702460423425)	('>500', 2.7083730688537098)	('>1k', 8.760887532583126)	('>5k', 22.866467459257848)	('>10k+', 52.82387098141438)
SRR37700667_2	(1.0, 1.8416089177103863)	(2.0, 0.949414033526183)	(3.0, 0.6739144255833175)	(4.0, 0.49166083879034483)	(5.0, 0.37086485684616527)	(6.0, 0.30516879649055884)	(7.0, 0.3560302625723186)	(8.0, 0.2712611524360523)	(9.0, 0.15258439824527942)	('>10', 3.905736749528472)	('>50', 2.5981732256765633)	('>100', 4.893296882615974)	('>500', 0.0)	('>1k', 32.06391590904275)	('>5k', 0.0)	('>10k+', 51.126369550935635)
SRR37700668_1	(1.0, 1.7707687538747674)	(2.0, 0.9764414135151891)	(3.0, 0.7090824550526968)	(4.0, 0.4649721016738996)	(5.0, 0.42622442653440795)	(6.0, 0.2324860508369498)	(7.0, 0.32548047117172973)	(8.0, 0.21698698078115314)	(9.0, 0.24411035337879727)	('>10', 10.012399256044638)	('>50', 3.994885306881587)	('>100', 15.057346559206447)	('>500', 9.237445753254804)	('>1k', 31.308121512709235)	('>5k', 25.023248605083698)	('>10k+', 0.0)
SRR37700668_2	(1.0, 5.033323000619963)	(2.0, 1.6196528208307501)	(3.0, 1.1043087414755115)	(4.0, 0.6199628022318662)	(5.0, 0.6587104773713578)	(6.0, 0.6277123372597645)	(7.0, 0.7052076875387477)	(8.0, 0.4339739615623063)	(9.0, 0.48822070675759455)	('>10', 12.64336639801612)	('>50', 5.304556726596404)	('>100', 27.619342839429635)	('>500', 16.11903285802852)	('>1k', 27.022628642281465)	('>5k', 0.0)	('>10k+', 0.0)
SRR37700669_1	(1.0, 1.7132070095455192)	(2.0, 1.6170394643111554)	(3.0, 0.9082490383245477)	(4.0, 0.6411169682290925)	(5.0, 0.4452201168257587)	(6.0, 0.34192904972218263)	(7.0, 0.1745262857956974)	(8.0, 0.256446787291637)	(9.0, 0.256446787291637)	('>10', 4.73001852115686)	('>50', 3.5154580424561903)	('>100', 12.426983900840575)	('>500', 7.219689414446502)	('>1k', 46.80866220259296)	('>5k', 18.945006411169683)	('>10k+', 0.0)
SRR37700669_2	(1.0, 4.0354751389086765)	(2.0, 1.9375979484257018)	(3.0, 1.2715486536543668)	(4.0, 0.8833167117823051)	(5.0, 0.4452201168257587)	(6.0, 0.44878187776036477)	(7.0, 0.3739848981336373)	(8.0, 0.34192904972218263)	(9.0, 0.3846701809374555)	('>10', 4.968656503775466)	('>50', 3.604502065821342)	('>100', 13.053853825331243)	('>500', 13.826755948140763)	('>1k', 35.67459752101439)	('>5k', 18.74910955976635)	('>10k+', 0.0)
SRR37700670_1	(1.0, 1.770983828121359)	(2.0, 0.9973435242578179)	(3.0, 0.90879433285175)	(4.0, 0.46604837582141023)	(5.0, 0.4194435382392692)	(6.0, 0.5312951484364077)	(7.0, 0.19574031784499232)	(8.0, 0.48469031085426667)	(9.0, 0.3774991844153423)	('>10', 4.502027310434823)	('>50', 3.215733793167731)	('>100', 18.68387938668034)	('>500', 3.1784499231020185)	('>1k', 16.41422379643007)	('>5k', 0.0)	('>10k+', 47.853847229342406)
SRR37700670_2	(1.0, 3.4254555622873655)	(2.0, 1.360861257398518)	(3.0, 0.8808314303024654)	(4.0, 0.7456774013142564)	(5.0, 0.5825604697767628)	(6.0, 0.5592580509856923)	(7.0, 0.7177144987649718)	(8.0, 0.5592580509856923)	(9.0, 0.5033322458871231)	('>10', 5.993382113063336)	('>50', 4.105886190986625)	('>100', 19.09400195740318)	('>500', 0.0)	('>1k', 15.547373817402246)	('>5k', 45.92440695344177)	('>10k+', 0.0)
SRR37700671_1	(1.0, 1.6016591289572975)	(2.0, 1.1893755778216437)	(3.0, 1.0944254266510083)	(4.0, 0.6496589290622423)	(5.0, 0.4122835511356538)	(6.0, 0.49474026136278454)	(7.0, 0.367307163739037)	(8.0, 0.3798006046825417)	(9.0, 0.26985832437970064)	('>10', 4.572599385322706)	('>50', 4.497638739661677)	('>100', 10.549461532695336)	('>500', 4.6450613427950325)	('>1k', 27.657979560730617)	('>5k', 16.268958796631768)	('>10k+', 25.349191674370957)
SRR37700671_2	(1.0, 3.3282526673496413)	(2.0, 1.4442417730691386)	(3.0, 1.139401814047625)	(4.0, 0.9095225006871392)	(5.0, 0.5372179605707004)	(6.0, 0.6146772944204293)	(7.0, 0.43727043302266305)	(8.0, 0.49973763774018637)	(9.0, 0.4722520676644761)	('>10', 6.666500087454088)	('>50', 3.6480847555033606)	('>100', 11.061692611379026)	('>500', 2.6636016091551933)	('>1k', 25.7364883436196)	('>5k', 40.84105844431674)	('>10k+', 0.0)
SRR37700672_1	(1.0, 1.572417312537875)	(2.0, 1.2821739546454884)	(3.0, 1.0046885465505693)	(4.0, 0.5358338914936369)	(5.0, 0.49437055465186747)	(6.0, 0.593244665582241)	(7.0, 0.3125697700379549)	(8.0, 0.3572225943290913)	(9.0, 0.3157592574873218)	('>10', 4.940516059069307)	('>50', 1.862660670430262)	('>100', 12.745191847670078)	('>500', 8.694542786974132)	('>1k', 13.265078301916883)	('>5k', 16.141995981245813)	('>10k+', 35.88173380537747)
SRR37700672_2	(1.0, 3.1767294995694195)	(2.0, 1.3651006283290275)	(3.0, 1.3108793416897904)	(4.0, 0.931330335215131)	(5.0, 0.5741077408860396)	(6.0, 0.6315185149746436)	(7.0, 0.33489618218352313)	(8.0, 0.3572225943290913)	(9.0, 0.3444646445316238)	('>10', 5.769782795904698)	('>50', 3.935827512518738)	('>100', 9.22080821611967)	('>500', 8.158708895480496)	('>1k', 12.582527987752368)	('>5k', 16.196217267885054)	('>10k+', 35.10987784263069)
SRR37700673_1	(1.0, 1.1804596257691824)	(2.0, 0.875477655585655)	(3.0, 0.7588669022801887)	(4.0, 0.46644301322186543)	(5.0, 0.44850289732871673)	(6.0, 0.3875065032920113)	(7.0, 0.18837121687806105)	(8.0, 0.22963348343230297)	(9.0, 0.19375325164600565)	('>10', 3.8858291024560017)	('>50', 2.6336090131142247)	('>100', 6.288010620548609)	('>500', 8.645341848908345)	('>1k', 20.593459033745358)	('>5k', 15.032023106869271)	('>10k+', 38.192712724924206)
SRR37700673_2	(1.0, 2.303510880680289)	(2.0, 1.036938698623993)	(3.0, 0.8826537019429145)	(4.0, 0.5884358012952764)	(5.0, 0.6368741142067778)	(6.0, 0.3875065032920113)	(7.0, 0.3893005148813261)	(8.0, 0.2726897615758598)	(9.0, 0.25833766886134085)	('>10', 5.448413196749251)	('>50', 4.006027878940098)	('>100', 10.039288853805996)	('>500', 3.03726162071007)	('>1k', 18.553667856694354)	('>5k', 14.805977646615599)	('>10k+', 37.353115301124845)
SRR37700674_1	(1.0, 1.3412504366049598)	(2.0, 0.8522528815927349)	(3.0, 0.7614390499476074)	(4.0, 0.6799394574455699)	(5.0, 0.4773547560833625)	(6.0, 0.25148445686342996)	(7.0, 0.293398533007335)	(8.0, 0.24217021772033995)	(9.0, 0.16765630457561997)	('>10', 4.5639771801141)	('>50', 2.214460356269647)	('>100', 7.954360228198859)	('>500', 5.355687507276749)	('>1k', 20.92443823495168)	('>5k', 53.920130399348)	('>10k+', 0.0)
SRR37700674_2	(1.0, 2.857142857142857)	(2.0, 1.1922226103155198)	(3.0, 0.9919664687390849)	(4.0, 0.7171964140179299)	(5.0, 0.5704971475142625)	(6.0, 0.5029689137268599)	(7.0, 0.35859820700896494)	(8.0, 0.37256956572359995)	(9.0, 0.31435557107928747)	('>10', 6.589824193736174)	('>50', 3.6022819885900574)	('>100', 8.357201071137501)	('>500', 2.787286063569682)	('>1k', 17.985795785306788)	('>5k', 0.0)	('>10k+', 52.80009314239143)
SRR37700675_1	(1.0, 1.2991922327006487)	(2.0, 0.8873502845091719)	(3.0, 0.7281843141936254)	(4.0, 0.5013728064939716)	(5.0, 0.45760216465719633)	(6.0, 0.3461859854363137)	(7.0, 0.2646134256495961)	(8.0, 0.38199832875731166)	(9.0, 0.30440491822848276)	('>10', 3.5832239067287412)	('>50', 3.402172615494807)	('>100', 9.625562054832677)	('>500', 5.926942819625164)	('>1k', 16.863634554932155)	('>5k', 27.780430543949702)	('>10k+', 27.64712904381043)
SRR37700675_2	(1.0, 2.7575504357168437)	(2.0, 1.2773069117822609)	(3.0, 0.8774024113644504)	(4.0, 0.6366638812621861)	(5.0, 0.5769766423938563)	(6.0, 0.4655604631729736)	(7.0, 0.43173769448092)	(8.0, 0.413831522820421)	(9.0, 0.5013728064939716)	('>10', 5.361903625004974)	('>50', 4.381043332935419)	('>100', 8.837690501770721)	('>500', 6.44423222315069)	('>1k', 12.5303410130914)	('>5k', 27.830169909673312)	('>10k+', 26.6762166248856)
SRR37700676_1	(1.0, 0.8883595126429937)	(2.0, 0.4764386213057396)	(3.0, 0.4615499143899352)	(4.0, 0.39703218442144966)	(5.0, 0.2729596267897466)	(6.0, 0.2382193106528698)	(7.0, 0.2431822129581379)	(8.0, 0.2580709198739423)	(9.0, 0.17866448298965235)	('>10', 3.1588873173031584)	('>50', 1.771756122980719)	('>100', 2.6526712821658105)	('>500', 3.928137174619718)	('>1k', 13.025137100176181)	('>5k', 19.75731407727239)	('>10k+', 52.29162013945755)
SRR37700676_2	(1.0, 1.8461996575597408)	(2.0, 0.7593240527060224)	(3.0, 0.5434378024268592)	(4.0, 0.4764386213057396)	(5.0, 0.3474031613687685)	(6.0, 0.2382193106528698)	(7.0, 0.2431822129581379)	(8.0, 0.21836770143179732)	(9.0, 0.3126628452318916)	('>10', 3.6651033524405072)	('>50', 1.141467530211668)	('>100', 4.54105560932033)	('>500', 0.0)	('>1k', 15.945805106826471)	('>5k', 18.993027122261097)	('>10k+', 50.7283059132981)
SRR37700677_1	(1.0, 1.8125059726690664)	(2.0, 1.395215493899914)	(3.0, 1.165865001751983)	(4.0, 0.7645016404931035)	(5.0, 0.4937406428184627)	(6.0, 0.47781352530818977)	(7.0, 0.3344694677157328)	(8.0, 0.38225082024655177)	(9.0, 0.372694549740388)	('>10', 5.558564011085274)	('>50', 3.660051603860733)	('>100', 8.282101105341955)	('>500', 6.925110693466696)	('>1k', 46.71423565763068)	('>5k', 21.660879813971267)	('>10k+', 0.0)
SRR37700677_2	(1.0, 3.465740770235403)	(2.0, 1.8348039371834486)	(3.0, 1.1180836492211639)	(4.0, 0.6243430064027012)	(5.0, 0.8282101105341956)	(6.0, 0.5160386073328449)	(7.0, 0.6689389354314657)	(8.0, 0.38225082024655177)	(9.0, 0.3153569267034052)	('>10', 6.810435447392731)	('>50', 3.618641098334024)	('>100', 6.797693753384512)	('>500', 7.068454751059153)	('>1k', 45.07692797757462)	('>5k', 20.874080208963782)	('>10k+', 0.0)
SRR37700678_1	(1.0, 1.6672799841481019)	(2.0, 1.0643417216293487)	(3.0, 0.82373255583548)	(4.0, 0.6567214878138534)	(5.0, 0.3962974495428426)	(6.0, 0.4246044102244742)	(7.0, 0.4161123220199847)	(8.0, 0.22645568545305292)	(9.0, 0.3311914399750899)	('>10', 5.701021881280607)	('>50', 2.3438163444390976)	('>100', 14.388428114473347)	('>500', 8.98179862428171)	('>1k', 10.145214708296772)	('>5k', 17.046451722478555)	('>10k+', 35.38653154810768)
SRR37700678_2	(1.0, 4.353610552834942)	(2.0, 1.6644492880799389)	(3.0, 1.299289495286891)	(4.0, 0.8605316047216011)	(5.0, 0.7076740170407904)	(6.0, 0.509525292269369)	(7.0, 0.43592719449712686)	(8.0, 0.4755569394514111)	(9.0, 0.4840490276559006)	('>10', 8.101452147082968)	('>50', 3.9063605740651623)	('>100', 17.30121436861324)	('>500', 4.0110963285872)	('>1k', 6.453987035412008)	('>5k', 16.18875081382512)	('>10k+', 33.24652532057633)
SRR37700679_1	(1.0, 1.8604651162790697)	(2.0, 1.0184442662389734)	(3.0, 0.9623095429029671)	(4.0, 0.5773857257417803)	(5.0, 0.40096230954290296)	(6.0, 0.45709703287890935)	(7.0, 0.30874097834803527)	(8.0, 0.19246190858059342)	(9.0, 0.2165196471531676)	('>10', 4.402566158781075)	('>50', 4.578989574979952)	('>100', 15.240577385725743)	('>500', 12.94306335204491)	('>1k', 56.84041700080192)	('>5k', 0.0)	('>10k+', 0.0)
SRR37700679_2	(1.0, 4.494787489975942)	(2.0, 1.9085805934242182)	(3.0, 1.1066559743384121)	(4.0, 0.8981555733761026)	(5.0, 0.7016840417000801)	(6.0, 0.40898155573376105)	(7.0, 0.5332798716920609)	(8.0, 0.4170008019246191)	(9.0, 0.28869286287089013)	('>10', 8.219727345629511)	('>50', 4.891740176423416)	('>100', 22.987169206094627)	('>500', 9.2542101042502)	('>1k', 43.88933440256616)	('>5k', 0.0)	('>10k+', 0.0)
SRR37700680_1	(1.0, 2.079731516322587)	(2.0, 1.6678531475643243)	(3.0, 0.9305400183057052)	(4.0, 0.7525678836570732)	(5.0, 0.4576426319536256)	(6.0, 0.5186616495474422)	(7.0, 0.42713312315671714)	(8.0, 0.36611410556290047)	(9.0, 0.04576426319536256)	('>10', 9.478287399572867)	('>50', 8.42062442794671)	('>100', 13.612325841553952)	('>500', 13.63775043221804)	('>1k', 47.60500355944269)	('>5k', 0.0)	('>10k+', 0.0)
SRR37700680_2	(1.0, 4.927285670700702)	(2.0, 2.2882131597681274)	(3.0, 1.4949659310485102)	(4.0, 0.9559646089697955)	(5.0, 0.5593409946099868)	(6.0, 0.7017187023288924)	(7.0, 0.49832197701617004)	(8.0, 0.4881521407505339)	(9.0, 0.6406996847350758)	('>10', 12.371605817146344)	('>50', 8.171463439438625)	('>100', 19.653208583341808)	('>500', 11.430895962575002)	('>1k', 35.818163327570424)	('>5k', 0.0)	('>10k+', 0.0)
SRR37700681_1	(1.0, 1.2199870214146658)	(2.0, 0.7138221933809215)	(3.0, 0.47696301103179756)	(4.0, 0.5061648280337444)	(5.0, 0.3893575600259572)	(6.0, 0.2530824140168722)	(7.0, 0.24983776768332253)	(8.0, 0.3374432186891629)	(9.0, 0.3212199870214147)	('>10', 3.4036340038935755)	('>50', 2.225827384815055)	('>100', 8.137573004542505)	('>500', 2.7255029201817003)	('>1k', 26.794289422452955)	('>5k', 0.0)	('>10k+', 52.24529526281635)
SRR37700681_2	(1.0, 3.2868267358857888)	(2.0, 1.1810512654120702)	(3.0, 0.691109669046074)	(4.0, 0.6619078520441272)	(5.0, 0.48669695003244645)	(6.0, 0.3893575600259572)	(7.0, 0.49967553536664505)	(8.0, 0.46722907203114855)	(9.0, 0.14600908500973395)	('>10', 5.120051914341337)	('>50', 2.6216742375081115)	('>100', 6.443867618429591)	('>500', 3.199221284879948)	('>1k', 25.45425048669695)	('>5k', 0.0)	('>10k+', 49.35107073329007)
SRR37700682_1	(1.0, 1.5780970515261667)	(2.0, 1.1943915527090185)	(3.0, 1.0342738445559978)	(4.0, 0.5077606600888581)	(5.0, 0.5625757313484507)	(6.0, 0.3288904275575558)	(7.0, 0.23224280191564248)	(8.0, 0.3462004500605851)	(9.0, 0.15579020252726328)	('>10', 4.675148577693151)	('>50', 2.6931510010963016)	('>100', 12.794991633489122)	('>500', 8.311695805204547)	('>1k', 32.01921412497836)	('>5k', 33.565576135248975)	('>10k+', 0.0)
SRR37700682_2	(1.0, 3.1735041255553633)	(2.0, 1.5492470140211183)	(3.0, 1.1943915527090185)	(4.0, 0.7674109976342969)	(5.0, 0.46881310945704224)	(6.0, 0.276960360048468)	(7.0, 0.33321793318331316)	(8.0, 0.21926028503837053)	(9.0, 0.2856153712999827)	('>10', 5.712307425999654)	('>50', 4.049102763833593)	('>100', 16.724366741676764)	('>500', 13.245052218567885)	('>1k', 35.80145404189026)	('>5k', 16.19929605908488)	('>10k+', 0.0)
SRR37700683_1	(1.0, 0.9969183359013867)	(2.0, 0.7827426810477658)	(3.0, 0.5570107858243452)	(4.0, 0.4714946070878274)	(5.0, 0.3235747303543914)	(6.0, 0.30046224961479195)	(7.0, 0.12942989214175654)	(8.0, 0.13559322033898305)	(9.0, 0.15947611710323575)	('>10', 3.0084745762711864)	('>50', 1.708782742681048)	('>100', 9.01617873651772)	('>500', 3.9383667180277353)	('>1k', 28.318952234206474)	('>5k', 15.12788906009245)	('>10k+', 35.02465331278891)
SRR37700683_2	(1.0, 2.3143297380585515)	(2.0, 0.9845916795069338)	(3.0, 0.7234206471494607)	(4.0, 0.4283513097072419)	(5.0, 0.362095531587057)	(6.0, 0.32819722650231126)	(7.0, 0.2696456086286595)	(8.0, 0.17257318952234207)	(9.0, 0.20801232665639446)	('>10', 3.744992295839753)	('>50', 2.053929121725732)	('>100', 11.650231124807396)	('>500', 6.953775038520801)	('>1k', 26.057010785824346)	('>5k', 25.414483821263484)	('>10k+', 18.33436055469954)
SRR37700684_1	(1.0, 1.4522537333881353)	(2.0, 1.2604466365255516)	(3.0, 0.8466913275791204)	(4.0, 0.6466639265652829)	(5.0, 0.5343197698314838)	(6.0, 0.427455815865187)	(7.0, 0.3644334840389094)	(8.0, 0.3068913549801343)	(9.0, 0.14796547472256474)	('>10', 4.247157144814358)	('>50', 4.241676942046856)	('>100', 7.362652418139472)	('>500', 5.315796684477326)	('>1k', 25.197972324976025)	('>5k', 15.182901767365392)	('>10k+', 32.4647211946842)
SRR37700684_2	(1.0, 3.4141663241539937)	(2.0, 1.5947390053431976)	(3.0, 1.0933004521167282)	(4.0, 0.7014659542403069)	(5.0, 0.6850253459377997)	(6.0, 0.7069461570078093)	(7.0, 0.345252774352651)	(8.0, 0.4384162214001918)	(9.0, 0.46855733662145505)	('>10', 6.025482942868885)	('>50', 3.7977805178791617)	('>100', 8.43403205918619)	('>500', 14.481435813125085)	('>1k', 26.261131661871488)	('>5k', 0.0)	('>10k+', 31.552267433895054)
SRR37700685_1	(1.0, 1.7946254223103864)	(2.0, 1.4505780615565818)	(3.0, 0.9577534637200508)	(4.0, 0.6694975668722686)	(5.0, 0.5269193813346558)	(6.0, 0.3161516288007935)	(7.0, 0.5207203297895422)	(8.0, 0.3967392988872703)	(9.0, 0.3068530514831231)	('>10', 5.820909400861668)	('>50', 5.758918885410532)	('>100', 23.420016737439173)	('>500', 7.547345256175805)	('>1k', 34.079285869262)	('>5k', 16.433685646096148)	('>10k+', 0.0)
SRR37700685_2	(1.0, 3.9859901435080434)	(2.0, 1.7295353810866938)	(3.0, 1.3575922883798779)	(4.0, 0.9298577317670396)	(5.0, 0.44943123702073584)	(6.0, 0.6137061029662462)	(7.0, 0.5641136906053373)	(8.0, 0.2975544741654527)	(9.0, 0.3068530514831231)	('>10', 8.954529956916591)	('>50', 5.777516040045873)	('>100', 27.76245234479125)	('>500', 13.94166692496048)	('>1k', 33.329200632303255)	('>5k', 0.0)	('>10k+', 0.0)
SRR37700686_1	(1.0, 1.674817154974683)	(2.0, 1.3848617302116242)	(3.0, 0.7400354870818366)	(4.0, 0.6231877785952309)	(5.0, 0.3029385034837928)	(6.0, 0.36352620418055137)	(7.0, 0.45440775522568916)	(8.0, 0.31159388929761545)	(9.0, 0.1168477084866058)	('>10', 6.435279352577142)	('>50', 2.9731250270480807)	('>100', 23.057947808023542)	('>500', 3.920889773661661)	('>1k', 28.329077768641536)	('>5k', 29.311464058510406)	('>10k+', 0.0)
SRR37700686_2	(1.0, 3.4881204829705283)	(2.0, 1.4367940450945602)	(3.0, 1.1944432423075257)	(4.0, 0.6924308651058121)	(5.0, 0.6707924005712554)	(6.0, 0.7530185658025706)	(7.0, 0.3938200545289306)	(8.0, 0.27697234604232485)	(9.0, 0.31159388929761545)	('>10', 6.837754792919895)	('>50', 6.3703639589734715)	('>100', 23.001687800233693)	('>500', 0.0)	('>1k', 27.121651447613278)	('>5k', 27.45055610853854)	('>10k+', 0.0)
SRR37700687_1	(1.0, 1.4625156061116507)	(2.0, 1.121658310378312)	(3.0, 0.7847644715721053)	(4.0, 0.5073224866728762)	(5.0, 0.45579754662016214)	(6.0, 0.34482075266047046)	(7.0, 0.305186183389152)	(8.0, 0.2378074156279107)	(9.0, 0.3388755672697727)	('>10', 5.15645746219853)	('>50', 3.055825290818652)	('>100', 16.038128455639008)	('>500', 5.229781415350469)	('>1k', 31.043776381760168)	('>5k', 33.917282653930755)	('>10k+', 0.0)
SRR37700687_2	(1.0, 3.3174134480093533)	(2.0, 1.4744059768930462)	(3.0, 1.0998592972790868)	(4.0, 0.7847644715721053)	(5.0, 0.5647926121162878)	(6.0, 0.38049186500465704)	(7.0, 0.44390717583876654)	(8.0, 0.41219952042171176)	(9.0, 0.2318622302372129)	('>10', 6.75967578922336)	('>50', 4.326113235964408)	('>100', 16.024256356394048)	('>500', 12.498761419710272)	('>1k', 38.92709220982541)	('>5k', 12.754404391510274)	('>10k+', 0.0)
SRR37700688_1	(1.0, 1.837420834527874)	(2.0, 1.3135604263858844)	(3.0, 0.9773515077275925)	(4.0, 0.7297557924366025)	(5.0, 0.4691287237092444)	(6.0, 0.42221585133831996)	(7.0, 0.41960958065104637)	(8.0, 0.3127524824728296)	(9.0, 0.28147723422554666)	('>10', 6.307175063202064)	('>50', 5.337642367536293)	('>100', 14.56644687117204)	('>500', 9.166254007141182)	('>1k', 23.07070812374573)	('>5k', 34.78850113372775)	('>10k+', 0.0)
SRR37700688_2	(1.0, 3.9875941515285778)	(2.0, 1.8660898120878833)	(3.0, 1.4933931038077615)	(4.0, 0.9069821991712058)	(5.0, 0.7297557924366025)	(6.0, 0.5160415960801689)	(7.0, 0.5108290547056217)	(8.0, 0.5004039719565274)	(9.0, 0.3049336704110089)	('>10', 7.816205791133466)	('>50', 4.8893638093252365)	('>100', 19.685162500977352)	('>500', 14.76191717271756)	('>1k', 22.812687325705646)	('>5k', 19.21864004795538)	('>10k+', 0.0)
SRR37700689_1	(1.0, 1.520983362304445)	(2.0, 1.1360814502110752)	(3.0, 0.6890985845542588)	(4.0, 0.4345666749441272)	(5.0, 0.3259250062080954)	(6.0, 0.2048671467593742)	(7.0, 0.2172833374720636)	(8.0, 0.2731561956791656)	(9.0, 0.1955550037248572)	('>10', 4.1252793642910355)	('>50', 2.6694810032282095)	('>100', 15.538862676930718)	('>500', 5.891482493171095)	('>1k', 50.282468338713684)	('>5k', 16.494909361807796)	('>10k+', 0.0)
SRR37700689_2	(1.0, 3.069903153712441)	(2.0, 1.3533647876831387)	(3.0, 0.8474050161410479)	(4.0, 0.6208095356344674)	(5.0, 0.48112739011671224)	(6.0, 0.3538614353116464)	(7.0, 0.3911100074497144)	(8.0, 0.24832381425378697)	(9.0, 0.1955550037248572)	('>10', 4.842314377948846)	('>50', 4.33014651105041)	('>100', 22.277750186242862)	('>500', 8.669605165135337)	('>1k', 52.318723615594735)	('>5k', 0.0)	('>10k+', 0.0)
SRR37700690_1	(1.0, 1.7861444746532678)	(2.0, 1.2733592593867227)	(3.0, 0.8053136937743057)	(4.0, 0.49557765770726503)	(5.0, 0.464604054100561)	(6.0, 0.30973603606704064)	(7.0, 0.4095398699108649)	(8.0, 0.16519255256908835)	(9.0, 0.21681522524692848)	('>10', 6.83484186254603)	('>50', 3.3623567470833193)	('>100', 18.845717038923496)	('>500', 7.130811852565647)	('>1k', 39.72880889286575)	('>5k', 18.17118078259972)	('>10k+', 0.0)
SRR37700690_2	(1.0, 4.002477888288537)	(2.0, 1.6519255256908834)	(3.0, 0.929208108201122)	(4.0, 0.6745362563237773)	(5.0, 0.533434284337681)	(6.0, 0.43363045049385696)	(7.0, 0.33726812816188867)	(8.0, 0.3303851051381767)	(9.0, 0.21681522524692848)	('>10', 8.789620401280242)	('>50', 5.169150290807723)	('>100', 25.257252985511236)	('>500', 16.33341363526861)	('>1k', 35.34088171524934)	('>5k', 0.0)	('>10k+', 0.0)
SRR37700691_1	(1.0, 1.6386238071320942)	(2.0, 1.1300853842290306)	(3.0, 1.1395027624309393)	(4.0, 0.6089904570567555)	(5.0, 0.5022601707684581)	(6.0, 0.4237820190858865)	(7.0, 0.2746735308890005)	(8.0, 0.3515821195379206)	(9.0, 0.21189100954294324)	('>10', 5.601770467101959)	('>50', 4.31943746860874)	('>100', 15.976582119537921)	('>500', 11.241210447011552)	('>1k', 27.0294450025113)	('>5k', 29.550163234555498)	('>10k+', 0.0)
SRR37700691_2	(1.0, 3.8862380713209443)	(2.0, 1.8269713711702662)	(3.0, 1.3231416373681568)	(4.0, 0.7282772476142642)	(5.0, 0.5807383224510296)	(6.0, 0.5367905575087896)	(7.0, 0.46145153189352084)	(8.0, 0.42692114515318935)	(9.0, 0.40965595178302355)	('>10', 6.664364640883978)	('>50', 4.79187594173782)	('>100', 21.01958814665997)	('>500', 12.944186338523355)	('>1k', 35.64006780512305)	('>5k', 8.75973129080864)	('>10k+', 0.0)
SRR37700693_1	(1.0, 1.8710024508338814)	(2.0, 1.1536852172873453)	(3.0, 0.8876800765138382)	(4.0, 0.46625620180524835)	(5.0, 0.5080997070954629)	(6.0, 0.268993962579951)	(7.0, 0.3975133002570387)	(8.0, 0.2151951700639608)	(9.0, 0.1613963775479706)	('>10', 6.264570506306414)	('>50', 5.607029708888756)	('>100', 16.017096060732857)	('>500', 6.790603144240541)	('>1k', 36.78044115009863)	('>5k', 22.6104369657481)	('>10k+', 0.0)
SRR37700693_2	(1.0, 3.9482336063123915)	(2.0, 1.9307788869627591)	(3.0, 1.1835734353517844)	(4.0, 0.9444676908362722)	(5.0, 0.747205451610975)	(6.0, 0.4303903401279216)	(7.0, 0.3556697949668241)	(8.0, 0.59776436128878)	(9.0, 0.37659154761193137)	('>10', 8.861856656106163)	('>50', 6.748759638950326)	('>100', 19.22111303724072)	('>500', 17.792456213760534)	('>1k', 36.86113933887262)	('>5k', 0.0)	('>10k+', 0.0)
SRR37700696_1	(1.0, 1.461108723678556)	(2.0, 1.0259991405242803)	(3.0, 0.6284916201117319)	(4.0, 0.5371723248818221)	(5.0, 0.4700257842715943)	(6.0, 0.4995702621400946)	(7.0, 0.2820154705629566)	(8.0, 0.3867640739149119)	(9.0, 0.19338203695745596)	('>10', 4.990330898152127)	('>50', 3.781693167168027)	('>100', 7.8803180060163305)	('>500', 6.832831972496776)	('>1k', 18.304146970348086)	('>5k', 13.754297378599054)	('>10k+', 38.97185217017619)
SRR37700696_2	(1.0, 2.992049849591749)	(2.0, 1.240868070477009)	(3.0, 0.974967769660507)	(4.0, 0.8594757198109154)	(5.0, 0.6714654061022776)	(6.0, 0.6768371293510959)	(7.0, 0.658036097980232)	(8.0, 0.4297378599054577)	(9.0, 0.4592823377739579)	('>10', 7.09336055006446)	('>50', 3.112913622690159)	('>100', 7.917920068758058)	('>500', 5.849806617963043)	('>1k', 29.912440911044264)	('>5k', 0.0)	('>10k+', 37.150837988826815)
SRR37700697_1	(1.0, 1.7042814876396801)	(2.0, 1.2225835635865712)	(3.0, 1.1443382155170305)	(4.0, 0.6064014475389393)	(5.0, 0.4890334254346284)	(6.0, 0.39611707460204904)	(7.0, 0.2738587182433919)	(8.0, 0.31298139227816224)	(9.0, 0.39611707460204904)	('>10', 5.50896153752109)	('>50', 2.6505611658556862)	('>100', 9.196273565298188)	('>500', 7.562901924346529)	('>1k', 45.526566740836735)	('>5k', 23.00902266669927)	('>10k+', 0.0)
SRR37700697_2	(1.0, 3.49414382473042)	(2.0, 1.6187006381886204)	(3.0, 1.291048243147419)	(4.0, 0.8215761547301758)	(5.0, 0.7335501381519427)	(6.0, 0.6748661270997873)	(7.0, 0.5648336063769959)	(8.0, 0.33254272929554735)	(9.0, 0.4621365870357239)	('>10', 6.479692887008827)	('>50', 2.7116903440350146)	('>100', 9.753771670293665)	('>500', 6.281634349707803)	('>1k', 42.19624911362692)	('>5k', 22.58356358657114)	('>10k+', 0.0)
