Sample	0	1	2	3	4	5	6	7	8	9	10	11	12	13	14	15	16	17	18	19	20	21	22	23	24	25	26	27	28	29	30	31	32	33	34	35	36	37	38	39	40	41	42	43	44	45	46	47	48	49	50
SRR926448	(20, 175.0)	(40, 513.0)	(60, 474.0)	(80, 440.0)	(100, 471.0)	(120, 429.0)	(140, 447.0)	(160, 495.0)	(180, 620.0)	(200, 692.0)	(220, 693.0)	(240, 736.0)	(260, 968.0)	(280, 1159.0)	(300, 1470.0)	(320, 1767.0)	(340, 2075.0)	(360, 2549.0)	(380, 2963.0)	(400, 3271.0)	(420, 3695.0)	(440, 4076.0)	(460, 4263.0)	(480, 3395.0)	(500, 1772.0)	(520, 577.0)	(540, 173.0)	(560, 42.0)	(580, 6.0)	(600, 4.0)	(620, 1.0)																				
SRR926449	(20, 226.0)	(40, 695.0)	(60, 630.0)	(80, 542.0)	(100, 475.0)	(120, 542.0)	(140, 577.0)	(160, 594.0)	(180, 712.0)	(200, 829.0)	(220, 868.0)	(240, 904.0)	(260, 1074.0)	(280, 1427.0)	(300, 1873.0)	(320, 2240.0)	(340, 2798.0)	(360, 3262.0)	(380, 3959.0)	(400, 4412.0)	(420, 5111.0)	(440, 6080.0)	(460, 6603.0)	(480, 5242.0)	(500, 2203.0)	(520, 696.0)	(540, 129.0)	(560, 22.0)	(580, 5.0)	(600, 1.0)																					
SRR926450	(20, 153.0)	(40, 472.0)	(60, 453.0)	(80, 356.0)	(100, 355.0)	(120, 409.0)	(140, 435.0)	(160, 470.0)	(180, 523.0)	(200, 646.0)	(220, 650.0)	(240, 675.0)	(260, 858.0)	(280, 1053.0)	(300, 1261.0)	(320, 1532.0)	(340, 1857.0)	(360, 2301.0)	(380, 2711.0)	(400, 3144.0)	(420, 3492.0)	(440, 4038.0)	(460, 4165.0)	(480, 3236.0)	(500, 1750.0)	(520, 636.0)	(540, 163.0)	(560, 34.0)	(580, 5.0)																						
SRR926451	(20, 218.0)	(40, 706.0)	(60, 707.0)	(80, 578.0)	(100, 550.0)	(120, 592.0)	(140, 657.0)	(160, 702.0)	(180, 823.0)	(200, 951.0)	(220, 911.0)	(240, 999.0)	(260, 1198.0)	(280, 1565.0)	(300, 1967.0)	(320, 2223.0)	(340, 2851.0)	(360, 3421.0)	(380, 4190.0)	(400, 4645.0)	(420, 5521.0)	(440, 6326.0)	(460, 7010.0)	(480, 5485.0)	(500, 2485.0)	(520, 704.0)	(540, 134.0)	(560, 20.0)	(580, 1.0)	(600, 2.0)																					
SRR926452	(20, 276.0)	(40, 1193.0)	(60, 876.0)	(80, 700.0)	(100, 823.0)	(120, 784.0)	(140, 792.0)	(160, 779.0)	(180, 962.0)	(200, 1031.0)	(220, 1080.0)	(240, 1082.0)	(260, 1276.0)	(280, 1544.0)	(300, 1959.0)	(320, 2426.0)	(340, 2955.0)	(360, 3840.0)	(380, 4837.0)	(400, 5979.0)	(420, 6886.0)	(440, 7712.0)	(460, 7843.0)	(480, 6006.0)	(500, 3181.0)	(520, 1159.0)	(540, 320.0)	(560, 99.0)	(580, 20.0)	(600, 2.0)																					
SRR926453	(20, 245.0)	(40, 820.0)	(60, 738.0)	(80, 629.0)	(100, 604.0)	(120, 644.0)	(140, 675.0)	(160, 719.0)	(180, 890.0)	(200, 994.0)	(220, 1046.0)	(240, 1081.0)	(260, 1304.0)	(280, 1718.0)	(300, 2117.0)	(320, 2510.0)	(340, 3119.0)	(360, 3866.0)	(380, 4571.0)	(400, 5161.0)	(420, 5779.0)	(440, 6920.0)	(460, 7828.0)	(480, 6533.0)	(500, 3345.0)	(520, 1102.0)	(540, 274.0)	(560, 50.0)	(580, 8.0)	(600, 3.0)																					
SRR926454	(20, 271.0)	(40, 996.0)	(60, 1014.0)	(80, 985.0)	(100, 852.0)	(120, 842.0)	(140, 888.0)	(160, 1003.0)	(180, 1009.0)	(200, 1100.0)	(220, 1255.0)	(240, 1288.0)	(260, 1399.0)	(280, 1757.0)	(300, 2136.0)	(320, 2393.0)	(340, 2923.0)	(360, 3272.0)	(380, 3543.0)	(400, 3572.0)	(420, 3527.0)	(440, 3363.0)	(460, 3020.0)	(480, 2351.0)	(500, 1464.0)	(520, 587.0)	(540, 175.0)	(560, 24.0)	(580, 7.0)																						
SRR926455	(20, 231.0)	(40, 740.0)	(60, 734.0)	(80, 631.0)	(100, 619.0)	(120, 660.0)	(140, 723.0)	(160, 819.0)	(180, 922.0)	(200, 1060.0)	(220, 1139.0)	(240, 1115.0)	(260, 1380.0)	(280, 1812.0)	(300, 2192.0)	(320, 2731.0)	(340, 3225.0)	(360, 3767.0)	(380, 4289.0)	(400, 4923.0)	(420, 5228.0)	(440, 5825.0)	(460, 6079.0)	(480, 4964.0)	(500, 2383.0)	(520, 759.0)	(540, 153.0)	(560, 22.0)	(580, 4.0)																						
SRR926456	(20, 233.0)	(40, 1347.0)	(60, 699.0)	(80, 556.0)	(100, 573.0)	(120, 602.0)	(140, 683.0)	(160, 796.0)	(180, 878.0)	(200, 1049.0)	(220, 1024.0)	(240, 1078.0)	(260, 1321.0)	(280, 1784.0)	(300, 2198.0)	(320, 2485.0)	(340, 3106.0)	(360, 3697.0)	(380, 4178.0)	(400, 4718.0)	(420, 5069.0)	(440, 5734.0)	(460, 6162.0)	(480, 4722.0)	(500, 2354.0)	(520, 698.0)	(540, 156.0)	(560, 28.0)	(580, 7.0)	(600, 1.0)																					
SRR926457	(20, 233.0)	(40, 743.0)	(60, 706.0)	(80, 564.0)	(100, 594.0)	(120, 622.0)	(140, 697.0)	(160, 766.0)	(180, 804.0)	(200, 1010.0)	(220, 1022.0)	(240, 1078.0)	(260, 1265.0)	(280, 1601.0)	(300, 1982.0)	(320, 2430.0)	(340, 2870.0)	(360, 3579.0)	(380, 4130.0)	(400, 4775.0)	(420, 5399.0)	(440, 6182.0)	(460, 6795.0)	(480, 5418.0)	(500, 2912.0)	(520, 1070.0)	(540, 260.0)	(560, 48.0)	(580, 9.0)																						
SRR926458	(20, 239.0)	(40, 946.0)	(60, 1728.0)	(80, 880.0)	(100, 747.0)	(120, 809.0)	(140, 827.0)	(160, 871.0)	(180, 901.0)	(200, 1107.0)	(220, 1155.0)	(240, 1153.0)	(260, 1262.0)	(280, 1605.0)	(300, 1927.0)	(320, 2310.0)	(340, 2685.0)	(360, 3036.0)	(380, 3619.0)	(400, 3948.0)	(420, 4110.0)	(440, 4042.0)	(460, 3939.0)	(480, 3428.0)	(500, 2481.0)	(520, 1343.0)	(540, 438.0)	(560, 106.0)	(580, 13.0)	(600, 4.0)	(620, 1.0)																				
SRR926459	(20, 104.0)	(40, 355.0)	(60, 342.0)	(80, 271.0)	(100, 289.0)	(120, 287.0)	(140, 336.0)	(160, 356.0)	(180, 419.0)	(200, 481.0)	(220, 515.0)	(240, 552.0)	(260, 635.0)	(280, 772.0)	(300, 974.0)	(320, 1072.0)	(340, 1230.0)	(360, 1489.0)	(380, 1726.0)	(400, 1743.0)	(420, 1910.0)	(440, 2281.0)	(460, 2338.0)	(480, 1704.0)	(500, 691.0)	(520, 203.0)	(540, 50.0)	(560, 9.0)																							
SRR926460	(0, 1590.0)	(50, 4487.0)	(100, 3753.0)	(150, 4701.0)	(200, 6224.0)	(250, 8718.0)	(300, 14343.0)	(350, 21040.0)	(400, 27188.0)	(450, 28826.0)	(500, 7219.0)	(550, 200.0)	(600, 5.0)	(650, 0.0)	(700, 0.0)	(750, 0.0)	(800, 0.0)	(850, 0.0)	(900, 0.0)	(950, 0.0)	(1000, 0.0)	(1050, 0.0)	(1100, 0.0)	(1150, 1.0)																											
SRR926461	(20, 272.0)	(40, 1033.0)	(60, 994.0)	(80, 965.0)	(100, 878.0)	(120, 845.0)	(140, 896.0)	(160, 913.0)	(180, 975.0)	(200, 1142.0)	(220, 1262.0)	(240, 1305.0)	(260, 1431.0)	(280, 1752.0)	(300, 2159.0)	(320, 2390.0)	(340, 2569.0)	(360, 2858.0)	(380, 3108.0)	(400, 3350.0)	(420, 3114.0)	(440, 2798.0)	(460, 2444.0)	(480, 1869.0)	(500, 1186.0)	(520, 490.0)	(540, 165.0)	(560, 31.0)																							
SRR926462	(20, 419.0)	(40, 1816.0)	(60, 939.0)	(80, 844.0)	(100, 799.0)	(120, 840.0)	(140, 948.0)	(160, 1080.0)	(180, 1148.0)	(200, 1392.0)	(220, 1529.0)	(240, 1470.0)	(260, 1865.0)	(280, 2487.0)	(300, 2911.0)	(320, 3419.0)	(340, 3990.0)	(360, 4839.0)	(380, 5304.0)	(400, 5985.0)	(420, 6656.0)	(440, 7455.0)	(460, 7974.0)	(480, 5991.0)	(500, 2690.0)	(520, 765.0)	(540, 157.0)	(560, 26.0)	(580, 7.0)																						
SRR926463	(20, 279.0)	(40, 1003.0)	(60, 899.0)	(80, 757.0)	(100, 744.0)	(120, 771.0)	(140, 956.0)	(160, 934.0)	(180, 1128.0)	(200, 1266.0)	(220, 1285.0)	(240, 1413.0)	(260, 1663.0)	(280, 2133.0)	(300, 2542.0)	(320, 3017.0)	(340, 3397.0)	(360, 3829.0)	(380, 4224.0)	(400, 4555.0)	(420, 4905.0)	(440, 5233.0)	(460, 5608.0)	(480, 4352.0)	(500, 2084.0)	(520, 718.0)	(540, 148.0)	(560, 31.0)	(580, 7.0)																						
SRR926464	(20, 401.0)	(40, 1306.0)	(60, 1153.0)	(80, 1074.0)	(100, 1004.0)	(120, 1095.0)	(140, 1220.0)	(160, 1319.0)	(180, 1412.0)	(200, 1764.0)	(220, 1834.0)	(240, 1880.0)	(260, 2366.0)	(280, 3111.0)	(300, 3689.0)	(320, 4281.0)	(340, 4908.0)	(360, 6103.0)	(380, 6824.0)	(400, 7561.0)	(420, 8204.0)	(440, 8878.0)	(460, 8917.0)	(480, 6530.0)	(500, 2926.0)	(520, 888.0)	(540, 215.0)	(560, 43.0)	(580, 5.0)																						
SRR926465	(20, 275.0)	(40, 994.0)	(60, 984.0)	(80, 821.0)	(100, 837.0)	(120, 896.0)	(140, 1038.0)	(160, 1081.0)	(180, 1293.0)	(200, 1402.0)	(220, 1568.0)	(240, 1596.0)	(260, 1913.0)	(280, 2470.0)	(300, 3109.0)	(320, 3584.0)	(340, 4239.0)	(360, 5029.0)	(380, 5764.0)	(400, 6095.0)	(420, 6666.0)	(440, 6487.0)	(460, 5999.0)	(480, 4299.0)	(500, 2028.0)	(520, 721.0)	(540, 169.0)	(560, 36.0)	(580, 6.0)	(600, 1.0)																					
SRR926466	(20, 184.0)	(40, 728.0)	(60, 704.0)	(80, 620.0)	(100, 537.0)	(120, 560.0)	(140, 614.0)	(160, 643.0)	(180, 705.0)	(200, 814.0)	(220, 919.0)	(240, 928.0)	(260, 990.0)	(280, 1323.0)	(300, 1611.0)	(320, 1874.0)	(340, 2026.0)	(360, 2377.0)	(380, 2673.0)	(400, 2887.0)	(420, 2980.0)	(440, 2888.0)	(460, 2542.0)	(480, 2054.0)	(500, 1378.0)	(520, 696.0)	(540, 276.0)	(560, 62.0)	(580, 13.0)	(600, 3.0)	(620, 0.0)	(640, 1.0)																			
SRR926467	(20, 106.0)	(40, 318.0)	(60, 336.0)	(80, 254.0)	(100, 207.0)	(120, 208.0)	(140, 181.0)	(160, 210.0)	(180, 223.0)	(200, 250.0)	(220, 262.0)	(240, 298.0)	(260, 352.0)	(280, 459.0)	(300, 537.0)	(320, 622.0)	(340, 687.0)	(360, 849.0)	(380, 987.0)	(400, 1043.0)	(420, 1084.0)	(440, 1210.0)	(460, 1238.0)	(480, 850.0)	(500, 383.0)	(520, 138.0)	(540, 25.0)	(560, 7.0)	(580, 1.0)																						
SRR926468	(20, 142.0)	(40, 840.0)	(60, 745.0)	(80, 324.0)	(100, 261.0)	(120, 320.0)	(140, 386.0)	(160, 377.0)	(180, 394.0)	(200, 459.0)	(220, 443.0)	(240, 500.0)	(260, 589.0)	(280, 775.0)	(300, 980.0)	(320, 1137.0)	(340, 1415.0)	(360, 1612.0)	(380, 1850.0)	(400, 2045.0)	(420, 2348.0)	(440, 2454.0)	(460, 2565.0)	(480, 1829.0)	(500, 684.0)	(520, 192.0)	(540, 34.0)	(560, 5.0)	(580, 1.0)																						
SRR926469	(20, 162.0)	(40, 577.0)	(60, 460.0)	(80, 402.0)	(100, 347.0)	(120, 388.0)	(140, 430.0)	(160, 473.0)	(180, 489.0)	(200, 610.0)	(220, 647.0)	(240, 654.0)	(260, 793.0)	(280, 1033.0)	(300, 1255.0)	(320, 1437.0)	(340, 1762.0)	(360, 2130.0)	(380, 2698.0)	(400, 3024.0)	(420, 3312.0)	(440, 3849.0)	(460, 3856.0)	(480, 2979.0)	(500, 1399.0)	(520, 390.0)	(540, 80.0)	(560, 21.0)	(580, 2.0)																						
SRR926470	(20, 102.0)	(40, 439.0)	(60, 358.0)	(80, 345.0)	(100, 318.0)	(120, 355.0)	(140, 397.0)	(160, 397.0)	(180, 479.0)	(200, 537.0)	(220, 588.0)	(240, 594.0)	(260, 781.0)	(280, 952.0)	(300, 1130.0)	(320, 1279.0)	(340, 1505.0)	(360, 1875.0)	(380, 2059.0)	(400, 2260.0)	(420, 2324.0)	(440, 2178.0)	(460, 1948.0)	(480, 1250.0)	(500, 591.0)	(520, 171.0)	(540, 34.0)	(560, 4.0)																							
SRR926471	(20, 516.0)	(40, 1936.0)	(60, 1719.0)	(80, 1720.0)	(100, 1558.0)	(120, 1447.0)	(140, 1552.0)	(160, 1620.0)	(180, 1914.0)	(200, 2079.0)	(220, 2302.0)	(240, 2497.0)	(260, 2894.0)	(280, 3626.0)	(300, 4637.0)	(320, 5792.0)	(340, 7522.0)	(360, 9505.0)	(380, 11582.0)	(400, 12383.0)	(420, 12506.0)	(440, 11624.0)	(460, 9923.0)	(480, 6792.0)	(500, 3230.0)	(520, 1227.0)	(540, 326.0)	(560, 46.0)	(580, 6.0)	(600, 2.0)																					
SRR926472	(20, 218.0)	(40, 735.0)	(60, 742.0)	(80, 678.0)	(100, 630.0)	(120, 682.0)	(140, 681.0)	(160, 736.0)	(180, 930.0)	(200, 1012.0)	(220, 1159.0)	(240, 1169.0)	(260, 1370.0)	(280, 1694.0)	(300, 2139.0)	(320, 2679.0)	(340, 3448.0)	(360, 4127.0)	(380, 4917.0)	(400, 5037.0)	(420, 4939.0)	(440, 4363.0)	(460, 3639.0)	(480, 2322.0)	(500, 1103.0)	(520, 383.0)	(540, 96.0)	(560, 16.0)	(580, 3.0)																						
SRR926473	(20, 513.0)	(40, 1798.0)	(60, 1904.0)	(80, 1685.0)	(100, 1414.0)	(120, 1444.0)	(140, 1349.0)	(160, 1435.0)	(180, 1624.0)	(200, 1748.0)	(220, 1937.0)	(240, 1978.0)	(260, 2331.0)	(280, 2764.0)	(300, 3618.0)	(320, 4576.0)	(340, 5897.0)	(360, 7405.0)	(380, 8308.0)	(400, 8169.0)	(420, 7222.0)	(440, 5604.0)	(460, 4025.0)	(480, 2642.0)	(500, 1405.0)	(520, 519.0)	(540, 113.0)	(560, 21.0)	(580, 3.0)	(600, 1.0)																					
SRR926474	(20, 367.0)	(40, 1094.0)	(60, 917.0)	(80, 909.0)	(100, 795.0)	(120, 828.0)	(140, 901.0)	(160, 979.0)	(180, 1128.0)	(200, 1298.0)	(220, 1313.0)	(240, 1448.0)	(260, 1715.0)	(280, 1988.0)	(300, 2617.0)	(320, 3515.0)	(340, 4453.0)	(360, 5631.0)	(380, 6932.0)	(400, 7462.0)	(420, 7630.0)	(440, 7382.0)	(460, 6156.0)	(480, 4080.0)	(500, 1633.0)	(520, 513.0)	(540, 116.0)	(560, 8.0)	(580, 3.0)	(600, 1.0)	(620, 1.0)																				
SRR926475	(20, 229.0)	(40, 1016.0)	(60, 782.0)	(80, 730.0)	(100, 692.0)	(120, 739.0)	(140, 741.0)	(160, 733.0)	(180, 898.0)	(200, 1085.0)	(220, 1181.0)	(240, 1155.0)	(260, 1471.0)	(280, 1847.0)	(300, 2411.0)	(320, 3006.0)	(340, 3984.0)	(360, 5024.0)	(380, 5854.0)	(400, 6426.0)	(420, 6358.0)	(440, 5646.0)	(460, 4662.0)	(480, 3025.0)	(500, 1251.0)	(520, 337.0)	(540, 76.0)	(560, 10.0)																							
SRR926476	(20, 317.0)	(40, 1176.0)	(60, 1083.0)	(80, 969.0)	(100, 954.0)	(120, 973.0)	(140, 1073.0)	(160, 1201.0)	(180, 1303.0)	(200, 1498.0)	(220, 1705.0)	(240, 1762.0)	(260, 2097.0)	(280, 2533.0)	(300, 3208.0)	(320, 4128.0)	(340, 5140.0)	(360, 6127.0)	(380, 7392.0)	(400, 7781.0)	(420, 7617.0)	(440, 6951.0)	(460, 5765.0)	(480, 3689.0)	(500, 1457.0)	(520, 402.0)	(540, 106.0)	(560, 21.0)	(580, 2.0)																						
SRR926477	(20, 245.0)	(40, 871.0)	(60, 860.0)	(80, 780.0)	(100, 851.0)	(120, 776.0)	(140, 888.0)	(160, 920.0)	(180, 1000.0)	(200, 1118.0)	(220, 1271.0)	(240, 1350.0)	(260, 1495.0)	(280, 1700.0)	(300, 2099.0)	(320, 2490.0)	(340, 2665.0)	(360, 2975.0)	(380, 3266.0)	(400, 3313.0)	(420, 3330.0)	(440, 3002.0)	(460, 2731.0)	(480, 2073.0)	(500, 1136.0)	(520, 414.0)	(540, 113.0)	(560, 29.0)	(580, 11.0)																						
SRR926478	(20, 182.0)	(40, 762.0)	(60, 663.0)	(80, 655.0)	(100, 610.0)	(120, 636.0)	(140, 723.0)	(160, 742.0)	(180, 935.0)	(200, 1126.0)	(220, 1119.0)	(240, 1174.0)	(260, 1391.0)	(280, 1660.0)	(300, 1956.0)	(320, 2417.0)	(340, 2814.0)	(360, 2951.0)	(380, 3330.0)	(400, 3561.0)	(420, 3591.0)	(440, 3565.0)	(460, 3306.0)	(480, 2287.0)	(500, 1050.0)	(520, 322.0)	(540, 73.0)	(560, 11.0)	(580, 1.0)																						
SRR926479	(20, 207.0)	(40, 830.0)	(60, 891.0)	(80, 882.0)	(100, 771.0)	(120, 704.0)	(140, 722.0)	(160, 814.0)	(180, 905.0)	(200, 981.0)	(220, 1114.0)	(240, 1176.0)	(260, 1283.0)	(280, 1461.0)	(300, 1786.0)	(320, 2044.0)	(340, 2428.0)	(360, 2810.0)	(380, 2965.0)	(400, 3107.0)	(420, 2884.0)	(440, 2508.0)	(460, 2043.0)	(480, 1442.0)	(500, 928.0)	(520, 386.0)	(540, 111.0)	(560, 23.0)	(580, 7.0)	(600, 1.0)	(620, 0.0)	(640, 0.0)	(660, 1.0)																		
SRR926480	(20, 202.0)	(40, 778.0)	(60, 714.0)	(80, 635.0)	(100, 635.0)	(120, 663.0)	(140, 709.0)	(160, 757.0)	(180, 852.0)	(200, 992.0)	(220, 1124.0)	(240, 1174.0)	(260, 1368.0)	(280, 1671.0)	(300, 2022.0)	(320, 2502.0)	(340, 2968.0)	(360, 3548.0)	(380, 3942.0)	(400, 4255.0)	(420, 4420.0)	(440, 4622.0)	(460, 4374.0)	(480, 3392.0)	(500, 1790.0)	(520, 621.0)	(540, 164.0)	(560, 31.0)	(580, 8.0)	(600, 2.0)																					
SRR926481	(20, 142.0)	(40, 545.0)	(60, 470.0)	(80, 485.0)	(100, 433.0)	(120, 520.0)	(140, 617.0)	(160, 673.0)	(180, 832.0)	(200, 888.0)	(220, 1005.0)	(240, 1059.0)	(260, 1264.0)	(280, 1592.0)	(300, 1898.0)	(320, 2178.0)	(340, 2437.0)	(360, 2722.0)	(380, 2945.0)	(400, 3075.0)	(420, 3177.0)	(440, 3173.0)	(460, 2791.0)	(480, 2052.0)	(500, 1010.0)	(520, 293.0)	(540, 82.0)	(560, 8.0)	(580, 2.0)																						
SRR926482	(20, 327.0)	(40, 1081.0)	(60, 1077.0)	(80, 1129.0)	(100, 1035.0)	(120, 1079.0)	(140, 1243.0)	(160, 1413.0)	(180, 1624.0)	(200, 1923.0)	(220, 2031.0)	(240, 2114.0)	(260, 2478.0)	(280, 3104.0)	(300, 3896.0)	(320, 4572.0)	(340, 5295.0)	(360, 5771.0)	(380, 6061.0)	(400, 6311.0)	(420, 6342.0)	(440, 6145.0)	(460, 6043.0)	(480, 4151.0)	(500, 2050.0)	(520, 658.0)	(540, 139.0)	(560, 25.0)	(580, 3.0)																						
SRR926483	(20, 153.0)	(40, 509.0)	(60, 637.0)	(80, 522.0)	(100, 503.0)	(120, 541.0)	(140, 504.0)	(160, 594.0)	(180, 712.0)	(200, 760.0)	(220, 813.0)	(240, 802.0)	(260, 967.0)	(280, 1134.0)	(300, 1290.0)	(320, 1469.0)	(340, 1661.0)	(360, 1908.0)	(380, 2065.0)	(400, 1962.0)	(420, 2036.0)	(440, 1808.0)	(460, 1561.0)	(480, 1175.0)	(500, 670.0)	(520, 272.0)	(540, 89.0)	(560, 20.0)	(580, 9.0)	(600, 1.0)																					
SRR926484	(20, 265.0)	(40, 895.0)	(60, 1079.0)	(80, 820.0)	(100, 841.0)	(120, 790.0)	(140, 957.0)	(160, 1052.0)	(180, 1217.0)	(200, 1427.0)	(220, 1441.0)	(240, 1529.0)	(260, 1862.0)	(280, 2293.0)	(300, 2810.0)	(320, 3347.0)	(340, 3968.0)	(360, 4498.0)	(380, 4907.0)	(400, 5349.0)	(420, 5604.0)	(440, 5769.0)	(460, 5279.0)	(480, 3811.0)	(500, 1819.0)	(520, 550.0)	(540, 107.0)	(560, 32.0)	(580, 3.0)	(600, 2.0)	(620, 1.0)																				
SRR926485	(20, 199.0)	(40, 922.0)	(60, 826.0)	(80, 847.0)	(100, 817.0)	(120, 834.0)	(140, 866.0)	(160, 967.0)	(180, 1204.0)	(200, 1451.0)	(220, 1499.0)	(240, 1536.0)	(260, 1829.0)	(280, 2323.0)	(300, 2860.0)	(320, 3341.0)	(340, 3806.0)	(360, 4211.0)	(380, 4576.0)	(400, 4749.0)	(420, 4847.0)	(440, 5170.0)	(460, 4961.0)	(480, 3633.0)	(500, 1597.0)	(520, 478.0)	(540, 89.0)	(560, 20.0)	(580, 3.0)	(600, 1.0)																					
SRR926486	(20, 383.0)	(40, 1290.0)	(60, 1368.0)	(80, 1212.0)	(100, 1228.0)	(120, 1133.0)	(140, 1272.0)	(160, 1419.0)	(180, 1432.0)	(200, 1608.0)	(220, 1725.0)	(240, 1835.0)	(260, 2061.0)	(280, 2504.0)	(300, 2983.0)	(320, 3374.0)	(340, 3771.0)	(360, 4058.0)	(380, 4270.0)	(400, 3955.0)	(420, 3720.0)	(440, 3187.0)	(460, 2869.0)	(480, 2267.0)	(500, 1380.0)	(520, 523.0)	(540, 141.0)	(560, 33.0)	(580, 4.0)																						
SRR926487	(20, 270.0)	(40, 888.0)	(60, 817.0)	(80, 819.0)	(100, 820.0)	(120, 862.0)	(140, 862.0)	(160, 1100.0)	(180, 1338.0)	(200, 1460.0)	(220, 1518.0)	(240, 1687.0)	(260, 1888.0)	(280, 2326.0)	(300, 2700.0)	(320, 3269.0)	(340, 3600.0)	(360, 3827.0)	(380, 3830.0)	(400, 3986.0)	(420, 3979.0)	(440, 4062.0)	(460, 3779.0)	(480, 2742.0)	(500, 1314.0)	(520, 410.0)	(540, 91.0)	(560, 16.0)	(580, 3.0)	(600, 0.0)	(620, 1.0)																				
SRR926488	(20, 242.0)	(40, 932.0)	(60, 902.0)	(80, 883.0)	(100, 920.0)	(120, 900.0)	(140, 1069.0)	(160, 1293.0)	(180, 1417.0)	(200, 1657.0)	(220, 1661.0)	(240, 1877.0)	(260, 2144.0)	(280, 2679.0)	(300, 3337.0)	(320, 3800.0)	(340, 4156.0)	(360, 4594.0)	(380, 4705.0)	(400, 4732.0)	(420, 4773.0)	(440, 4769.0)	(460, 4679.0)	(480, 3346.0)	(500, 1520.0)	(520, 490.0)	(540, 96.0)	(560, 12.0)	(580, 2.0)																						
SRR926489	(20, 267.0)	(40, 926.0)	(60, 957.0)	(80, 944.0)	(100, 924.0)	(120, 1046.0)	(140, 1067.0)	(160, 1249.0)	(180, 1418.0)	(200, 1655.0)	(220, 1697.0)	(240, 1807.0)	(260, 2081.0)	(280, 2558.0)	(300, 3172.0)	(320, 3665.0)	(340, 4244.0)	(360, 4584.0)	(380, 4814.0)	(400, 5011.0)	(420, 5069.0)	(440, 5178.0)	(460, 5009.0)	(480, 3872.0)	(500, 1980.0)	(520, 674.0)	(540, 178.0)	(560, 35.0)	(580, 3.0)																						
SRR926490	(20, 266.0)	(40, 1090.0)	(60, 1118.0)	(80, 1026.0)	(100, 1039.0)	(120, 966.0)	(140, 1106.0)	(160, 1155.0)	(180, 1296.0)	(200, 1492.0)	(220, 1651.0)	(240, 1660.0)	(260, 1826.0)	(280, 2156.0)	(300, 2719.0)	(320, 3088.0)	(340, 3664.0)	(360, 3907.0)	(380, 4092.0)	(400, 4445.0)	(420, 4289.0)	(440, 3888.0)	(460, 3522.0)	(480, 2837.0)	(500, 1935.0)	(520, 802.0)	(540, 257.0)	(560, 65.0)	(580, 19.0)																						
SRR926491	(20, 273.0)	(40, 1031.0)	(60, 1014.0)	(80, 939.0)	(100, 985.0)	(120, 1059.0)	(140, 1091.0)	(160, 1252.0)	(180, 1374.0)	(200, 1603.0)	(220, 1725.0)	(240, 1811.0)	(260, 2185.0)	(280, 2691.0)	(300, 3241.0)	(320, 4021.0)	(340, 4452.0)	(360, 5007.0)	(380, 5507.0)	(400, 5789.0)	(420, 6062.0)	(440, 6323.0)	(460, 6178.0)	(480, 4848.0)	(500, 2551.0)	(520, 971.0)	(540, 241.0)	(560, 60.0)	(580, 7.0)	(600, 4.0)																					
SRR926492	(40, 55.0)	(50, 72.0)	(60, 68.0)	(70, 46.0)	(80, 37.0)	(90, 24.0)	(100, 18.0)	(110, 26.0)	(120, 28.0)	(130, 39.0)	(140, 61.0)	(150, 36.0)	(160, 55.0)	(170, 41.0)	(180, 58.0)	(190, 52.0)	(200, 48.0)	(210, 90.0)	(220, 118.0)	(230, 137.0)	(240, 139.0)	(250, 121.0)	(260, 95.0)	(270, 85.0)	(280, 105.0)	(290, 116.0)	(300, 319.0)	(310, 327.0)	(320, 363.0)	(330, 399.0)	(340, 506.0)	(350, 515.0)	(360, 469.0)	(370, 434.0)	(380, 435.0)	(390, 247.0)	(400, 130.0)	(410, 196.0)	(420, 242.0)	(430, 223.0)	(440, 262.0)	(450, 186.0)	(460, 213.0)	(470, 181.0)	(480, 132.0)	(490, 93.0)	(500, 46.0)	(510, 92.0)	(520, 44.0)	(530, 9.0)	
SRR926493	(40, 101.0)	(50, 83.0)	(60, 72.0)	(70, 50.0)	(80, 40.0)	(90, 32.0)	(100, 19.0)	(110, 21.0)	(120, 37.0)	(130, 54.0)	(140, 40.0)	(150, 42.0)	(160, 46.0)	(170, 43.0)	(180, 72.0)	(190, 63.0)	(200, 80.0)	(210, 109.0)	(220, 139.0)	(230, 135.0)	(240, 164.0)	(250, 126.0)	(260, 104.0)	(270, 107.0)	(280, 124.0)	(290, 183.0)	(300, 321.0)	(310, 318.0)	(320, 393.0)	(330, 399.0)	(340, 469.0)	(350, 561.0)	(360, 531.0)	(370, 503.0)	(380, 531.0)	(390, 303.0)	(400, 215.0)	(410, 218.0)	(420, 281.0)	(430, 278.0)	(440, 267.0)	(450, 238.0)	(460, 220.0)	(470, 194.0)	(480, 158.0)	(490, 127.0)	(500, 74.0)	(510, 112.0)	(520, 50.0)	(530, 11.0)	
SRR926494	(40, 73.0)	(50, 54.0)	(60, 64.0)	(70, 66.0)	(80, 55.0)	(90, 32.0)	(100, 26.0)	(110, 26.0)	(120, 31.0)	(130, 58.0)	(140, 60.0)	(150, 53.0)	(160, 58.0)	(170, 49.0)	(180, 61.0)	(190, 61.0)	(200, 66.0)	(210, 115.0)	(220, 143.0)	(230, 149.0)	(240, 151.0)	(250, 148.0)	(260, 101.0)	(270, 89.0)	(280, 118.0)	(290, 198.0)	(300, 405.0)	(310, 370.0)	(320, 450.0)	(330, 432.0)	(340, 522.0)	(350, 662.0)	(360, 740.0)	(370, 694.0)	(380, 571.0)	(390, 283.0)	(400, 178.0)	(410, 275.0)	(420, 350.0)	(430, 438.0)	(440, 379.0)	(450, 226.0)	(460, 198.0)	(470, 271.0)	(480, 245.0)	(490, 125.0)	(500, 59.0)	(510, 58.0)	(520, 28.0)	(530, 15.0)	
SRR926495	(40, 60.0)	(50, 108.0)	(60, 91.0)	(70, 35.0)	(80, 41.0)	(90, 17.0)	(100, 13.0)	(110, 15.0)	(120, 19.0)	(130, 37.0)	(140, 36.0)	(150, 35.0)	(160, 49.0)	(170, 32.0)	(180, 55.0)	(190, 50.0)	(200, 52.0)	(210, 75.0)	(220, 115.0)	(230, 144.0)	(240, 153.0)	(250, 123.0)	(260, 98.0)	(270, 77.0)	(280, 93.0)	(290, 82.0)	(300, 239.0)	(310, 276.0)	(320, 319.0)	(330, 291.0)	(340, 360.0)	(350, 416.0)	(360, 343.0)	(370, 400.0)	(380, 360.0)	(390, 209.0)	(400, 144.0)	(410, 114.0)	(420, 196.0)	(430, 249.0)	(440, 282.0)	(450, 152.0)	(460, 134.0)	(470, 154.0)	(480, 98.0)	(490, 41.0)	(500, 40.0)	(510, 105.0)	(520, 55.0)	(530, 13.0)	
SRR926496	(40, 56.0)	(50, 72.0)	(60, 57.0)	(70, 45.0)	(80, 30.0)	(90, 32.0)	(100, 20.0)	(110, 23.0)	(120, 43.0)	(130, 56.0)	(140, 32.0)	(150, 48.0)	(160, 45.0)	(170, 54.0)	(180, 62.0)	(190, 62.0)	(200, 53.0)	(210, 97.0)	(220, 118.0)	(230, 135.0)	(240, 170.0)	(250, 136.0)	(260, 104.0)	(270, 110.0)	(280, 113.0)	(290, 142.0)	(300, 300.0)	(310, 298.0)	(320, 421.0)	(330, 368.0)	(340, 415.0)	(350, 474.0)	(360, 535.0)	(370, 573.0)	(380, 560.0)	(390, 311.0)	(400, 167.0)	(410, 162.0)	(420, 287.0)	(430, 313.0)	(440, 304.0)	(450, 207.0)	(460, 177.0)	(470, 202.0)	(480, 175.0)	(490, 76.0)	(500, 55.0)	(510, 95.0)	(520, 53.0)	(530, 10.0)	
SRR926497	(40, 87.0)	(50, 89.0)	(60, 115.0)	(70, 51.0)	(80, 57.0)	(90, 38.0)	(100, 21.0)	(110, 18.0)	(120, 32.0)	(130, 39.0)	(140, 37.0)	(150, 57.0)	(160, 45.0)	(170, 38.0)	(180, 62.0)	(190, 41.0)	(200, 68.0)	(210, 107.0)	(220, 123.0)	(230, 146.0)	(240, 165.0)	(250, 141.0)	(260, 120.0)	(270, 114.0)	(280, 108.0)	(290, 138.0)	(300, 328.0)	(310, 341.0)	(320, 350.0)	(330, 397.0)	(340, 430.0)	(350, 542.0)	(360, 467.0)	(370, 521.0)	(380, 443.0)	(390, 252.0)	(400, 148.0)	(410, 161.0)	(420, 210.0)	(430, 251.0)	(440, 305.0)	(450, 189.0)	(460, 194.0)	(470, 172.0)	(480, 163.0)	(490, 89.0)	(500, 51.0)	(510, 96.0)	(520, 41.0)	(530, 8.0)	
SRR926498	(40, 103.0)	(50, 80.0)	(60, 50.0)	(70, 44.0)	(80, 49.0)	(90, 17.0)	(100, 17.0)	(110, 25.0)	(120, 47.0)	(130, 88.0)	(140, 48.0)	(150, 57.0)	(160, 60.0)	(170, 45.0)	(180, 59.0)	(190, 54.0)	(200, 88.0)	(210, 102.0)	(220, 81.0)	(230, 73.0)	(240, 184.0)	(250, 203.0)	(260, 111.0)	(270, 155.0)	(280, 219.0)	(290, 311.0)	(300, 519.0)	(310, 368.0)	(320, 310.0)	(330, 476.0)	(340, 763.0)	(350, 799.0)	(360, 1000.0)	(370, 441.0)	(380, 655.0)	(390, 405.0)	(400, 163.0)	(410, 269.0)	(420, 149.0)	(430, 159.0)	(440, 48.0)	(450, 163.0)	(460, 319.0)	(470, 278.0)	(480, 205.0)	(490, 56.0)	(500, 30.0)	(510, 28.0)	(520, 34.0)		
SRR926499	(40, 88.0)	(50, 175.0)	(60, 145.0)	(70, 97.0)	(80, 61.0)	(90, 35.0)	(100, 28.0)	(110, 36.0)	(120, 33.0)	(130, 54.0)	(140, 47.0)	(150, 84.0)	(160, 81.0)	(170, 65.0)	(180, 110.0)	(190, 77.0)	(200, 105.0)	(210, 131.0)	(220, 185.0)	(230, 206.0)	(240, 196.0)	(250, 162.0)	(260, 186.0)	(270, 115.0)	(280, 125.0)	(290, 142.0)	(300, 375.0)	(310, 497.0)	(320, 519.0)	(330, 566.0)	(340, 642.0)	(350, 704.0)	(360, 535.0)	(370, 715.0)	(380, 476.0)	(390, 304.0)	(400, 202.0)	(410, 177.0)	(420, 368.0)	(430, 383.0)	(440, 501.0)	(450, 312.0)	(460, 213.0)	(470, 267.0)	(480, 152.0)	(490, 88.0)	(500, 71.0)	(510, 187.0)	(520, 68.0)	(530, 10.0)	
SRR926500	(40, 54.0)	(50, 75.0)	(60, 138.0)	(70, 87.0)	(80, 60.0)	(90, 45.0)	(100, 35.0)	(110, 39.0)	(120, 37.0)	(130, 64.0)	(140, 52.0)	(150, 79.0)	(160, 57.0)	(170, 39.0)	(180, 71.0)	(190, 64.0)	(200, 91.0)	(210, 118.0)	(220, 137.0)	(230, 170.0)	(240, 177.0)	(250, 123.0)	(260, 132.0)	(270, 92.0)	(280, 109.0)	(290, 115.0)	(300, 282.0)	(310, 404.0)	(320, 424.0)	(330, 463.0)	(340, 508.0)	(350, 642.0)	(360, 518.0)	(370, 719.0)	(380, 551.0)	(390, 253.0)	(400, 170.0)	(410, 209.0)	(420, 392.0)	(430, 412.0)	(440, 448.0)	(450, 260.0)	(460, 218.0)	(470, 305.0)	(480, 201.0)	(490, 100.0)	(500, 93.0)	(510, 182.0)	(520, 69.0)	(530, 16.0)	
SRR926501	(40, 70.0)	(50, 71.0)	(60, 86.0)	(70, 90.0)	(80, 59.0)	(90, 30.0)	(100, 20.0)	(110, 11.0)	(120, 31.0)	(130, 48.0)	(140, 56.0)	(150, 54.0)	(160, 57.0)	(170, 47.0)	(180, 62.0)	(190, 70.0)	(200, 69.0)	(210, 103.0)	(220, 119.0)	(230, 130.0)	(240, 169.0)	(250, 150.0)	(260, 109.0)	(270, 89.0)	(280, 137.0)	(290, 176.0)	(300, 341.0)	(310, 474.0)	(320, 479.0)	(330, 496.0)	(340, 545.0)	(350, 635.0)	(360, 599.0)	(370, 593.0)	(380, 526.0)	(390, 217.0)	(400, 191.0)	(410, 319.0)	(420, 540.0)	(430, 533.0)	(440, 423.0)	(450, 219.0)	(460, 197.0)	(470, 275.0)	(480, 272.0)	(490, 137.0)	(500, 78.0)	(510, 104.0)	(520, 26.0)	(530, 3.0)	(540, 1.0)
SRR926502	(40, 74.0)	(50, 46.0)	(60, 59.0)	(70, 51.0)	(80, 62.0)	(90, 29.0)	(100, 15.0)	(110, 19.0)	(120, 43.0)	(130, 114.0)	(140, 71.0)	(150, 92.0)	(160, 77.0)	(170, 28.0)	(180, 39.0)	(190, 68.0)	(200, 109.0)	(210, 211.0)	(220, 135.0)	(230, 113.0)	(240, 180.0)	(250, 166.0)	(260, 81.0)	(270, 82.0)	(280, 250.0)	(290, 374.0)	(300, 583.0)	(310, 352.0)	(320, 427.0)	(330, 676.0)	(340, 889.0)	(350, 1081.0)	(360, 786.0)	(370, 491.0)	(380, 1155.0)	(390, 660.0)	(400, 155.0)	(410, 181.0)	(420, 243.0)	(430, 456.0)	(440, 194.0)	(450, 317.0)	(460, 593.0)	(470, 524.0)	(480, 527.0)	(490, 283.0)	(500, 63.0)	(510, 27.0)			
SRR926503	(40, 47.0)	(50, 85.0)	(60, 84.0)	(70, 58.0)	(80, 58.0)	(90, 22.0)	(100, 20.0)	(110, 25.0)	(120, 34.0)	(130, 33.0)	(140, 46.0)	(150, 45.0)	(160, 58.0)	(170, 46.0)	(180, 65.0)	(190, 50.0)	(200, 44.0)	(210, 62.0)	(220, 97.0)	(230, 106.0)	(240, 128.0)	(250, 111.0)	(260, 104.0)	(270, 87.0)	(280, 100.0)	(290, 112.0)	(300, 239.0)	(310, 247.0)	(320, 298.0)	(330, 324.0)	(340, 375.0)	(350, 443.0)	(360, 342.0)	(370, 393.0)	(380, 348.0)	(390, 204.0)	(400, 167.0)	(410, 122.0)	(420, 184.0)	(430, 225.0)	(440, 260.0)	(450, 159.0)	(460, 153.0)	(470, 165.0)	(480, 120.0)	(490, 63.0)	(500, 54.0)	(510, 95.0)	(520, 39.0)	(530, 12.0)	
SRR926504	(40, 100.0)	(50, 88.0)	(60, 84.0)	(70, 81.0)	(80, 83.0)	(90, 54.0)	(100, 44.0)	(110, 33.0)	(120, 34.0)	(130, 76.0)	(140, 74.0)	(150, 107.0)	(160, 86.0)	(170, 74.0)	(180, 123.0)	(190, 83.0)	(200, 122.0)	(210, 143.0)	(220, 202.0)	(230, 232.0)	(240, 231.0)	(250, 202.0)	(260, 164.0)	(270, 167.0)	(280, 165.0)	(290, 262.0)	(300, 500.0)	(310, 501.0)	(320, 638.0)	(330, 731.0)	(340, 831.0)	(350, 1060.0)	(360, 1024.0)	(370, 984.0)	(380, 957.0)	(390, 482.0)	(400, 352.0)	(410, 363.0)	(420, 668.0)	(430, 638.0)	(440, 568.0)	(450, 383.0)	(460, 401.0)	(470, 440.0)	(480, 342.0)	(490, 224.0)	(500, 172.0)	(510, 234.0)	(520, 116.0)	(530, 20.0)	
SRR926505	(40, 62.0)	(50, 78.0)	(60, 77.0)	(70, 64.0)	(80, 47.0)	(90, 37.0)	(100, 22.0)	(110, 23.0)	(120, 27.0)	(130, 48.0)	(140, 43.0)	(150, 60.0)	(160, 60.0)	(170, 41.0)	(180, 59.0)	(190, 72.0)	(200, 67.0)	(210, 102.0)	(220, 121.0)	(230, 140.0)	(240, 164.0)	(250, 120.0)	(260, 121.0)	(270, 82.0)	(280, 119.0)	(290, 141.0)	(300, 306.0)	(310, 303.0)	(320, 365.0)	(330, 467.0)	(340, 460.0)	(350, 555.0)	(360, 541.0)	(370, 552.0)	(380, 496.0)	(390, 307.0)	(400, 202.0)	(410, 217.0)	(420, 307.0)	(430, 295.0)	(440, 322.0)	(450, 210.0)	(460, 192.0)	(470, 232.0)	(480, 169.0)	(490, 122.0)	(500, 101.0)	(510, 100.0)	(520, 48.0)	(530, 18.0)	(540, 1.0)
SRR926506	(40, 98.0)	(50, 122.0)	(60, 76.0)	(70, 69.0)	(80, 59.0)	(90, 64.0)	(100, 26.0)	(110, 22.0)	(120, 39.0)	(130, 82.0)	(140, 68.0)	(150, 53.0)	(160, 72.0)	(170, 54.0)	(180, 55.0)	(190, 63.0)	(200, 73.0)	(210, 161.0)	(220, 95.0)	(230, 111.0)	(240, 119.0)	(250, 138.0)	(260, 97.0)	(270, 98.0)	(280, 178.0)	(290, 263.0)	(300, 353.0)	(310, 336.0)	(320, 416.0)	(330, 663.0)	(340, 690.0)	(350, 663.0)	(360, 684.0)	(370, 467.0)	(380, 727.0)	(390, 519.0)	(400, 248.0)	(410, 223.0)	(420, 363.0)	(430, 351.0)	(440, 226.0)	(450, 187.0)	(460, 434.0)	(470, 450.0)	(480, 362.0)	(490, 323.0)	(500, 172.0)	(510, 63.0)	(520, 6.0)		
SRR926507	(40, 101.0)	(50, 161.0)	(60, 157.0)	(70, 91.0)	(80, 79.0)	(90, 48.0)	(100, 37.0)	(110, 26.0)	(120, 41.0)	(130, 70.0)	(140, 83.0)	(150, 84.0)	(160, 86.0)	(170, 60.0)	(180, 88.0)	(190, 91.0)	(200, 96.0)	(210, 113.0)	(220, 175.0)	(230, 199.0)	(240, 194.0)	(250, 186.0)	(260, 159.0)	(270, 155.0)	(280, 126.0)	(290, 190.0)	(300, 353.0)	(310, 436.0)	(320, 542.0)	(330, 570.0)	(340, 629.0)	(350, 745.0)	(360, 611.0)	(370, 620.0)	(380, 538.0)	(390, 341.0)	(400, 266.0)	(410, 243.0)	(420, 392.0)	(430, 455.0)	(440, 506.0)	(450, 283.0)	(460, 244.0)	(470, 246.0)	(480, 177.0)	(490, 128.0)	(500, 123.0)	(510, 191.0)	(520, 66.0)	(530, 21.0)	
SRR926508	(40, 100.0)	(50, 87.0)	(60, 96.0)	(70, 83.0)	(80, 72.0)	(90, 52.0)	(100, 30.0)	(110, 18.0)	(120, 34.0)	(130, 62.0)	(140, 65.0)	(150, 107.0)	(160, 75.0)	(170, 71.0)	(180, 86.0)	(190, 82.0)	(200, 85.0)	(210, 118.0)	(220, 181.0)	(230, 176.0)	(240, 202.0)	(250, 180.0)	(260, 169.0)	(270, 143.0)	(280, 140.0)	(290, 198.0)	(300, 413.0)	(310, 431.0)	(320, 648.0)	(330, 749.0)	(340, 631.0)	(350, 728.0)	(360, 655.0)	(370, 612.0)	(380, 610.0)	(390, 394.0)	(400, 339.0)	(410, 278.0)	(420, 389.0)	(430, 400.0)	(440, 428.0)	(450, 378.0)	(460, 325.0)	(470, 316.0)	(480, 259.0)	(490, 155.0)	(500, 165.0)	(510, 159.0)	(520, 86.0)	(530, 10.0)	
SRR926509	(40, 65.0)	(50, 97.0)	(60, 77.0)	(70, 76.0)	(80, 64.0)	(90, 24.0)	(100, 38.0)	(110, 36.0)	(120, 40.0)	(130, 44.0)	(140, 73.0)	(150, 66.0)	(160, 84.0)	(170, 72.0)	(180, 87.0)	(190, 78.0)	(200, 102.0)	(210, 124.0)	(220, 162.0)	(230, 165.0)	(240, 160.0)	(250, 134.0)	(260, 162.0)	(270, 143.0)	(280, 163.0)	(290, 167.0)	(300, 482.0)	(310, 470.0)	(320, 766.0)	(330, 924.0)	(340, 679.0)	(350, 677.0)	(360, 570.0)	(370, 511.0)	(380, 522.0)	(390, 389.0)	(400, 378.0)	(410, 239.0)	(420, 305.0)	(430, 308.0)	(440, 352.0)	(450, 351.0)	(460, 282.0)	(470, 269.0)	(480, 199.0)	(490, 148.0)	(500, 79.0)	(510, 119.0)	(520, 74.0)	(530, 7.0)	
SRR926510	(40, 95.0)	(50, 74.0)	(60, 53.0)	(70, 46.0)	(80, 61.0)	(90, 40.0)	(100, 24.0)	(110, 20.0)	(120, 44.0)	(130, 112.0)	(140, 82.0)	(150, 77.0)	(160, 64.0)	(170, 52.0)	(180, 39.0)	(190, 53.0)	(200, 100.0)	(210, 208.0)	(220, 115.0)	(230, 109.0)	(240, 158.0)	(250, 168.0)	(260, 63.0)	(270, 87.0)	(280, 162.0)	(290, 424.0)	(300, 495.0)	(310, 383.0)	(320, 425.0)	(330, 630.0)	(340, 538.0)	(350, 746.0)	(360, 495.0)	(370, 352.0)	(380, 855.0)	(390, 548.0)	(400, 185.0)	(410, 187.0)	(420, 288.0)	(430, 362.0)	(440, 202.0)	(450, 278.0)	(460, 436.0)	(470, 429.0)	(480, 360.0)	(490, 258.0)	(500, 77.0)	(510, 26.0)	(520, 1.0)		
SRR926511	(40, 55.0)	(50, 94.0)	(60, 94.0)	(70, 77.0)	(80, 61.0)	(90, 55.0)	(100, 30.0)	(110, 33.0)	(120, 28.0)	(130, 72.0)	(140, 60.0)	(150, 69.0)	(160, 56.0)	(170, 67.0)	(180, 98.0)	(190, 90.0)	(200, 77.0)	(210, 91.0)	(220, 154.0)	(230, 115.0)	(240, 136.0)	(250, 106.0)	(260, 104.0)	(270, 79.0)	(280, 78.0)	(290, 102.0)	(300, 223.0)	(310, 258.0)	(320, 281.0)	(330, 293.0)	(340, 366.0)	(350, 378.0)	(360, 329.0)	(370, 386.0)	(380, 360.0)	(390, 209.0)	(400, 201.0)	(410, 147.0)	(420, 295.0)	(430, 325.0)	(440, 398.0)	(450, 247.0)	(460, 238.0)	(470, 251.0)	(480, 216.0)	(490, 156.0)	(500, 172.0)	(510, 278.0)	(520, 157.0)	(530, 58.0)	
SRR926512	(40, 37.0)	(50, 49.0)	(60, 50.0)	(70, 52.0)	(80, 47.0)	(90, 32.0)	(100, 22.0)	(110, 14.0)	(120, 23.0)	(130, 51.0)	(140, 69.0)	(150, 54.0)	(160, 63.0)	(170, 61.0)	(180, 70.0)	(190, 76.0)	(200, 91.0)	(210, 102.0)	(220, 190.0)	(230, 202.0)	(240, 220.0)	(250, 151.0)	(260, 140.0)	(270, 140.0)	(280, 146.0)	(290, 181.0)	(300, 371.0)	(310, 369.0)	(320, 543.0)	(330, 493.0)	(340, 567.0)	(350, 613.0)	(360, 578.0)	(370, 492.0)	(380, 508.0)	(390, 386.0)	(400, 282.0)	(410, 267.0)	(420, 320.0)	(430, 255.0)	(440, 328.0)	(450, 239.0)	(460, 246.0)	(470, 235.0)	(480, 166.0)	(490, 106.0)	(500, 76.0)	(510, 122.0)	(520, 66.0)	(530, 12.0)	
SRR926513	(40, 50.0)	(50, 78.0)	(60, 80.0)	(70, 65.0)	(80, 65.0)	(90, 34.0)	(100, 31.0)	(110, 25.0)	(120, 31.0)	(130, 67.0)	(140, 80.0)	(150, 66.0)	(160, 68.0)	(170, 51.0)	(180, 86.0)	(190, 94.0)	(200, 85.0)	(210, 112.0)	(220, 111.0)	(230, 144.0)	(240, 119.0)	(250, 88.0)	(260, 111.0)	(270, 103.0)	(280, 117.0)	(290, 133.0)	(300, 224.0)	(310, 245.0)	(320, 285.0)	(330, 311.0)	(340, 354.0)	(350, 457.0)	(360, 401.0)	(370, 374.0)	(380, 408.0)	(390, 359.0)	(400, 240.0)	(410, 253.0)	(420, 290.0)	(430, 273.0)	(440, 365.0)	(450, 296.0)	(460, 295.0)	(470, 337.0)	(480, 285.0)	(490, 245.0)	(500, 200.0)	(510, 233.0)	(520, 145.0)	(530, 35.0)	(540, 1.0)
SRR926514	(40, 21.0)	(50, 52.0)	(60, 79.0)	(70, 57.0)	(80, 51.0)	(90, 33.0)	(100, 18.0)	(110, 23.0)	(120, 31.0)	(130, 37.0)	(140, 50.0)	(150, 66.0)	(160, 56.0)	(170, 46.0)	(180, 64.0)	(190, 45.0)	(200, 70.0)	(210, 86.0)	(220, 149.0)	(230, 180.0)	(240, 191.0)	(250, 152.0)	(260, 146.0)	(270, 123.0)	(280, 139.0)	(290, 147.0)	(300, 362.0)	(310, 405.0)	(320, 466.0)	(330, 492.0)	(340, 579.0)	(350, 619.0)	(360, 625.0)	(370, 698.0)	(380, 702.0)	(390, 417.0)	(400, 243.0)	(410, 207.0)	(420, 338.0)	(430, 352.0)	(440, 471.0)	(450, 309.0)	(460, 263.0)	(470, 261.0)	(480, 222.0)	(490, 100.0)	(500, 66.0)	(510, 158.0)	(520, 100.0)	(530, 32.0)	
SRR926515	(40, 57.0)	(50, 56.0)	(60, 48.0)	(70, 57.0)	(80, 57.0)	(90, 27.0)	(100, 14.0)	(110, 20.0)	(120, 47.0)	(130, 79.0)	(140, 70.0)	(150, 68.0)	(160, 60.0)	(170, 36.0)	(180, 79.0)	(190, 68.0)	(200, 83.0)	(210, 80.0)	(220, 117.0)	(230, 134.0)	(240, 152.0)	(250, 167.0)	(260, 96.0)	(270, 75.0)	(280, 98.0)	(290, 180.0)	(300, 417.0)	(310, 421.0)	(320, 392.0)	(330, 414.0)	(340, 398.0)	(350, 656.0)	(360, 746.0)	(370, 745.0)	(380, 641.0)	(390, 233.0)	(400, 141.0)	(410, 294.0)	(420, 466.0)	(430, 578.0)	(440, 385.0)	(450, 216.0)	(460, 140.0)	(470, 270.0)	(480, 242.0)	(490, 138.0)	(500, 76.0)	(510, 63.0)	(520, 14.0)		
SRR926516	(40, 66.0)	(50, 79.0)	(60, 71.0)	(70, 41.0)	(80, 57.0)	(90, 20.0)	(100, 16.0)	(110, 28.0)	(120, 22.0)	(130, 40.0)	(140, 48.0)	(150, 45.0)	(160, 45.0)	(170, 40.0)	(180, 62.0)	(190, 47.0)	(200, 57.0)	(210, 77.0)	(220, 108.0)	(230, 117.0)	(240, 150.0)	(250, 100.0)	(260, 103.0)	(270, 99.0)	(280, 93.0)	(290, 116.0)	(300, 286.0)	(310, 307.0)	(320, 410.0)	(330, 423.0)	(340, 459.0)	(350, 553.0)	(360, 473.0)	(370, 470.0)	(380, 436.0)	(390, 301.0)	(400, 182.0)	(410, 150.0)	(420, 242.0)	(430, 252.0)	(440, 369.0)	(450, 226.0)	(460, 203.0)	(470, 182.0)	(480, 165.0)	(490, 79.0)	(500, 52.0)	(510, 113.0)	(520, 51.0)	(530, 18.0)	
SRR926517	(40, 96.0)	(50, 87.0)	(60, 57.0)	(70, 44.0)	(80, 76.0)	(90, 41.0)	(100, 21.0)	(110, 40.0)	(120, 49.0)	(130, 113.0)	(140, 64.0)	(150, 83.0)	(160, 70.0)	(170, 53.0)	(180, 83.0)	(190, 69.0)	(200, 123.0)	(210, 163.0)	(220, 130.0)	(230, 95.0)	(240, 188.0)	(250, 277.0)	(260, 95.0)	(270, 87.0)	(280, 254.0)	(290, 454.0)	(300, 619.0)	(310, 387.0)	(320, 400.0)	(330, 506.0)	(340, 813.0)	(350, 1123.0)	(360, 667.0)	(370, 408.0)	(380, 805.0)	(390, 554.0)	(400, 112.0)	(410, 208.0)	(420, 214.0)	(430, 327.0)	(440, 106.0)	(450, 260.0)	(460, 422.0)	(470, 363.0)	(480, 377.0)	(490, 159.0)	(500, 5.0)	(510, 1.0)	(520, 1.0)		
SRR926518	(40, 156.0)	(50, 144.0)	(60, 144.0)	(70, 117.0)	(80, 95.0)	(90, 65.0)	(100, 41.0)	(110, 44.0)	(120, 64.0)	(130, 124.0)	(140, 112.0)	(150, 107.0)	(160, 84.0)	(170, 69.0)	(180, 144.0)	(190, 102.0)	(200, 116.0)	(210, 136.0)	(220, 189.0)	(230, 172.0)	(240, 165.0)	(250, 157.0)	(260, 131.0)	(270, 91.0)	(280, 104.0)	(290, 136.0)	(300, 278.0)	(310, 300.0)	(320, 391.0)	(330, 327.0)	(340, 409.0)	(350, 531.0)	(360, 480.0)	(370, 448.0)	(380, 519.0)	(390, 252.0)	(400, 189.0)	(410, 208.0)	(420, 420.0)	(430, 446.0)	(440, 378.0)	(450, 263.0)	(460, 294.0)	(470, 319.0)	(480, 277.0)	(490, 193.0)	(500, 189.0)	(510, 301.0)	(520, 111.0)	(530, 17.0)	(540, 1.0)
SRR926519	(40, 165.0)	(50, 144.0)	(60, 122.0)	(70, 112.0)	(80, 93.0)	(90, 72.0)	(100, 43.0)	(110, 49.0)	(120, 59.0)	(130, 128.0)	(140, 114.0)	(150, 116.0)	(160, 99.0)	(170, 62.0)	(180, 128.0)	(190, 138.0)	(200, 107.0)	(210, 122.0)	(220, 159.0)	(230, 160.0)	(240, 169.0)	(250, 151.0)	(260, 140.0)	(270, 108.0)	(280, 110.0)	(290, 131.0)	(300, 318.0)	(310, 314.0)	(320, 387.0)	(330, 380.0)	(340, 438.0)	(350, 615.0)	(360, 516.0)	(370, 532.0)	(380, 505.0)	(390, 322.0)	(400, 206.0)	(410, 260.0)	(420, 412.0)	(430, 463.0)	(440, 530.0)	(450, 298.0)	(460, 277.0)	(470, 373.0)	(480, 306.0)	(490, 211.0)	(500, 201.0)	(510, 296.0)	(520, 124.0)	(530, 33.0)	
SRR926520	(40, 263.0)	(50, 298.0)	(60, 156.0)	(70, 67.0)	(80, 104.0)	(90, 65.0)	(100, 48.0)	(110, 46.0)	(120, 49.0)	(130, 95.0)	(140, 83.0)	(150, 78.0)	(160, 72.0)	(170, 49.0)	(180, 135.0)	(190, 101.0)	(200, 108.0)	(210, 133.0)	(220, 145.0)	(230, 148.0)	(240, 172.0)	(250, 135.0)	(260, 123.0)	(270, 102.0)	(280, 119.0)	(290, 178.0)	(300, 334.0)	(310, 271.0)	(320, 300.0)	(330, 342.0)	(340, 432.0)	(350, 585.0)	(360, 508.0)	(370, 459.0)	(380, 393.0)	(390, 273.0)	(400, 170.0)	(410, 183.0)	(420, 283.0)	(430, 289.0)	(440, 420.0)	(450, 246.0)	(460, 242.0)	(470, 300.0)	(480, 277.0)	(490, 188.0)	(500, 151.0)	(510, 201.0)	(520, 99.0)	(530, 20.0)	
SRR926521	(40, 150.0)	(50, 121.0)	(60, 161.0)	(70, 110.0)	(80, 62.0)	(90, 35.0)	(100, 32.0)	(110, 21.0)	(120, 42.0)	(130, 124.0)	(140, 63.0)	(150, 90.0)	(160, 86.0)	(170, 90.0)	(180, 98.0)	(190, 45.0)	(200, 78.0)	(210, 114.0)	(220, 71.0)	(230, 109.0)	(240, 157.0)	(250, 169.0)	(260, 68.0)	(270, 77.0)	(280, 162.0)	(290, 164.0)	(300, 266.0)	(310, 196.0)	(320, 390.0)	(330, 240.0)	(340, 564.0)	(350, 457.0)	(360, 348.0)	(370, 290.0)	(380, 531.0)	(390, 298.0)	(400, 95.0)	(410, 86.0)	(420, 157.0)	(430, 193.0)	(440, 140.0)	(450, 277.0)	(460, 324.0)	(470, 269.0)	(480, 289.0)	(490, 131.0)	(500, 44.0)	(510, 39.0)	(520, 8.0)		
SRR926522	(40, 131.0)	(50, 208.0)	(60, 182.0)	(70, 83.0)	(80, 88.0)	(90, 38.0)	(100, 24.0)	(110, 46.0)	(120, 43.0)	(130, 69.0)	(140, 86.0)	(150, 119.0)	(160, 74.0)	(170, 85.0)	(180, 103.0)	(190, 99.0)	(200, 78.0)	(210, 100.0)	(220, 141.0)	(230, 133.0)	(240, 131.0)	(250, 120.0)	(260, 126.0)	(270, 112.0)	(280, 100.0)	(290, 110.0)	(300, 220.0)	(310, 311.0)	(320, 325.0)	(330, 375.0)	(340, 363.0)	(350, 360.0)	(360, 379.0)	(370, 370.0)	(380, 434.0)	(390, 236.0)	(400, 162.0)	(410, 149.0)	(420, 193.0)	(430, 209.0)	(440, 281.0)	(450, 258.0)	(460, 242.0)	(470, 271.0)	(480, 203.0)	(490, 183.0)	(500, 131.0)	(510, 184.0)	(520, 107.0)	(530, 32.0)	(540, 1.0)
SRR926523	(40, 249.0)	(60, 196.0)	(80, 162.0)	(100, 87.0)	(120, 156.0)	(140, 202.0)	(160, 188.0)	(180, 213.0)	(200, 227.0)	(220, 363.0)	(240, 350.0)	(260, 273.0)	(280, 304.0)	(300, 711.0)	(320, 889.0)	(340, 1030.0)	(360, 1087.0)	(380, 914.0)	(400, 447.0)	(420, 686.0)	(440, 731.0)	(460, 714.0)	(480, 581.0)	(500, 431.0)	(520, 174.0)	(540, 1.0)																									
SRR926524	(40, 90.0)	(50, 134.0)	(60, 275.0)	(70, 169.0)	(80, 94.0)	(90, 78.0)	(100, 45.0)	(110, 47.0)	(120, 76.0)	(130, 82.0)	(140, 89.0)	(150, 101.0)	(160, 88.0)	(170, 68.0)	(180, 103.0)	(190, 96.0)	(200, 108.0)	(210, 128.0)	(220, 182.0)	(230, 183.0)	(240, 212.0)	(250, 163.0)	(260, 149.0)	(270, 127.0)	(280, 145.0)	(290, 172.0)	(300, 378.0)	(310, 378.0)	(320, 363.0)	(330, 429.0)	(340, 443.0)	(350, 520.0)	(360, 470.0)	(370, 483.0)	(380, 366.0)	(390, 302.0)	(400, 249.0)	(410, 220.0)	(420, 306.0)	(430, 315.0)	(440, 427.0)	(450, 300.0)	(460, 324.0)	(470, 327.0)	(480, 289.0)	(490, 229.0)	(500, 184.0)	(510, 235.0)	(520, 156.0)	(530, 53.0)	
SRR926525	(40, 190.0)	(50, 114.0)	(60, 61.0)	(70, 67.0)	(80, 85.0)	(90, 80.0)	(100, 35.0)	(110, 48.0)	(120, 77.0)	(130, 194.0)	(140, 95.0)	(150, 77.0)	(160, 79.0)	(170, 57.0)	(180, 71.0)	(190, 71.0)	(200, 105.0)	(210, 161.0)	(220, 94.0)	(230, 114.0)	(240, 149.0)	(250, 151.0)	(260, 77.0)	(270, 74.0)	(280, 169.0)	(290, 255.0)	(300, 366.0)	(310, 295.0)	(320, 275.0)	(330, 405.0)	(340, 486.0)	(350, 643.0)	(360, 551.0)	(370, 350.0)	(380, 582.0)	(390, 449.0)	(400, 164.0)	(410, 160.0)	(420, 199.0)	(430, 258.0)	(440, 154.0)	(450, 242.0)	(460, 488.0)	(470, 532.0)	(480, 581.0)	(490, 384.0)	(500, 137.0)	(510, 77.0)	(520, 1.0)		
SRR926526	(40, 129.0)	(50, 139.0)	(60, 116.0)	(70, 67.0)	(80, 79.0)	(90, 50.0)	(100, 39.0)	(110, 47.0)	(120, 45.0)	(130, 168.0)	(140, 88.0)	(150, 99.0)	(160, 85.0)	(170, 58.0)	(180, 118.0)	(190, 94.0)	(200, 77.0)	(210, 133.0)	(220, 103.0)	(230, 137.0)	(240, 155.0)	(250, 126.0)	(260, 110.0)	(270, 97.0)	(280, 164.0)	(290, 206.0)	(300, 317.0)	(310, 283.0)	(320, 343.0)	(330, 392.0)	(340, 470.0)	(350, 581.0)	(360, 514.0)	(370, 391.0)	(380, 549.0)	(390, 361.0)	(400, 178.0)	(410, 212.0)	(420, 305.0)	(430, 307.0)	(440, 265.0)	(450, 248.0)	(460, 321.0)	(470, 363.0)	(480, 343.0)	(490, 192.0)	(500, 108.0)	(510, 155.0)	(520, 89.0)	(530, 15.0)	
SRR926527	(40, 123.0)	(50, 250.0)	(60, 170.0)	(70, 93.0)	(80, 104.0)	(90, 74.0)	(100, 45.0)	(110, 39.0)	(120, 67.0)	(130, 121.0)	(140, 89.0)	(150, 113.0)	(160, 74.0)	(170, 77.0)	(180, 140.0)	(190, 137.0)	(200, 101.0)	(210, 145.0)	(220, 158.0)	(230, 151.0)	(240, 170.0)	(250, 150.0)	(260, 123.0)	(270, 104.0)	(280, 164.0)	(290, 146.0)	(300, 311.0)	(310, 281.0)	(320, 321.0)	(330, 394.0)	(340, 425.0)	(350, 589.0)	(360, 510.0)	(370, 464.0)	(380, 513.0)	(390, 310.0)	(400, 216.0)	(410, 192.0)	(420, 258.0)	(430, 300.0)	(440, 406.0)	(450, 302.0)	(460, 361.0)	(470, 364.0)	(480, 353.0)	(490, 204.0)	(500, 132.0)	(510, 213.0)	(520, 151.0)	(530, 45.0)	
SRR926528	(40, 225.0)	(50, 126.0)	(60, 100.0)	(70, 82.0)	(80, 129.0)	(90, 67.0)	(100, 21.0)	(110, 59.0)	(120, 65.0)	(130, 242.0)	(140, 107.0)	(150, 115.0)	(160, 104.0)	(170, 63.0)	(180, 86.0)	(190, 60.0)	(200, 121.0)	(210, 230.0)	(220, 113.0)	(230, 122.0)	(240, 196.0)	(250, 236.0)	(260, 120.0)	(270, 101.0)	(280, 184.0)	(290, 308.0)	(300, 408.0)	(310, 286.0)	(320, 339.0)	(330, 343.0)	(340, 575.0)	(350, 737.0)	(360, 447.0)	(370, 323.0)	(380, 797.0)	(390, 433.0)	(400, 149.0)	(410, 191.0)	(420, 219.0)	(430, 359.0)	(440, 145.0)	(450, 435.0)	(460, 660.0)	(470, 612.0)	(480, 638.0)	(490, 332.0)	(500, 18.0)	(510, 10.0)	(520, 5.0)		
SRR926529	(40, 131.0)	(50, 125.0)	(60, 160.0)	(70, 130.0)	(80, 110.0)	(90, 108.0)	(100, 73.0)	(110, 58.0)	(120, 75.0)	(130, 175.0)	(140, 162.0)	(150, 143.0)	(160, 132.0)	(170, 90.0)	(180, 179.0)	(190, 153.0)	(200, 149.0)	(210, 196.0)	(220, 266.0)	(230, 241.0)	(240, 256.0)	(250, 216.0)	(260, 227.0)	(270, 156.0)	(280, 153.0)	(290, 186.0)	(300, 382.0)	(310, 476.0)	(320, 545.0)	(330, 625.0)	(340, 660.0)	(350, 874.0)	(360, 783.0)	(370, 777.0)	(380, 741.0)	(390, 464.0)	(400, 398.0)	(410, 369.0)	(420, 641.0)	(430, 671.0)	(440, 718.0)	(450, 437.0)	(460, 440.0)	(470, 532.0)	(480, 459.0)	(490, 346.0)	(500, 315.0)	(510, 447.0)	(520, 260.0)	(530, 58.0)	(540, 1.0)
SRR926530	(40, 170.0)	(60, 176.0)	(80, 138.0)	(100, 79.0)	(120, 147.0)	(140, 179.0)	(160, 135.0)	(180, 203.0)	(200, 175.0)	(220, 214.0)	(240, 298.0)	(260, 178.0)	(280, 214.0)	(300, 412.0)	(320, 608.0)	(340, 815.0)	(360, 859.0)	(380, 833.0)	(400, 527.0)	(420, 701.0)	(440, 619.0)	(460, 690.0)	(480, 617.0)	(500, 459.0)	(520, 182.0)	(540, 1.0)																									
SRR926531	(40, 122.0)	(50, 126.0)	(60, 108.0)	(70, 79.0)	(80, 77.0)	(90, 58.0)	(100, 48.0)	(110, 36.0)	(120, 49.0)	(130, 70.0)	(140, 87.0)	(150, 78.0)	(160, 75.0)	(170, 55.0)	(180, 104.0)	(190, 107.0)	(200, 103.0)	(210, 121.0)	(220, 154.0)	(230, 134.0)	(240, 161.0)	(250, 146.0)	(260, 116.0)	(270, 106.0)	(280, 138.0)	(290, 128.0)	(300, 265.0)	(310, 287.0)	(320, 373.0)	(330, 411.0)	(340, 416.0)	(350, 440.0)	(360, 437.0)	(370, 425.0)	(380, 440.0)	(390, 263.0)	(400, 222.0)	(410, 249.0)	(420, 317.0)	(430, 311.0)	(440, 358.0)	(450, 302.0)	(460, 279.0)	(470, 330.0)	(480, 298.0)	(490, 233.0)	(500, 179.0)	(510, 221.0)	(520, 150.0)	(530, 36.0)	
SRR926532	(40, 156.0)	(50, 102.0)	(60, 73.0)	(70, 78.0)	(80, 114.0)	(90, 75.0)	(100, 35.0)	(110, 53.0)	(120, 80.0)	(130, 312.0)	(140, 143.0)	(150, 146.0)	(160, 123.0)	(170, 85.0)	(180, 112.0)	(190, 88.0)	(200, 180.0)	(210, 285.0)	(220, 188.0)	(230, 135.0)	(240, 246.0)	(250, 190.0)	(260, 70.0)	(270, 95.0)	(280, 182.0)	(290, 417.0)	(300, 463.0)	(310, 434.0)	(320, 432.0)	(330, 563.0)	(340, 576.0)	(350, 869.0)	(360, 550.0)	(370, 431.0)	(380, 1109.0)	(390, 707.0)	(400, 199.0)	(410, 289.0)	(420, 295.0)	(430, 392.0)	(440, 132.0)	(450, 453.0)	(460, 653.0)	(470, 711.0)	(480, 687.0)	(490, 475.0)	(500, 45.0)	(510, 24.0)	(520, 3.0)		
SRR926533	(40, 81.0)	(50, 131.0)	(60, 131.0)	(70, 89.0)	(80, 57.0)	(90, 55.0)	(100, 34.0)	(110, 48.0)	(120, 49.0)	(130, 80.0)	(140, 91.0)	(150, 80.0)	(160, 80.0)	(170, 65.0)	(180, 121.0)	(190, 98.0)	(200, 74.0)	(210, 87.0)	(220, 164.0)	(230, 130.0)	(240, 152.0)	(250, 124.0)	(260, 133.0)	(270, 86.0)	(280, 110.0)	(290, 94.0)	(300, 218.0)	(310, 247.0)	(320, 263.0)	(330, 330.0)	(340, 363.0)	(350, 399.0)	(360, 355.0)	(370, 429.0)	(380, 415.0)	(390, 271.0)	(400, 192.0)	(410, 180.0)	(420, 311.0)	(430, 337.0)	(440, 451.0)	(450, 289.0)	(460, 269.0)	(470, 298.0)	(480, 234.0)	(490, 167.0)	(500, 172.0)	(510, 291.0)	(520, 174.0)	(530, 53.0)	
SRR926534	(40, 123.0)	(50, 132.0)	(60, 142.0)	(70, 111.0)	(80, 101.0)	(90, 77.0)	(100, 56.0)	(110, 67.0)	(120, 103.0)	(130, 104.0)	(140, 101.0)	(150, 137.0)	(160, 88.0)	(170, 78.0)	(180, 121.0)	(190, 103.0)	(200, 96.0)	(210, 112.0)	(220, 170.0)	(230, 165.0)	(240, 217.0)	(250, 202.0)	(260, 164.0)	(270, 178.0)	(280, 138.0)	(290, 144.0)	(300, 275.0)	(310, 337.0)	(320, 335.0)	(330, 415.0)	(340, 446.0)	(350, 550.0)	(360, 505.0)	(370, 559.0)	(380, 591.0)	(390, 374.0)	(400, 229.0)	(410, 186.0)	(420, 378.0)	(430, 509.0)	(440, 517.0)	(450, 342.0)	(460, 419.0)	(470, 528.0)	(480, 458.0)	(490, 271.0)	(500, 229.0)	(510, 334.0)	(520, 186.0)	(530, 64.0)	
SRR926535	(40, 146.0)	(50, 161.0)	(60, 136.0)	(70, 95.0)	(80, 82.0)	(90, 65.0)	(100, 37.0)	(110, 28.0)	(120, 60.0)	(130, 116.0)	(140, 95.0)	(150, 102.0)	(160, 87.0)	(170, 56.0)	(180, 120.0)	(190, 97.0)	(200, 91.0)	(210, 150.0)	(220, 151.0)	(230, 121.0)	(240, 173.0)	(250, 154.0)	(260, 118.0)	(270, 123.0)	(280, 145.0)	(290, 215.0)	(300, 324.0)	(310, 280.0)	(320, 360.0)	(330, 383.0)	(340, 550.0)	(350, 608.0)	(360, 529.0)	(370, 429.0)	(380, 491.0)	(390, 314.0)	(400, 196.0)	(410, 276.0)	(420, 313.0)	(430, 288.0)	(440, 339.0)	(450, 262.0)	(460, 346.0)	(470, 395.0)	(480, 416.0)	(490, 226.0)	(500, 163.0)	(510, 200.0)	(520, 132.0)	(530, 34.0)	
SRR926536	(40, 123.0)	(50, 99.0)	(60, 139.0)	(70, 146.0)	(80, 106.0)	(90, 69.0)	(100, 33.0)	(110, 29.0)	(120, 31.0)	(130, 76.0)	(140, 78.0)	(150, 105.0)	(160, 74.0)	(170, 97.0)	(180, 88.0)	(190, 78.0)	(200, 147.0)	(210, 105.0)	(220, 120.0)	(230, 125.0)	(240, 166.0)	(250, 135.0)	(260, 76.0)	(270, 117.0)	(280, 107.0)	(290, 154.0)	(300, 211.0)	(310, 253.0)	(320, 540.0)	(330, 478.0)	(340, 459.0)	(350, 238.0)	(360, 284.0)	(370, 327.0)	(380, 639.0)	(390, 389.0)	(400, 228.0)	(410, 133.0)	(420, 252.0)	(430, 348.0)	(440, 299.0)	(450, 288.0)	(460, 460.0)	(470, 562.0)	(480, 546.0)	(490, 631.0)	(500, 394.0)	(510, 105.0)	(520, 19.0)		
SRR926537	(40, 64.0)	(50, 60.0)	(60, 64.0)	(70, 51.0)	(80, 46.0)	(90, 30.0)	(100, 24.0)	(110, 17.0)	(120, 25.0)	(130, 38.0)	(140, 58.0)	(150, 52.0)	(160, 66.0)	(170, 42.0)	(180, 76.0)	(190, 74.0)	(200, 75.0)	(210, 86.0)	(220, 136.0)	(230, 165.0)	(240, 142.0)	(250, 126.0)	(260, 123.0)	(270, 125.0)	(280, 105.0)	(290, 131.0)	(300, 342.0)	(310, 438.0)	(320, 400.0)	(330, 507.0)	(340, 589.0)	(350, 578.0)	(360, 478.0)	(370, 505.0)	(380, 540.0)	(390, 244.0)	(400, 199.0)	(410, 222.0)	(420, 343.0)	(430, 298.0)	(440, 338.0)	(450, 240.0)	(460, 200.0)	(470, 213.0)	(480, 172.0)	(490, 87.0)	(500, 64.0)	(510, 131.0)	(520, 66.0)	(530, 12.0)	
SRR926538	(40, 78.0)	(50, 58.0)	(60, 67.0)	(70, 58.0)	(80, 38.0)	(90, 32.0)	(100, 24.0)	(110, 18.0)	(120, 36.0)	(130, 58.0)	(140, 53.0)	(150, 64.0)	(160, 66.0)	(170, 51.0)	(180, 82.0)	(190, 74.0)	(200, 82.0)	(210, 108.0)	(220, 162.0)	(230, 190.0)	(240, 211.0)	(250, 145.0)	(260, 126.0)	(270, 134.0)	(280, 153.0)	(290, 184.0)	(300, 390.0)	(310, 418.0)	(320, 451.0)	(330, 538.0)	(340, 579.0)	(350, 656.0)	(360, 613.0)	(370, 640.0)	(380, 567.0)	(390, 341.0)	(400, 220.0)	(410, 251.0)	(420, 326.0)	(430, 309.0)	(440, 330.0)	(450, 253.0)	(460, 263.0)	(470, 259.0)	(480, 212.0)	(490, 116.0)	(500, 95.0)	(510, 110.0)	(520, 42.0)	(530, 14.0)	
SRR926539	(40, 361.0)	(50, 293.0)	(60, 151.0)	(70, 175.0)	(80, 177.0)	(90, 106.0)	(100, 89.0)	(110, 165.0)	(120, 210.0)	(130, 262.0)	(140, 219.0)	(150, 296.0)	(160, 288.0)	(170, 254.0)	(180, 603.0)	(190, 316.0)	(200, 271.0)	(210, 327.0)	(220, 275.0)	(230, 290.0)	(240, 379.0)	(250, 456.0)	(260, 277.0)	(270, 448.0)	(280, 774.0)	(290, 844.0)	(300, 1028.0)	(310, 872.0)	(320, 875.0)	(330, 868.0)	(340, 1780.0)	(350, 2085.0)	(360, 1057.0)	(370, 1246.0)	(380, 1346.0)	(390, 714.0)	(400, 430.0)	(410, 790.0)	(420, 791.0)	(430, 716.0)	(440, 566.0)	(450, 755.0)	(460, 663.0)	(470, 584.0)	(480, 587.0)	(490, 203.0)	(500, 54.0)	(510, 63.0)	(520, 13.0)	(530, 5.0)	
SRR926540	(40, 168.0)	(50, 247.0)	(60, 142.0)	(70, 139.0)	(80, 88.0)	(90, 79.0)	(100, 86.0)	(110, 104.0)	(120, 136.0)	(130, 155.0)	(140, 181.0)	(150, 194.0)	(160, 182.0)	(170, 241.0)	(180, 757.0)	(190, 284.0)	(200, 185.0)	(210, 236.0)	(220, 288.0)	(230, 308.0)	(240, 377.0)	(250, 356.0)	(260, 288.0)	(270, 274.0)	(280, 316.0)	(290, 435.0)	(300, 758.0)	(310, 784.0)	(320, 821.0)	(330, 875.0)	(340, 1003.0)	(350, 1125.0)	(360, 1217.0)	(370, 1034.0)	(380, 1145.0)	(390, 612.0)	(400, 368.0)	(410, 398.0)	(420, 615.0)	(430, 613.0)	(440, 613.0)	(450, 404.0)	(460, 430.0)	(470, 434.0)	(480, 321.0)	(490, 188.0)	(500, 107.0)	(510, 192.0)	(520, 105.0)	(530, 14.0)	
SRR926541	(40, 76.0)	(50, 104.0)	(60, 99.0)	(70, 49.0)	(80, 54.0)	(90, 25.0)	(100, 23.0)	(110, 18.0)	(120, 27.0)	(130, 37.0)	(140, 38.0)	(150, 58.0)	(160, 55.0)	(170, 53.0)	(180, 89.0)	(190, 66.0)	(200, 78.0)	(210, 119.0)	(220, 146.0)	(230, 148.0)	(240, 176.0)	(250, 156.0)	(260, 146.0)	(270, 104.0)	(280, 105.0)	(290, 134.0)	(300, 288.0)	(310, 362.0)	(320, 413.0)	(330, 438.0)	(340, 459.0)	(350, 483.0)	(360, 474.0)	(370, 539.0)	(380, 527.0)	(390, 310.0)	(400, 184.0)	(410, 157.0)	(420, 316.0)	(430, 352.0)	(440, 348.0)	(450, 203.0)	(460, 169.0)	(470, 189.0)	(480, 132.0)	(490, 80.0)	(500, 51.0)	(510, 130.0)	(520, 46.0)	(530, 13.0)	(540, 1.0)
SRR926542	(40, 56.0)	(50, 222.0)	(60, 82.0)	(70, 90.0)	(80, 76.0)	(90, 71.0)	(100, 66.0)	(110, 162.0)	(120, 179.0)	(130, 139.0)	(140, 258.0)	(150, 185.0)	(160, 169.0)	(170, 339.0)	(180, 1487.0)	(190, 171.0)	(200, 80.0)	(210, 103.0)	(220, 84.0)	(230, 82.0)	(240, 144.0)	(250, 121.0)	(260, 93.0)	(270, 119.0)	(280, 141.0)	(290, 179.0)	(300, 314.0)	(310, 291.0)	(320, 283.0)	(330, 294.0)	(340, 391.0)	(350, 402.0)	(360, 421.0)	(370, 282.0)	(380, 337.0)	(390, 233.0)	(400, 126.0)	(410, 173.0)	(420, 185.0)	(430, 132.0)	(440, 141.0)	(450, 131.0)	(460, 125.0)	(470, 114.0)	(480, 81.0)	(490, 54.0)	(500, 42.0)	(510, 41.0)	(520, 36.0)	(530, 5.0)	
SRR926543	(40, 65.0)	(50, 89.0)	(60, 112.0)	(70, 70.0)	(80, 56.0)	(90, 32.0)	(100, 22.0)	(110, 32.0)	(120, 25.0)	(130, 41.0)	(140, 48.0)	(150, 74.0)	(160, 58.0)	(170, 53.0)	(180, 76.0)	(190, 57.0)	(200, 75.0)	(210, 96.0)	(220, 149.0)	(230, 151.0)	(240, 168.0)	(250, 119.0)	(260, 144.0)	(270, 62.0)	(280, 89.0)	(290, 122.0)	(300, 252.0)	(310, 358.0)	(320, 390.0)	(330, 407.0)	(340, 454.0)	(350, 538.0)	(360, 388.0)	(370, 580.0)	(380, 424.0)	(390, 249.0)	(400, 189.0)	(410, 151.0)	(420, 313.0)	(430, 288.0)	(440, 385.0)	(450, 258.0)	(460, 213.0)	(470, 276.0)	(480, 147.0)	(490, 85.0)	(500, 68.0)	(510, 176.0)	(520, 80.0)	(530, 10.0)	
SRR926544	(40, 201.0)	(60, 207.0)	(80, 94.0)	(100, 65.0)	(120, 87.0)	(140, 143.0)	(160, 112.0)	(180, 177.0)	(200, 204.0)	(220, 328.0)	(240, 355.0)	(260, 252.0)	(280, 249.0)	(300, 761.0)	(320, 975.0)	(340, 1229.0)	(360, 1138.0)	(380, 735.0)	(400, 421.0)	(420, 709.0)	(440, 760.0)	(460, 490.0)	(480, 280.0)	(500, 246.0)	(520, 87.0)	(540, 1.0)																									
SRR926545	(40, 426.0)	(50, 851.0)	(60, 276.0)	(70, 440.0)	(80, 341.0)	(90, 360.0)	(100, 344.0)	(110, 696.0)	(120, 906.0)	(130, 563.0)	(140, 1082.0)	(150, 523.0)	(160, 779.0)	(170, 1190.0)	(180, 5597.0)	(190, 1231.0)	(200, 343.0)	(210, 530.0)	(220, 349.0)	(230, 267.0)	(240, 408.0)	(250, 395.0)	(260, 262.0)	(270, 284.0)	(280, 439.0)	(290, 754.0)	(300, 903.0)	(310, 681.0)	(320, 734.0)	(330, 968.0)	(340, 1087.0)	(350, 1070.0)	(360, 959.0)	(370, 840.0)	(380, 1155.0)	(390, 739.0)	(400, 397.0)	(410, 438.0)	(420, 525.0)	(430, 703.0)	(440, 542.0)	(450, 449.0)	(460, 580.0)	(470, 639.0)	(480, 561.0)	(490, 470.0)	(500, 122.0)	(510, 85.0)	(520, 23.0)	(530, 2.0)	
SRR926546	(40, 57.0)	(50, 61.0)	(60, 100.0)	(70, 65.0)	(80, 45.0)	(90, 36.0)	(100, 17.0)	(110, 14.0)	(120, 23.0)	(130, 45.0)	(140, 54.0)	(150, 50.0)	(160, 54.0)	(170, 48.0)	(180, 64.0)	(190, 47.0)	(200, 63.0)	(210, 84.0)	(220, 115.0)	(230, 121.0)	(240, 143.0)	(250, 115.0)	(260, 82.0)	(270, 92.0)	(280, 108.0)	(290, 123.0)	(300, 234.0)	(310, 261.0)	(320, 359.0)	(330, 427.0)	(340, 467.0)	(350, 560.0)	(360, 494.0)	(370, 496.0)	(380, 451.0)	(390, 237.0)	(400, 202.0)	(410, 201.0)	(420, 335.0)	(430, 349.0)	(440, 374.0)	(450, 226.0)	(460, 181.0)	(470, 186.0)	(480, 131.0)	(490, 104.0)	(500, 77.0)	(510, 121.0)	(520, 55.0)	(530, 6.0)	
SRR926547	(40, 69.0)	(50, 86.0)	(60, 92.0)	(70, 60.0)	(80, 52.0)	(90, 32.0)	(100, 26.0)	(110, 42.0)	(120, 41.0)	(130, 60.0)	(140, 41.0)	(150, 74.0)	(160, 53.0)	(170, 51.0)	(180, 80.0)	(190, 79.0)	(200, 90.0)	(210, 113.0)	(220, 167.0)	(230, 195.0)	(240, 184.0)	(250, 157.0)	(260, 154.0)	(270, 115.0)	(280, 137.0)	(290, 166.0)	(300, 342.0)	(310, 405.0)	(320, 497.0)	(330, 476.0)	(340, 547.0)	(350, 723.0)	(360, 603.0)	(370, 604.0)	(380, 589.0)	(390, 402.0)	(400, 301.0)	(410, 237.0)	(420, 386.0)	(430, 361.0)	(440, 470.0)	(450, 271.0)	(460, 240.0)	(470, 276.0)	(480, 157.0)	(490, 142.0)	(500, 94.0)	(510, 149.0)	(520, 86.0)	(530, 17.0)	(540, 1.0)
SRR926548	(40, 261.0)	(50, 277.0)	(60, 186.0)	(70, 265.0)	(80, 202.0)	(90, 233.0)	(100, 189.0)	(110, 235.0)	(120, 320.0)	(130, 348.0)	(140, 520.0)	(150, 363.0)	(160, 374.0)	(170, 523.0)	(180, 1886.0)	(190, 569.0)	(200, 369.0)	(210, 420.0)	(220, 319.0)	(230, 274.0)	(240, 424.0)	(250, 424.0)	(260, 318.0)	(270, 325.0)	(280, 496.0)	(290, 628.0)	(300, 776.0)	(310, 625.0)	(320, 780.0)	(330, 1186.0)	(340, 1082.0)	(350, 1109.0)	(360, 1018.0)	(370, 763.0)	(380, 1343.0)	(390, 878.0)	(400, 487.0)	(410, 352.0)	(420, 562.0)	(430, 673.0)	(440, 506.0)	(450, 351.0)	(460, 649.0)	(470, 670.0)	(480, 525.0)	(490, 449.0)	(500, 233.0)	(510, 73.0)	(520, 13.0)		
SRR926549	(40, 29.0)	(50, 31.0)	(60, 72.0)	(70, 48.0)	(80, 49.0)	(90, 35.0)	(100, 19.0)	(110, 17.0)	(120, 31.0)	(130, 44.0)	(140, 75.0)	(150, 51.0)	(160, 61.0)	(170, 33.0)	(180, 89.0)	(190, 81.0)	(200, 72.0)	(210, 90.0)	(220, 125.0)	(230, 136.0)	(240, 188.0)	(250, 130.0)	(260, 104.0)	(270, 115.0)	(280, 98.0)	(290, 131.0)	(300, 263.0)	(310, 314.0)	(320, 425.0)	(330, 502.0)	(340, 518.0)	(350, 624.0)	(360, 503.0)	(370, 510.0)	(380, 511.0)	(390, 308.0)	(400, 247.0)	(410, 218.0)	(420, 407.0)	(430, 369.0)	(440, 415.0)	(450, 270.0)	(460, 221.0)	(470, 185.0)	(480, 179.0)	(490, 125.0)	(500, 100.0)	(510, 141.0)	(520, 72.0)	(530, 19.0)	
SRR926550	(40, 96.0)	(50, 112.0)	(60, 99.0)	(70, 100.0)	(80, 82.0)	(90, 58.0)	(100, 33.0)	(110, 42.0)	(120, 63.0)	(130, 78.0)	(140, 116.0)	(150, 102.0)	(160, 103.0)	(170, 92.0)	(180, 144.0)	(190, 116.0)	(200, 136.0)	(210, 158.0)	(220, 236.0)	(230, 264.0)	(240, 275.0)	(250, 221.0)	(260, 169.0)	(270, 210.0)	(280, 205.0)	(290, 243.0)	(300, 533.0)	(310, 545.0)	(320, 822.0)	(330, 838.0)	(340, 876.0)	(350, 1000.0)	(360, 874.0)	(370, 879.0)	(380, 834.0)	(390, 536.0)	(400, 461.0)	(410, 393.0)	(420, 514.0)	(430, 548.0)	(440, 561.0)	(450, 372.0)	(460, 326.0)	(470, 287.0)	(480, 237.0)	(490, 163.0)	(500, 143.0)	(510, 185.0)	(520, 98.0)	(530, 27.0)	
SRR926551	(40, 59.0)	(50, 66.0)	(60, 58.0)	(70, 110.0)	(80, 113.0)	(90, 155.0)	(100, 43.0)	(110, 74.0)	(120, 87.0)	(130, 136.0)	(140, 139.0)	(150, 148.0)	(160, 125.0)	(170, 118.0)	(180, 274.0)	(190, 168.0)	(200, 203.0)	(210, 302.0)	(220, 232.0)	(230, 208.0)	(240, 288.0)	(250, 312.0)	(260, 149.0)	(270, 211.0)	(280, 295.0)	(290, 720.0)	(300, 682.0)	(310, 747.0)	(320, 926.0)	(330, 1260.0)	(340, 1015.0)	(350, 1258.0)	(360, 872.0)	(370, 818.0)	(380, 1860.0)	(390, 1116.0)	(400, 536.0)	(410, 489.0)	(420, 586.0)	(430, 778.0)	(440, 686.0)	(450, 582.0)	(460, 890.0)	(470, 812.0)	(480, 695.0)	(490, 662.0)	(500, 211.0)	(510, 138.0)	(520, 8.0)	(530, 1.0)	
SRR926552	(40, 45.0)	(50, 71.0)	(60, 93.0)	(70, 59.0)	(80, 55.0)	(90, 25.0)	(100, 31.0)	(110, 32.0)	(120, 21.0)	(130, 42.0)	(140, 51.0)	(150, 45.0)	(160, 72.0)	(170, 66.0)	(180, 73.0)	(190, 40.0)	(200, 62.0)	(210, 84.0)	(220, 116.0)	(230, 133.0)	(240, 146.0)	(250, 125.0)	(260, 116.0)	(270, 97.0)	(280, 116.0)	(290, 129.0)	(300, 287.0)	(310, 280.0)	(320, 408.0)	(330, 412.0)	(340, 486.0)	(350, 598.0)	(360, 478.0)	(370, 528.0)	(380, 500.0)	(390, 257.0)	(400, 224.0)	(410, 177.0)	(420, 367.0)	(430, 313.0)	(440, 376.0)	(450, 251.0)	(460, 211.0)	(470, 217.0)	(480, 189.0)	(490, 105.0)	(500, 94.0)	(510, 141.0)	(520, 90.0)	(530, 20.0)	
SRR926553	(40, 75.0)	(50, 72.0)	(60, 71.0)	(70, 55.0)	(80, 39.0)	(90, 37.0)	(100, 37.0)	(110, 17.0)	(120, 29.0)	(130, 53.0)	(140, 75.0)	(150, 76.0)	(160, 64.0)	(170, 43.0)	(180, 68.0)	(190, 63.0)	(200, 62.0)	(210, 85.0)	(220, 142.0)	(230, 143.0)	(240, 164.0)	(250, 125.0)	(260, 88.0)	(270, 106.0)	(280, 119.0)	(290, 142.0)	(300, 290.0)	(310, 292.0)	(320, 449.0)	(330, 389.0)	(340, 484.0)	(350, 602.0)	(360, 540.0)	(370, 559.0)	(380, 530.0)	(390, 310.0)	(400, 264.0)	(410, 282.0)	(420, 401.0)	(430, 310.0)	(440, 306.0)	(450, 221.0)	(460, 232.0)	(470, 209.0)	(480, 177.0)	(490, 138.0)	(500, 100.0)	(510, 112.0)	(520, 49.0)	(530, 13.0)	
SRR926554	(40, 330.0)	(50, 550.0)	(60, 216.0)	(70, 300.0)	(80, 282.0)	(90, 359.0)	(100, 393.0)	(110, 579.0)	(120, 623.0)	(130, 519.0)	(140, 718.0)	(150, 600.0)	(160, 641.0)	(170, 835.0)	(180, 3054.0)	(190, 903.0)	(200, 561.0)	(210, 712.0)	(220, 542.0)	(230, 486.0)	(240, 613.0)	(250, 664.0)	(260, 440.0)	(270, 533.0)	(280, 676.0)	(290, 1088.0)	(300, 1343.0)	(310, 1107.0)	(320, 1031.0)	(330, 1240.0)	(340, 1611.0)	(350, 1755.0)	(360, 813.0)	(370, 762.0)	(380, 1533.0)	(390, 965.0)	(400, 491.0)	(410, 517.0)	(420, 552.0)	(430, 635.0)	(440, 436.0)	(450, 580.0)	(460, 607.0)	(470, 503.0)	(480, 438.0)	(490, 325.0)	(500, 85.0)	(510, 40.0)	(520, 8.0)	(530, 3.0)	
SRR926555	(40, 18.0)	(50, 56.0)	(60, 100.0)	(70, 56.0)	(80, 60.0)	(90, 46.0)	(100, 31.0)	(110, 20.0)	(120, 44.0)	(130, 28.0)	(140, 41.0)	(150, 60.0)	(160, 51.0)	(170, 47.0)	(180, 106.0)	(190, 88.0)	(200, 80.0)	(210, 83.0)	(220, 201.0)	(230, 197.0)	(240, 213.0)	(250, 198.0)	(260, 178.0)	(270, 161.0)	(280, 142.0)	(290, 131.0)	(300, 313.0)	(310, 409.0)	(320, 460.0)	(330, 551.0)	(340, 538.0)	(350, 571.0)	(360, 479.0)	(370, 587.0)	(380, 556.0)	(390, 352.0)	(400, 228.0)	(410, 175.0)	(420, 286.0)	(430, 317.0)	(440, 432.0)	(450, 311.0)	(460, 270.0)	(470, 250.0)	(480, 161.0)	(490, 80.0)	(500, 61.0)	(510, 169.0)	(520, 90.0)	(530, 20.0)	
SRR926556	(40, 143.0)	(50, 156.0)	(60, 149.0)	(70, 110.0)	(80, 94.0)	(90, 67.0)	(100, 51.0)	(110, 43.0)	(120, 60.0)	(130, 98.0)	(140, 107.0)	(150, 115.0)	(160, 96.0)	(170, 79.0)	(180, 141.0)	(190, 114.0)	(200, 98.0)	(210, 116.0)	(220, 191.0)	(230, 142.0)	(240, 180.0)	(250, 146.0)	(260, 122.0)	(270, 109.0)	(280, 131.0)	(290, 150.0)	(300, 288.0)	(310, 329.0)	(320, 346.0)	(330, 434.0)	(340, 453.0)	(350, 530.0)	(360, 475.0)	(370, 545.0)	(380, 474.0)	(390, 320.0)	(400, 219.0)	(410, 251.0)	(420, 334.0)	(430, 338.0)	(440, 398.0)	(450, 317.0)	(460, 335.0)	(470, 359.0)	(480, 249.0)	(490, 231.0)	(500, 146.0)	(510, 266.0)	(520, 147.0)	(530, 51.0)	
SRR926557	(40, 125.0)	(50, 241.0)	(60, 163.0)	(70, 193.0)	(80, 182.0)	(90, 161.0)	(100, 183.0)	(110, 281.0)	(120, 356.0)	(130, 309.0)	(140, 478.0)	(150, 339.0)	(160, 484.0)	(170, 712.0)	(180, 3107.0)	(190, 666.0)	(200, 272.0)	(210, 328.0)	(220, 306.0)	(230, 246.0)	(240, 431.0)	(250, 401.0)	(260, 257.0)	(270, 289.0)	(280, 357.0)	(290, 585.0)	(300, 973.0)	(310, 795.0)	(320, 890.0)	(330, 988.0)	(340, 1328.0)	(350, 1520.0)	(360, 1225.0)	(370, 1093.0)	(380, 1479.0)	(390, 845.0)	(400, 431.0)	(410, 544.0)	(420, 690.0)	(430, 714.0)	(440, 613.0)	(450, 569.0)	(460, 620.0)	(470, 525.0)	(480, 550.0)	(490, 294.0)	(500, 127.0)	(510, 132.0)	(520, 74.0)	(530, 11.0)	
SRR926558	(40, 135.0)	(50, 138.0)	(60, 149.0)	(70, 108.0)	(80, 79.0)	(90, 66.0)	(100, 57.0)	(110, 49.0)	(120, 73.0)	(130, 92.0)	(140, 81.0)	(150, 100.0)	(160, 75.0)	(170, 76.0)	(180, 127.0)	(190, 115.0)	(200, 97.0)	(210, 147.0)	(220, 173.0)	(230, 152.0)	(240, 185.0)	(250, 143.0)	(260, 128.0)	(270, 98.0)	(280, 104.0)	(290, 117.0)	(300, 273.0)	(310, 297.0)	(320, 315.0)	(330, 338.0)	(340, 400.0)	(350, 502.0)	(360, 449.0)	(370, 424.0)	(380, 449.0)	(390, 249.0)	(400, 190.0)	(410, 185.0)	(420, 416.0)	(430, 395.0)	(440, 444.0)	(450, 258.0)	(460, 266.0)	(470, 314.0)	(480, 278.0)	(490, 176.0)	(500, 162.0)	(510, 289.0)	(520, 140.0)	(530, 36.0)	
SRR926559	(40, 177.0)	(50, 183.0)	(60, 144.0)	(70, 127.0)	(80, 96.0)	(90, 84.0)	(100, 58.0)	(110, 56.0)	(120, 66.0)	(130, 135.0)	(140, 128.0)	(150, 142.0)	(160, 119.0)	(170, 93.0)	(180, 164.0)	(190, 167.0)	(200, 144.0)	(210, 173.0)	(220, 209.0)	(230, 193.0)	(240, 241.0)	(250, 191.0)	(260, 160.0)	(270, 120.0)	(280, 160.0)	(290, 199.0)	(300, 389.0)	(310, 378.0)	(320, 460.0)	(330, 535.0)	(340, 583.0)	(350, 720.0)	(360, 633.0)	(370, 664.0)	(380, 639.0)	(390, 377.0)	(400, 276.0)	(410, 370.0)	(420, 563.0)	(430, 604.0)	(440, 648.0)	(450, 341.0)	(460, 350.0)	(470, 425.0)	(480, 397.0)	(490, 265.0)	(500, 257.0)	(510, 356.0)	(520, 168.0)	(530, 33.0)	(540, 1.0)
SRR926560	(40, 86.0)	(50, 51.0)	(60, 77.0)	(70, 58.0)	(80, 66.0)	(90, 52.0)	(100, 46.0)	(110, 87.0)	(120, 130.0)	(130, 140.0)	(140, 116.0)	(150, 142.0)	(160, 152.0)	(170, 125.0)	(180, 182.0)	(190, 175.0)	(200, 153.0)	(210, 186.0)	(220, 138.0)	(230, 136.0)	(240, 255.0)	(250, 242.0)	(260, 120.0)	(270, 142.0)	(280, 252.0)	(290, 262.0)	(300, 262.0)	(310, 255.0)	(320, 377.0)	(330, 294.0)	(340, 539.0)	(350, 424.0)	(360, 318.0)	(370, 267.0)	(380, 510.0)	(390, 302.0)	(400, 148.0)	(410, 136.0)	(420, 171.0)	(430, 241.0)	(440, 154.0)	(450, 291.0)	(460, 333.0)	(470, 310.0)	(480, 335.0)	(490, 184.0)	(500, 56.0)	(510, 63.0)	(520, 16.0)	(530, 7.0)	
SRR926561	(40, 35.0)	(50, 39.0)	(60, 56.0)	(70, 40.0)	(80, 37.0)	(90, 17.0)	(100, 24.0)	(110, 23.0)	(120, 36.0)	(130, 24.0)	(140, 54.0)	(150, 59.0)	(160, 34.0)	(170, 49.0)	(180, 63.0)	(190, 55.0)	(200, 31.0)	(210, 60.0)	(220, 79.0)	(230, 63.0)	(240, 67.0)	(250, 62.0)	(260, 55.0)	(270, 55.0)	(280, 41.0)	(290, 61.0)	(300, 121.0)	(310, 142.0)	(320, 170.0)	(330, 219.0)	(340, 204.0)	(350, 223.0)	(360, 235.0)	(370, 194.0)	(380, 239.0)	(390, 144.0)	(400, 92.0)	(410, 96.0)	(420, 155.0)	(430, 129.0)	(440, 230.0)	(450, 146.0)	(460, 188.0)	(470, 198.0)	(480, 147.0)	(490, 131.0)	(500, 90.0)	(510, 175.0)	(520, 96.0)	(530, 40.0)	
SRR926562	(40, 375.0)	(60, 299.0)	(80, 177.0)	(100, 98.0)	(120, 185.0)	(140, 263.0)	(160, 219.0)	(180, 293.0)	(200, 277.0)	(220, 435.0)	(240, 418.0)	(260, 343.0)	(280, 361.0)	(300, 829.0)	(320, 953.0)	(340, 1203.0)	(360, 1223.0)	(380, 1141.0)	(400, 619.0)	(420, 775.0)	(440, 941.0)	(460, 795.0)	(480, 677.0)	(500, 583.0)	(520, 252.0)	(540, 1.0)	(560, 1.0)																								
SRR926563	(40, 338.0)	(50, 427.0)	(60, 179.0)	(70, 168.0)	(80, 189.0)	(90, 191.0)	(100, 123.0)	(110, 169.0)	(120, 242.0)	(130, 264.0)	(140, 299.0)	(150, 228.0)	(160, 330.0)	(170, 332.0)	(180, 1086.0)	(190, 359.0)	(200, 246.0)	(210, 246.0)	(220, 278.0)	(230, 207.0)	(240, 251.0)	(250, 248.0)	(260, 195.0)	(270, 198.0)	(280, 315.0)	(290, 368.0)	(300, 483.0)	(310, 390.0)	(320, 519.0)	(330, 726.0)	(340, 688.0)	(350, 725.0)	(360, 543.0)	(370, 549.0)	(380, 736.0)	(390, 542.0)	(400, 293.0)	(410, 221.0)	(420, 315.0)	(430, 367.0)	(440, 355.0)	(450, 390.0)	(460, 542.0)	(470, 584.0)	(480, 548.0)	(490, 376.0)	(500, 182.0)	(510, 219.0)	(520, 102.0)	(530, 22.0)	
SRR926564	(40, 105.0)	(50, 151.0)	(60, 158.0)	(70, 101.0)	(80, 86.0)	(90, 76.0)	(100, 50.0)	(110, 41.0)	(120, 53.0)	(130, 97.0)	(140, 99.0)	(150, 105.0)	(160, 100.0)	(170, 104.0)	(180, 139.0)	(190, 145.0)	(200, 112.0)	(210, 138.0)	(220, 192.0)	(230, 180.0)	(240, 177.0)	(250, 186.0)	(260, 138.0)	(270, 112.0)	(280, 110.0)	(290, 139.0)	(300, 264.0)	(310, 350.0)	(320, 430.0)	(330, 429.0)	(340, 465.0)	(350, 559.0)	(360, 482.0)	(370, 495.0)	(380, 602.0)	(390, 329.0)	(400, 256.0)	(410, 218.0)	(420, 431.0)	(430, 402.0)	(440, 483.0)	(450, 392.0)	(460, 339.0)	(470, 384.0)	(480, 322.0)	(490, 188.0)	(500, 173.0)	(510, 306.0)	(520, 228.0)	(530, 71.0)	
SRR926565	(40, 124.0)	(50, 132.0)	(60, 143.0)	(70, 100.0)	(80, 83.0)	(90, 60.0)	(100, 32.0)	(110, 54.0)	(120, 67.0)	(130, 97.0)	(140, 108.0)	(150, 137.0)	(160, 83.0)	(170, 107.0)	(180, 154.0)	(190, 116.0)	(200, 117.0)	(210, 162.0)	(220, 200.0)	(230, 196.0)	(240, 217.0)	(250, 145.0)	(260, 154.0)	(270, 127.0)	(280, 157.0)	(290, 139.0)	(300, 300.0)	(310, 356.0)	(320, 430.0)	(330, 389.0)	(340, 462.0)	(350, 565.0)	(360, 506.0)	(370, 541.0)	(380, 627.0)	(390, 339.0)	(400, 264.0)	(410, 224.0)	(420, 377.0)	(430, 380.0)	(440, 494.0)	(450, 362.0)	(460, 317.0)	(470, 367.0)	(480, 306.0)	(490, 216.0)	(500, 178.0)	(510, 308.0)	(520, 223.0)	(530, 46.0)	
SRR926566	(40, 225.0)	(50, 231.0)	(60, 139.0)	(70, 153.0)	(80, 150.0)	(90, 204.0)	(100, 111.0)	(110, 230.0)	(120, 342.0)	(130, 296.0)	(140, 378.0)	(150, 346.0)	(160, 373.0)	(170, 610.0)	(180, 1925.0)	(190, 488.0)	(200, 212.0)	(210, 227.0)	(220, 154.0)	(230, 143.0)	(240, 252.0)	(250, 249.0)	(260, 173.0)	(270, 159.0)	(280, 279.0)	(290, 289.0)	(300, 409.0)	(310, 295.0)	(320, 429.0)	(330, 355.0)	(340, 582.0)	(350, 551.0)	(360, 349.0)	(370, 284.0)	(380, 525.0)	(390, 365.0)	(400, 152.0)	(410, 162.0)	(420, 170.0)	(430, 230.0)	(440, 164.0)	(450, 300.0)	(460, 374.0)	(470, 352.0)	(480, 370.0)	(490, 208.0)	(500, 40.0)	(510, 54.0)	(520, 39.0)	(530, 6.0)	
SRR926567	(40, 134.0)	(50, 164.0)	(60, 165.0)	(70, 117.0)	(80, 105.0)	(90, 87.0)	(100, 63.0)	(110, 30.0)	(120, 52.0)	(130, 135.0)	(140, 116.0)	(150, 112.0)	(160, 106.0)	(170, 69.0)	(180, 149.0)	(190, 147.0)	(200, 96.0)	(210, 140.0)	(220, 183.0)	(230, 165.0)	(240, 194.0)	(250, 208.0)	(260, 153.0)	(270, 122.0)	(280, 104.0)	(290, 128.0)	(300, 255.0)	(310, 385.0)	(320, 418.0)	(330, 418.0)	(340, 457.0)	(350, 644.0)	(360, 543.0)	(370, 528.0)	(380, 474.0)	(390, 350.0)	(400, 268.0)	(410, 255.0)	(420, 455.0)	(430, 418.0)	(440, 538.0)	(450, 329.0)	(460, 318.0)	(470, 341.0)	(480, 322.0)	(490, 226.0)	(500, 224.0)	(510, 351.0)	(520, 201.0)	(530, 31.0)	
SRR926568	(40, 99.0)	(50, 104.0)	(60, 117.0)	(70, 77.0)	(80, 85.0)	(90, 57.0)	(100, 53.0)	(110, 43.0)	(120, 34.0)	(130, 85.0)	(140, 94.0)	(150, 101.0)	(160, 95.0)	(170, 71.0)	(180, 113.0)	(190, 126.0)	(200, 103.0)	(210, 114.0)	(220, 120.0)	(230, 144.0)	(240, 176.0)	(250, 149.0)	(260, 153.0)	(270, 118.0)	(280, 104.0)	(290, 143.0)	(300, 292.0)	(310, 287.0)	(320, 381.0)	(330, 467.0)	(340, 499.0)	(350, 600.0)	(360, 592.0)	(370, 540.0)	(380, 540.0)	(390, 411.0)	(400, 325.0)	(410, 299.0)	(420, 408.0)	(430, 418.0)	(440, 496.0)	(450, 361.0)	(460, 382.0)	(470, 389.0)	(480, 375.0)	(490, 270.0)	(500, 228.0)	(510, 313.0)	(520, 189.0)	(530, 34.0)	
SRR926569	(40, 166.0)	(50, 157.0)	(60, 118.0)	(70, 104.0)	(80, 129.0)	(90, 102.0)	(100, 114.0)	(110, 224.0)	(120, 214.0)	(130, 298.0)	(140, 326.0)	(150, 233.0)	(160, 323.0)	(170, 395.0)	(180, 1311.0)	(190, 360.0)	(200, 223.0)	(210, 285.0)	(220, 144.0)	(230, 108.0)	(240, 230.0)	(250, 210.0)	(260, 110.0)	(270, 120.0)	(280, 241.0)	(290, 354.0)	(300, 335.0)	(310, 322.0)	(320, 398.0)	(330, 538.0)	(340, 428.0)	(350, 580.0)	(360, 292.0)	(370, 359.0)	(380, 917.0)	(390, 607.0)	(400, 180.0)	(410, 197.0)	(420, 189.0)	(430, 296.0)	(440, 149.0)	(450, 363.0)	(460, 458.0)	(470, 458.0)	(480, 443.0)	(490, 338.0)	(500, 52.0)	(510, 47.0)	(520, 4.0)	(530, 1.0)	
SRR926570	(40, 46.0)	(50, 102.0)	(60, 125.0)	(70, 76.0)	(80, 75.0)	(90, 64.0)	(100, 45.0)	(110, 34.0)	(120, 35.0)	(130, 59.0)	(140, 86.0)	(150, 106.0)	(160, 76.0)	(170, 59.0)	(180, 116.0)	(190, 111.0)	(200, 80.0)	(210, 96.0)	(220, 171.0)	(230, 132.0)	(240, 166.0)	(250, 121.0)	(260, 146.0)	(270, 105.0)	(280, 103.0)	(290, 93.0)	(300, 189.0)	(310, 289.0)	(320, 345.0)	(330, 325.0)	(340, 387.0)	(350, 364.0)	(360, 342.0)	(370, 490.0)	(380, 478.0)	(390, 258.0)	(400, 220.0)	(410, 159.0)	(420, 330.0)	(430, 325.0)	(440, 491.0)	(450, 320.0)	(460, 252.0)	(470, 326.0)	(480, 271.0)	(490, 172.0)	(500, 165.0)	(510, 344.0)	(520, 254.0)	(530, 87.0)	
SRR926571	(40, 104.0)	(50, 266.0)	(60, 320.0)	(70, 137.0)	(80, 90.0)	(90, 77.0)	(100, 35.0)	(110, 70.0)	(120, 79.0)	(130, 65.0)	(140, 87.0)	(150, 126.0)	(160, 110.0)	(170, 73.0)	(180, 158.0)	(190, 133.0)	(200, 84.0)	(210, 120.0)	(220, 166.0)	(230, 181.0)	(240, 193.0)	(250, 151.0)	(260, 161.0)	(270, 112.0)	(280, 102.0)	(290, 124.0)	(300, 249.0)	(310, 300.0)	(320, 323.0)	(330, 362.0)	(340, 426.0)	(350, 440.0)	(360, 423.0)	(370, 515.0)	(380, 504.0)	(390, 270.0)	(400, 196.0)	(410, 199.0)	(420, 269.0)	(430, 308.0)	(440, 423.0)	(450, 282.0)	(460, 260.0)	(470, 308.0)	(480, 221.0)	(490, 138.0)	(500, 149.0)	(510, 262.0)	(520, 182.0)	(530, 72.0)	
SRR926572	(40, 153.0)	(50, 202.0)	(60, 134.0)	(70, 248.0)	(80, 302.0)	(90, 397.0)	(100, 89.0)	(110, 135.0)	(120, 210.0)	(130, 243.0)	(140, 295.0)	(150, 274.0)	(160, 282.0)	(170, 347.0)	(180, 1199.0)	(190, 319.0)	(200, 300.0)	(210, 380.0)	(220, 230.0)	(230, 181.0)	(240, 291.0)	(250, 246.0)	(260, 141.0)	(270, 189.0)	(280, 267.0)	(290, 550.0)	(300, 496.0)	(310, 462.0)	(320, 674.0)	(330, 978.0)	(340, 736.0)	(350, 651.0)	(360, 608.0)	(370, 584.0)	(380, 1217.0)	(390, 799.0)	(400, 397.0)	(410, 394.0)	(420, 494.0)	(430, 733.0)	(440, 550.0)	(450, 534.0)	(460, 973.0)	(470, 1259.0)	(480, 1235.0)	(490, 1513.0)	(500, 547.0)	(510, 203.0)	(520, 15.0)	(530, 8.0)	
