Sample	0	1	2	3	4	5	6	7	8	9	10	11	12	13	14	15	16	17	18	19	20	21	22	23	24	25	26	27	28	29	30	31	32	33	34	35	36	37	38	39	40	41	42	43	44
SRR1303790	(30, 54.0)	(35, 4.0)	(40, 16.0)	(45, 26.0)	(50, 28.0)	(55, 18.0)	(60, 11.0)	(65, 35.0)	(70, 39.0)	(75, 1141.0)	(80, 34.0)	(85, 38.0)	(90, 222.0)	(95, 54.0)	(100, 51.0)	(105, 55.0)	(110, 66.0)	(115, 147.0)	(120, 54.0)	(125, 83.0)	(130, 104.0)	(135, 116.0)	(140, 213.0)	(145, 953.0)	(150, 246.0)	(155, 130.0)	(160, 540.0)	(165, 115.0)	(170, 157.0)	(175, 143.0)	(180, 165.0)	(185, 117.0)	(190, 291.0)	(195, 1503.0)	(200, 192.0)	(205, 149.0)	(210, 257.0)	(215, 199.0)	(220, 117.0)	(225, 297.0)	(230, 212.0)	(235, 236.0)	(240, 276.0)	(245, 928.0)	(250, 221427.0)
SRR1303835	(30, 42.0)	(35, 10.0)	(40, 12.0)	(45, 20.0)	(50, 25.0)	(55, 38.0)	(60, 13.0)	(65, 36.0)	(70, 56.0)	(75, 1613.0)	(80, 50.0)	(85, 39.0)	(90, 295.0)	(95, 65.0)	(100, 48.0)	(105, 59.0)	(110, 66.0)	(115, 168.0)	(120, 65.0)	(125, 102.0)	(130, 133.0)	(135, 158.0)	(140, 236.0)	(145, 958.0)	(150, 301.0)	(155, 159.0)	(160, 750.0)	(165, 108.0)	(170, 215.0)	(175, 189.0)	(180, 175.0)	(185, 152.0)	(190, 299.0)	(195, 1688.0)	(200, 197.0)	(205, 190.0)	(210, 333.0)	(215, 276.0)	(220, 134.0)	(225, 376.0)	(230, 278.0)	(235, 237.0)	(240, 292.0)	(245, 1288.0)	(250, 255346.0)
SRR1303836	(30, 53.0)	(35, 11.0)	(40, 10.0)	(45, 49.0)	(50, 24.0)	(55, 24.0)	(60, 12.0)	(65, 48.0)	(70, 54.0)	(75, 1646.0)	(80, 41.0)	(85, 32.0)	(90, 249.0)	(95, 67.0)	(100, 37.0)	(105, 69.0)	(110, 55.0)	(115, 143.0)	(120, 51.0)	(125, 81.0)	(130, 126.0)	(135, 139.0)	(140, 233.0)	(145, 1012.0)	(150, 297.0)	(155, 145.0)	(160, 721.0)	(165, 99.0)	(170, 179.0)	(175, 206.0)	(180, 193.0)	(185, 139.0)	(190, 320.0)	(195, 1777.0)	(200, 204.0)	(205, 192.0)	(210, 309.0)	(215, 302.0)	(220, 153.0)	(225, 403.0)	(230, 265.0)	(235, 217.0)	(240, 371.0)	(245, 1265.0)	(250, 296234.0)
SRR1303837	(30, 43.0)	(35, 7.0)	(40, 7.0)	(45, 20.0)	(50, 36.0)	(55, 8.0)	(60, 9.0)	(65, 44.0)	(70, 51.0)	(75, 1151.0)	(80, 37.0)	(85, 23.0)	(90, 217.0)	(95, 55.0)	(100, 38.0)	(105, 39.0)	(110, 50.0)	(115, 107.0)	(120, 47.0)	(125, 77.0)	(130, 97.0)	(135, 114.0)	(140, 174.0)	(145, 642.0)	(150, 199.0)	(155, 88.0)	(160, 423.0)	(165, 78.0)	(170, 118.0)	(175, 135.0)	(180, 155.0)	(185, 127.0)	(190, 245.0)	(195, 1309.0)	(200, 144.0)	(205, 168.0)	(210, 250.0)	(215, 231.0)	(220, 104.0)	(225, 284.0)	(230, 194.0)	(235, 175.0)	(240, 223.0)	(245, 1097.0)	(250, 166617.0)
SRR1303838	(30, 30.0)	(35, 7.0)	(40, 6.0)	(45, 22.0)	(50, 21.0)	(55, 19.0)	(60, 9.0)	(65, 34.0)	(70, 30.0)	(75, 1005.0)	(80, 34.0)	(85, 28.0)	(90, 196.0)	(95, 34.0)	(100, 35.0)	(105, 40.0)	(110, 39.0)	(115, 97.0)	(120, 42.0)	(125, 64.0)	(130, 62.0)	(135, 67.0)	(140, 168.0)	(145, 615.0)	(150, 202.0)	(155, 82.0)	(160, 416.0)	(165, 52.0)	(170, 113.0)	(175, 100.0)	(180, 145.0)	(185, 92.0)	(190, 231.0)	(195, 1160.0)	(200, 117.0)	(205, 131.0)	(210, 187.0)	(215, 177.0)	(220, 97.0)	(225, 238.0)	(230, 130.0)	(235, 157.0)	(240, 174.0)	(245, 558.0)	(250, 144709.0)
SRR1303841	(30, 28.0)	(35, 6.0)	(40, 8.0)	(45, 31.0)	(50, 28.0)	(55, 13.0)	(60, 13.0)	(65, 38.0)	(70, 35.0)	(75, 1253.0)	(80, 34.0)	(85, 37.0)	(90, 240.0)	(95, 49.0)	(100, 48.0)	(105, 49.0)	(110, 62.0)	(115, 134.0)	(120, 40.0)	(125, 75.0)	(130, 120.0)	(135, 113.0)	(140, 201.0)	(145, 797.0)	(150, 250.0)	(155, 104.0)	(160, 522.0)	(165, 73.0)	(170, 143.0)	(175, 141.0)	(180, 145.0)	(185, 103.0)	(190, 203.0)	(195, 1302.0)	(200, 162.0)	(205, 124.0)	(210, 243.0)	(215, 204.0)	(220, 112.0)	(225, 280.0)	(230, 175.0)	(235, 192.0)	(240, 233.0)	(245, 898.0)	(250, 206442.0)
SRR1303842	(30, 30.0)	(35, 8.0)	(40, 11.0)	(45, 16.0)	(50, 24.0)	(55, 18.0)	(60, 11.0)	(65, 39.0)	(70, 35.0)	(75, 1152.0)	(80, 30.0)	(85, 29.0)	(90, 197.0)	(95, 37.0)	(100, 33.0)	(105, 34.0)	(110, 38.0)	(115, 101.0)	(120, 40.0)	(125, 72.0)	(130, 88.0)	(135, 108.0)	(140, 189.0)	(145, 682.0)	(150, 262.0)	(155, 82.0)	(160, 467.0)	(165, 81.0)	(170, 152.0)	(175, 113.0)	(180, 145.0)	(185, 91.0)	(190, 210.0)	(195, 1274.0)	(200, 133.0)	(205, 128.0)	(210, 223.0)	(215, 193.0)	(220, 120.0)	(225, 257.0)	(230, 159.0)	(235, 166.0)	(240, 211.0)	(245, 767.0)	(250, 210329.0)
SRR1303843	(30, 40.0)	(35, 6.0)	(40, 12.0)	(45, 26.0)	(50, 30.0)	(55, 15.0)	(60, 13.0)	(65, 50.0)	(70, 53.0)	(75, 1454.0)	(80, 42.0)	(85, 31.0)	(90, 252.0)	(95, 44.0)	(100, 62.0)	(105, 61.0)	(110, 44.0)	(115, 121.0)	(120, 79.0)	(125, 77.0)	(130, 117.0)	(135, 140.0)	(140, 214.0)	(145, 877.0)	(150, 256.0)	(155, 129.0)	(160, 635.0)	(165, 96.0)	(170, 179.0)	(175, 165.0)	(180, 172.0)	(185, 134.0)	(190, 285.0)	(195, 1710.0)	(200, 159.0)	(205, 193.0)	(210, 331.0)	(215, 241.0)	(220, 162.0)	(225, 360.0)	(230, 204.0)	(235, 213.0)	(240, 308.0)	(245, 1094.0)	(250, 234588.0)
SRR1303844	(30, 42.0)	(35, 8.0)	(40, 10.0)	(45, 21.0)	(50, 20.0)	(55, 16.0)	(60, 10.0)	(65, 41.0)	(70, 52.0)	(75, 1429.0)	(80, 20.0)	(85, 25.0)	(90, 218.0)	(95, 36.0)	(100, 38.0)	(105, 58.0)	(110, 54.0)	(115, 119.0)	(120, 54.0)	(125, 62.0)	(130, 100.0)	(135, 102.0)	(140, 172.0)	(145, 777.0)	(150, 213.0)	(155, 106.0)	(160, 536.0)	(165, 101.0)	(170, 162.0)	(175, 150.0)	(180, 171.0)	(185, 113.0)	(190, 239.0)	(195, 1360.0)	(200, 167.0)	(205, 138.0)	(210, 258.0)	(215, 215.0)	(220, 119.0)	(225, 319.0)	(230, 189.0)	(235, 224.0)	(240, 252.0)	(245, 743.0)	(250, 180675.0)
SRR1303845	(30, 55.0)	(35, 13.0)	(40, 10.0)	(45, 44.0)	(50, 44.0)	(55, 32.0)	(60, 12.0)	(65, 63.0)	(70, 69.0)	(75, 1496.0)	(80, 53.0)	(85, 54.0)	(90, 328.0)	(95, 74.0)	(100, 45.0)	(105, 69.0)	(110, 67.0)	(115, 165.0)	(120, 70.0)	(125, 96.0)	(130, 113.0)	(135, 139.0)	(140, 247.0)	(145, 1042.0)	(150, 310.0)	(155, 167.0)	(160, 702.0)	(165, 120.0)	(170, 224.0)	(175, 196.0)	(180, 226.0)	(185, 138.0)	(190, 350.0)	(195, 1876.0)	(200, 341.0)	(205, 213.0)	(210, 360.0)	(215, 327.0)	(220, 171.0)	(225, 389.0)	(230, 275.0)	(235, 245.0)	(240, 382.0)	(245, 1126.0)	(250, 251530.0)
SRR1303846	(30, 46.0)	(35, 8.0)	(40, 11.0)	(45, 21.0)	(50, 22.0)	(55, 13.0)	(60, 10.0)	(65, 28.0)	(70, 47.0)	(75, 1205.0)	(80, 32.0)	(85, 35.0)	(90, 209.0)	(95, 40.0)	(100, 39.0)	(105, 37.0)	(110, 49.0)	(115, 119.0)	(120, 53.0)	(125, 69.0)	(130, 100.0)	(135, 103.0)	(140, 211.0)	(145, 916.0)	(150, 239.0)	(155, 124.0)	(160, 569.0)	(165, 74.0)	(170, 152.0)	(175, 137.0)	(180, 159.0)	(185, 112.0)	(190, 229.0)	(195, 1441.0)	(200, 145.0)	(205, 125.0)	(210, 264.0)	(215, 218.0)	(220, 117.0)	(225, 284.0)	(230, 186.0)	(235, 189.0)	(240, 234.0)	(245, 959.0)	(250, 224203.0)
SRR1303847	(30, 52.0)	(35, 7.0)	(40, 6.0)	(45, 42.0)	(50, 27.0)	(55, 26.0)	(60, 12.0)	(65, 35.0)	(70, 56.0)	(75, 1412.0)	(80, 48.0)	(85, 30.0)	(90, 256.0)	(95, 63.0)	(100, 45.0)	(105, 57.0)	(110, 84.0)	(115, 157.0)	(120, 55.0)	(125, 84.0)	(130, 94.0)	(135, 145.0)	(140, 238.0)	(145, 977.0)	(150, 282.0)	(155, 138.0)	(160, 639.0)	(165, 113.0)	(170, 213.0)	(175, 170.0)	(180, 189.0)	(185, 150.0)	(190, 305.0)	(195, 1684.0)	(200, 176.0)	(205, 212.0)	(210, 326.0)	(215, 266.0)	(220, 168.0)	(225, 429.0)	(230, 249.0)	(235, 244.0)	(240, 324.0)	(245, 1075.0)	(250, 247749.0)
SRR1303848	(30, 43.0)	(35, 5.0)	(40, 11.0)	(45, 23.0)	(50, 23.0)	(55, 25.0)	(60, 5.0)	(65, 48.0)	(70, 47.0)	(75, 1278.0)	(80, 43.0)	(85, 29.0)	(90, 215.0)	(95, 46.0)	(100, 33.0)	(105, 49.0)	(110, 48.0)	(115, 137.0)	(120, 64.0)	(125, 91.0)	(130, 113.0)	(135, 104.0)	(140, 231.0)	(145, 769.0)	(150, 221.0)	(155, 92.0)	(160, 562.0)	(165, 70.0)	(170, 160.0)	(175, 138.0)	(180, 168.0)	(185, 139.0)	(190, 248.0)	(195, 1482.0)	(200, 157.0)	(205, 139.0)	(210, 277.0)	(215, 228.0)	(220, 132.0)	(225, 330.0)	(230, 216.0)	(235, 196.0)	(240, 246.0)	(245, 910.0)	(250, 211385.0)
SRR1303849	(30, 54.0)	(35, 9.0)	(40, 14.0)	(45, 30.0)	(50, 23.0)	(55, 26.0)	(60, 13.0)	(65, 57.0)	(70, 53.0)	(75, 1344.0)	(80, 40.0)	(85, 22.0)	(90, 237.0)	(95, 39.0)	(100, 47.0)	(105, 54.0)	(110, 48.0)	(115, 109.0)	(120, 61.0)	(125, 83.0)	(130, 110.0)	(135, 119.0)	(140, 212.0)	(145, 795.0)	(150, 212.0)	(155, 120.0)	(160, 609.0)	(165, 86.0)	(170, 150.0)	(175, 142.0)	(180, 166.0)	(185, 124.0)	(190, 257.0)	(195, 1527.0)	(200, 150.0)	(205, 176.0)	(210, 282.0)	(215, 225.0)	(220, 137.0)	(225, 334.0)	(230, 235.0)	(235, 199.0)	(240, 244.0)	(245, 753.0)	(250, 184670.0)
SRR1303850	(30, 48.0)	(35, 17.0)	(40, 7.0)	(45, 40.0)	(50, 29.0)	(55, 17.0)	(60, 11.0)	(65, 36.0)	(70, 56.0)	(75, 1283.0)	(80, 30.0)	(85, 25.0)	(90, 236.0)	(95, 61.0)	(100, 49.0)	(105, 54.0)	(110, 66.0)	(115, 124.0)	(120, 61.0)	(125, 94.0)	(130, 103.0)	(135, 125.0)	(140, 226.0)	(145, 855.0)	(150, 272.0)	(155, 112.0)	(160, 638.0)	(165, 112.0)	(170, 154.0)	(175, 163.0)	(180, 168.0)	(185, 155.0)	(190, 286.0)	(195, 1679.0)	(200, 125.0)	(205, 163.0)	(210, 266.0)	(215, 264.0)	(220, 174.0)	(225, 340.0)	(230, 183.0)	(235, 204.0)	(240, 277.0)	(245, 952.0)	(250, 241792.0)
SRR1304095	(30, 52.0)	(35, 10.0)	(40, 17.0)	(45, 41.0)	(50, 39.0)	(55, 24.0)	(60, 7.0)	(65, 64.0)	(70, 65.0)	(75, 1272.0)	(80, 42.0)	(85, 42.0)	(90, 269.0)	(95, 47.0)	(100, 57.0)	(105, 70.0)	(110, 61.0)	(115, 154.0)	(120, 57.0)	(125, 79.0)	(130, 120.0)	(135, 146.0)	(140, 227.0)	(145, 982.0)	(150, 305.0)	(155, 167.0)	(160, 657.0)	(165, 126.0)	(170, 185.0)	(175, 226.0)	(180, 212.0)	(185, 192.0)	(190, 333.0)	(195, 1856.0)	(200, 192.0)	(205, 191.0)	(210, 317.0)	(215, 289.0)	(220, 165.0)	(225, 345.0)	(230, 237.0)	(235, 243.0)	(240, 304.0)	(245, 1074.0)	(250, 274751.0)
