Sample	0	1	2	3	4	5	6	7	8	9	10	11	12	13	14	15	16	17	18	19	20	21	22	23	24	25	26	27	28	29	30	31	32	33	34	35	36	37
SRR983742	(1, 33.055645183687176)	(2, 33.26655153870042)	(3, 33.09908326832138)	(4, 36.57188302392692)	(5, 36.46334209416761)	(6, 36.38645125618245)	(7, 36.50925442018173)	(8, 36.51053698612152)	(9, 38.28806481502521)	(10, 38.488715187045074)	(15, 39.86844004130468)	(20, 39.00569327990992)	(25, 39.66337138110639)	(30, 38.68978971473007)	(35, 39.40624973174679)	(40, 38.50318141996208)	(45, 36.000789232505475)	(50, 36.572928769620354)	(55, 35.41868355210171)	(60, 33.88328498463699)	(65, 33.19765653995016)	(70, 33.33266579310798)	(75, 32.96655280106847)	(80, 33.166446762152184)	(85, 33.0112446696509)	(90, 32.279079784185555)	(95, 32.780092455836055)	(100, 32.84644757006774)	(105, 32.238569383535186)	(110, 30.716389829353083)	(115, 30.758984652129236)	(120, 30.943566088754572)	(125, 30.343468128993816)	(130, 30.036426892479064)	(135, 29.077993642714496)	(140, 27.888803552808646)	(145, 26.709604853552683)	(150, 23.593315508696453)
SRR984532	(1, 32.79895526420101)	(2, 33.02038219455112)	(3, 33.00844271752495)	(4, 36.38083371835559)	(5, 36.25860619418755)	(6, 36.25436211280016)	(7, 36.24194041117852)	(8, 36.2818665878949)	(9, 37.88820216066916)	(10, 38.049286888288)	(15, 39.40282921927586)	(20, 38.65557297623466)	(25, 39.25304925002714)	(30, 38.318411638023534)	(35, 38.8376806764273)	(40, 38.08746241299128)	(45, 35.76856703553061)	(50, 35.58894014103176)	(55, 34.922351236237034)	(60, 33.504575579237574)	(65, 33.09050522494137)	(70, 33.20644110674332)	(75, 33.29457913911549)	(80, 33.02270848639546)	(85, 32.94004004231458)	(90, 32.0355386903184)	(95, 32.55952545060227)	(100, 32.67929438675422)	(105, 31.82893196088679)	(110, 30.462448842534734)	(115, 30.451128935747995)	(120, 30.209338998841144)	(125, 29.5669052542283)	(130, 29.35167756090295)	(135, 28.463434499508935)	(140, 27.302421979342608)	(145, 26.239021816244655)	(150, 23.58297418962283)
SRR984533	(1, 32.744899976451364)	(2, 33.0445185467295)	(3, 33.159350115853464)	(4, 36.4763830461466)	(5, 36.33884303527353)	(6, 36.3978294555614)	(7, 36.40546531809552)	(8, 36.45740023083476)	(9, 38.04381063409784)	(10, 38.28566992955761)	(15, 39.57773869156814)	(20, 38.914075977777074)	(25, 39.36135378478875)	(30, 38.83096296468577)	(35, 39.13009835188636)	(40, 38.504785314955704)	(45, 36.762080303748306)	(50, 36.651301425419156)	(55, 35.47071334916809)	(60, 34.261779113815486)	(65, 33.4174024403362)	(70, 33.55230355061067)	(75, 33.23948786082467)	(80, 33.70541502286543)	(85, 33.731047274609054)	(90, 33.22776122266832)	(95, 33.72870316801804)	(100, 33.754762783855526)	(105, 33.31894705627543)	(110, 32.15664289514463)	(115, 32.51651195311206)	(120, 32.378885306524715)	(125, 31.560255429995145)	(130, 31.614786216199718)	(135, 30.879396399094105)	(140, 30.28593826769273)	(145, 29.078014588523967)	(150, 26.703659341394136)
SRR984534	(1, 33.026714616724185)	(2, 33.20995932773012)	(3, 33.277429070642995)	(4, 36.57170704336728)	(5, 36.54471914620213)	(6, 36.562393704083796)	(7, 36.59690553509183)	(8, 36.63665039582055)	(9, 38.29845712840401)	(10, 38.55099471173274)	(15, 39.90398815009492)	(20, 39.22790280519465)	(25, 39.6970476990659)	(30, 39.23601429198561)	(35, 39.63057252252383)	(40, 38.95565908555713)	(45, 37.25324927537074)	(50, 36.677954990129926)	(55, 35.87878384389292)	(60, 34.77521171966079)	(65, 34.10057912195576)	(70, 34.12432137779858)	(75, 34.30011716172097)	(80, 33.982861246216956)	(85, 34.0107390491585)	(90, 33.5128866264111)	(95, 33.97025807558239)	(100, 33.9795996150816)	(105, 33.45669696978507)	(110, 32.3603967217976)	(115, 32.918532484031985)	(120, 32.752424201018115)	(125, 31.85603237501054)	(130, 31.663205695862125)	(135, 30.586804043387627)	(140, 29.28030403902677)	(145, 22.50648285165233)	(150, 20.64959778352119)
SRR984535	(1, 32.75595122895297)	(2, 33.05962366396325)	(3, 33.17813519030422)	(4, 36.490272082263715)	(5, 36.34624302996885)	(6, 36.38264786325411)	(7, 36.401853562703806)	(8, 36.44095694373948)	(9, 38.02860497131652)	(10, 38.298454268927266)	(15, 39.600283730933974)	(20, 38.986926467312514)	(25, 39.38774662133788)	(30, 38.730090450646514)	(35, 38.99538763780304)	(40, 38.50460067701049)	(45, 36.57989965346119)	(50, 36.83404515594246)	(55, 35.56899737448466)	(60, 34.19961110238779)	(65, 33.38611471201493)	(70, 33.668019105279875)	(75, 33.2736181354094)	(80, 33.78056680457621)	(85, 33.80223552223655)	(90, 33.19492972455824)	(95, 33.829011396708424)	(100, 33.90054518698124)	(105, 33.382666486520044)	(110, 32.19374659942815)	(115, 32.44179937265155)	(120, 32.39990651850824)	(125, 31.731685843761756)	(130, 31.73032817115877)	(135, 30.998524745208158)	(140, 30.284696422507132)	(145, 29.252664405096205)	(150, 26.528561151867255)
SRR984536	(1, 33.00215993368656)	(2, 33.199504475061254)	(3, 33.27520074785193)	(4, 36.56752394550321)	(5, 36.52731777499443)	(6, 36.55938630861308)	(7, 36.59543876049384)	(8, 36.63936045513801)	(9, 38.28367798547385)	(10, 38.554480721268135)	(15, 39.91493951090191)	(20, 39.27015165181066)	(25, 39.707961263606855)	(30, 39.17637803038879)	(35, 39.61099977725113)	(40, 38.99864670934194)	(45, 37.16909669856966)	(50, 36.809391238301124)	(55, 35.97620238742966)	(60, 34.75313655966201)	(65, 34.069271976366714)	(70, 34.17763564858262)	(75, 34.32800720099616)	(80, 33.98834694779278)	(85, 34.068605920737916)	(90, 33.44909348514338)	(95, 34.034936151410804)	(100, 34.04856582594185)	(105, 33.478789195584454)	(110, 32.25422875943487)	(115, 32.87203917458764)	(120, 32.67966485424556)	(125, 32.067901523091024)	(130, 31.79082420732442)	(135, 30.722707603769937)	(140, 29.25387053543715)	(145, 22.60546428532304)	(150, 20.768629656272935)
SRR984538	(1, 32.72752006125233)	(2, 33.046465168313816)	(3, 33.13671757399155)	(4, 36.453778279954356)	(5, 36.29697157787929)	(6, 36.36864386305942)	(7, 36.407969121096)	(8, 36.46350691876261)	(9, 38.04078594764562)	(10, 38.29679131465781)	(15, 39.64589984798421)	(20, 38.967019635682455)	(25, 39.45222244109853)	(30, 38.7820918710579)	(35, 39.1360567327384)	(40, 38.53914908325931)	(45, 36.63111231699567)	(50, 36.63313163675288)	(55, 35.510925066251374)	(60, 34.267528832823515)	(65, 33.45728728010674)	(70, 33.69912655964855)	(75, 33.314889742093506)	(80, 33.79807248439887)	(85, 33.7749809515668)	(90, 33.278166221274034)	(95, 33.687696384700295)	(100, 33.87699804126355)	(105, 33.47789861401742)	(110, 32.44701190480615)	(115, 32.561241549)	(120, 32.48813013146206)	(125, 31.821420474185196)	(130, 31.912365685316168)	(135, 31.153454177832458)	(140, 30.19176215661714)	(145, 29.288715522335913)	(150, 27.314908697607517)
SRR984834	(1, 33.012440020665224)	(2, 33.220411743498445)	(3, 33.25829303737953)	(4, 36.56016331476189)	(5, 36.51467565628821)	(6, 36.56776038743584)	(7, 36.611529040962495)	(8, 36.652069681956206)	(9, 38.307607107946076)	(10, 38.57075573032622)	(15, 39.949633712567504)	(20, 39.27282485476731)	(25, 39.782626713894395)	(30, 39.21976688434535)	(35, 39.61214082088526)	(40, 38.992131974978726)	(45, 37.12975458184508)	(50, 36.614493906359755)	(55, 35.87942620544061)	(60, 34.76919208625874)	(65, 34.131612965571584)	(70, 34.250167812050506)	(75, 34.3270751641882)	(80, 34.07931172900305)	(85, 34.07472300790556)	(90, 33.58158118720986)	(95, 33.949328937636366)	(100, 34.10061326662974)	(105, 33.56767006998673)	(110, 32.50697302741859)	(115, 33.06458738306121)	(120, 32.82154089745067)	(125, 32.14372851243816)	(130, 31.950409030258204)	(135, 30.857872299303846)	(140, 29.035822948065608)	(145, 23.040641737068437)	(150, 21.907762840502357)
SRR984836	(1, 33.227511313590725)	(2, 33.40412727884428)	(3, 33.22304152827702)	(4, 36.65507018347115)	(5, 36.594466269183776)	(6, 36.51105051338027)	(7, 36.62810222578614)	(8, 36.640545278394015)	(9, 38.498480981278504)	(10, 38.72489495878033)	(15, 40.06915797541745)	(20, 39.27361106543796)	(25, 39.94349806865813)	(30, 38.9643211466125)	(35, 39.69634499558587)	(40, 39.01244608811574)	(45, 36.76820558482853)	(50, 37.26492192420842)	(55, 35.93626040610036)	(60, 34.37830826088166)	(65, 33.676489738718665)	(70, 33.70013685081237)	(75, 33.530495470769324)	(80, 33.851580867194)	(85, 33.69691870657011)	(90, 33.020267580017254)	(95, 33.27966842135885)	(100, 33.49850020616158)	(105, 32.98147631924436)	(110, 31.665923641799957)	(115, 31.7952221106392)	(120, 32.07012630242259)	(125, 31.300089800440656)	(130, 30.799075181940754)	(135, 29.916896901505357)	(140, 29.056699239352326)	(145, 27.73965258612621)	(150, 24.497350254603223)
SRR984838	(1, 33.07424093331748)	(2, 33.27352708305403)	(3, 33.27266702249564)	(4, 36.56747301559998)	(5, 36.491259002177976)	(6, 36.49107687170679)	(7, 36.48177051054712)	(8, 36.52303823981018)	(9, 38.21982136036284)	(10, 38.453637423764484)	(15, 39.80475056979012)	(20, 39.03703268988998)	(25, 39.64970947660255)	(30, 38.807360094707846)	(35, 39.31644309308132)	(40, 38.774271541355)	(45, 36.8058089501949)	(50, 36.53156548728755)	(55, 35.69251823201904)	(60, 34.12832508265434)	(65, 33.70685999478904)	(70, 33.7333291173502)	(75, 33.86234427212317)	(80, 33.707599646869255)	(85, 33.57050548794523)	(90, 32.69149981913432)	(95, 33.3269312786318)	(100, 33.37866847448023)	(105, 32.69897728681249)	(110, 31.58589298317064)	(115, 31.52779184510815)	(120, 31.46885948381189)	(125, 30.61170036501982)	(130, 30.37414506186112)	(135, 29.682570872784396)	(140, 29.00680257309882)	(145, 28.322797928771802)	(150, 25.880203682576944)
SRR984840	(1, 32.43862666672734)	(2, 32.84358282484025)	(3, 32.77234677332508)	(4, 36.235921073985935)	(5, 36.010562702013196)	(6, 36.15203374482975)	(7, 36.242925461966536)	(8, 36.303723185616285)	(9, 37.87107861204518)	(10, 38.180959834734054)	(15, 39.491536035892565)	(20, 38.723221411767916)	(25, 39.259596451393215)	(30, 38.66256596000916)	(35, 38.88622404637639)	(40, 38.37932962334351)	(45, 36.74047665633755)	(50, 36.5394601251932)	(55, 35.94840323312114)	(60, 34.772244543842646)	(65, 33.914029252192854)	(70, 33.842206215370524)	(75, 33.27824893334001)	(80, 33.41272438537178)	(85, 33.83246984306106)	(90, 33.51085467790888)	(95, 33.4473971676063)	(100, 33.70020339723434)	(105, 33.518618051542475)	(110, 32.707375841990235)	(115, 32.854341491974075)	(120, 32.2673237261888)	(125, 31.734309822069132)	(130, 32.02200330349871)	(135, 31.557190721688574)	(140, 30.71100969056622)	(145, 29.46225836150711)	(150, 28.130820368845185)
SRR984953	(1, 32.79206917629429)	(2, 33.070485256354836)	(3, 32.93261651354996)	(4, 36.342136596182925)	(5, 36.240398543305716)	(6, 36.44737077601884)	(7, 36.54309336706603)	(8, 36.600055209987545)	(9, 38.266646038759234)	(10, 38.49893356752075)	(15, 39.8700581373303)	(20, 39.09122449381997)	(25, 39.720130562520005)	(30, 39.19551646364862)	(35, 39.57444626960978)	(40, 38.997140304655986)	(45, 37.43042130984179)	(50, 36.55910942043164)	(55, 36.38348371987909)	(60, 35.23188498121495)	(65, 34.58522131772893)	(70, 34.40431790638873)	(75, 34.304179123040925)	(80, 33.801005307135895)	(85, 34.1997324439065)	(90, 33.914062014163484)	(95, 33.94192364337382)	(100, 34.019412074302934)	(105, 33.745663968354364)	(110, 32.936183624778366)	(115, 33.27051528816125)	(120, 32.857645597382685)	(125, 32.27041882235883)	(130, 32.33307882135777)	(135, 31.613055341945483)	(140, 30.330599225543416)	(145, 23.54227219433916)	(150, 22.14283005789465)
SRR987425	(1, 33.379039523926096)	(2, 33.5443757713109)	(3, 33.32250322404799)	(4, 36.73855305230907)	(5, 36.71028490237002)	(6, 36.62131884383494)	(7, 36.74697721841001)	(8, 36.7320595294278)	(9, 38.63026289556103)	(10, 38.91202778107263)	(15, 40.30573413654821)	(20, 39.52305642273264)	(25, 40.18417124931544)	(30, 39.46430934708927)	(35, 39.94037921366037)	(40, 39.34249913562705)	(45, 37.254253345817325)	(50, 37.14035801444071)	(55, 35.85304398080966)	(60, 34.59711892509862)	(65, 33.8898049419419)	(70, 33.89349057770398)	(75, 33.94507685978988)	(80, 34.089152813565484)	(85, 34.07207078520396)	(90, 33.3909524758922)	(95, 33.700252119291044)	(100, 33.84356692013194)	(105, 33.450902354879986)	(110, 32.49897511867778)	(115, 32.42683467889491)	(120, 32.58714973967863)	(125, 31.6855186616226)	(130, 31.503124108812564)	(135, 30.602397026052323)	(140, 30.15741430089264)	(145, 28.262212643315557)	(150, 25.04947746447238)
SRR987426	(1, 33.27558480823539)	(2, 33.47897617863876)	(3, 33.46032843648184)	(4, 36.7275269343657)	(5, 36.67219192360205)	(6, 36.67490239525945)	(7, 36.6713363836655)	(8, 36.680802844733385)	(9, 38.43795821230009)	(10, 38.72399322634457)	(15, 40.12529647361076)	(20, 39.29229837396938)	(25, 39.9672022834588)	(30, 39.28766735395883)	(35, 39.62051377823092)	(40, 39.05797532309882)	(45, 37.265226970454854)	(50, 36.41245656052756)	(55, 35.494163905300056)	(60, 34.37034229168612)	(65, 34.0033146494179)	(70, 34.02473494666125)	(75, 34.284189672446814)	(80, 34.12340620985713)	(85, 33.991822653385185)	(90, 33.29047927902463)	(95, 33.71496589196978)	(100, 33.76621702448763)	(105, 33.31406946782387)	(110, 32.519612054280095)	(115, 32.348353653458375)	(120, 32.24932048929818)	(125, 31.664959456492387)	(130, 31.362754485275378)	(135, 30.48361376031254)	(140, 30.41654851466658)	(145, 29.43327520372702)	(150, 27.3310560996969)
SRR987427	(1, 32.66497438158752)	(2, 32.99573676837287)	(3, 33.03522580494106)	(4, 36.38256504111043)	(5, 36.212644530381134)	(6, 36.31304022071248)	(7, 36.390461287515464)	(8, 36.42630950476272)	(9, 37.997529862132744)	(10, 38.28408341495585)	(15, 39.57425242233504)	(20, 38.83753594967631)	(25, 39.380594393996745)	(30, 38.741687576338194)	(35, 39.15592696508637)	(40, 38.62713990814053)	(45, 36.79632523091691)	(50, 36.63542286965243)	(55, 35.67268019714275)	(60, 34.46378106695907)	(65, 33.49994575842598)	(70, 33.715460799731524)	(75, 33.23627980847651)	(80, 33.64281962530389)	(85, 33.748252367703245)	(90, 33.2919211272882)	(95, 33.63225344473018)	(100, 33.86294363949255)	(105, 33.4669114691662)	(110, 32.47070564775756)	(115, 32.761360097712874)	(120, 32.378837981589086)	(125, 31.535310874460027)	(130, 31.81275223307487)	(135, 31.108890154959205)	(140, 29.955948037352545)	(145, 28.69843167707923)	(150, 27.056352702908363)
SRR987431	(1, 32.91790986533261)	(2, 33.15018282142035)	(3, 33.14802681640983)	(4, 36.471942667826944)	(5, 36.41607969999337)	(6, 36.51942160531645)	(7, 36.58025606705663)	(8, 36.62091968735)	(9, 38.27425944642376)	(10, 38.5192932205837)	(15, 39.899947319334586)	(20, 39.15849153792423)	(25, 39.75062572923699)	(30, 39.09108838254748)	(35, 39.64659624367344)	(40, 39.01648826782069)	(45, 37.25768454817549)	(50, 36.529524586261665)	(55, 35.97507189935261)	(60, 34.8852478527751)	(65, 34.15941910786269)	(70, 34.222147732194905)	(75, 34.263013880379766)	(80, 33.91958589094712)	(85, 34.026721974861566)	(90, 33.61461556772197)	(95, 33.86019761102938)	(100, 34.03462329421957)	(105, 33.597896285427744)	(110, 32.54019690862051)	(115, 32.97084769044061)	(120, 32.75044271270307)	(125, 31.96309270626432)	(130, 31.904013096023192)	(135, 30.869254002755007)	(140, 28.741822204705365)	(145, 22.086188690436703)	(150, 20.713384010832705)
SRR987432	(1, 32.5294979200804)	(2, 32.88299834852022)	(3, 32.85843876102508)	(4, 36.25106573061337)	(5, 36.03121490068572)	(6, 36.18930597045376)	(7, 36.30031161211486)	(8, 36.359801392912594)	(9, 37.921463438728814)	(10, 38.170769022620334)	(15, 39.47049520770204)	(20, 38.68775220501543)	(25, 39.27339528351119)	(30, 38.56157657261035)	(35, 38.95378863206362)	(40, 38.43482152636247)	(45, 36.584459768535126)	(50, 36.472830902644304)	(55, 35.68474389177976)	(60, 34.4835635884143)	(65, 33.568959481834796)	(70, 33.73030970077936)	(75, 33.18289891612244)	(80, 33.6242615050586)	(85, 33.73861864131963)	(90, 33.176878853542306)	(95, 33.42525497000922)	(100, 33.72046267204704)	(105, 33.38138831680064)	(110, 32.38542230850673)	(115, 32.44657817254849)	(120, 32.15214402449946)	(125, 31.4879175677504)	(130, 31.821952439959368)	(135, 31.30333109270407)	(140, 30.295066821577905)	(145, 28.968720242761083)	(150, 27.43906168459528)
SRR987433	(1, 32.795207916794624)	(2, 33.043990782638204)	(3, 33.00166866032561)	(4, 36.34767837162805)	(5, 36.29639015297127)	(6, 36.45661805288601)	(7, 36.534581213504765)	(8, 36.589597610186345)	(9, 38.22848190566593)	(10, 38.43267610594383)	(15, 39.81796569474898)	(20, 39.08383031635824)	(25, 39.67899227519795)	(30, 38.99768105608803)	(35, 39.53926076414764)	(40, 38.92739588053509)	(45, 37.12618250462264)	(50, 36.438928964893705)	(55, 36.06039691351529)	(60, 34.96521369375251)	(65, 34.27946602869581)	(70, 34.29865712573796)	(75, 34.251416213708794)	(80, 33.92846451036523)	(85, 34.079638263648334)	(90, 33.540549304939624)	(95, 33.83554439774677)	(100, 34.03004404661941)	(105, 33.58478061519233)	(110, 32.545309174625196)	(115, 32.90588583958096)	(120, 32.77572131439751)	(125, 32.08462190991811)	(130, 32.09696956681406)	(135, 31.263293982729255)	(140, 29.575243695277287)	(145, 22.946049656066986)	(150, 21.61951323224015)
SRR987434	(1, 32.75646316077854)	(2, 33.06102975169819)	(3, 33.17001739164467)	(4, 36.496021447249014)	(5, 36.35711822160037)	(6, 36.416643632725645)	(7, 36.41369365755338)	(8, 36.46890662570294)	(9, 38.05532059576779)	(10, 38.32894816017925)	(15, 39.61373866546646)	(20, 38.84971564294049)	(25, 39.37320121227835)	(30, 39.02875907802269)	(35, 39.095828695969104)	(40, 38.42955209788242)	(45, 36.420751094010285)	(50, 36.564844906156054)	(55, 35.40648065026651)	(60, 34.087631385191905)	(65, 33.313508978344835)	(70, 33.552604710665165)	(75, 33.21426212706419)	(80, 33.76796268256946)	(85, 33.70983643048112)	(90, 33.17410234897277)	(95, 33.673433834698656)	(100, 33.904780867723204)	(105, 33.342499455746704)	(110, 32.345083007800554)	(115, 32.48697387828784)	(120, 32.28950704104771)	(125, 31.501349014351167)	(130, 31.04612772952201)	(135, 30.36514186053907)	(140, 29.86512547178811)	(145, 28.926332809056372)	(150, 26.776623770537917)
SRR987435	(1, 33.060623702047614)	(2, 33.23861287568766)	(3, 33.298155409388556)	(4, 36.593321706289125)	(5, 36.556640257132166)	(6, 36.58288182732127)	(7, 36.606307956860896)	(8, 36.653749721758146)	(9, 38.32031936049626)	(10, 38.583760460059146)	(15, 39.9303169877965)	(20, 39.141163405631374)	(25, 39.72577314544161)	(30, 39.45987960383252)	(35, 39.57176291592571)	(40, 38.89518782242421)	(45, 36.98862376075359)	(50, 36.57308673562987)	(55, 35.8193798203108)	(60, 34.654796644953606)	(65, 34.010931052280114)	(70, 34.135881824875185)	(75, 34.221295591915215)	(80, 33.993971874946496)	(85, 33.993440585885615)	(90, 33.445572468855254)	(95, 33.86745560972268)	(100, 34.091615074715584)	(105, 33.51749120021917)	(110, 32.574893901183174)	(115, 32.83569323193507)	(120, 32.61419216911234)	(125, 31.81022022078338)	(130, 31.1623034267166)	(135, 30.10166064522757)	(140, 28.770865203746418)	(145, 22.526281441329495)	(150, 21.141349307881033)
SRR987436	(1, 32.991973863931875)	(2, 33.18278584430962)	(3, 33.06430502851689)	(4, 36.53257288281942)	(5, 36.425496299999246)	(6, 36.333434322777414)	(7, 36.40676528285881)	(8, 36.43934447751849)	(9, 38.18382856031973)	(10, 38.34639328824154)	(15, 39.68246949487605)	(20, 38.733558539793634)	(25, 39.45487867380662)	(30, 38.611004819721224)	(35, 39.16149423981459)	(40, 38.16016673357218)	(45, 35.845270538097004)	(50, 36.31207000588263)	(55, 35.049495936437246)	(60, 33.486173282737624)	(65, 32.72957198148863)	(70, 32.71402970604498)	(75, 32.57794744004383)	(80, 32.736935626803614)	(85, 32.55103223835529)	(90, 31.851747496092976)	(95, 32.22134815858372)	(100, 32.41973434726735)	(105, 31.58397701480253)	(110, 30.11291225784625)	(115, 30.221889462003986)	(120, 30.310453669830157)	(125, 29.30842782158195)	(130, 28.63448739020554)	(135, 27.6979446123394)	(140, 26.73136050454326)	(145, 25.2524266501044)	(150, 22.41193341765952)
SRR987437	(1, 32.67426359759746)	(2, 32.850371514917406)	(3, 32.88133992794403)	(4, 36.248040173600856)	(5, 36.135964613298796)	(6, 36.08827487306889)	(7, 36.05084566035735)	(8, 36.10377422799882)	(9, 37.67128945846935)	(10, 37.78844377791411)	(15, 39.062457931584696)	(20, 38.08377730817686)	(25, 38.82978027221705)	(30, 38.04180256058735)	(35, 38.447090872826514)	(40, 37.49735028946099)	(45, 35.36731224168794)	(50, 35.095673359742065)	(55, 34.426405204995945)	(60, 32.96538132351716)	(65, 32.503407636316815)	(70, 32.52911500425419)	(75, 32.80413198310446)	(80, 32.49709327132582)	(85, 32.296009654590854)	(90, 31.411540063774833)	(95, 31.766030685642583)	(100, 31.99852706895812)	(105, 31.06005286797398)	(110, 29.70150449024316)	(115, 29.482455861301098)	(120, 29.300138103064775)	(125, 28.24499534186189)	(130, 27.639589881867597)	(135, 26.651309706852892)	(140, 25.6607789820769)	(145, 24.51512140193546)	(150, 21.98140026913687)
SRR987438	(1, 32.762379176343174)	(2, 33.069229276824444)	(3, 33.18841685537068)	(4, 36.498103307484264)	(5, 36.35600194591965)	(6, 36.40763976162484)	(7, 36.40405197227064)	(8, 36.46529921410328)	(9, 38.053544643219105)	(10, 38.31869212192113)	(15, 39.63645529886662)	(20, 38.94073979695255)	(25, 39.38322657801922)	(30, 38.86719909190416)	(35, 39.18449345279117)	(40, 38.44174692619985)	(45, 36.309298136897766)	(50, 36.63020519027735)	(55, 35.55675222535603)	(60, 34.24846266556244)	(65, 33.385482049470376)	(70, 33.705247322912626)	(75, 33.31793865719961)	(80, 33.80060896860468)	(85, 33.76007679432903)	(90, 33.24052377670572)	(95, 33.76518396469545)	(100, 33.9647875414811)	(105, 33.39798892679057)	(110, 32.30585716023142)	(115, 32.32913927804064)	(120, 32.33924416079319)	(125, 31.761271855399638)	(130, 31.34499678575772)	(135, 30.62657425478806)	(140, 29.809836450086586)	(145, 28.790404473298622)	(150, 26.2718438167824)
SRR987439	(1, 33.028647296272055)	(2, 33.220103203238565)	(3, 33.289387498624535)	(4, 36.582561142996134)	(5, 36.54880725550041)	(6, 36.572950269011805)	(7, 36.6044078554923)	(8, 36.64890484105427)	(9, 38.30207506848363)	(10, 38.565046707863026)	(15, 39.92344746306517)	(20, 39.183801087630094)	(25, 39.72553092911871)	(30, 39.33504624454882)	(35, 39.650507908194285)	(40, 38.94168090392601)	(45, 36.956226942879155)	(50, 36.65587019094337)	(55, 35.98214502892819)	(60, 34.7704999160243)	(65, 34.09820986975079)	(70, 34.227750204147824)	(75, 34.350355304078896)	(80, 34.046851490423876)	(85, 34.024628045566956)	(90, 33.50419907452988)	(95, 33.95180229224702)	(100, 34.13354365867643)	(105, 33.51700276251093)	(110, 32.37079354140002)	(115, 32.77903155748861)	(120, 32.674343107332525)	(125, 32.10994967249478)	(130, 31.37059721200679)	(135, 30.354509205474063)	(140, 28.65656892667473)	(145, 22.111670884756386)	(150, 20.19163833693367)
