Sample	0	1	2	3	4	5	6	7	8	9	10	11	12	13	14	15	16	17	18	19	20	21	22	23	24	25	26	27	28	29	30	31	32	33	34	35	36	37	38	39	40	41	42	43	44	45	46	47	48	49	50	51	52	53	54	55	56	57	58	59	60	61	62	63	64	65	66	67	68	69	70	71	72	73	74	75	76	77	78	79	80	81	82	83	84	85	86	87	88	89	90	91	92	93	94	95	96	97	98	99	100
SRR983742	(0.0, 0.0)	(1.0, 0.0)	(2.0, 0.0)	(3.0, 0.0)	(4.0, 0.0)	(5.0, 0.0)	(6.0, 0.0)	(7.0, 0.0)	(8.0, 0.0)	(9.0, 0.00012623680509794713)	(10.0, 0.00012623680509794713)	(11.0, 0.0)	(12.0, 0.0)	(13.0, 0.0)	(14.0, 0.00012623680509794713)	(15.0, 0.0003787104152938414)	(16.0, 0.0005049472203917885)	(17.0, 0.0003787104152938414)	(18.0, 0.0003787104152938414)	(19.0, 0.0007574208305876828)	(20.0, 0.0016410784662733127)	(21.0, 0.0021460256866651013)	(22.0, 0.0022722624917630484)	(23.0, 0.0032821569325466255)	(24.0, 0.004796998593721992)	(25.0, 0.0056806562294076214)	(26.0, 0.005806893034505568)	(27.0, 0.007826681916072721)	(28.0, 0.00921528677215014)	(29.0, 0.008079155526268617)	(30.0, 0.008710339551758352)	(31.0, 0.008836576356856298)	(32.0, 0.007826681916072721)	(33.0, 0.008205392331366565)	(34.0, 0.01060389162822756)	(35.0, 0.02499488740939353)	(36.0, 0.028529517952136055)	(37.0, 0.015400890221949551)	(38.0, 0.008710339551758352)	(39.0, 0.007574208305876829)	(40.0, 0.01325486453528445)	(41.0, 0.06450700740505098)	(42.0, 0.9424839868612733)	(43.0, 1.8305599107253312)	(44.0, 1.4364486052095404)	(45.0, 2.0552614237996774)	(46.0, 2.25370568141365)	(47.0, 1.781201319932034)	(48.0, 1.9087004930809608)	(49.0, 4.081993329647219)	(50.0, 11.687129652773045)	(51.0, 10.254341914911343)	(52.0, 3.9892092779002275)	(53.0, 4.536445827999828)	(54.0, 3.96383568007554)	(55.0, 8.457613467952262)	(56.0, 15.16735213251835)	(57.0, 14.76756017077315)	(58.0, 7.832741282717424)	(59.0, 1.7331050971897164)	(60.0, 0.47414543994788944)	(61.0, 0.19352102221515294)	(62.0, 0.20854320202180868)	(63.0, 0.13747188075166444)	(64.0, 0.0241112297737079)	(65.0, 0.005554419424309674)	(66.0, 0.003408393737644573)	(67.0, 0.00618560344979941)	(68.0, 0.005428182619211727)	(69.0, 0.0007574208305876828)	(70.0, 0.00012623680509794713)	(71.0, 0.00012623680509794713)	(72.0, 0.0)	(73.0, 0.00012623680509794713)	(74.0, 0.00012623680509794713)	(75.0, 0.0)	(76.0, 0.0)	(77.0, 0.0)	(78.0, 0.0)	(79.0, 0.0)	(80.0, 0.0)	(81.0, 0.0)	(82.0, 0.0)	(83.0, 0.0)	(84.0, 0.0)	(85.0, 0.0)	(86.0, 0.0)	(87.0, 0.0)	(88.0, 0.0)	(89.0, 0.0)	(90.0, 0.0)	(91.0, 0.0)	(92.0, 0.0)	(93.0, 0.0)	(94.0, 0.0)	(95.0, 0.0)	(96.0, 0.0)	(97.0, 0.0)	(98.0, 0.0)	(99.0, 0.0)	(100.0, 0.0)
SRR984532	(0.0, 0.0)	(1.0, 0.0)	(2.0, 0.0)	(3.0, 0.0)	(4.0, 0.0)	(5.0, 0.0)	(6.0, 0.0)	(7.0, 0.0)	(8.0, 0.0)	(9.0, 0.0)	(10.0, 0.0)	(11.0, 0.0)	(12.0, 0.0)	(13.0, 0.00012623680509794713)	(14.0, 0.00012623680509794713)	(15.0, 0.0)	(16.0, 0.00012623680509794713)	(17.0, 0.0007574208305876828)	(18.0, 0.001009894440783577)	(19.0, 0.0008836576356856299)	(20.0, 0.0007574208305876828)	(21.0, 0.0013886048560774185)	(22.0, 0.002777209712154837)	(23.0, 0.004039577763134308)	(24.0, 0.004670761788624044)	(25.0, 0.006816787475289146)	(26.0, 0.008331629136464512)	(27.0, 0.009089049967052194)	(28.0, 0.008836576356856298)	(29.0, 0.007700445110974776)	(30.0, 0.009846470797639876)	(31.0, 0.009846470797639876)	(32.0, 0.008584102746660405)	(33.0, 0.008079155526268617)	(34.0, 0.009467760382346035)	(35.0, 0.02512112421449148)	(36.0, 0.025752308239981214)	(37.0, 0.011866259679207031)	(38.0, 0.01060389162822756)	(39.0, 0.014390995781165974)	(40.0, 0.01855681034939823)	(41.0, 0.060341192836818734)	(42.0, 0.9874242894761425)	(43.0, 2.1282262971462904)	(44.0, 1.776404321338312)	(45.0, 2.519560392949927)	(46.0, 2.5301642845781545)	(47.0, 1.900621337554692)	(48.0, 2.408724478073929)	(49.0, 3.8928905956104938)	(50.0, 12.46348600412542)	(51.0, 11.495628419439457)	(52.0, 3.869031839446982)	(53.0, 4.183613957751066)	(54.0, 3.6772781325032)	(55.0, 7.377657600339324)	(56.0, 13.601384565278316)	(57.0, 14.171848687515936)	(58.0, 7.7205167629853495)	(59.0, 1.7298229402571697)	(60.0, 0.5173184272913873)	(61.0, 0.22217677697238697)	(62.0, 0.2653497643158849)	(63.0, 0.16903108202615122)	(64.0, 0.032442858910172415)	(65.0, 0.013759811755676237)	(66.0, 0.011740022874109085)	(67.0, 0.012749917314892662)	(68.0, 0.009720233992541929)	(69.0, 0.004923235398819938)	(70.0, 0.0042920513733302025)	(71.0, 0.004418288178428149)	(72.0, 0.004165814568232256)	(73.0, 0.0021460256866651013)	(74.0, 0.0017673152713712599)	(75.0, 0.002019788881567154)	(76.0, 0.002019788881567154)	(77.0, 0.002019788881567154)	(78.0, 0.0017673152713712599)	(79.0, 0.0018935520764692072)	(80.0, 0.0015148416611753656)	(81.0, 0.001009894440783577)	(82.0, 0.001009894440783577)	(83.0, 0.0011361312458815242)	(84.0, 0.0011361312458815242)	(85.0, 0.0007574208305876828)	(86.0, 0.0007574208305876828)	(87.0, 0.0007574208305876828)	(88.0, 0.0005049472203917885)	(89.0, 0.0005049472203917885)	(90.0, 0.0005049472203917885)	(91.0, 0.0003787104152938414)	(92.0, 0.00012623680509794713)	(93.0, 0.0)	(94.0, 0.0)	(95.0, 0.0)	(96.0, 0.0)	(97.0, 0.0)	(98.0, 0.0)	(99.0, 0.0)	(100.0, 0.0)
SRR984533	(0.0, 0.0)	(1.0, 0.0)	(2.0, 0.0)	(3.0, 0.0)	(4.0, 0.0)	(5.0, 0.0)	(6.0, 0.0)	(7.0, 0.0)	(8.0, 0.0)	(9.0, 0.0)	(10.0, 0.0)	(11.0, 0.0)	(12.0, 0.0)	(13.0, 7.268096834307744e-05)	(14.0, 7.268096834307744e-05)	(15.0, 7.268096834307744e-05)	(16.0, 7.268096834307744e-05)	(17.0, 0.0)	(18.0, 0.0)	(19.0, 0.0)	(20.0, 0.0002180429050292323)	(21.0, 0.0002180429050292323)	(22.0, 7.268096834307744e-05)	(23.0, 0.0004360858100584646)	(24.0, 0.0006541287150876969)	(25.0, 0.0008721716201169292)	(26.0, 0.0007268096834307743)	(27.0, 0.0007268096834307743)	(28.0, 0.0009448525884600066)	(29.0, 0.0008721716201169292)	(30.0, 0.001162895493489239)	(31.0, 0.0014536193668615487)	(32.0, 0.002035067113606168)	(33.0, 0.0026165148603507875)	(34.0, 0.0029799197020661744)	(35.0, 0.012573807523352394)	(36.0, 0.05589166465582654)	(37.0, 0.050222549125066504)	(38.0, 0.007050053929278511)	(39.0, 0.0035613674488107943)	(40.0, 0.014608874636958563)	(41.0, 0.06483142376202507)	(42.0, 0.4220583831682507)	(43.0, 0.9729801232087776)	(44.0, 1.970308370812486)	(45.0, 2.375577450293486)	(46.0, 3.594073884565179)	(47.0, 4.0994246574545965)	(48.0, 3.459977497972201)	(49.0, 3.541380182516448)	(50.0, 5.393073212993031)	(51.0, 6.935581404138164)	(52.0, 6.491137282720246)	(53.0, 7.591381781497751)	(54.0, 7.8031741232494785)	(55.0, 7.913431152225928)	(56.0, 13.582110597175909)	(57.0, 12.836621904880962)	(58.0, 5.426506458430847)	(59.0, 2.984934688881847)	(60.0, 1.3531015876430725)	(61.0, 0.3523573345272394)	(62.0, 0.35046762935031933)	(63.0, 0.22516563992685387)	(64.0, 0.050222549125066504)	(65.0, 0.022531100186354003)	(66.0, 0.011192869124833924)	(67.0, 0.009739249757972376)	(68.0, 0.005959839404132349)	(69.0, 0.0002180429050292323)	(70.0, 7.268096834307744e-05)	(71.0, 0.00014536193668615488)	(72.0, 7.268096834307744e-05)	(73.0, 0.0)	(74.0, 0.0)	(75.0, 0.0)	(76.0, 0.0)	(77.0, 0.0)	(78.0, 0.0)	(79.0, 0.0)	(80.0, 0.0)	(81.0, 0.0)	(82.0, 0.0)	(83.0, 0.0)	(84.0, 0.0)	(85.0, 0.0)	(86.0, 0.0)	(87.0, 0.0)	(88.0, 0.0)	(89.0, 0.0)	(90.0, 0.0)	(91.0, 0.0)	(92.0, 0.0)	(93.0, 0.0)	(94.0, 0.0)	(95.0, 0.0)	(96.0, 0.0)	(97.0, 0.0)	(98.0, 0.0)	(99.0, 0.0)	(100.0, 0.0)
SRR984534	(0.0, 0.0)	(1.0, 0.0)	(2.0, 0.0)	(3.0, 0.0)	(4.0, 0.0)	(5.0, 0.0)	(6.0, 0.0)	(7.0, 0.0)	(8.0, 0.0)	(9.0, 0.0)	(10.0, 0.0)	(11.0, 0.0)	(12.0, 0.0)	(13.0, 7.268096834307744e-05)	(14.0, 7.268096834307744e-05)	(15.0, 0.0)	(16.0, 0.0)	(17.0, 0.0002180429050292323)	(18.0, 0.0004360858100584646)	(19.0, 0.0003634048417153872)	(20.0, 0.00014536193668615488)	(21.0, 7.268096834307744e-05)	(22.0, 0.0003634048417153872)	(23.0, 0.0005814477467446195)	(24.0, 0.0005814477467446195)	(25.0, 0.000508766778401542)	(26.0, 0.0004360858100584646)	(27.0, 0.00029072387337230975)	(28.0, 0.0010902145251461613)	(29.0, 0.001526300335204626)	(30.0, 0.001017533556803084)	(31.0, 0.0013082574301753937)	(32.0, 0.0021804290502923226)	(33.0, 0.002761876797036942)	(34.0, 0.0035613674488107943)	(35.0, 0.01075678331477546)	(36.0, 0.05385659754222037)	(37.0, 0.048986972663234186)	(38.0, 0.005814477467446195)	(39.0, 0.004288177132241568)	(40.0, 0.01162895493489239)	(41.0, 0.05705456014931578)	(42.0, 0.4100660233916429)	(43.0, 1.0333053269335317)	(44.0, 2.153173687163669)	(45.0, 2.5251548831435393)	(46.0, 3.591530050673171)	(47.0, 4.05087377060142)	(48.0, 3.49915253990912)	(49.0, 3.6638476141745335)	(50.0, 5.824071355267481)	(51.0, 7.157549081457922)	(52.0, 6.5783544447319375)	(53.0, 8.030592873194967)	(54.0, 8.146664379638862)	(55.0, 8.05639461695676)	(56.0, 13.128072587936703)	(57.0, 12.311065822792171)	(58.0, 5.113033441967154)	(59.0, 2.4570528158060756)	(60.0, 1.054818893563083)	(61.0, 0.31056577772996985)	(62.0, 0.3381118647319962)	(63.0, 0.23955647165878322)	(64.0, 0.06323244245847737)	(65.0, 0.02463884826830325)	(66.0, 0.011846997839921622)	(67.0, 0.010320697504716994)	(68.0, 0.006468606182533892)	(69.0, 7.268096834307744e-05)	(70.0, 0.0)	(71.0, 0.0002180429050292323)	(72.0, 0.0002180429050292323)	(73.0, 0.0)	(74.0, 0.0)	(75.0, 0.0)	(76.0, 0.0)	(77.0, 0.0)	(78.0, 0.0)	(79.0, 0.0)	(80.0, 0.0)	(81.0, 0.0)	(82.0, 0.0)	(83.0, 0.0)	(84.0, 0.0)	(85.0, 0.0)	(86.0, 0.0)	(87.0, 0.0)	(88.0, 0.0)	(89.0, 0.0)	(90.0, 0.0)	(91.0, 0.0)	(92.0, 0.0)	(93.0, 0.0)	(94.0, 0.0)	(95.0, 0.0)	(96.0, 0.0)	(97.0, 0.0)	(98.0, 0.0)	(99.0, 0.0)	(100.0, 0.0)
SRR984535	(0.0, 0.0)	(1.0, 0.0)	(2.0, 0.0)	(3.0, 0.0)	(4.0, 0.0)	(5.0, 0.0)	(6.0, 0.0)	(7.0, 0.0)	(8.0, 0.0)	(9.0, 9.129051929698997e-05)	(10.0, 0.00018258103859397995)	(11.0, 9.129051929698997e-05)	(12.0, 0.0)	(13.0, 0.0)	(14.0, 0.0)	(15.0, 0.0)	(16.0, 9.129051929698997e-05)	(17.0, 0.00018258103859397995)	(18.0, 9.129051929698997e-05)	(19.0, 9.129051929698997e-05)	(20.0, 0.00018258103859397995)	(21.0, 0.00045645259648494985)	(22.0, 0.0006390336350789298)	(23.0, 0.0007303241543759198)	(24.0, 0.0008216146736729097)	(25.0, 0.0012780672701578595)	(26.0, 0.0014606483087518396)	(27.0, 0.0012780672701578595)	(28.0, 0.0012780672701578595)	(29.0, 0.0016432293473458194)	(30.0, 0.0015519388280488295)	(31.0, 0.0018258103859397994)	(32.0, 0.002464844021018729)	(33.0, 0.0021909724631277595)	(34.0, 0.0032864586946916388)	(35.0, 0.014241321010330436)	(36.0, 0.04801881315021672)	(37.0, 0.039893956932784615)	(38.0, 0.005568721677116389)	(39.0, 0.004564525964849499)	(40.0, 0.02245746774705953)	(41.0, 0.08517405450409164)	(42.0, 0.5318585654242636)	(43.0, 0.9717875779164583)	(44.0, 1.7193656404395092)	(45.0, 2.0041920606461177)	(46.0, 1.9437577368715104)	(47.0, 1.9805478161481975)	(48.0, 3.045999466863367)	(49.0, 3.8350234251472513)	(50.0, 8.981982903111547)	(51.0, 10.879638927738077)	(52.0, 5.237154511029721)	(53.0, 4.856929498157758)	(54.0, 5.279878474060712)	(55.0, 8.210212852974792)	(56.0, 15.421159681724733)	(57.0, 12.888486804868341)	(58.0, 6.081317942968987)	(59.0, 3.51842790422529)	(60.0, 1.3281857652519071)	(61.0, 0.6143851948687425)	(62.0, 0.32170779000259264)	(63.0, 0.07814468451822341)	(64.0, 0.013693577894548496)	(65.0, 0.0037429112911765887)	(66.0, 0.003651620771879599)	(67.0, 0.004473235445552508)	(68.0, 0.002099681943830769)	(69.0, 0.00027387155789096993)	(70.0, 9.129051929698997e-05)	(71.0, 0.0)	(72.0, 0.0)	(73.0, 0.0)	(74.0, 0.0)	(75.0, 0.0)	(76.0, 0.0)	(77.0, 0.0)	(78.0, 0.0)	(79.0, 0.0)	(80.0, 0.0)	(81.0, 0.0)	(82.0, 0.0)	(83.0, 0.0)	(84.0, 0.0)	(85.0, 0.0)	(86.0, 0.0)	(87.0, 0.0)	(88.0, 0.0)	(89.0, 0.0)	(90.0, 0.0)	(91.0, 0.0)	(92.0, 0.0)	(93.0, 0.0)	(94.0, 0.0)	(95.0, 0.0)	(96.0, 0.0)	(97.0, 0.0)	(98.0, 0.0)	(99.0, 0.0)	(100.0, 0.0)
SRR984536	(0.0, 0.0)	(1.0, 0.0)	(2.0, 0.0)	(3.0, 0.0)	(4.0, 0.0)	(5.0, 0.0)	(6.0, 0.0)	(7.0, 0.0)	(8.0, 0.0)	(9.0, 0.0)	(10.0, 0.0)	(11.0, 0.0)	(12.0, 0.0)	(13.0, 0.0)	(14.0, 9.129051929698997e-05)	(15.0, 0.00018258103859397995)	(16.0, 0.00018258103859397995)	(17.0, 9.129051929698997e-05)	(18.0, 0.0)	(19.0, 0.00018258103859397995)	(20.0, 0.00027387155789096993)	(21.0, 0.00045645259648494985)	(22.0, 0.0006390336350789298)	(23.0, 0.0003651620771879599)	(24.0, 0.0003651620771879599)	(25.0, 0.0011867767508608694)	(26.0, 0.0017345198666428093)	(27.0, 0.0010954862315638797)	(28.0, 0.0010954862315638797)	(29.0, 0.0012780672701578595)	(30.0, 0.0017345198666428093)	(31.0, 0.002556134540315719)	(32.0, 0.0020083914245337792)	(33.0, 0.0014606483087518396)	(34.0, 0.0021909724631277595)	(35.0, 0.013510996855954516)	(36.0, 0.04920558990107759)	(37.0, 0.040532990567863546)	(38.0, 0.005294850119225418)	(39.0, 0.004473235445552508)	(40.0, 0.018805846975179934)	(41.0, 0.07075015245516723)	(42.0, 0.48037071254076125)	(43.0, 0.9537120550956543)	(44.0, 1.8318355602134007)	(45.0, 2.0610660541681423)	(46.0, 1.7893854687403004)	(47.0, 1.837860734487002)	(48.0, 3.083976322890915)	(49.0, 3.8501776513505517)	(50.0, 9.51539340736386)	(51.0, 11.5552800610551)	(52.0, 5.392074522276713)	(53.0, 5.024812763144921)	(54.0, 5.4033032561502425)	(55.0, 8.090439691657142)	(56.0, 14.90509437613885)	(57.0, 12.462799113386476)	(58.0, 5.974142873314321)	(59.0, 3.397650547195372)	(60.0, 1.2382646037443719)	(61.0, 0.5491124735713946)	(62.0, 0.282087704627699)	(63.0, 0.06965466622360335)	(64.0, 0.014606483087518395)	(65.0, 0.004381944926255519)	(66.0, 0.002556134540315719)	(67.0, 0.004747107003443478)	(68.0, 0.003195168175394649)	(69.0, 0.00018258103859397995)	(70.0, 9.129051929698997e-05)	(71.0, 0.0)	(72.0, 0.0)	(73.0, 0.0)	(74.0, 0.0)	(75.0, 0.0)	(76.0, 0.0)	(77.0, 0.0)	(78.0, 0.0)	(79.0, 0.0)	(80.0, 0.0)	(81.0, 0.0)	(82.0, 0.0)	(83.0, 0.0)	(84.0, 0.0)	(85.0, 0.0)	(86.0, 0.0)	(87.0, 0.0)	(88.0, 0.0)	(89.0, 0.0)	(90.0, 0.0)	(91.0, 0.0)	(92.0, 0.0)	(93.0, 0.0)	(94.0, 0.0)	(95.0, 0.0)	(96.0, 0.0)	(97.0, 0.0)	(98.0, 0.0)	(99.0, 0.0)	(100.0, 0.0)
SRR984538	(0.0, 0.0)	(1.0, 0.0)	(2.0, 0.0)	(3.0, 0.0)	(4.0, 0.0)	(5.0, 0.0)	(6.0, 0.0)	(7.0, 0.0)	(8.0, 0.0)	(9.0, 0.0)	(10.0, 0.0)	(11.0, 0.0)	(12.0, 0.0)	(13.0, 9.291918632526919e-05)	(14.0, 9.291918632526919e-05)	(15.0, 0.00027875755897580756)	(16.0, 0.00027875755897580756)	(17.0, 9.291918632526919e-05)	(18.0, 0.00018583837265053838)	(19.0, 0.000464595931626346)	(20.0, 0.0008362726769274226)	(21.0, 0.0010221110495779611)	(22.0, 0.000929191863252692)	(23.0, 0.0007433534906021535)	(24.0, 0.0017654645401801146)	(25.0, 0.0021371412854811916)	(26.0, 0.0015796261675295764)	(27.0, 0.001858383726505384)	(28.0, 0.0021371412854811916)	(29.0, 0.002508818030782268)	(30.0, 0.003252171521384421)	(31.0, 0.0031592523350591527)	(32.0, 0.003252171521384421)	(33.0, 0.0040884441983118445)	(34.0, 0.003716767453010768)	(35.0, 0.010778625613731226)	(36.0, 0.011707817476983918)	(37.0, 0.005296393620540344)	(38.0, 0.005203474434215074)	(39.0, 0.0048317976889139976)	(40.0, 0.006597262229094112)	(41.0, 0.034194260567699065)	(42.0, 0.1329673556314602)	(43.0, 0.6129878721878008)	(44.0, 1.0355843315951252)	(45.0, 2.8345926980386618)	(46.0, 6.140192751560114)	(47.0, 4.930477864791434)	(48.0, 2.574140218768932)	(49.0, 4.556849816577526)	(50.0, 7.897480403343604)	(51.0, 6.624115873942114)	(52.0, 5.164448375958462)	(53.0, 6.008154587791906)	(54.0, 5.177457062043999)	(55.0, 7.423127957153104)	(56.0, 12.778339422637345)	(57.0, 11.549483183485659)	(58.0, 5.397396776075912)	(59.0, 2.564941219322731)	(60.0, 2.032793039237914)	(61.0, 1.3895135123080753)	(62.0, 1.3608014837335674)	(63.0, 1.2765237817365482)	(64.0, 0.17208633307439852)	(65.0, 0.12609133584339027)	(66.0, 0.0745211874328659)	(67.0, 0.03094208904631464)	(68.0, 0.020070544246258145)	(69.0, 0.0006504343042768843)	(70.0, 0.00018583837265053838)	(71.0, 0.0)	(72.0, 0.0)	(73.0, 0.0)	(74.0, 0.0)	(75.0, 0.0)	(76.0, 0.0)	(77.0, 0.0)	(78.0, 0.0)	(79.0, 0.0)	(80.0, 0.0)	(81.0, 0.0)	(82.0, 0.0)	(83.0, 0.0)	(84.0, 0.0)	(85.0, 0.0)	(86.0, 0.0)	(87.0, 0.0)	(88.0, 0.0)	(89.0, 0.0)	(90.0, 0.0)	(91.0, 0.0)	(92.0, 0.0)	(93.0, 0.0)	(94.0, 0.0)	(95.0, 0.0)	(96.0, 0.0)	(97.0, 0.0)	(98.0, 0.0)	(99.0, 0.0)	(100.0, 0.0)
SRR984834	(0.0, 0.0)	(1.0, 0.0)	(2.0, 0.0)	(3.0, 0.0)	(4.0, 0.0)	(5.0, 0.0)	(6.0, 0.0)	(7.0, 0.0)	(8.0, 0.0)	(9.0, 0.0)	(10.0, 0.0)	(11.0, 0.0)	(12.0, 0.0)	(13.0, 0.0)	(14.0, 0.0)	(15.0, 0.00018583837265053838)	(16.0, 0.00027875755897580756)	(17.0, 0.00027875755897580756)	(18.0, 0.00027875755897580756)	(19.0, 0.00018583837265053838)	(20.0, 0.00018583837265053838)	(21.0, 0.00027875755897580756)	(22.0, 0.0011150302359032303)	(23.0, 0.001486706981204307)	(24.0, 0.0011150302359032303)	(25.0, 0.001486706981204307)	(26.0, 0.0017654645401801146)	(27.0, 0.002508818030782268)	(28.0, 0.0031592523350591527)	(29.0, 0.0028804947760833447)	(30.0, 0.0027875755897580753)	(31.0, 0.0031592523350591527)	(32.0, 0.003995525011986575)	(33.0, 0.0031592523350591527)	(34.0, 0.003716767453010768)	(35.0, 0.009663595377827995)	(36.0, 0.011057383172707033)	(37.0, 0.007247696533370997)	(38.0, 0.005482231993190882)	(39.0, 0.00464595931626346)	(40.0, 0.006039747111142498)	(41.0, 0.039676492560889946)	(42.0, 0.1537812533683205)	(43.0, 0.6759870805163333)	(44.0, 1.1088975696057624)	(45.0, 2.999059657834388)	(46.0, 6.2175944337690625)	(47.0, 4.917469178705896)	(48.0, 2.8058806694641536)	(49.0, 4.93642469271625)	(50.0, 8.244533564268485)	(51.0, 6.704212212554498)	(52.0, 5.152461800922501)	(53.0, 6.091967693857298)	(54.0, 5.057405473311751)	(55.0, 7.197984768686977)	(56.0, 12.47319281474516)	(57.0, 11.127722996755264)	(58.0, 5.158129871288343)	(59.0, 2.4997119505223915)	(60.0, 1.9616169425127579)	(61.0, 1.4234290153167988)	(62.0, 1.354482979063449)	(63.0, 1.192246079739529)	(64.0, 0.16502447491367808)	(65.0, 0.11373308406212948)	(66.0, 0.08372018687906753)	(67.0, 0.04255698733697329)	(68.0, 0.022207685531739334)	(69.0, 0.0005575151179516151)	(70.0, 9.291918632526919e-05)	(71.0, 9.291918632526919e-05)	(72.0, 0.0)	(73.0, 0.0)	(74.0, 0.0)	(75.0, 0.0)	(76.0, 0.0)	(77.0, 0.0)	(78.0, 0.0)	(79.0, 0.0)	(80.0, 0.0)	(81.0, 0.0)	(82.0, 0.0)	(83.0, 0.0)	(84.0, 0.0)	(85.0, 0.0)	(86.0, 0.0)	(87.0, 0.0)	(88.0, 0.0)	(89.0, 0.0)	(90.0, 0.0)	(91.0, 0.0)	(92.0, 0.0)	(93.0, 0.0)	(94.0, 0.0)	(95.0, 0.0)	(96.0, 0.0)	(97.0, 0.0)	(98.0, 0.0)	(99.0, 0.0)	(100.0, 0.0)
SRR984836	(0.0, 0.0)	(1.0, 0.0)	(2.0, 0.0)	(3.0, 0.0)	(4.0, 0.0)	(5.0, 0.0)	(6.0, 0.0)	(7.0, 0.0)	(8.0, 0.00012647949387965728)	(9.0, 0.00012647949387965728)	(10.0, 0.0)	(11.0, 0.0)	(12.0, 0.00012647949387965728)	(13.0, 0.00025295898775931457)	(14.0, 0.00012647949387965728)	(15.0, 0.00025295898775931457)	(16.0, 0.00025295898775931457)	(17.0, 0.00025295898775931457)	(18.0, 0.0006323974693982864)	(19.0, 0.0007588769632779438)	(20.0, 0.002150151395954174)	(21.0, 0.0020236719020745165)	(22.0, 0.005312138742945606)	(23.0, 0.014165703314521617)	(24.0, 0.0216279934534214)	(25.0, 0.038576245633295474)	(26.0, 0.07563473734003505)	(27.0, 0.10598981587115282)	(28.0, 0.17201211167633393)	(29.0, 0.17049435774977803)	(30.0, 0.11547577791212711)	(31.0, 0.13014739920216736)	(32.0, 0.16341150609251723)	(33.0, 0.18263638916222513)	(34.0, 0.24296710774282165)	(35.0, 0.2390462434325523)	(36.0, 0.15999655975776647)	(37.0, 0.17163267319469494)	(38.0, 0.1675853293905459)	(39.0, 0.13343586604303842)	(40.0, 0.20059647729313645)	(41.0, 0.29773272859271327)	(42.0, 0.714862099407823)	(43.0, 1.609451559618639)	(44.0, 2.599406558214717)	(45.0, 2.893091943003281)	(46.0, 3.7048373347229213)	(47.0, 3.064218698222457)	(48.0, 1.7474406874413453)	(49.0, 4.253378899678995)	(50.0, 11.81343768734775)	(51.0, 12.984384841685618)	(52.0, 5.721552864634057)	(53.0, 3.193227781979708)	(54.0, 4.087437803708885)	(55.0, 7.349596909853005)	(56.0, 14.66605619230954)	(57.0, 11.694294004113113)	(58.0, 3.0725663448185148)	(59.0, 1.2583444846087104)	(60.0, 0.46127071417911014)	(61.0, 0.16619405495786968)	(62.0, 0.0651369393480235)	(63.0, 0.03693201221285993)	(64.0, 0.013280346857364015)	(65.0, 0.006450454187862521)	(66.0, 0.0027825488653524604)	(67.0, 0.002150151395954174)	(68.0, 0.0013912744326762302)	(69.0, 0.0007588769632779438)	(70.0, 0.0005059179755186291)	(71.0, 0.0)	(72.0, 0.0)	(73.0, 0.0)	(74.0, 0.0)	(75.0, 0.0)	(76.0, 0.0)	(77.0, 0.0)	(78.0, 0.0)	(79.0, 0.0)	(80.0, 0.0)	(81.0, 0.0)	(82.0, 0.0)	(83.0, 0.0)	(84.0, 0.0)	(85.0, 0.0)	(86.0, 0.0)	(87.0, 0.0)	(88.0, 0.0)	(89.0, 0.0)	(90.0, 0.0)	(91.0, 0.0)	(92.0, 0.0)	(93.0, 0.0)	(94.0, 0.0)	(95.0, 0.0)	(96.0, 0.0)	(97.0, 0.0)	(98.0, 0.0)	(99.0, 0.0)	(100.0, 0.0)
SRR984838	(0.0, 0.0)	(1.0, 0.0)	(2.0, 0.0)	(3.0, 0.0)	(4.0, 0.0)	(5.0, 0.0)	(6.0, 0.0)	(7.0, 0.0)	(8.0, 0.0)	(9.0, 0.00012647949387965728)	(10.0, 0.00012647949387965728)	(11.0, 0.0)	(12.0, 0.0)	(13.0, 0.00012647949387965728)	(14.0, 0.00012647949387965728)	(15.0, 0.0)	(16.0, 0.0)	(17.0, 0.0006323974693982864)	(18.0, 0.0010118359510372583)	(19.0, 0.0006323974693982864)	(20.0, 0.0013912744326762302)	(21.0, 0.003035507853111775)	(22.0, 0.006956372163381151)	(23.0, 0.011889072424687785)	(24.0, 0.018339526612550307)	(25.0, 0.03161987346991432)	(26.0, 0.06273382896431001)	(27.0, 0.09599793585465988)	(28.0, 0.1880750073990504)	(29.0, 0.1806127172601506)	(30.0, 0.09549201787914124)	(31.0, 0.11180787258961704)	(32.0, 0.16252614963535963)	(33.0, 0.20767932895039729)	(34.0, 0.28002559944956124)	(35.0, 0.25776520852674156)	(36.0, 0.1637909445741562)	(37.0, 0.180106799284632)	(38.0, 0.17378282459064912)	(39.0, 0.13900096377374335)	(40.0, 0.17960088130911334)	(41.0, 0.2580181675145009)	(42.0, 0.7321897900693362)	(43.0, 1.7664126115232937)	(44.0, 3.19980471566145)	(45.0, 3.8492769167334897)	(46.0, 3.769594835589306)	(47.0, 2.788999319540323)	(48.0, 2.0924767467450502)	(49.0, 4.200004553261779)	(50.0, 11.21594855826025)	(51.0, 11.474599123244149)	(52.0, 4.66481669326952)	(53.0, 2.8507213125535955)	(54.0, 3.5705161122227254)	(55.0, 7.07867783396278)	(56.0, 15.722539404686318)	(57.0, 13.002850847792047)	(58.0, 3.0172948059931044)	(59.0, 1.2842727808540402)	(60.0, 0.5699165994217358)	(61.0, 0.15240779012498704)	(62.0, 0.07601417582167404)	(63.0, 0.04565909729055628)	(64.0, 0.01365978533900299)	(65.0, 0.008853564571576012)	(66.0, 0.006323974693982864)	(67.0, 0.006197495200103207)	(68.0, 0.004553261779667662)	(69.0, 0.0034149463347507474)	(70.0, 0.0034149463347507474)	(71.0, 0.0025295898775931458)	(72.0, 0.0018971924081948594)	(73.0, 0.0013912744326762302)	(74.0, 0.0008853564571576011)	(75.0, 0.0012647949387965729)	(76.0, 0.0013912744326762302)	(77.0, 0.0011383154449169156)	(78.0, 0.0008853564571576011)	(79.0, 0.0011383154449169156)	(80.0, 0.0007588769632779438)	(81.0, 0.0)	(82.0, 0.00025295898775931457)	(83.0, 0.0006323974693982864)	(84.0, 0.0005059179755186291)	(85.0, 0.00012647949387965728)	(86.0, 0.00025295898775931457)	(87.0, 0.00025295898775931457)	(88.0, 0.0)	(89.0, 0.00012647949387965728)	(90.0, 0.00012647949387965728)	(91.0, 0.0)	(92.0, 0.0)	(93.0, 0.0)	(94.0, 0.0)	(95.0, 0.0)	(96.0, 0.0)	(97.0, 0.0)	(98.0, 0.0)	(99.0, 0.0)	(100.0, 0.0)
SRR984840	(0.0, 0.0)	(1.0, 0.0)	(2.0, 0.0)	(3.0, 0.0)	(4.0, 0.0)	(5.0, 0.0)	(6.0, 0.0)	(7.0, 0.0)	(8.0, 0.0)	(9.0, 0.0)	(10.0, 0.0)	(11.0, 0.0)	(12.0, 7.583789498271654e-05)	(13.0, 0.00022751368494814965)	(14.0, 0.00022751368494814965)	(15.0, 0.0004550273698962993)	(16.0, 0.0006825410548444489)	(17.0, 0.0005308652648790158)	(18.0, 0.0012134063197234647)	(19.0, 0.00197178526955063)	(20.0, 0.002806002114360512)	(21.0, 0.0041710842240494095)	(22.0, 0.004474435803980276)	(23.0, 0.005763680018686457)	(24.0, 0.008038816868167953)	(25.0, 0.009100547397925986)	(26.0, 0.01205822530225193)	(27.0, 0.015698444261422327)	(28.0, 0.01782190532093839)	(29.0, 0.020021204275437167)	(30.0, 0.023888936919555712)	(31.0, 0.028439210618518708)	(32.0, 0.03010764430813847)	(33.0, 0.031396888522844654)	(34.0, 0.030941861152948353)	(35.0, 0.03223110536765453)	(36.0, 0.034733755902084176)	(37.0, 0.03647802748668666)	(38.0, 0.03769143380641012)	(39.0, 0.04095246329066693)	(40.0, 0.05217647174810898)	(41.0, 0.13901086150331943)	(42.0, 0.3098736388993798)	(43.0, 1.4307577267439304)	(44.0, 2.043831269784211)	(45.0, 9.010224465001569)	(46.0, 12.164019165752821)	(47.0, 5.290906581364203)	(48.0, 2.8842668219826755)	(49.0, 13.031301332775167)	(50.0, 14.518861642861152)	(51.0, 3.9628333644268703)	(52.0, 2.0864521667644973)	(53.0, 5.036470443697189)	(54.0, 4.929766525456506)	(55.0, 3.3082764928310437)	(56.0, 6.385095730174836)	(57.0, 5.07727123119789)	(58.0, 3.850820793537398)	(59.0, 3.317073688649039)	(60.0, 0.531092778563964)	(61.0, 0.1412101604578182)	(62.0, 0.022978882179763113)	(63.0, 0.013574983201906261)	(64.0, 0.003867732644118544)	(65.0, 0.0022751368494814965)	(66.0, 0.002502650534429646)	(67.0, 0.010693143192563032)	(68.0, 0.009328061082874135)	(69.0, 0.0005308652648790158)	(70.0, 0.0001516757899654331)	(71.0, 7.583789498271654e-05)	(72.0, 7.583789498271654e-05)	(73.0, 0.0)	(74.0, 7.583789498271654e-05)	(75.0, 7.583789498271654e-05)	(76.0, 0.0)	(77.0, 0.0)	(78.0, 0.0)	(79.0, 0.0)	(80.0, 0.0)	(81.0, 0.0)	(82.0, 0.0)	(83.0, 0.0)	(84.0, 0.0)	(85.0, 0.0)	(86.0, 0.0)	(87.0, 0.0)	(88.0, 0.0)	(89.0, 0.0)	(90.0, 0.0)	(91.0, 0.0)	(92.0, 0.0)	(93.0, 0.0)	(94.0, 0.0)	(95.0, 0.0)	(96.0, 0.0)	(97.0, 0.0)	(98.0, 0.0)	(99.0, 0.0)	(100.0, 0.0)
SRR984953	(0.0, 0.0)	(1.0, 0.0)	(2.0, 0.0)	(3.0, 0.0)	(4.0, 0.0)	(5.0, 0.0)	(6.0, 0.0)	(7.0, 0.0)	(8.0, 0.0)	(9.0, 0.0)	(10.0, 0.00022751368494814965)	(11.0, 0.00022751368494814965)	(12.0, 0.0)	(13.0, 7.583789498271654e-05)	(14.0, 0.0003033515799308662)	(15.0, 0.00037918947491358273)	(16.0, 0.0005308652648790158)	(17.0, 0.0006825410548444489)	(18.0, 0.000985892634775315)	(19.0, 0.0014409200046716143)	(20.0, 0.0027301642193777956)	(21.0, 0.0036402189591703943)	(22.0, 0.004019408434083977)	(23.0, 0.005536166333738307)	(24.0, 0.007432113708306221)	(25.0, 0.010313953717649451)	(26.0, 0.012892442147061813)	(27.0, 0.014636713731664293)	(28.0, 0.01759439163599024)	(29.0, 0.02085542112024705)	(30.0, 0.023433909549659415)	(31.0, 0.027149966403812523)	(32.0, 0.030638509573017482)	(33.0, 0.029955968518173032)	(34.0, 0.031017699047931065)	(35.0, 0.034582080112118746)	(36.0, 0.03549213485191134)	(37.0, 0.03617467590675579)	(38.0, 0.037388082226479255)	(39.0, 0.041407490660563234)	(40.0, 0.04853625278893859)	(41.0, 0.12551171619639587)	(42.0, 0.28113107670093024)	(43.0, 1.4838442532318319)	(44.0, 2.0253268234084283)	(45.0, 9.45607544960496)	(46.0, 12.664700948428715)	(47.0, 5.196867591585634)	(48.0, 2.601618987382091)	(49.0, 12.838066376359206)	(50.0, 14.707394649788185)	(51.0, 4.122396295470506)	(52.0, 2.038674292925386)	(53.0, 5.082352370161733)	(54.0, 4.902844072737642)	(55.0, 3.168962279747793)	(56.0, 6.484291696812231)	(57.0, 5.29166496031403)	(58.0, 3.5330600135598154)	(59.0, 2.854462529254468)	(60.0, 0.4633695383443981)	(61.0, 0.12255403829206993)	(62.0, 0.027225804298795238)	(63.0, 0.015850120051387757)	(64.0, 0.004626111593945709)	(65.0, 0.002806002114360512)	(66.0, 0.0020476231645333467)	(67.0, 0.011224008457442048)	(68.0, 0.010162277927684017)	(69.0, 7.583789498271654e-05)	(70.0, 7.583789498271654e-05)	(71.0, 0.0)	(72.0, 7.583789498271654e-05)	(73.0, 7.583789498271654e-05)	(74.0, 7.583789498271654e-05)	(75.0, 7.583789498271654e-05)	(76.0, 0.0)	(77.0, 7.583789498271654e-05)	(78.0, 7.583789498271654e-05)	(79.0, 0.0)	(80.0, 0.0)	(81.0, 0.0)	(82.0, 0.0)	(83.0, 0.0)	(84.0, 0.0)	(85.0, 0.0)	(86.0, 0.0)	(87.0, 0.0)	(88.0, 0.0)	(89.0, 0.0)	(90.0, 0.0)	(91.0, 0.0)	(92.0, 0.0)	(93.0, 0.0)	(94.0, 0.0)	(95.0, 0.0)	(96.0, 0.0)	(97.0, 0.0)	(98.0, 0.0)	(99.0, 0.0)	(100.0, 0.0)
SRR987425	(0.0, 0.0)	(1.0, 0.0)	(2.0, 0.0)	(3.0, 0.0)	(4.0, 0.0)	(5.0, 0.0)	(6.0, 0.0)	(7.0, 0.0)	(8.0, 0.0)	(9.0, 0.0)	(10.0, 0.0)	(11.0, 0.00012618583135011268)	(12.0, 0.00012618583135011268)	(13.0, 0.00012618583135011268)	(14.0, 0.00012618583135011268)	(15.0, 0.0)	(16.0, 0.0)	(17.0, 0.0)	(18.0, 0.00037855749405033804)	(19.0, 0.001135672482151014)	(20.0, 0.0025237166270022536)	(21.0, 0.0025237166270022536)	(22.0, 0.0017666016389015775)	(23.0, 0.0025237166270022536)	(24.0, 0.004921247422654395)	(25.0, 0.00656166323020586)	(26.0, 0.006687849061555973)	(27.0, 0.009463937351258452)	(28.0, 0.010978167327459803)	(29.0, 0.010473424002059353)	(30.0, 0.010221052339359127)	(31.0, 0.009716309013958677)	(32.0, 0.008833008194507887)	(33.0, 0.008202079037757324)	(34.0, 0.010094866508009014)	(35.0, 0.01085198149610969)	(36.0, 0.010599609833409466)	(37.0, 0.008202079037757324)	(38.0, 0.005299804916704733)	(39.0, 0.013501883954462057)	(40.0, 0.02309200713707062)	(41.0, 0.2010140293407295)	(42.0, 1.6767573269802973)	(43.0, 3.7796442064299254)	(44.0, 3.6087885907818724)	(45.0, 3.397427323270434)	(46.0, 5.507380609275668)	(47.0, 5.374380743032649)	(48.0, 4.140788055753948)	(49.0, 3.06820848927799)	(50.0, 2.996787308733826)	(51.0, 7.354236436915917)	(52.0, 6.979843075300134)	(53.0, 6.82084892779899)	(54.0, 7.156629425021641)	(55.0, 6.601537952912495)	(56.0, 15.102172667644187)	(57.0, 12.263243833929351)	(58.0, 2.146799548759467)	(59.0, 0.7171140795626905)	(60.0, 0.4542689928604056)	(61.0, 0.2936344295517122)	(62.0, 0.12555490219336213)	(63.0, 0.04113658102013673)	(64.0, 0.006056919904805409)	(65.0, 0.0025237166270022536)	(66.0, 0.001135672482151014)	(67.0, 0.0015142299762013521)	(68.0, 0.0013880441448512395)	(69.0, 0.00012618583135011268)	(70.0, 0.0)	(71.0, 0.0)	(72.0, 0.0)	(73.0, 0.0)	(74.0, 0.0)	(75.0, 0.0)	(76.0, 0.0)	(77.0, 0.0)	(78.0, 0.0)	(79.0, 0.0)	(80.0, 0.0)	(81.0, 0.0)	(82.0, 0.0)	(83.0, 0.0)	(84.0, 0.0)	(85.0, 0.0)	(86.0, 0.0)	(87.0, 0.0)	(88.0, 0.0)	(89.0, 0.0)	(90.0, 0.0)	(91.0, 0.0)	(92.0, 0.0)	(93.0, 0.0)	(94.0, 0.0)	(95.0, 0.0)	(96.0, 0.0)	(97.0, 0.0)	(98.0, 0.0)	(99.0, 0.0)	(100.0, 0.0)
SRR987426	(0.0, 0.0)	(1.0, 0.0)	(2.0, 0.0)	(3.0, 0.0)	(4.0, 0.0)	(5.0, 0.0)	(6.0, 0.0)	(7.0, 0.0)	(8.0, 0.0)	(9.0, 0.0)	(10.0, 0.0)	(11.0, 0.0)	(12.0, 0.0)	(13.0, 0.0)	(14.0, 0.0)	(15.0, 0.0)	(16.0, 0.0)	(17.0, 0.00025237166270022536)	(18.0, 0.0005047433254004507)	(19.0, 0.0006309291567505634)	(20.0, 0.001640415807551465)	(21.0, 0.002271344964302028)	(22.0, 0.002902274121052592)	(23.0, 0.003911760771853493)	(24.0, 0.005047433254004507)	(25.0, 0.006940220724256198)	(26.0, 0.00845445070045755)	(27.0, 0.009211565688558226)	(28.0, 0.011861468146910591)	(29.0, 0.011987653978260706)	(30.0, 0.008706822363157774)	(31.0, 0.008328264869107437)	(32.0, 0.00984249484530879)	(33.0, 0.009716309013958677)	(34.0, 0.009337751519908339)	(35.0, 0.009085379857208113)	(36.0, 0.009716309013958677)	(37.0, 0.00984249484530879)	(38.0, 0.008706822363157774)	(39.0, 0.017539830557665663)	(40.0, 0.026499024583523666)	(41.0, 0.185871729578716)	(42.0, 1.8603577115947112)	(43.0, 4.3910145593212215)	(44.0, 4.25561716228255)	(45.0, 4.10898922625372)	(46.0, 5.6594345360525535)	(47.0, 4.8941174689141205)	(48.0, 6.918769132926679)	(49.0, 6.138309766026231)	(50.0, 3.0285861382340546)	(51.0, 6.017676111255524)	(52.0, 5.571861569095575)	(53.0, 4.00917623365578)	(54.0, 4.028230294189647)	(55.0, 6.016035695447973)	(56.0, 15.597199684030677)	(57.0, 12.948306712329114)	(58.0, 2.2689474335063764)	(59.0, 0.8872125802226423)	(60.0, 0.5408324731665829)	(61.0, 0.22246562067024864)	(62.0, 0.12820480465171447)	(63.0, 0.06094775654210443)	(64.0, 0.012492397303661156)	(65.0, 0.006814034892906085)	(66.0, 0.005930734073455296)	(67.0, 0.00706640655560631)	(68.0, 0.005299804916704733)	(69.0, 0.003154645783752817)	(70.0, 0.004037946603203606)	(71.0, 0.003785574940503381)	(72.0, 0.002776088289702479)	(73.0, 0.001640415807551465)	(74.0, 0.001640415807551465)	(75.0, 0.0021451591329519158)	(76.0, 0.0025237166270022536)	(77.0, 0.0023975307956521407)	(78.0, 0.0015142299762013521)	(79.0, 0.0010094866508009014)	(80.0, 0.0005047433254004507)	(81.0, 0.0006309291567505634)	(82.0, 0.0008833008194507887)	(83.0, 0.0005047433254004507)	(84.0, 0.00012618583135011268)	(85.0, 0.00012618583135011268)	(86.0, 0.0005047433254004507)	(87.0, 0.0007571149881006761)	(88.0, 0.00037855749405033804)	(89.0, 0.00012618583135011268)	(90.0, 0.00012618583135011268)	(91.0, 0.0)	(92.0, 0.0)	(93.0, 0.0)	(94.0, 0.0)	(95.0, 0.0)	(96.0, 0.0)	(97.0, 0.0)	(98.0, 0.0)	(99.0, 0.0)	(100.0, 0.0)
SRR987427	(0.0, 0.0)	(1.0, 0.0)	(2.0, 0.0)	(3.0, 0.0)	(4.0, 0.0)	(5.0, 0.0)	(6.0, 0.0)	(7.0, 0.0)	(8.0, 0.0)	(9.0, 0.0)	(10.0, 0.0)	(11.0, 0.0)	(12.0, 0.0)	(13.0, 0.0)	(14.0, 0.0)	(15.0, 9.755678780618198e-05)	(16.0, 9.755678780618198e-05)	(17.0, 0.00048778393903090993)	(18.0, 0.0005853407268370919)	(19.0, 0.00048778393903090993)	(20.0, 0.0006828975146432739)	(21.0, 0.0005853407268370919)	(22.0, 0.0005853407268370919)	(23.0, 0.0008780110902556379)	(24.0, 0.0013657950292865477)	(25.0, 0.0014633518170927297)	(26.0, 0.0017560221805112757)	(27.0, 0.0019511357561236397)	(28.0, 0.0019511357561236397)	(29.0, 0.0020486925439298217)	(30.0, 0.0025364764829607315)	(31.0, 0.0025364764829607315)	(32.0, 0.0028291468463792773)	(33.0, 0.003316930785410187)	(34.0, 0.0024389196951545497)	(35.0, 0.0032193739976040052)	(36.0, 0.009072781265974925)	(37.0, 0.009072781265974925)	(38.0, 0.005365623329340009)	(39.0, 0.005950964056177101)	(40.0, 0.006243634419595647)	(41.0, 0.044095668088394255)	(42.0, 0.11345854421858964)	(43.0, 0.2787197427622619)	(44.0, 0.3470094942265893)	(45.0, 3.4978010700028483)	(46.0, 5.264261826809386)	(47.0, 2.702810806170272)	(48.0, 3.9854874522459527)	(49.0, 8.59709436863198)	(50.0, 9.963084511494142)	(51.0, 7.854492099851323)	(52.0, 4.4429312302691395)	(53.0, 5.119097326553787)	(54.0, 6.011059037465709)	(55.0, 4.911594038890038)	(56.0, 11.054549853469704)	(57.0, 10.758172332114524)	(58.0, 3.8726142487542)	(59.0, 1.9929876180924917)	(60.0, 2.485259169362486)	(61.0, 2.0872274751132633)	(62.0, 2.242245210937287)	(63.0, 2.027620277763686)	(64.0, 0.09511786811102743)	(65.0, 0.013755507080671659)	(66.0, 0.02116982295394149)	(67.0, 0.08116724745474341)	(68.0, 0.06624105892039757)	(69.0, 0.0012682382414803657)	(70.0, 0.0)	(71.0, 0.0)	(72.0, 0.0)	(73.0, 0.0)	(74.0, 0.0)	(75.0, 0.0)	(76.0, 0.0)	(77.0, 0.0)	(78.0, 0.0)	(79.0, 0.0)	(80.0, 0.0)	(81.0, 0.0)	(82.0, 0.0)	(83.0, 0.0)	(84.0, 0.0)	(85.0, 0.0)	(86.0, 0.0)	(87.0, 0.0)	(88.0, 0.0)	(89.0, 0.0)	(90.0, 0.0)	(91.0, 0.0)	(92.0, 0.0)	(93.0, 0.0)	(94.0, 0.0)	(95.0, 0.0)	(96.0, 0.0)	(97.0, 0.0)	(98.0, 0.0)	(99.0, 0.0)	(100.0, 0.0)
SRR987431	(0.0, 0.0)	(1.0, 0.0)	(2.0, 0.0)	(3.0, 0.0)	(4.0, 0.0)	(5.0, 0.0)	(6.0, 0.0)	(7.0, 0.0)	(8.0, 0.0)	(9.0, 0.0)	(10.0, 0.0)	(11.0, 9.755678780618198e-05)	(12.0, 9.755678780618198e-05)	(13.0, 0.0)	(14.0, 0.0)	(15.0, 0.0)	(16.0, 9.755678780618198e-05)	(17.0, 0.00019511357561236397)	(18.0, 0.00019511357561236397)	(19.0, 0.00029267036341854594)	(20.0, 0.00039022715122472793)	(21.0, 0.0005853407268370919)	(22.0, 0.0005853407268370919)	(23.0, 0.0005853407268370919)	(24.0, 0.0016584653927050935)	(25.0, 0.0014633518170927297)	(26.0, 0.0013657950292865477)	(27.0, 0.0024389196951545497)	(28.0, 0.0029267036341854595)	(29.0, 0.0030242604219916413)	(30.0, 0.0024389196951545497)	(31.0, 0.0021462493317360035)	(32.0, 0.0023413629073483675)	(33.0, 0.0025364764829607315)	(34.0, 0.0032193739976040052)	(35.0, 0.0039022715122472794)	(36.0, 0.008682554114750196)	(37.0, 0.010145905931842926)	(38.0, 0.005170509753727645)	(39.0, 0.003707157936634915)	(40.0, 0.0060485208439832825)	(41.0, 0.05053441608360227)	(42.0, 0.13082365244809002)	(43.0, 0.32398609230433034)	(44.0, 0.42359157265444214)	(45.0, 3.747644003574481)	(46.0, 5.383671335084152)	(47.0, 2.6164730489618004)	(48.0, 4.173576939136272)	(49.0, 9.050343204779503)	(50.0, 10.746855744729007)	(51.0, 8.704699505582198)	(52.0, 4.866425246135775)	(53.0, 5.250506319728714)	(54.0, 5.920721451957185)	(55.0, 4.715797565763031)	(56.0, 9.984254334448082)	(57.0, 9.449448023694593)	(58.0, 3.528141231010571)	(59.0, 1.8717245308494075)	(60.0, 2.31268121173335)	(61.0, 2.2496595268105564)	(62.0, 2.364776536421851)	(63.0, 1.847823117836893)	(64.0, 0.04585169026890553)	(65.0, 0.011219030597710927)	(66.0, 0.01531641568557057)	(67.0, 0.07794787345713941)	(68.0, 0.06809463788871503)	(69.0, 0.0010731246658680017)	(70.0, 0.0)	(71.0, 0.0)	(72.0, 0.0)	(73.0, 0.0)	(74.0, 0.0)	(75.0, 0.0)	(76.0, 0.0)	(77.0, 0.0)	(78.0, 0.0)	(79.0, 0.0)	(80.0, 0.0)	(81.0, 0.0)	(82.0, 0.0)	(83.0, 0.0)	(84.0, 0.0)	(85.0, 0.0)	(86.0, 0.0)	(87.0, 0.0)	(88.0, 0.0)	(89.0, 0.0)	(90.0, 0.0)	(91.0, 0.0)	(92.0, 0.0)	(93.0, 0.0)	(94.0, 0.0)	(95.0, 0.0)	(96.0, 0.0)	(97.0, 0.0)	(98.0, 0.0)	(99.0, 0.0)	(100.0, 0.0)
SRR987432	(0.0, 0.0)	(1.0, 0.0)	(2.0, 0.0)	(3.0, 0.0)	(4.0, 0.0)	(5.0, 0.0)	(6.0, 0.0)	(7.0, 0.0)	(8.0, 0.0)	(9.0, 0.0)	(10.0, 0.00010737839933167683)	(11.0, 0.00010737839933167683)	(12.0, 0.0)	(13.0, 0.0)	(14.0, 0.0)	(15.0, 0.0)	(16.0, 0.00010737839933167683)	(17.0, 0.0003221351979950305)	(18.0, 0.00021475679866335366)	(19.0, 0.00010737839933167683)	(20.0, 0.0004295135973267073)	(21.0, 0.0005368919966583842)	(22.0, 0.0005368919966583842)	(23.0, 0.0005368919966583842)	(24.0, 0.0011811623926484454)	(25.0, 0.0018254327886385064)	(26.0, 0.002147567986633537)	(27.0, 0.002147567986633537)	(28.0, 0.002899216781955275)	(29.0, 0.0036508655772770128)	(30.0, 0.003543487177945336)	(31.0, 0.0032213519799503053)	(32.0, 0.002577081583960244)	(33.0, 0.002684459983291921)	(34.0, 0.004617271171262104)	(35.0, 0.006227947161237257)	(36.0, 0.1057677233417017)	(37.0, 0.11596867127821099)	(38.0, 0.019865003876360216)	(39.0, 0.010415704735172655)	(40.0, 0.011059975131162714)	(41.0, 0.1066267505363551)	(42.0, 0.24364158808357475)	(43.0, 0.3102161956692144)	(44.0, 0.40750102546371364)	(45.0, 4.828699239546176)	(46.0, 5.8708066050601)	(47.0, 4.7232536514024686)	(48.0, 7.717285559967614)	(49.0, 10.390363432930377)	(50.0, 10.677278515944618)	(51.0, 7.5841363447963355)	(52.0, 3.9306936859353625)	(53.0, 3.623698842246098)	(54.0, 3.823315286603686)	(55.0, 4.272479131008089)	(56.0, 10.76382550580595)	(57.0, 10.562383628659724)	(58.0, 3.9014867613171464)	(59.0, 1.3823895129960078)	(60.0, 1.3035737678865569)	(61.0, 1.0242825512248654)	(62.0, 1.1097557570928802)	(63.0, 1.0017330873652133)	(64.0, 0.05830647083710053)	(65.0, 0.007946001550544085)	(66.0, 0.010737839933167685)	(67.0, 0.03371681739014653)	(68.0, 0.026522464634924182)	(69.0, 0.00021475679866335366)	(70.0, 0.00010737839933167683)	(71.0, 0.00010737839933167683)	(72.0, 0.00010737839933167683)	(73.0, 0.0)	(74.0, 0.0)	(75.0, 0.0)	(76.0, 0.0)	(77.0, 0.0)	(78.0, 0.0)	(79.0, 0.0)	(80.0, 0.0)	(81.0, 0.0)	(82.0, 0.0)	(83.0, 0.0)	(84.0, 0.0)	(85.0, 0.0)	(86.0, 0.0)	(87.0, 0.0)	(88.0, 0.0)	(89.0, 0.0)	(90.0, 0.0)	(91.0, 0.0)	(92.0, 0.0)	(93.0, 0.0)	(94.0, 0.0)	(95.0, 0.0)	(96.0, 0.0)	(97.0, 0.0)	(98.0, 0.0)	(99.0, 0.0)	(100.0, 0.0)
SRR987433	(0.0, 0.0)	(1.0, 0.0)	(2.0, 0.0)	(3.0, 0.0)	(4.0, 0.0)	(5.0, 0.0)	(6.0, 0.0)	(7.0, 0.0)	(8.0, 0.0)	(9.0, 0.0)	(10.0, 0.00010737839933167683)	(11.0, 0.00010737839933167683)	(12.0, 0.0)	(13.0, 0.0)	(14.0, 0.0)	(15.0, 0.0)	(16.0, 0.0)	(17.0, 0.0)	(18.0, 0.00010737839933167683)	(19.0, 0.0003221351979950305)	(20.0, 0.000644270395990061)	(21.0, 0.000644270395990061)	(22.0, 0.0005368919966583842)	(23.0, 0.0010737839933167685)	(24.0, 0.0016106759899751526)	(25.0, 0.0015032975906434758)	(26.0, 0.0017180543893068293)	(27.0, 0.0032213519799503053)	(28.0, 0.0027918383826235978)	(29.0, 0.0023623247852968907)	(30.0, 0.0032213519799503053)	(31.0, 0.0037582439766086894)	(32.0, 0.00440251437259875)	(33.0, 0.004617271171262104)	(34.0, 0.004080379174603721)	(35.0, 0.005046784768588811)	(36.0, 0.11747196886885446)	(37.0, 0.1520478134536544)	(38.0, 0.0496088204912347)	(39.0, 0.01911335508103848)	(40.0, 0.016428895097746556)	(41.0, 0.12681388961071036)	(42.0, 0.2669427007385486)	(43.0, 0.3742137216708938)	(44.0, 0.5159532087887072)	(45.0, 5.101547752247967)	(46.0, 6.0420751519941245)	(47.0, 4.609647304909555)	(48.0, 7.934297305016933)	(49.0, 10.8406010613281)	(50.0, 11.091329623767564)	(51.0, 8.046292975519872)	(52.0, 4.227917095285444)	(53.0, 3.5002136830146697)	(54.0, 3.630463681403994)	(55.0, 4.187005925140075)	(56.0, 10.007129925715622)	(57.0, 9.51512209997788)	(58.0, 3.6505434420790177)	(59.0, 1.4551920677428845)	(60.0, 1.1994167205348303)	(61.0, 1.114480406663474)	(62.0, 1.1680622279299806)	(63.0, 0.8942473096342046)	(64.0, 0.026307707836260824)	(65.0, 0.005905811963242227)	(66.0, 0.00955667754051924)	(67.0, 0.03468322298413162)	(68.0, 0.027274113430245918)	(69.0, 0.00021475679866335366)	(70.0, 0.0)	(71.0, 0.0)	(72.0, 0.0)	(73.0, 0.0)	(74.0, 0.0)	(75.0, 0.0)	(76.0, 0.0)	(77.0, 0.0)	(78.0, 0.0)	(79.0, 0.0)	(80.0, 0.0)	(81.0, 0.0)	(82.0, 0.0)	(83.0, 0.0)	(84.0, 0.0)	(85.0, 0.0)	(86.0, 0.0)	(87.0, 0.0)	(88.0, 0.0)	(89.0, 0.0)	(90.0, 0.0)	(91.0, 0.0)	(92.0, 0.0)	(93.0, 0.0)	(94.0, 0.0)	(95.0, 0.0)	(96.0, 0.0)	(97.0, 0.0)	(98.0, 0.0)	(99.0, 0.0)	(100.0, 0.0)
SRR987434	(0.0, 0.0)	(1.0, 0.0)	(2.0, 0.0)	(3.0, 0.0)	(4.0, 0.0)	(5.0, 0.0)	(6.0, 0.0)	(7.0, 0.0)	(8.0, 0.0)	(9.0, 0.0)	(10.0, 0.0)	(11.0, 0.0)	(12.0, 0.0)	(13.0, 0.0)	(14.0, 0.0)	(15.0, 0.0)	(16.0, 0.00012230411161962443)	(17.0, 0.00012230411161962443)	(18.0, 0.00036691233485887327)	(19.0, 0.0011007370045766198)	(20.0, 0.0007338246697177465)	(21.0, 0.00036691233485887327)	(22.0, 0.0008561287813373709)	(23.0, 0.0012230411161962443)	(24.0, 0.0012230411161962443)	(25.0, 0.0011007370045766198)	(26.0, 0.002079169897533615)	(27.0, 0.0031799069021102347)	(28.0, 0.0022014740091532395)	(29.0, 0.0007338246697177465)	(30.0, 0.0008561287813373709)	(31.0, 0.001467649339435493)	(32.0, 0.001956865785913991)	(33.0, 0.0022014740091532395)	(34.0, 0.0031799069021102347)	(35.0, 0.03534588825807146)	(36.0, 0.04182800617391155)	(37.0, 0.011496586492244696)	(38.0, 0.0046475562415457285)	(39.0, 0.0034245151253494838)	(40.0, 0.004525252129926104)	(41.0, 0.02128091542181465)	(42.0, 0.14138355303228584)	(43.0, 0.6575069040671009)	(44.0, 2.2390213714204643)	(45.0, 4.219247242653804)	(46.0, 3.7098506177580677)	(47.0, 2.432261867779471)	(48.0, 3.193482658500013)	(49.0, 3.9274296323293796)	(50.0, 5.355452439600115)	(51.0, 9.712903328384094)	(52.0, 8.899580986113591)	(53.0, 6.7252584897399075)	(54.0, 6.959715471714728)	(55.0, 5.738998133639257)	(56.0, 9.42133032628291)	(57.0, 10.75273288537414)	(58.0, 6.082428079067162)	(59.0, 3.2186773054936566)	(60.0, 1.938887081505906)	(61.0, 0.8785104337637623)	(62.0, 1.7602007744296346)	(63.0, 1.5975363059755343)	(64.0, 0.2106076802089933)	(65.0, 0.03522358414645183)	(66.0, 0.006115205580981222)	(67.0, 0.020057874305618405)	(68.0, 0.01736718384998667)	(69.0, 0.0006115205580981221)	(70.0, 0.0)	(71.0, 0.0)	(72.0, 0.0)	(73.0, 0.0)	(74.0, 0.0)	(75.0, 0.0)	(76.0, 0.0)	(77.0, 0.0)	(78.0, 0.0)	(79.0, 0.0)	(80.0, 0.0)	(81.0, 0.0)	(82.0, 0.0)	(83.0, 0.0)	(84.0, 0.0)	(85.0, 0.0)	(86.0, 0.0)	(87.0, 0.0)	(88.0, 0.0)	(89.0, 0.0)	(90.0, 0.0)	(91.0, 0.0)	(92.0, 0.0)	(93.0, 0.0)	(94.0, 0.0)	(95.0, 0.0)	(96.0, 0.0)	(97.0, 0.0)	(98.0, 0.0)	(99.0, 0.0)	(100.0, 0.0)
SRR987435	(0.0, 0.0)	(1.0, 0.0)	(2.0, 0.0)	(3.0, 0.0)	(4.0, 0.0)	(5.0, 0.0)	(6.0, 0.0)	(7.0, 0.0)	(8.0, 0.0)	(9.0, 0.0)	(10.0, 0.0)	(11.0, 0.0)	(12.0, 0.0)	(13.0, 0.0)	(14.0, 0.0)	(15.0, 0.00012230411161962443)	(16.0, 0.00012230411161962443)	(17.0, 0.0)	(18.0, 0.0)	(19.0, 0.00012230411161962443)	(20.0, 0.00024460822323924886)	(21.0, 0.00024460822323924886)	(22.0, 0.0006115205580981221)	(23.0, 0.0009784328929569955)	(24.0, 0.0015899534510551174)	(25.0, 0.0018345616742943664)	(26.0, 0.0012230411161962443)	(27.0, 0.0013453452278158688)	(28.0, 0.0017122575626747419)	(29.0, 0.002568386344012113)	(30.0, 0.0026906904556317376)	(31.0, 0.002568386344012113)	(32.0, 0.0031799069021102347)	(33.0, 0.002935298678870986)	(34.0, 0.002812994567251362)	(35.0, 0.02923068267709024)	(36.0, 0.0375473622672247)	(37.0, 0.013453452278158688)	(38.0, 0.005381380911263475)	(39.0, 0.0037914274602083575)	(40.0, 0.006726726139079344)	(41.0, 0.020302482528857656)	(42.0, 0.12303793628934216)	(43.0, 0.6298661748410658)	(44.0, 2.283173155715149)	(45.0, 4.3093853729174665)	(46.0, 3.737002130537624)	(47.0, 2.4508520927456536)	(48.0, 3.3292402223977966)	(49.0, 3.838636847293532)	(50.0, 5.232169895087533)	(51.0, 10.05988009304897)	(52.0, 9.205096656939412)	(53.0, 6.6844089164589535)	(54.0, 6.720244021163503)	(55.0, 5.616938630242871)	(56.0, 9.44040976769557)	(57.0, 10.717509301227688)	(58.0, 6.009901740876725)	(59.0, 3.1707340937387634)	(60.0, 2.0300036446625263)	(61.0, 0.9452884787080772)	(62.0, 1.58591741537167)	(63.0, 1.452728237817899)	(64.0, 0.21904666391074734)	(65.0, 0.02568386344012113)	(66.0, 0.00415833979506723)	(67.0, 0.01846792085456329)	(68.0, 0.01675566329188855)	(69.0, 0.00012230411161962443)	(70.0, 0.0)	(71.0, 0.0)	(72.0, 0.0)	(73.0, 0.0)	(74.0, 0.0)	(75.0, 0.0)	(76.0, 0.0)	(77.0, 0.0)	(78.0, 0.0)	(79.0, 0.0)	(80.0, 0.0)	(81.0, 0.0)	(82.0, 0.0)	(83.0, 0.0)	(84.0, 0.0)	(85.0, 0.0)	(86.0, 0.0)	(87.0, 0.0)	(88.0, 0.0)	(89.0, 0.0)	(90.0, 0.0)	(91.0, 0.0)	(92.0, 0.0)	(93.0, 0.0)	(94.0, 0.0)	(95.0, 0.0)	(96.0, 0.0)	(97.0, 0.0)	(98.0, 0.0)	(99.0, 0.0)	(100.0, 0.0)
SRR987436	(0.0, 0.0)	(1.0, 0.0)	(2.0, 0.0)	(3.0, 0.0)	(4.0, 0.0)	(5.0, 0.0)	(6.0, 0.0)	(7.0, 0.0)	(8.0, 0.0)	(9.0, 0.0)	(10.0, 0.00025247361019589427)	(11.0, 0.0003787104152938414)	(12.0, 0.00012623680509794713)	(13.0, 0.00012623680509794713)	(14.0, 0.0005049472203917885)	(15.0, 0.0008836576356856299)	(16.0, 0.001009894440783577)	(17.0, 0.0007574208305876828)	(18.0, 0.0012623680509794713)	(19.0, 0.0021460256866651013)	(20.0, 0.0031559201274486783)	(21.0, 0.005049472203917885)	(22.0, 0.005175709009015833)	(23.0, 0.004418288178428149)	(24.0, 0.005806893034505568)	(25.0, 0.007826681916072721)	(26.0, 0.010730128433325508)	(27.0, 0.012749917314892662)	(28.0, 0.012118733289402925)	(29.0, 0.012118733289402925)	(30.0, 0.012876154119990607)	(31.0, 0.012497443704696765)	(32.0, 0.012749917314892662)	(33.0, 0.013886048560774186)	(34.0, 0.014517232586263919)	(35.0, 0.03559877903762109)	(36.0, 0.0482224595474158)	(37.0, 0.02676220268076479)	(38.0, 0.013633574950578292)	(39.0, 0.012876154119990607)	(40.0, 0.019440467985083858)	(41.0, 0.04961106440349323)	(42.0, 0.379720309734625)	(43.0, 1.5292326569565318)	(44.0, 3.5126653386554767)	(45.0, 3.3952651099143862)	(46.0, 1.4254660031660191)	(47.0, 1.521279738235361)	(48.0, 4.174777381394209)	(49.0, 5.4142965706509525)	(50.0, 7.799541002976664)	(51.0, 10.895119937588523)	(52.0, 7.532550160194505)	(53.0, 6.649523708534365)	(54.0, 6.546893185989735)	(55.0, 6.879905877838119)	(56.0, 11.615048437062116)	(57.0, 10.746286744378043)	(58.0, 5.1638427493366255)	(59.0, 1.65231354192703)	(60.0, 0.9015832620095384)	(61.0, 0.5261550036482436)	(62.0, 0.7086934238198752)	(63.0, 0.570969069458015)	(64.0, 0.06728421711720584)	(65.0, 0.01502217980665571)	(66.0, 0.006059366644701462)	(67.0, 0.006311840254897357)	(68.0, 0.0037871041529384144)	(69.0, 0.0003787104152938414)	(70.0, 0.0003787104152938414)	(71.0, 0.00025247361019589427)	(72.0, 0.00012623680509794713)	(73.0, 0.0)	(74.0, 0.0)	(75.0, 0.0)	(76.0, 0.0)	(77.0, 0.0)	(78.0, 0.0)	(79.0, 0.0)	(80.0, 0.0)	(81.0, 0.0)	(82.0, 0.0)	(83.0, 0.0)	(84.0, 0.0)	(85.0, 0.0)	(86.0, 0.0)	(87.0, 0.0)	(88.0, 0.0)	(89.0, 0.0)	(90.0, 0.0)	(91.0, 0.0)	(92.0, 0.0)	(93.0, 0.0)	(94.0, 0.0)	(95.0, 0.0)	(96.0, 0.0)	(97.0, 0.0)	(98.0, 0.0)	(99.0, 0.0)	(100.0, 0.0)
SRR987437	(0.0, 0.0)	(1.0, 0.0)	(2.0, 0.0)	(3.0, 0.0)	(4.0, 0.0)	(5.0, 0.0)	(6.0, 0.0)	(7.0, 0.0)	(8.0, 0.0)	(9.0, 0.00025247361019589427)	(10.0, 0.00025247361019589427)	(11.0, 0.0)	(12.0, 0.00012623680509794713)	(13.0, 0.00012623680509794713)	(14.0, 0.00012623680509794713)	(15.0, 0.0003787104152938414)	(16.0, 0.0003787104152938414)	(17.0, 0.0007574208305876828)	(18.0, 0.0011361312458815242)	(19.0, 0.0011361312458815242)	(20.0, 0.002398499296860996)	(21.0, 0.0032821569325466255)	(22.0, 0.004165814568232256)	(23.0, 0.007195497890582987)	(24.0, 0.008457865941562458)	(25.0, 0.008457865941562458)	(26.0, 0.009972707602737824)	(27.0, 0.012497443704696765)	(28.0, 0.014012285365872134)	(29.0, 0.013128627730186502)	(30.0, 0.015400890221949551)	(31.0, 0.014390995781165974)	(32.0, 0.01009894440783577)	(33.0, 0.011108838848619348)	(34.0, 0.015527127027047498)	(35.0, 0.038375988749775936)	(36.0, 0.04885364357290554)	(37.0, 0.029160701977625787)	(38.0, 0.01716820549332081)	(39.0, 0.017294442298418755)	(40.0, 0.02335380894312022)	(41.0, 0.05049472203917885)	(42.0, 0.4092597221275446)	(43.0, 1.7420679103516703)	(44.0, 4.177302117496168)	(45.0, 4.172000171682055)	(46.0, 1.7820849775677197)	(47.0, 1.9141286757001725)	(48.0, 5.154627462564475)	(49.0, 6.349206349206349)	(50.0, 8.251468765227314)	(51.0, 10.326675604232467)	(52.0, 6.5424748978113065)	(53.0, 5.054142965706509)	(54.0, 5.037858417848875)	(55.0, 6.15303435408414)	(56.0, 10.778350892872922)	(57.0, 11.070336623064474)	(58.0, 5.790103539427541)	(59.0, 1.6923306091430792)	(60.0, 0.876462137795047)	(61.0, 0.5126476655027633)	(62.0, 0.8770933218205367)	(63.0, 0.7277551813896652)	(64.0, 0.09152168369601167)	(65.0, 0.029539412392919632)	(66.0, 0.019945415205475648)	(67.0, 0.01855681034939823)	(68.0, 0.015400890221949551)	(69.0, 0.008205392331366565)	(70.0, 0.006564313865093251)	(71.0, 0.005933129839603516)	(72.0, 0.004544524983526097)	(73.0, 0.0035346305427425197)	(74.0, 0.003029683322350731)	(75.0, 0.0025247361019589427)	(76.0, 0.002398499296860996)	(77.0, 0.0025247361019589427)	(78.0, 0.0025247361019589427)	(79.0, 0.002019788881567154)	(80.0, 0.001009894440783577)	(81.0, 0.0012623680509794713)	(82.0, 0.0016410784662733127)	(83.0, 0.0011361312458815242)	(84.0, 0.0008836576356856299)	(85.0, 0.0008836576356856299)	(86.0, 0.0008836576356856299)	(87.0, 0.0006311840254897357)	(88.0, 0.00025247361019589427)	(89.0, 0.0006311840254897357)	(90.0, 0.0007574208305876828)	(91.0, 0.00012623680509794713)	(92.0, 0.00012623680509794713)	(93.0, 0.00012623680509794713)	(94.0, 0.0)	(95.0, 0.0)	(96.0, 0.0)	(97.0, 0.0)	(98.0, 0.0)	(99.0, 0.0)	(100.0, 0.0)
SRR987438	(0.0, 0.0)	(1.0, 0.0)	(2.0, 0.0)	(3.0, 0.0)	(4.0, 0.0)	(5.0, 0.0)	(6.0, 0.0)	(7.0, 0.0)	(8.0, 0.0)	(9.0, 0.0)	(10.0, 7.239284411214521e-05)	(11.0, 7.239284411214521e-05)	(12.0, 0.00014478568822429041)	(13.0, 0.00014478568822429041)	(14.0, 0.0)	(15.0, 0.0)	(16.0, 7.239284411214521e-05)	(17.0, 0.00021717853233643562)	(18.0, 0.0005067499087850164)	(19.0, 0.00043435706467287124)	(20.0, 0.00036196422056072603)	(21.0, 0.0005791427528971617)	(22.0, 0.0007239284411214521)	(23.0, 0.0007963212852335973)	(24.0, 0.0014478568822429041)	(25.0, 0.002026999635140066)	(26.0, 0.002099392479252211)	(27.0, 0.002171785323364356)	(28.0, 0.0026061423880372274)	(29.0, 0.002968106608597953)	(30.0, 0.0023889638557007915)	(31.0, 0.0019546067910279205)	(32.0, 0.002099392479252211)	(33.0, 0.0030404994527100985)	(34.0, 0.004053999270280132)	(35.0, 0.03178045856523174)	(36.0, 0.038368207379436955)	(37.0, 0.012306783499064684)	(38.0, 0.005646641840747326)	(39.0, 0.0038368207379436956)	(40.0, 0.008831926981681714)	(41.0, 0.035327707926726855)	(42.0, 0.2582976677921341)	(43.0, 1.9200754043864274)	(44.0, 3.059176806491032)	(45.0, 1.9544620053396962)	(46.0, 0.8511226682264912)	(47.0, 1.7982382477456866)	(48.0, 4.54091353977842)	(49.0, 4.77039885561392)	(50.0, 8.391271739571087)	(51.0, 11.710411249268832)	(52.0, 7.229221805882932)	(53.0, 5.477894121121915)	(54.0, 6.680049690448199)	(55.0, 8.983807168628994)	(56.0, 13.004433337773428)	(57.0, 10.441581870515265)	(58.0, 4.2391077726748865)	(59.0, 1.5224939045225256)	(60.0, 0.5965170354840765)	(61.0, 0.9241670479356456)	(62.0, 1.0387649201651714)	(63.0, 0.38940110847922904)	(64.0, 0.03576206499139973)	(65.0, 0.0036196422056072606)	(66.0, 0.0007963212852335973)	(67.0, 0.0057914275289716165)	(68.0, 0.005139891931962309)	(69.0, 0.0)	(70.0, 0.0)	(71.0, 0.0)	(72.0, 0.0)	(73.0, 0.0)	(74.0, 0.0)	(75.0, 0.0)	(76.0, 0.0)	(77.0, 0.0)	(78.0, 0.0)	(79.0, 0.0)	(80.0, 0.0)	(81.0, 0.0)	(82.0, 0.0)	(83.0, 0.0)	(84.0, 0.0)	(85.0, 0.0)	(86.0, 0.0)	(87.0, 0.0)	(88.0, 0.0)	(89.0, 0.0)	(90.0, 0.0)	(91.0, 0.0)	(92.0, 0.0)	(93.0, 0.0)	(94.0, 0.0)	(95.0, 0.0)	(96.0, 0.0)	(97.0, 0.0)	(98.0, 0.0)	(99.0, 0.0)	(100.0, 0.0)
SRR987439	(0.0, 0.0)	(1.0, 0.0)	(2.0, 0.0)	(3.0, 0.0)	(4.0, 0.0)	(5.0, 0.0)	(6.0, 0.0)	(7.0, 0.0)	(8.0, 0.0)	(9.0, 0.0)	(10.0, 0.0)	(11.0, 0.0)	(12.0, 7.239284411214521e-05)	(13.0, 7.239284411214521e-05)	(14.0, 0.0)	(15.0, 0.0)	(16.0, 7.239284411214521e-05)	(17.0, 0.00028957137644858083)	(18.0, 0.00043435706467287124)	(19.0, 0.0005791427528971617)	(20.0, 0.0006515355970093069)	(21.0, 0.0005067499087850164)	(22.0, 0.0007963212852335973)	(23.0, 0.0011582855057943233)	(24.0, 0.001013499817570033)	(25.0, 0.001737428258691485)	(26.0, 0.0026061423880372274)	(27.0, 0.0018822139469157754)	(28.0, 0.0018822139469157754)	(29.0, 0.002171785323364356)	(30.0, 0.0022441781674765013)	(31.0, 0.002533749543925082)	(32.0, 0.0028957137644858083)	(33.0, 0.003547249361495115)	(34.0, 0.0036196422056072606)	(35.0, 0.02816081635962448)	(36.0, 0.036196422056072604)	(37.0, 0.013247890472522573)	(38.0, 0.006442963125980922)	(39.0, 0.005501856152523035)	(40.0, 0.00846996276112099)	(41.0, 0.032070029941680324)	(42.0, 0.23918595694652775)	(43.0, 1.9470779352402574)	(44.0, 3.0984861208439267)	(45.0, 1.966841181682873)	(46.0, 0.8724061643954619)	(47.0, 1.856152523035403)	(48.0, 4.825127845762702)	(49.0, 4.912795579982509)	(50.0, 8.212750985990537)	(51.0, 11.60674469650024)	(52.0, 7.101882793089668)	(53.0, 5.285618727160058)	(54.0, 6.604978311103904)	(55.0, 9.252312227440942)	(56.0, 13.390070018358823)	(57.0, 10.394092164777696)	(58.0, 4.006871528763125)	(59.0, 1.4734115562144914)	(60.0, 0.6083894619184683)	(61.0, 0.8456932049180802)	(62.0, 0.9269903688560193)	(63.0, 0.35653475725231515)	(64.0, 0.038368207379436955)	(65.0, 0.002823320920373663)	(66.0, 0.0014478568822429041)	(67.0, 0.006442963125980922)	(68.0, 0.005646641840747326)	(69.0, 0.0)	(70.0, 0.0)	(71.0, 0.0)	(72.0, 0.0)	(73.0, 0.0)	(74.0, 0.0)	(75.0, 0.0)	(76.0, 0.0)	(77.0, 0.0)	(78.0, 0.0)	(79.0, 0.0)	(80.0, 0.0)	(81.0, 0.0)	(82.0, 0.0)	(83.0, 0.0)	(84.0, 0.0)	(85.0, 0.0)	(86.0, 0.0)	(87.0, 0.0)	(88.0, 0.0)	(89.0, 0.0)	(90.0, 0.0)	(91.0, 0.0)	(92.0, 0.0)	(93.0, 0.0)	(94.0, 0.0)	(95.0, 0.0)	(96.0, 0.0)	(97.0, 0.0)	(98.0, 0.0)	(99.0, 0.0)	(100.0, 0.0)
