Sample	0	1	2	3	4	5	6	7	8	9	10	11	12	13	14	15	16	17	18	19	20	21	22	23	24	25	26	27	28
SRR926448	(15.0, 1.0)	(16.0, 2.0)	(17.0, 14.0)	(18.0, 27.0)	(19.0, 55.0)	(20.0, 95.0)	(21.0, 133.0)	(22.0, 215.0)	(23.0, 352.0)	(24.0, 602.0)	(25.0, 1036.0)	(26.0, 1767.0)	(27.0, 2805.0)	(28.0, 4057.0)	(29.0, 4870.0)	(30.0, 5168.0)	(31.0, 4796.0)	(32.0, 4030.0)	(33.0, 3435.0)	(34.0, 2676.0)	(35.0, 1950.0)	(36.0, 1266.0)	(37.0, 682.0)	(38.0, 267.0)	(39.0, 106.0)	(40.0, 4.0)			
SRR926449	(14.0, 1.0)	(15.0, 2.0)	(16.0, 11.0)	(17.0, 16.0)	(18.0, 43.0)	(19.0, 61.0)	(20.0, 107.0)	(21.0, 152.0)	(22.0, 205.0)	(23.0, 375.0)	(24.0, 670.0)	(25.0, 1152.0)	(26.0, 1910.0)	(27.0, 3269.0)	(28.0, 4695.0)	(29.0, 6312.0)	(30.0, 6752.0)	(31.0, 6443.0)	(32.0, 5977.0)	(33.0, 5340.0)	(34.0, 4198.0)	(35.0, 3227.0)	(36.0, 2085.0)	(37.0, 1114.0)	(38.0, 488.0)	(39.0, 121.0)	(40.0, 5.0)		
SRR926450	(14.0, 1.0)	(15.0, 0.0)	(16.0, 3.0)	(17.0, 14.0)	(18.0, 43.0)	(19.0, 57.0)	(20.0, 71.0)	(21.0, 112.0)	(22.0, 206.0)	(23.0, 296.0)	(24.0, 537.0)	(25.0, 909.0)	(26.0, 1574.0)	(27.0, 2711.0)	(28.0, 3679.0)	(29.0, 4533.0)	(30.0, 4698.0)	(31.0, 4364.0)	(32.0, 3791.0)	(33.0, 3203.0)	(34.0, 2566.0)	(35.0, 1954.0)	(36.0, 1306.0)	(37.0, 744.0)	(38.0, 340.0)	(39.0, 116.0)	(40.0, 5.0)		
SRR926451	(15.0, 4.0)	(16.0, 9.0)	(17.0, 26.0)	(18.0, 30.0)	(19.0, 72.0)	(20.0, 79.0)	(21.0, 166.0)	(22.0, 224.0)	(23.0, 425.0)	(24.0, 707.0)	(25.0, 1216.0)	(26.0, 2150.0)	(27.0, 3429.0)	(28.0, 5160.0)	(29.0, 6492.0)	(30.0, 7026.0)	(31.0, 6791.0)	(32.0, 6177.0)	(33.0, 5613.0)	(34.0, 4595.0)	(35.0, 3445.0)	(36.0, 2359.0)	(37.0, 1251.0)	(38.0, 511.0)	(39.0, 180.0)	(40.0, 5.0)			
SRR926452	(14.0, 1.0)	(15.0, 0.0)	(16.0, 10.0)	(17.0, 18.0)	(18.0, 54.0)	(19.0, 67.0)	(20.0, 160.0)	(21.0, 240.0)	(22.0, 406.0)	(23.0, 652.0)	(24.0, 1111.0)	(25.0, 1869.0)	(26.0, 3049.0)	(27.0, 4550.0)	(28.0, 5747.0)	(29.0, 7062.0)	(30.0, 7301.0)	(31.0, 7076.0)	(32.0, 6598.0)	(33.0, 6228.0)	(34.0, 5213.0)	(35.0, 4217.0)	(36.0, 3059.0)	(37.0, 2065.0)	(38.0, 1124.0)	(39.0, 524.0)	(40.0, 21.0)		
SRR926453	(16.0, 8.0)	(17.0, 21.0)	(18.0, 48.0)	(19.0, 90.0)	(20.0, 117.0)	(21.0, 209.0)	(22.0, 320.0)	(23.0, 480.0)	(24.0, 846.0)	(25.0, 1567.0)	(26.0, 2657.0)	(27.0, 4282.0)	(28.0, 6114.0)	(29.0, 7658.0)	(30.0, 8195.0)	(31.0, 7672.0)	(32.0, 6887.0)	(33.0, 5945.0)	(34.0, 4798.0)	(35.0, 3507.0)	(36.0, 2231.0)	(37.0, 1122.0)	(38.0, 390.0)	(39.0, 125.0)	(40.0, 4.0)				
SRR926454	(15.0, 2.0)	(16.0, 13.0)	(17.0, 19.0)	(18.0, 56.0)	(19.0, 97.0)	(20.0, 160.0)	(21.0, 264.0)	(22.0, 441.0)	(23.0, 761.0)	(24.0, 1345.0)	(25.0, 2222.0)	(26.0, 3730.0)	(27.0, 5284.0)	(28.0, 6446.0)	(29.0, 6620.0)	(30.0, 5950.0)	(31.0, 4672.0)	(32.0, 3318.0)	(33.0, 2275.0)	(34.0, 1461.0)	(35.0, 921.0)	(36.0, 533.0)	(37.0, 252.0)	(38.0, 111.0)	(39.0, 58.0)	(40.0, 5.0)			
SRR926455	(14.0, 1.0)	(15.0, 3.0)	(16.0, 17.0)	(17.0, 28.0)	(18.0, 44.0)	(19.0, 76.0)	(20.0, 111.0)	(21.0, 165.0)	(22.0, 269.0)	(23.0, 510.0)	(24.0, 862.0)	(25.0, 1492.0)	(26.0, 2514.0)	(27.0, 4038.0)	(28.0, 5951.0)	(29.0, 7310.0)	(30.0, 7742.0)	(31.0, 7128.0)	(32.0, 6033.0)	(33.0, 4910.0)	(34.0, 3882.0)	(35.0, 2812.0)	(36.0, 1800.0)	(37.0, 909.0)	(38.0, 360.0)	(39.0, 156.0)	(40.0, 6.0)		
SRR926456	(15.0, 3.0)	(16.0, 11.0)	(17.0, 29.0)	(18.0, 52.0)	(19.0, 80.0)	(20.0, 108.0)	(21.0, 200.0)	(22.0, 340.0)	(23.0, 535.0)	(24.0, 930.0)	(25.0, 1615.0)	(26.0, 2572.0)	(27.0, 3933.0)	(28.0, 5849.0)	(29.0, 7158.0)	(30.0, 7368.0)	(31.0, 6662.0)	(32.0, 5731.0)	(33.0, 4974.0)	(34.0, 3722.0)	(35.0, 2805.0)	(36.0, 1765.0)	(37.0, 952.0)	(38.0, 407.0)	(39.0, 131.0)	(40.0, 4.0)			
SRR926457	(14.0, 2.0)	(15.0, 4.0)	(16.0, 12.0)	(17.0, 22.0)	(18.0, 43.0)	(19.0, 77.0)	(20.0, 104.0)	(21.0, 203.0)	(22.0, 307.0)	(23.0, 470.0)	(24.0, 894.0)	(25.0, 1520.0)	(26.0, 2606.0)	(27.0, 4118.0)	(28.0, 5947.0)	(29.0, 7063.0)	(30.0, 7366.0)	(31.0, 6870.0)	(32.0, 6041.0)	(33.0, 5138.0)	(34.0, 4205.0)	(35.0, 2997.0)	(36.0, 1947.0)	(37.0, 1011.0)	(38.0, 425.0)	(39.0, 158.0)	(40.0, 14.0)		
SRR926458	(14.0, 1.0)	(15.0, 10.0)	(16.0, 7.0)	(17.0, 37.0)	(18.0, 57.0)	(19.0, 96.0)	(20.0, 144.0)	(21.0, 266.0)	(22.0, 491.0)	(23.0, 825.0)	(24.0, 1342.0)	(25.0, 2323.0)	(26.0, 3718.0)	(27.0, 5484.0)	(28.0, 6632.0)	(29.0, 6951.0)	(30.0, 6441.0)	(31.0, 5174.0)	(32.0, 3944.0)	(33.0, 2784.0)	(34.0, 1949.0)	(35.0, 1297.0)	(36.0, 794.0)	(37.0, 507.0)	(38.0, 288.0)	(39.0, 96.0)	(40.0, 2.0)		
SRR926459	(15.0, 1.0)	(16.0, 5.0)	(17.0, 7.0)	(18.0, 11.0)	(19.0, 29.0)	(20.0, 51.0)	(21.0, 82.0)	(22.0, 134.0)	(23.0, 227.0)	(24.0, 370.0)	(25.0, 645.0)	(26.0, 1169.0)	(27.0, 1857.0)	(28.0, 2644.0)	(29.0, 3093.0)	(30.0, 3007.0)	(31.0, 2495.0)	(32.0, 2136.0)	(33.0, 1710.0)	(34.0, 1317.0)	(35.0, 950.0)	(36.0, 601.0)	(37.0, 363.0)	(38.0, 171.0)	(39.0, 57.0)	(40.0, 2.0)			
SRR926460	(12.0, 1.0)	(13.0, 0.0)	(14.0, 0.0)	(15.0, 9.0)	(16.0, 18.0)	(17.0, 67.0)	(18.0, 107.0)	(19.0, 218.0)	(20.0, 339.0)	(21.0, 534.0)	(22.0, 906.0)	(23.0, 1545.0)	(24.0, 2627.0)	(25.0, 4616.0)	(26.0, 7506.0)	(27.0, 11657.0)	(28.0, 15311.0)	(29.0, 17384.0)	(30.0, 16237.0)	(31.0, 13635.0)	(32.0, 11289.0)	(33.0, 8873.0)	(34.0, 6400.0)	(35.0, 4240.0)	(36.0, 2611.0)	(37.0, 1298.0)	(38.0, 571.0)	(39.0, 293.0)	(40.0, 3.0)
SRR926461	(15.0, 4.0)	(16.0, 10.0)	(17.0, 34.0)	(18.0, 68.0)	(19.0, 112.0)	(20.0, 176.0)	(21.0, 307.0)	(22.0, 562.0)	(23.0, 952.0)	(24.0, 1601.0)	(25.0, 2735.0)	(26.0, 4002.0)	(27.0, 5494.0)	(28.0, 6145.0)	(29.0, 5772.0)	(30.0, 4704.0)	(31.0, 3615.0)	(32.0, 2588.0)	(33.0, 1739.0)	(34.0, 1081.0)	(35.0, 731.0)	(36.0, 424.0)	(37.0, 211.0)	(38.0, 81.0)	(39.0, 43.0)	(40.0, 3.0)			
SRR926462	(14.0, 4.0)	(15.0, 13.0)	(16.0, 22.0)	(17.0, 33.0)	(18.0, 64.0)	(19.0, 116.0)	(20.0, 168.0)	(21.0, 277.0)	(22.0, 461.0)	(23.0, 797.0)	(24.0, 1328.0)	(25.0, 2351.0)	(26.0, 3854.0)	(27.0, 6216.0)	(28.0, 8622.0)	(29.0, 9725.0)	(30.0, 9615.0)	(31.0, 8153.0)	(32.0, 6948.0)	(33.0, 5686.0)	(34.0, 4246.0)	(35.0, 3106.0)	(36.0, 2022.0)	(37.0, 1167.0)	(38.0, 546.0)	(39.0, 198.0)	(40.0, 7.0)		
SRR926463	(15.0, 3.0)	(16.0, 13.0)	(17.0, 27.0)	(18.0, 49.0)	(19.0, 88.0)	(20.0, 148.0)	(21.0, 267.0)	(22.0, 405.0)	(23.0, 738.0)	(24.0, 1194.0)	(25.0, 2033.0)	(26.0, 3435.0)	(27.0, 5350.0)	(28.0, 7216.0)	(29.0, 8248.0)	(30.0, 7819.0)	(31.0, 6581.0)	(32.0, 5063.0)	(33.0, 3993.0)	(34.0, 2863.0)	(35.0, 2057.0)	(36.0, 1253.0)	(37.0, 625.0)	(38.0, 285.0)	(39.0, 118.0)	(40.0, 10.0)			
SRR926464	(15.0, 3.0)	(16.0, 16.0)	(17.0, 39.0)	(18.0, 78.0)	(19.0, 127.0)	(20.0, 243.0)	(21.0, 337.0)	(22.0, 574.0)	(23.0, 1080.0)	(24.0, 1798.0)	(25.0, 3025.0)	(26.0, 5121.0)	(27.0, 7730.0)	(28.0, 10596.0)	(29.0, 11686.0)	(30.0, 11460.0)	(31.0, 9877.0)	(32.0, 8012.0)	(33.0, 6598.0)	(34.0, 4982.0)	(35.0, 3542.0)	(36.0, 2214.0)	(37.0, 1135.0)	(38.0, 516.0)	(39.0, 120.0)	(40.0, 2.0)			
SRR926465	(14.0, 1.0)	(15.0, 2.0)	(16.0, 6.0)	(17.0, 41.0)	(18.0, 70.0)	(19.0, 113.0)	(20.0, 225.0)	(21.0, 330.0)	(22.0, 590.0)	(23.0, 1096.0)	(24.0, 1875.0)	(25.0, 3107.0)	(26.0, 4753.0)	(27.0, 6758.0)	(28.0, 8534.0)	(29.0, 9343.0)	(30.0, 8489.0)	(31.0, 7099.0)	(32.0, 5683.0)	(33.0, 4550.0)	(34.0, 3308.0)	(35.0, 2381.0)	(36.0, 1636.0)	(37.0, 891.0)	(38.0, 410.0)	(39.0, 108.0)	(40.0, 1.0)		
SRR926466	(14.0, 1.0)	(15.0, 5.0)	(16.0, 10.0)	(17.0, 25.0)	(18.0, 54.0)	(19.0, 94.0)	(20.0, 143.0)	(21.0, 225.0)	(22.0, 441.0)	(23.0, 742.0)	(24.0, 1302.0)	(25.0, 2141.0)	(26.0, 3230.0)	(27.0, 4490.0)	(28.0, 4954.0)	(29.0, 4760.0)	(30.0, 3933.0)	(31.0, 3122.0)	(32.0, 2293.0)	(33.0, 1671.0)	(34.0, 1203.0)	(35.0, 792.0)	(36.0, 493.0)	(37.0, 287.0)	(38.0, 132.0)	(39.0, 62.0)	(40.0, 5.0)		
SRR926467	(17.0, 2.0)	(18.0, 13.0)	(19.0, 24.0)	(20.0, 53.0)	(21.0, 64.0)	(22.0, 72.0)	(23.0, 163.0)	(24.0, 228.0)	(25.0, 427.0)	(26.0, 716.0)	(27.0, 1042.0)	(28.0, 1457.0)	(29.0, 1733.0)	(30.0, 1646.0)	(31.0, 1392.0)	(32.0, 1159.0)	(33.0, 946.0)	(34.0, 777.0)	(35.0, 535.0)	(36.0, 405.0)	(37.0, 240.0)	(38.0, 162.0)	(39.0, 65.0)	(40.0, 4.0)					
SRR926468	(15.0, 1.0)	(16.0, 5.0)	(17.0, 9.0)	(18.0, 11.0)	(19.0, 35.0)	(20.0, 55.0)	(21.0, 84.0)	(22.0, 132.0)	(23.0, 249.0)	(24.0, 408.0)	(25.0, 674.0)	(26.0, 1202.0)	(27.0, 1844.0)	(28.0, 2566.0)	(29.0, 3167.0)	(30.0, 3003.0)	(31.0, 2732.0)	(32.0, 2282.0)	(33.0, 1993.0)	(34.0, 1624.0)	(35.0, 1289.0)	(36.0, 914.0)	(37.0, 587.0)	(38.0, 358.0)	(39.0, 265.0)	(40.0, 217.0)			
SRR926469	(15.0, 1.0)	(16.0, 7.0)	(17.0, 15.0)	(18.0, 21.0)	(19.0, 44.0)	(20.0, 74.0)	(21.0, 116.0)	(22.0, 200.0)	(23.0, 354.0)	(24.0, 630.0)	(25.0, 961.0)	(26.0, 1680.0)	(27.0, 2658.0)	(28.0, 3754.0)	(29.0, 4272.0)	(30.0, 4194.0)	(31.0, 3747.0)	(32.0, 3295.0)	(33.0, 2909.0)	(34.0, 2364.0)	(35.0, 1849.0)	(36.0, 1316.0)	(37.0, 771.0)	(38.0, 329.0)	(39.0, 94.0)	(40.0, 4.0)			
SRR926470	(14.0, 2.0)	(15.0, 3.0)	(16.0, 5.0)	(17.0, 14.0)	(18.0, 26.0)	(19.0, 41.0)	(20.0, 56.0)	(21.0, 76.0)	(22.0, 171.0)	(23.0, 250.0)	(24.0, 360.0)	(25.0, 694.0)	(26.0, 1202.0)	(27.0, 1808.0)	(28.0, 2570.0)	(29.0, 3284.0)	(30.0, 3476.0)	(31.0, 2999.0)	(32.0, 2333.0)	(33.0, 1808.0)	(34.0, 1427.0)	(35.0, 1101.0)	(36.0, 723.0)	(37.0, 469.0)	(38.0, 277.0)	(39.0, 71.0)	(40.0, 4.0)		
SRR926471	(14.0, 1.0)	(15.0, 6.0)	(16.0, 25.0)	(17.0, 53.0)	(18.0, 112.0)	(19.0, 183.0)	(20.0, 293.0)	(21.0, 485.0)	(22.0, 790.0)	(23.0, 1254.0)	(24.0, 2145.0)	(25.0, 3655.0)	(26.0, 5801.0)	(27.0, 8844.0)	(28.0, 12071.0)	(29.0, 14458.0)	(30.0, 14653.0)	(31.0, 13170.0)	(32.0, 11198.0)	(33.0, 9828.0)	(34.0, 8196.0)	(35.0, 6642.0)	(36.0, 5017.0)	(37.0, 3505.0)	(38.0, 1767.0)	(39.0, 323.0)	(40.0, 8.0)		
SRR926472	(15.0, 4.0)	(16.0, 10.0)	(17.0, 30.0)	(18.0, 48.0)	(19.0, 70.0)	(20.0, 119.0)	(21.0, 213.0)	(22.0, 354.0)	(23.0, 630.0)	(24.0, 1021.0)	(25.0, 1614.0)	(26.0, 2653.0)	(27.0, 3864.0)	(28.0, 5386.0)	(29.0, 6343.0)	(30.0, 6247.0)	(31.0, 5447.0)	(32.0, 4468.0)	(33.0, 3767.0)	(34.0, 3116.0)	(35.0, 2466.0)	(36.0, 1825.0)	(37.0, 1216.0)	(38.0, 598.0)	(39.0, 135.0)	(40.0, 3.0)			
SRR926473	(15.0, 8.0)	(16.0, 25.0)	(17.0, 52.0)	(18.0, 79.0)	(19.0, 139.0)	(20.0, 256.0)	(21.0, 418.0)	(22.0, 664.0)	(23.0, 1233.0)	(24.0, 2015.0)	(25.0, 3334.0)	(26.0, 5358.0)	(27.0, 7680.0)	(28.0, 9602.0)	(29.0, 10021.0)	(30.0, 9537.0)	(31.0, 8075.0)	(32.0, 6810.0)	(33.0, 5604.0)	(34.0, 4597.0)	(35.0, 3506.0)	(36.0, 2443.0)	(37.0, 1306.0)	(38.0, 525.0)	(39.0, 156.0)	(40.0, 9.0)			
SRR926474	(15.0, 4.0)	(16.0, 13.0)	(17.0, 32.0)	(18.0, 56.0)	(19.0, 76.0)	(20.0, 137.0)	(21.0, 249.0)	(22.0, 416.0)	(23.0, 673.0)	(24.0, 1143.0)	(25.0, 1836.0)	(26.0, 3024.0)	(27.0, 4804.0)	(28.0, 6828.0)	(29.0, 8356.0)	(30.0, 8475.0)	(31.0, 7690.0)	(32.0, 6974.0)	(33.0, 6068.0)	(34.0, 5068.0)	(35.0, 4293.0)	(36.0, 3478.0)	(37.0, 2391.0)	(38.0, 1367.0)	(39.0, 352.0)	(40.0, 10.0)			
SRR926475	(15.0, 2.0)	(16.0, 13.0)	(17.0, 28.0)	(18.0, 53.0)	(19.0, 84.0)	(20.0, 127.0)	(21.0, 207.0)	(22.0, 344.0)	(23.0, 589.0)	(24.0, 979.0)	(25.0, 1544.0)	(26.0, 2606.0)	(27.0, 3968.0)	(28.0, 5741.0)	(29.0, 6946.0)	(30.0, 7196.0)	(31.0, 6498.0)	(32.0, 5814.0)	(33.0, 4908.0)	(34.0, 4267.0)	(35.0, 3649.0)	(36.0, 2729.0)	(37.0, 1807.0)	(38.0, 1023.0)	(39.0, 241.0)	(40.0, 6.0)			
SRR926476	(15.0, 1.0)	(16.0, 10.0)	(17.0, 36.0)	(18.0, 64.0)	(19.0, 102.0)	(20.0, 155.0)	(21.0, 314.0)	(22.0, 484.0)	(23.0, 780.0)	(24.0, 1285.0)	(25.0, 2082.0)	(26.0, 3463.0)	(27.0, 5299.0)	(28.0, 7574.0)	(29.0, 9358.0)	(30.0, 9598.0)	(31.0, 8542.0)	(32.0, 7315.0)	(33.0, 6016.0)	(34.0, 5168.0)	(35.0, 4025.0)	(36.0, 3016.0)	(37.0, 2162.0)	(38.0, 1240.0)	(39.0, 337.0)	(40.0, 4.0)			
SRR926477	(14.0, 1.0)	(15.0, 2.0)	(16.0, 7.0)	(17.0, 24.0)	(18.0, 51.0)	(19.0, 108.0)	(20.0, 149.0)	(21.0, 292.0)	(22.0, 453.0)	(23.0, 799.0)	(24.0, 1272.0)	(25.0, 2105.0)	(26.0, 3306.0)	(27.0, 4568.0)	(28.0, 5863.0)	(29.0, 6118.0)	(30.0, 5397.0)	(31.0, 4252.0)	(32.0, 3085.0)	(33.0, 2158.0)	(34.0, 1557.0)	(35.0, 1001.0)	(36.0, 620.0)	(37.0, 351.0)	(38.0, 154.0)	(39.0, 68.0)	(40.0, 11.0)		
SRR926478	(15.0, 3.0)	(16.0, 7.0)	(17.0, 16.0)	(18.0, 34.0)	(19.0, 67.0)	(20.0, 112.0)	(21.0, 194.0)	(22.0, 316.0)	(23.0, 519.0)	(24.0, 878.0)	(25.0, 1394.0)	(26.0, 2318.0)	(27.0, 3617.0)	(28.0, 4823.0)	(29.0, 5838.0)	(30.0, 6066.0)	(31.0, 5152.0)	(32.0, 3885.0)	(33.0, 2961.0)	(34.0, 2150.0)	(35.0, 1415.0)	(36.0, 948.0)	(37.0, 543.0)	(38.0, 265.0)	(39.0, 88.0)	(40.0, 4.0)			
SRR926479	(14.0, 1.0)	(15.0, 3.0)	(16.0, 11.0)	(17.0, 23.0)	(18.0, 35.0)	(19.0, 76.0)	(20.0, 124.0)	(21.0, 242.0)	(22.0, 421.0)	(23.0, 679.0)	(24.0, 1151.0)	(25.0, 1944.0)	(26.0, 2974.0)	(27.0, 4183.0)	(28.0, 5243.0)	(29.0, 5403.0)	(30.0, 4679.0)	(31.0, 3518.0)	(32.0, 2671.0)	(33.0, 1803.0)	(34.0, 1225.0)	(35.0, 866.0)	(36.0, 484.0)	(37.0, 257.0)	(38.0, 147.0)	(39.0, 51.0)	(40.0, 1.0)		
SRR926480	(14.0, 1.0)	(15.0, 1.0)	(16.0, 9.0)	(17.0, 17.0)	(18.0, 43.0)	(19.0, 91.0)	(20.0, 131.0)	(21.0, 221.0)	(22.0, 297.0)	(23.0, 557.0)	(24.0, 962.0)	(25.0, 1563.0)	(26.0, 2634.0)	(27.0, 4051.0)	(28.0, 5502.0)	(29.0, 6691.0)	(30.0, 6715.0)	(31.0, 5851.0)	(32.0, 4843.0)	(33.0, 3757.0)	(34.0, 2865.0)	(35.0, 1897.0)	(36.0, 1180.0)	(37.0, 665.0)	(38.0, 309.0)	(39.0, 76.0)	(40.0, 6.0)		
SRR926481	(16.0, 2.0)	(17.0, 5.0)	(18.0, 22.0)	(19.0, 54.0)	(20.0, 70.0)	(21.0, 150.0)	(22.0, 257.0)	(23.0, 388.0)	(24.0, 638.0)	(25.0, 1229.0)	(26.0, 2030.0)	(27.0, 3173.0)	(28.0, 4596.0)	(29.0, 5409.0)	(30.0, 5290.0)	(31.0, 4638.0)	(32.0, 3321.0)	(33.0, 2523.0)	(34.0, 1773.0)	(35.0, 1210.0)	(36.0, 795.0)	(37.0, 477.0)	(38.0, 222.0)	(39.0, 95.0)	(40.0, 1.0)				
SRR926482	(15.0, 3.0)	(16.0, 16.0)	(17.0, 20.0)	(18.0, 62.0)	(19.0, 102.0)	(20.0, 157.0)	(21.0, 249.0)	(22.0, 464.0)	(23.0, 791.0)	(24.0, 1377.0)	(25.0, 2282.0)	(26.0, 3996.0)	(27.0, 6397.0)	(28.0, 9381.0)	(29.0, 11415.0)	(30.0, 11608.0)	(31.0, 9541.0)	(32.0, 7202.0)	(33.0, 5122.0)	(34.0, 3635.0)	(35.0, 2391.0)	(36.0, 1556.0)	(37.0, 824.0)	(38.0, 385.0)	(39.0, 139.0)	(40.0, 5.0)			
SRR926483	(15.0, 1.0)	(16.0, 7.0)	(17.0, 13.0)	(18.0, 36.0)	(19.0, 49.0)	(20.0, 101.0)	(21.0, 160.0)	(22.0, 282.0)	(23.0, 442.0)	(24.0, 793.0)	(25.0, 1353.0)	(26.0, 2091.0)	(27.0, 2969.0)	(28.0, 3803.0)	(29.0, 3844.0)	(30.0, 3383.0)	(31.0, 2536.0)	(32.0, 1859.0)	(33.0, 1225.0)	(34.0, 910.0)	(35.0, 577.0)	(36.0, 363.0)	(37.0, 195.0)	(38.0, 97.0)	(39.0, 56.0)	(40.0, 2.0)			
SRR926484	(15.0, 2.0)	(16.0, 9.0)	(17.0, 19.0)	(18.0, 43.0)	(19.0, 68.0)	(20.0, 153.0)	(21.0, 183.0)	(22.0, 352.0)	(23.0, 610.0)	(24.0, 923.0)	(25.0, 1638.0)	(26.0, 2867.0)	(27.0, 4831.0)	(28.0, 6871.0)	(29.0, 8789.0)	(30.0, 9164.0)	(31.0, 7948.0)	(32.0, 6184.0)	(33.0, 4734.0)	(34.0, 3508.0)	(35.0, 2421.0)	(36.0, 1508.0)	(37.0, 875.0)	(38.0, 459.0)	(39.0, 158.0)	(40.0, 7.0)			
SRR926485	(15.0, 4.0)	(16.0, 15.0)	(17.0, 12.0)	(18.0, 44.0)	(19.0, 55.0)	(20.0, 101.0)	(21.0, 165.0)	(22.0, 296.0)	(23.0, 532.0)	(24.0, 968.0)	(25.0, 1648.0)	(26.0, 2735.0)	(27.0, 4582.0)	(28.0, 6767.0)	(29.0, 8310.0)	(30.0, 8842.0)	(31.0, 7673.0)	(32.0, 5806.0)	(33.0, 4222.0)	(34.0, 3043.0)	(35.0, 2040.0)	(36.0, 1310.0)	(37.0, 723.0)	(38.0, 386.0)	(39.0, 182.0)	(40.0, 1.0)			
SRR926486	(14.0, 2.0)	(15.0, 9.0)	(16.0, 15.0)	(17.0, 36.0)	(18.0, 61.0)	(19.0, 105.0)	(20.0, 199.0)	(21.0, 339.0)	(22.0, 550.0)	(23.0, 955.0)	(24.0, 1673.0)	(25.0, 3044.0)	(26.0, 4698.0)	(27.0, 6792.0)	(28.0, 8543.0)	(29.0, 8699.0)	(30.0, 7259.0)	(31.0, 5134.0)	(32.0, 3439.0)	(33.0, 2285.0)	(34.0, 1367.0)	(35.0, 825.0)	(36.0, 471.0)	(37.0, 286.0)	(38.0, 144.0)	(39.0, 70.0)	(40.0, 5.0)		
SRR926487	(15.0, 5.0)	(16.0, 8.0)	(17.0, 24.0)	(18.0, 48.0)	(19.0, 88.0)	(20.0, 106.0)	(21.0, 174.0)	(22.0, 313.0)	(23.0, 575.0)	(24.0, 976.0)	(25.0, 1632.0)	(26.0, 2650.0)	(27.0, 4393.0)	(28.0, 6298.0)	(29.0, 7919.0)	(30.0, 8112.0)	(31.0, 6682.0)	(32.0, 5014.0)	(33.0, 3406.0)	(34.0, 2288.0)	(35.0, 1496.0)	(36.0, 936.0)	(37.0, 574.0)	(38.0, 343.0)	(39.0, 193.0)	(40.0, 11.0)			
SRR926488	(14.0, 1.0)	(15.0, 2.0)	(16.0, 8.0)	(17.0, 16.0)	(18.0, 50.0)	(19.0, 79.0)	(20.0, 147.0)	(21.0, 228.0)	(22.0, 376.0)	(23.0, 629.0)	(24.0, 1109.0)	(25.0, 1895.0)	(26.0, 3063.0)	(27.0, 4997.0)	(28.0, 7242.0)	(29.0, 9308.0)	(30.0, 9522.0)	(31.0, 7953.0)	(32.0, 5798.0)	(33.0, 4139.0)	(34.0, 2915.0)	(35.0, 1851.0)	(36.0, 1088.0)	(37.0, 690.0)	(38.0, 322.0)	(39.0, 154.0)	(40.0, 5.0)		
SRR926489	(14.0, 2.0)	(15.0, 8.0)	(16.0, 4.0)	(17.0, 32.0)	(18.0, 48.0)	(19.0, 73.0)	(20.0, 133.0)	(21.0, 230.0)	(22.0, 375.0)	(23.0, 637.0)	(24.0, 1149.0)	(25.0, 2013.0)	(26.0, 3440.0)	(27.0, 5337.0)	(28.0, 7897.0)	(29.0, 9507.0)	(30.0, 9576.0)	(31.0, 7920.0)	(32.0, 5884.0)	(33.0, 4280.0)	(34.0, 2936.0)	(35.0, 1995.0)	(36.0, 1283.0)	(37.0, 749.0)	(38.0, 383.0)	(39.0, 180.0)	(40.0, 13.0)		
SRR926490	(15.0, 5.0)	(16.0, 16.0)	(17.0, 43.0)	(18.0, 56.0)	(19.0, 116.0)	(20.0, 172.0)	(21.0, 281.0)	(22.0, 544.0)	(23.0, 875.0)	(24.0, 1574.0)	(25.0, 2659.0)	(26.0, 4329.0)	(27.0, 6499.0)	(28.0, 8115.0)	(29.0, 8429.0)	(30.0, 7319.0)	(31.0, 5656.0)	(32.0, 3888.0)	(33.0, 2596.0)	(34.0, 1741.0)	(35.0, 1086.0)	(36.0, 685.0)	(37.0, 403.0)	(38.0, 201.0)	(39.0, 86.0)	(40.0, 2.0)			
SRR926491	(15.0, 6.0)	(16.0, 8.0)	(17.0, 20.0)	(18.0, 54.0)	(19.0, 92.0)	(20.0, 161.0)	(21.0, 270.0)	(22.0, 454.0)	(23.0, 758.0)	(24.0, 1294.0)	(25.0, 2232.0)	(26.0, 3774.0)	(27.0, 6106.0)	(28.0, 8664.0)	(29.0, 10559.0)	(30.0, 10587.0)	(31.0, 8883.0)	(32.0, 6787.0)	(33.0, 4945.0)	(34.0, 3435.0)	(35.0, 2324.0)	(36.0, 1469.0)	(37.0, 823.0)	(38.0, 412.0)	(39.0, 165.0)	(40.0, 13.0)			
SRR926492	(21.0, 3.0)	(22.0, 11.0)	(23.0, 18.0)	(24.0, 40.0)	(25.0, 62.0)	(26.0, 113.0)	(27.0, 211.0)	(28.0, 350.0)	(29.0, 597.0)	(30.0, 1059.0)	(31.0, 1379.0)	(32.0, 1442.0)	(33.0, 1195.0)	(34.0, 772.0)	(35.0, 371.0)	(36.0, 139.0)	(37.0, 61.0)	(38.0, 7.0)	(39.0, 3.0)										
SRR926493	(21.0, 4.0)	(22.0, 7.0)	(23.0, 17.0)	(24.0, 27.0)	(25.0, 67.0)	(26.0, 125.0)	(27.0, 243.0)	(28.0, 422.0)	(29.0, 728.0)	(30.0, 1195.0)	(31.0, 1610.0)	(32.0, 1688.0)	(33.0, 1386.0)	(34.0, 772.0)	(35.0, 360.0)	(36.0, 138.0)	(37.0, 58.0)	(38.0, 11.0)											
SRR926494	(20.0, 2.0)	(21.0, 8.0)	(22.0, 7.0)	(23.0, 16.0)	(24.0, 61.0)	(25.0, 91.0)	(26.0, 163.0)	(27.0, 316.0)	(28.0, 533.0)	(29.0, 859.0)	(30.0, 1418.0)	(31.0, 1932.0)	(32.0, 1971.0)	(33.0, 1445.0)	(34.0, 808.0)	(35.0, 303.0)	(36.0, 114.0)	(37.0, 27.0)	(38.0, 5.0)										
SRR926495	(18.0, 1.0)	(19.0, 1.0)	(20.0, 0.0)	(21.0, 2.0)	(22.0, 9.0)	(23.0, 18.0)	(24.0, 23.0)	(25.0, 68.0)	(26.0, 99.0)	(27.0, 169.0)	(28.0, 333.0)	(29.0, 575.0)	(30.0, 992.0)	(31.0, 1293.0)	(32.0, 1289.0)	(33.0, 908.0)	(34.0, 521.0)	(35.0, 228.0)	(36.0, 112.0)	(37.0, 37.0)	(38.0, 15.0)	(39.0, 2.0)							
SRR926496	(20.0, 3.0)	(21.0, 1.0)	(22.0, 12.0)	(23.0, 17.0)	(24.0, 43.0)	(25.0, 72.0)	(26.0, 141.0)	(27.0, 258.0)	(28.0, 378.0)	(29.0, 711.0)	(30.0, 1196.0)	(31.0, 1674.0)	(32.0, 1598.0)	(33.0, 1155.0)	(34.0, 695.0)	(35.0, 332.0)	(36.0, 122.0)	(37.0, 30.0)	(38.0, 14.0)	(39.0, 1.0)									
SRR926497	(19.0, 1.0)	(20.0, 1.0)	(21.0, 4.0)	(22.0, 4.0)	(23.0, 21.0)	(24.0, 40.0)	(25.0, 65.0)	(26.0, 138.0)	(27.0, 227.0)	(28.0, 396.0)	(29.0, 670.0)	(30.0, 1064.0)	(31.0, 1509.0)	(32.0, 1579.0)	(33.0, 1245.0)	(34.0, 671.0)	(35.0, 336.0)	(36.0, 150.0)	(37.0, 66.0)	(38.0, 19.0)									
SRR926498	(21.0, 1.0)	(22.0, 6.0)	(23.0, 13.0)	(24.0, 26.0)	(25.0, 55.0)	(26.0, 90.0)	(27.0, 163.0)	(28.0, 227.0)	(29.0, 376.0)	(30.0, 633.0)	(31.0, 1026.0)	(32.0, 1573.0)	(33.0, 2163.0)	(34.0, 1941.0)	(35.0, 988.0)	(36.0, 476.0)	(37.0, 228.0)	(38.0, 19.0)	(39.0, 3.0)										
SRR926499	(19.0, 1.0)	(20.0, 1.0)	(21.0, 4.0)	(22.0, 7.0)	(23.0, 17.0)	(24.0, 65.0)	(25.0, 99.0)	(26.0, 212.0)	(27.0, 309.0)	(28.0, 601.0)	(29.0, 973.0)	(30.0, 1543.0)	(31.0, 2139.0)	(32.0, 2045.0)	(33.0, 1533.0)	(34.0, 857.0)	(35.0, 407.0)	(36.0, 190.0)	(37.0, 67.0)	(38.0, 27.0)	(39.0, 4.0)								
SRR926500	(18.0, 1.0)	(19.0, 1.0)	(20.0, 2.0)	(21.0, 8.0)	(22.0, 15.0)	(23.0, 29.0)	(24.0, 49.0)	(25.0, 103.0)	(26.0, 151.0)	(27.0, 308.0)	(28.0, 523.0)	(29.0, 909.0)	(30.0, 1439.0)	(31.0, 1978.0)	(32.0, 1857.0)	(33.0, 1387.0)	(34.0, 776.0)	(35.0, 361.0)	(36.0, 146.0)	(37.0, 38.0)	(38.0, 17.0)	(39.0, 1.0)							
SRR926501	(20.0, 2.0)	(21.0, 2.0)	(22.0, 14.0)	(23.0, 29.0)	(24.0, 61.0)	(25.0, 98.0)	(26.0, 186.0)	(27.0, 305.0)	(28.0, 498.0)	(29.0, 942.0)	(30.0, 1518.0)	(31.0, 2088.0)	(32.0, 1953.0)	(33.0, 1440.0)	(34.0, 750.0)	(35.0, 314.0)	(36.0, 115.0)	(37.0, 20.0)	(38.0, 1.0)										
SRR926502	(21.0, 5.0)	(22.0, 9.0)	(23.0, 11.0)	(24.0, 33.0)	(25.0, 73.0)	(26.0, 131.0)	(27.0, 185.0)	(28.0, 357.0)	(29.0, 557.0)	(30.0, 1076.0)	(31.0, 1677.0)	(32.0, 2400.0)	(33.0, 2607.0)	(34.0, 2210.0)	(35.0, 1255.0)	(36.0, 517.0)	(37.0, 134.0)	(38.0, 13.0)	(39.0, 1.0)										
SRR926503	(20.0, 2.0)	(21.0, 4.0)	(22.0, 9.0)	(23.0, 14.0)	(24.0, 45.0)	(25.0, 56.0)	(26.0, 115.0)	(27.0, 187.0)	(28.0, 340.0)	(29.0, 535.0)	(30.0, 957.0)	(31.0, 1273.0)	(32.0, 1367.0)	(33.0, 968.0)	(34.0, 507.0)	(35.0, 228.0)	(36.0, 105.0)	(37.0, 29.0)	(38.0, 17.0)										
SRR926504	(19.0, 2.0)	(20.0, 1.0)	(21.0, 5.0)	(22.0, 14.0)	(23.0, 41.0)	(24.0, 80.0)	(25.0, 166.0)	(26.0, 278.0)	(27.0, 460.0)	(28.0, 773.0)	(29.0, 1388.0)	(30.0, 2280.0)	(31.0, 2953.0)	(32.0, 3093.0)	(33.0, 2307.0)	(34.0, 1204.0)	(35.0, 476.0)	(36.0, 169.0)	(37.0, 44.0)	(38.0, 9.0)									
SRR926505	(20.0, 1.0)	(21.0, 3.0)	(22.0, 12.0)	(23.0, 18.0)	(24.0, 48.0)	(25.0, 102.0)	(26.0, 130.0)	(27.0, 249.0)	(28.0, 416.0)	(29.0, 776.0)	(30.0, 1208.0)	(31.0, 1672.0)	(32.0, 1658.0)	(33.0, 1311.0)	(34.0, 761.0)	(35.0, 338.0)	(36.0, 130.0)	(37.0, 44.0)	(38.0, 8.0)										
SRR926506	(21.0, 1.0)	(22.0, 5.0)	(23.0, 18.0)	(24.0, 28.0)	(25.0, 77.0)	(26.0, 89.0)	(27.0, 179.0)	(28.0, 285.0)	(29.0, 474.0)	(30.0, 863.0)	(31.0, 1462.0)	(32.0, 2046.0)	(33.0, 2263.0)	(34.0, 1796.0)	(35.0, 1042.0)	(36.0, 489.0)	(37.0, 148.0)	(38.0, 16.0)											
SRR926507	(20.0, 2.0)	(21.0, 4.0)	(22.0, 11.0)	(23.0, 25.0)	(24.0, 55.0)	(25.0, 103.0)	(26.0, 184.0)	(27.0, 310.0)	(28.0, 542.0)	(29.0, 986.0)	(30.0, 1619.0)	(31.0, 2155.0)	(32.0, 2219.0)	(33.0, 1717.0)	(34.0, 949.0)	(35.0, 441.0)	(36.0, 189.0)	(37.0, 80.0)	(38.0, 29.0)	(39.0, 2.0)									
SRR926508	(20.0, 3.0)	(21.0, 4.0)	(22.0, 13.0)	(23.0, 35.0)	(24.0, 63.0)	(25.0, 107.0)	(26.0, 216.0)	(27.0, 328.0)	(28.0, 641.0)	(29.0, 1053.0)	(30.0, 1712.0)	(31.0, 2313.0)	(32.0, 2425.0)	(33.0, 1726.0)	(34.0, 993.0)	(35.0, 412.0)	(36.0, 172.0)	(37.0, 43.0)	(38.0, 10.0)	(39.0, 1.0)									
SRR926509	(18.0, 1.0)	(19.0, 2.0)	(20.0, 3.0)	(21.0, 8.0)	(22.0, 10.0)	(23.0, 28.0)	(24.0, 58.0)	(25.0, 104.0)	(26.0, 193.0)	(27.0, 304.0)	(28.0, 593.0)	(29.0, 974.0)	(30.0, 1467.0)	(31.0, 2085.0)	(32.0, 2282.0)	(33.0, 1841.0)	(34.0, 1018.0)	(35.0, 420.0)	(36.0, 162.0)	(37.0, 39.0)	(38.0, 11.0)								
SRR926510	(20.0, 2.0)	(21.0, 6.0)	(22.0, 7.0)	(23.0, 14.0)	(24.0, 34.0)	(25.0, 60.0)	(26.0, 104.0)	(27.0, 172.0)	(28.0, 267.0)	(29.0, 440.0)	(30.0, 845.0)	(31.0, 1448.0)	(32.0, 1983.0)	(33.0, 2249.0)	(34.0, 1770.0)	(35.0, 1068.0)	(36.0, 486.0)	(37.0, 115.0)	(38.0, 16.0)										
SRR926511	(19.0, 1.0)	(20.0, 0.0)	(21.0, 1.0)	(22.0, 8.0)	(23.0, 10.0)	(24.0, 33.0)	(25.0, 69.0)	(26.0, 106.0)	(27.0, 244.0)	(28.0, 423.0)	(29.0, 697.0)	(30.0, 1111.0)	(31.0, 1525.0)	(32.0, 1503.0)	(33.0, 1191.0)	(34.0, 714.0)	(35.0, 422.0)	(36.0, 174.0)	(37.0, 60.0)	(38.0, 11.0)									
SRR926512	(19.0, 1.0)	(20.0, 2.0)	(21.0, 4.0)	(22.0, 4.0)	(23.0, 24.0)	(24.0, 40.0)	(25.0, 86.0)	(26.0, 146.0)	(27.0, 300.0)	(28.0, 485.0)	(29.0, 938.0)	(30.0, 1520.0)	(31.0, 1941.0)	(32.0, 1978.0)	(33.0, 1398.0)	(34.0, 722.0)	(35.0, 261.0)	(36.0, 96.0)	(37.0, 23.0)	(38.0, 4.0)									
SRR926513	(19.0, 1.0)	(20.0, 1.0)	(21.0, 4.0)	(22.0, 10.0)	(23.0, 18.0)	(24.0, 49.0)	(25.0, 92.0)	(26.0, 151.0)	(27.0, 242.0)	(28.0, 401.0)	(29.0, 721.0)	(30.0, 1136.0)	(31.0, 1437.0)	(32.0, 1696.0)	(33.0, 1323.0)	(34.0, 943.0)	(35.0, 497.0)	(36.0, 209.0)	(37.0, 62.0)	(38.0, 12.0)									
SRR926514	(19.0, 1.0)	(20.0, 0.0)	(21.0, 5.0)	(22.0, 7.0)	(23.0, 35.0)	(24.0, 54.0)	(25.0, 95.0)	(26.0, 169.0)	(27.0, 311.0)	(28.0, 515.0)	(29.0, 946.0)	(30.0, 1521.0)	(31.0, 2105.0)	(32.0, 2073.0)	(33.0, 1519.0)	(34.0, 732.0)	(35.0, 335.0)	(36.0, 130.0)	(37.0, 38.0)	(38.0, 8.0)									
SRR926515	(20.0, 1.0)	(21.0, 11.0)	(22.0, 18.0)	(23.0, 17.0)	(24.0, 39.0)	(25.0, 91.0)	(26.0, 156.0)	(27.0, 299.0)	(28.0, 535.0)	(29.0, 969.0)	(30.0, 1586.0)	(31.0, 2018.0)	(32.0, 1975.0)	(33.0, 1353.0)	(34.0, 645.0)	(35.0, 271.0)	(36.0, 108.0)	(37.0, 15.0)	(38.0, 3.0)	(39.0, 1.0)									
SRR926516	(19.0, 1.0)	(20.0, 0.0)	(21.0, 5.0)	(22.0, 7.0)	(23.0, 17.0)	(24.0, 42.0)	(25.0, 90.0)	(26.0, 131.0)	(27.0, 213.0)	(28.0, 398.0)	(29.0, 629.0)	(30.0, 1064.0)	(31.0, 1506.0)	(32.0, 1562.0)	(33.0, 1280.0)	(34.0, 693.0)	(35.0, 327.0)	(36.0, 127.0)	(37.0, 46.0)	(38.0, 9.0)	(39.0, 2.0)								
SRR926517	(21.0, 6.0)	(22.0, 10.0)	(23.0, 20.0)	(24.0, 31.0)	(25.0, 57.0)	(26.0, 104.0)	(27.0, 174.0)	(28.0, 266.0)	(29.0, 465.0)	(30.0, 820.0)	(31.0, 1446.0)	(32.0, 1928.0)	(33.0, 2449.0)	(34.0, 2018.0)	(35.0, 1177.0)	(36.0, 606.0)	(37.0, 157.0)	(38.0, 13.0)	(39.0, 2.0)										
SRR926518	(20.0, 2.0)	(21.0, 4.0)	(22.0, 14.0)	(23.0, 26.0)	(24.0, 64.0)	(25.0, 117.0)	(26.0, 198.0)	(27.0, 315.0)	(28.0, 561.0)	(29.0, 963.0)	(30.0, 1423.0)	(31.0, 1719.0)	(32.0, 1753.0)	(33.0, 1467.0)	(34.0, 975.0)	(35.0, 570.0)	(36.0, 276.0)	(37.0, 76.0)	(38.0, 26.0)	(39.0, 1.0)									
SRR926519	(18.0, 1.0)	(19.0, 1.0)	(20.0, 2.0)	(21.0, 5.0)	(22.0, 15.0)	(23.0, 30.0)	(24.0, 59.0)	(25.0, 119.0)	(26.0, 187.0)	(27.0, 335.0)	(28.0, 581.0)	(29.0, 931.0)	(30.0, 1505.0)	(31.0, 1924.0)	(32.0, 1970.0)	(33.0, 1633.0)	(34.0, 1034.0)	(35.0, 579.0)	(36.0, 281.0)	(37.0, 101.0)	(38.0, 24.0)	(39.0, 1.0)							
SRR926520	(21.0, 4.0)	(22.0, 9.0)	(23.0, 15.0)	(24.0, 37.0)	(25.0, 88.0)	(26.0, 165.0)	(27.0, 264.0)	(28.0, 420.0)	(29.0, 752.0)	(30.0, 1193.0)	(31.0, 1567.0)	(32.0, 1734.0)	(33.0, 1537.0)	(34.0, 1036.0)	(35.0, 652.0)	(36.0, 362.0)	(37.0, 142.0)	(38.0, 59.0)	(39.0, 2.0)										
SRR926521	(19.0, 1.0)	(20.0, 1.0)	(21.0, 3.0)	(22.0, 9.0)	(23.0, 16.0)	(24.0, 30.0)	(25.0, 65.0)	(26.0, 111.0)	(27.0, 163.0)	(28.0, 255.0)	(29.0, 484.0)	(30.0, 836.0)	(31.0, 1073.0)	(32.0, 1394.0)	(33.0, 1391.0)	(34.0, 1060.0)	(35.0, 684.0)	(36.0, 373.0)	(37.0, 158.0)	(38.0, 22.0)	(39.0, 2.0)								
SRR926522	(21.0, 2.0)	(22.0, 10.0)	(23.0, 19.0)	(24.0, 51.0)	(25.0, 86.0)	(26.0, 149.0)	(27.0, 227.0)	(28.0, 397.0)	(29.0, 704.0)	(30.0, 1026.0)	(31.0, 1396.0)	(32.0, 1482.0)	(33.0, 1247.0)	(34.0, 824.0)	(35.0, 489.0)	(36.0, 310.0)	(37.0, 141.0)	(38.0, 45.0)	(39.0, 3.0)										
SRR926523	(18.0, 1.0)	(19.0, 1.0)	(20.0, 1.0)	(21.0, 4.0)	(22.0, 16.0)	(23.0, 31.0)	(24.0, 59.0)	(25.0, 127.0)	(26.0, 204.0)	(27.0, 348.0)	(28.0, 543.0)	(29.0, 956.0)	(30.0, 1423.0)	(31.0, 1934.0)	(32.0, 1981.0)	(33.0, 1605.0)	(34.0, 1087.0)	(35.0, 645.0)	(36.0, 288.0)	(37.0, 91.0)	(38.0, 21.0)								
SRR926524	(20.0, 5.0)	(21.0, 13.0)	(22.0, 14.0)	(23.0, 42.0)	(24.0, 77.0)	(25.0, 117.0)	(26.0, 186.0)	(27.0, 356.0)	(28.0, 625.0)	(29.0, 1032.0)	(30.0, 1506.0)	(31.0, 1847.0)	(32.0, 1833.0)	(33.0, 1464.0)	(34.0, 912.0)	(35.0, 512.0)	(36.0, 284.0)	(37.0, 99.0)	(38.0, 26.0)										
SRR926525	(20.0, 3.0)	(21.0, 5.0)	(22.0, 4.0)	(23.0, 11.0)	(24.0, 33.0)	(25.0, 78.0)	(26.0, 131.0)	(27.0, 170.0)	(28.0, 309.0)	(29.0, 504.0)	(30.0, 837.0)	(31.0, 1292.0)	(32.0, 1653.0)	(33.0, 1869.0)	(34.0, 1691.0)	(35.0, 1105.0)	(36.0, 592.0)	(37.0, 209.0)	(38.0, 28.0)	(39.0, 5.0)									
SRR926526	(20.0, 2.0)	(21.0, 1.0)	(22.0, 8.0)	(23.0, 18.0)	(24.0, 42.0)	(25.0, 75.0)	(26.0, 163.0)	(27.0, 277.0)	(28.0, 406.0)	(29.0, 681.0)	(30.0, 1143.0)	(31.0, 1432.0)	(32.0, 1680.0)	(33.0, 1533.0)	(34.0, 1200.0)	(35.0, 780.0)	(36.0, 408.0)	(37.0, 146.0)	(38.0, 33.0)	(39.0, 3.0)									
SRR926527	(21.0, 3.0)	(22.0, 5.0)	(23.0, 15.0)	(24.0, 31.0)	(25.0, 82.0)	(26.0, 146.0)	(27.0, 298.0)	(28.0, 487.0)	(29.0, 738.0)	(30.0, 1254.0)	(31.0, 1685.0)	(32.0, 1868.0)	(33.0, 1654.0)	(34.0, 1164.0)	(35.0, 729.0)	(36.0, 374.0)	(37.0, 162.0)	(38.0, 45.0)	(39.0, 3.0)										
SRR926528	(20.0, 1.0)	(21.0, 7.0)	(22.0, 11.0)	(23.0, 19.0)	(24.0, 27.0)	(25.0, 84.0)	(26.0, 134.0)	(27.0, 184.0)	(28.0, 369.0)	(29.0, 559.0)	(30.0, 894.0)	(31.0, 1445.0)	(32.0, 1874.0)	(33.0, 1967.0)	(34.0, 1795.0)	(35.0, 1376.0)	(36.0, 836.0)	(37.0, 234.0)	(38.0, 26.0)	(39.0, 1.0)									
SRR926529	(18.0, 1.0)	(19.0, 0.0)	(20.0, 2.0)	(21.0, 7.0)	(22.0, 10.0)	(23.0, 47.0)	(24.0, 92.0)	(25.0, 151.0)	(26.0, 282.0)	(27.0, 499.0)	(28.0, 938.0)	(29.0, 1483.0)	(30.0, 2198.0)	(31.0, 2869.0)	(32.0, 2852.0)	(33.0, 2307.0)	(34.0, 1488.0)	(35.0, 796.0)	(36.0, 332.0)	(37.0, 94.0)	(38.0, 21.0)								
SRR926530	(19.0, 1.0)	(20.0, 2.0)	(21.0, 6.0)	(22.0, 8.0)	(23.0, 25.0)	(24.0, 61.0)	(25.0, 101.0)	(26.0, 179.0)	(27.0, 291.0)	(28.0, 533.0)	(29.0, 928.0)	(30.0, 1284.0)	(31.0, 1589.0)	(32.0, 1632.0)	(33.0, 1325.0)	(34.0, 907.0)	(35.0, 484.0)	(36.0, 214.0)	(37.0, 45.0)	(38.0, 14.0)									
SRR926531	(20.0, 1.0)	(21.0, 3.0)	(22.0, 12.0)	(23.0, 24.0)	(24.0, 44.0)	(25.0, 99.0)	(26.0, 173.0)	(27.0, 304.0)	(28.0, 485.0)	(29.0, 822.0)	(30.0, 1290.0)	(31.0, 1623.0)	(32.0, 1699.0)	(33.0, 1491.0)	(34.0, 920.0)	(35.0, 512.0)	(36.0, 228.0)	(37.0, 75.0)	(38.0, 19.0)	(39.0, 4.0)									
SRR926532	(20.0, 3.0)	(21.0, 4.0)	(22.0, 13.0)	(23.0, 23.0)	(24.0, 44.0)	(25.0, 78.0)	(26.0, 133.0)	(27.0, 223.0)	(28.0, 382.0)	(29.0, 693.0)	(30.0, 1296.0)	(31.0, 1848.0)	(32.0, 2409.0)	(33.0, 2503.0)	(34.0, 2128.0)	(35.0, 1442.0)	(36.0, 772.0)	(37.0, 233.0)	(38.0, 26.0)	(39.0, 2.0)									
SRR926533	(20.0, 1.0)	(21.0, 4.0)	(22.0, 9.0)	(23.0, 20.0)	(24.0, 40.0)	(25.0, 99.0)	(26.0, 173.0)	(27.0, 281.0)	(28.0, 474.0)	(29.0, 857.0)	(30.0, 1259.0)	(31.0, 1590.0)	(32.0, 1545.0)	(33.0, 1193.0)	(34.0, 826.0)	(35.0, 457.0)	(36.0, 219.0)	(37.0, 74.0)	(38.0, 30.0)	(39.0, 1.0)									
SRR926534	(19.0, 1.0)	(20.0, 2.0)	(21.0, 3.0)	(22.0, 18.0)	(23.0, 21.0)	(24.0, 69.0)	(25.0, 104.0)	(26.0, 194.0)	(27.0, 369.0)	(28.0, 598.0)	(29.0, 1094.0)	(30.0, 1625.0)	(31.0, 2050.0)	(32.0, 2099.0)	(33.0, 1734.0)	(34.0, 1259.0)	(35.0, 641.0)	(36.0, 284.0)	(37.0, 81.0)	(38.0, 20.0)	(39.0, 1.0)								
SRR926535	(19.0, 2.0)	(20.0, 2.0)	(21.0, 4.0)	(22.0, 5.0)	(23.0, 23.0)	(24.0, 38.0)	(25.0, 102.0)	(26.0, 179.0)	(27.0, 254.0)	(28.0, 472.0)	(29.0, 807.0)	(30.0, 1236.0)	(31.0, 1575.0)	(32.0, 1797.0)	(33.0, 1728.0)	(34.0, 1283.0)	(35.0, 725.0)	(36.0, 387.0)	(37.0, 132.0)	(38.0, 25.0)	(39.0, 2.0)								
SRR926536	(18.0, 1.0)	(19.0, 0.0)	(20.0, 0.0)	(21.0, 1.0)	(22.0, 6.0)	(23.0, 22.0)	(24.0, 52.0)	(25.0, 79.0)	(26.0, 114.0)	(27.0, 232.0)	(28.0, 372.0)	(29.0, 660.0)	(30.0, 1161.0)	(31.0, 1576.0)	(32.0, 1780.0)	(33.0, 1711.0)	(34.0, 1370.0)	(35.0, 944.0)	(36.0, 452.0)	(37.0, 144.0)	(38.0, 24.0)	(39.0, 5.0)							
SRR926537	(19.0, 1.0)	(20.0, 1.0)	(21.0, 4.0)	(22.0, 3.0)	(23.0, 18.0)	(24.0, 46.0)	(25.0, 90.0)	(26.0, 163.0)	(27.0, 277.0)	(28.0, 442.0)	(29.0, 780.0)	(30.0, 1266.0)	(31.0, 1700.0)	(32.0, 1830.0)	(33.0, 1319.0)	(34.0, 722.0)	(35.0, 342.0)	(36.0, 148.0)	(37.0, 30.0)	(38.0, 19.0)	(39.0, 6.0)								
SRR926538	(20.0, 2.0)	(21.0, 2.0)	(22.0, 11.0)	(23.0, 23.0)	(24.0, 51.0)	(25.0, 102.0)	(26.0, 168.0)	(27.0, 290.0)	(28.0, 487.0)	(29.0, 851.0)	(30.0, 1472.0)	(31.0, 1958.0)	(32.0, 1960.0)	(33.0, 1569.0)	(34.0, 862.0)	(35.0, 371.0)	(36.0, 115.0)	(37.0, 37.0)	(38.0, 11.0)	(39.0, 3.0)									
SRR926539	(18.0, 1.0)	(19.0, 1.0)	(20.0, 1.0)	(21.0, 10.0)	(22.0, 21.0)	(23.0, 54.0)	(24.0, 109.0)	(25.0, 194.0)	(26.0, 331.0)	(27.0, 622.0)	(28.0, 928.0)	(29.0, 1554.0)	(30.0, 2650.0)	(31.0, 4155.0)	(32.0, 5134.0)	(33.0, 4733.0)	(34.0, 3048.0)	(35.0, 1352.0)	(36.0, 603.0)	(37.0, 324.0)	(38.0, 255.0)	(39.0, 317.0)							
SRR926540	(18.0, 1.0)	(19.0, 0.0)	(20.0, 1.0)	(21.0, 6.0)	(22.0, 16.0)	(23.0, 41.0)	(24.0, 96.0)	(25.0, 181.0)	(26.0, 320.0)	(27.0, 519.0)	(28.0, 958.0)	(29.0, 1529.0)	(30.0, 2447.0)	(31.0, 3260.0)	(32.0, 3518.0)	(33.0, 3003.0)	(34.0, 1924.0)	(35.0, 1012.0)	(36.0, 549.0)	(37.0, 300.0)	(38.0, 291.0)	(39.0, 450.0)							
SRR926541	(19.0, 1.0)	(20.0, 1.0)	(21.0, 2.0)	(22.0, 9.0)	(23.0, 15.0)	(24.0, 40.0)	(25.0, 82.0)	(26.0, 164.0)	(27.0, 225.0)	(28.0, 447.0)	(29.0, 769.0)	(30.0, 1259.0)	(31.0, 1669.0)	(32.0, 1750.0)	(33.0, 1282.0)	(34.0, 628.0)	(35.0, 296.0)	(36.0, 135.0)	(37.0, 48.0)	(38.0, 20.0)	(39.0, 5.0)								
SRR926542	(19.0, 1.0)	(20.0, 3.0)	(21.0, 11.0)	(22.0, 15.0)	(23.0, 32.0)	(24.0, 53.0)	(25.0, 88.0)	(26.0, 161.0)	(27.0, 222.0)	(28.0, 373.0)	(29.0, 530.0)	(30.0, 782.0)	(31.0, 1119.0)	(32.0, 1257.0)	(33.0, 1125.0)	(34.0, 738.0)	(35.0, 494.0)	(36.0, 377.0)	(37.0, 398.0)	(38.0, 662.0)	(39.0, 1091.0)								
SRR926543	(19.0, 1.0)	(20.0, 0.0)	(21.0, 4.0)	(22.0, 11.0)	(23.0, 29.0)	(24.0, 51.0)	(25.0, 92.0)	(26.0, 163.0)	(27.0, 263.0)	(28.0, 407.0)	(29.0, 771.0)	(30.0, 1268.0)	(31.0, 1661.0)	(32.0, 1666.0)	(33.0, 1194.0)	(34.0, 664.0)	(35.0, 332.0)	(36.0, 121.0)	(37.0, 36.0)	(38.0, 23.0)	(39.0, 7.0)								
SRR926544	(20.0, 2.0)	(21.0, 5.0)	(22.0, 12.0)	(23.0, 23.0)	(24.0, 47.0)	(25.0, 103.0)	(26.0, 172.0)	(27.0, 266.0)	(28.0, 496.0)	(29.0, 902.0)	(30.0, 1544.0)	(31.0, 1882.0)	(32.0, 1991.0)	(33.0, 1456.0)	(34.0, 810.0)	(35.0, 342.0)	(36.0, 160.0)	(37.0, 47.0)	(38.0, 32.0)	(39.0, 14.0)									
SRR926545	(19.0, 2.0)	(20.0, 11.0)	(21.0, 33.0)	(22.0, 48.0)	(23.0, 104.0)	(24.0, 219.0)	(25.0, 375.0)	(26.0, 574.0)	(27.0, 876.0)	(28.0, 1347.0)	(29.0, 1926.0)	(30.0, 2866.0)	(31.0, 3523.0)	(32.0, 3853.0)	(33.0, 3787.0)	(34.0, 2756.0)	(35.0, 1933.0)	(36.0, 1538.0)	(37.0, 1539.0)	(38.0, 2675.0)	(39.0, 4323.0)								
SRR926546	(21.0, 6.0)	(22.0, 7.0)	(23.0, 20.0)	(24.0, 38.0)	(25.0, 68.0)	(26.0, 135.0)	(27.0, 246.0)	(28.0, 386.0)	(29.0, 677.0)	(30.0, 1196.0)	(31.0, 1710.0)	(32.0, 1636.0)	(33.0, 1166.0)	(34.0, 672.0)	(35.0, 258.0)	(36.0, 92.0)	(37.0, 36.0)	(38.0, 7.0)	(39.0, 4.0)										
SRR926547	(18.0, 1.0)	(19.0, 1.0)	(20.0, 2.0)	(21.0, 2.0)	(22.0, 11.0)	(23.0, 18.0)	(24.0, 51.0)	(25.0, 83.0)	(26.0, 176.0)	(27.0, 282.0)	(28.0, 555.0)	(29.0, 968.0)	(30.0, 1529.0)	(31.0, 2079.0)	(32.0, 2138.0)	(33.0, 1545.0)	(34.0, 785.0)	(35.0, 365.0)	(36.0, 135.0)	(37.0, 43.0)	(38.0, 12.0)	(39.0, 11.0)							
SRR926548	(18.0, 1.0)	(19.0, 2.0)	(20.0, 5.0)	(21.0, 13.0)	(22.0, 31.0)	(23.0, 59.0)	(24.0, 138.0)	(25.0, 227.0)	(26.0, 410.0)	(27.0, 640.0)	(28.0, 911.0)	(29.0, 1480.0)	(30.0, 2203.0)	(31.0, 3265.0)	(32.0, 4238.0)	(33.0, 4070.0)	(34.0, 2911.0)	(35.0, 1705.0)	(36.0, 1033.0)	(37.0, 606.0)	(38.0, 824.0)	(39.0, 1079.0)							
SRR926549	(18.0, 1.0)	(19.0, 1.0)	(20.0, 5.0)	(21.0, 8.0)	(22.0, 15.0)	(23.0, 33.0)	(24.0, 58.0)	(25.0, 83.0)	(26.0, 198.0)	(27.0, 301.0)	(28.0, 493.0)	(29.0, 844.0)	(30.0, 1337.0)	(31.0, 1816.0)	(32.0, 1820.0)	(33.0, 1259.0)	(34.0, 697.0)	(35.0, 272.0)	(36.0, 110.0)	(37.0, 21.0)	(38.0, 12.0)	(39.0, 16.0)							
SRR926550	(19.0, 1.0)	(20.0, 4.0)	(21.0, 9.0)	(22.0, 16.0)	(23.0, 40.0)	(24.0, 87.0)	(25.0, 190.0)	(26.0, 235.0)	(27.0, 433.0)	(28.0, 830.0)	(29.0, 1415.0)	(30.0, 2251.0)	(31.0, 3070.0)	(32.0, 3138.0)	(33.0, 2058.0)	(34.0, 1118.0)	(35.0, 436.0)	(36.0, 177.0)	(37.0, 36.0)	(38.0, 31.0)	(39.0, 30.0)								
SRR926551	(19.0, 1.0)	(20.0, 4.0)	(21.0, 9.0)	(22.0, 9.0)	(23.0, 40.0)	(24.0, 71.0)	(25.0, 130.0)	(26.0, 199.0)	(27.0, 384.0)	(28.0, 684.0)	(29.0, 1125.0)	(30.0, 2130.0)	(31.0, 3341.0)	(32.0, 4448.0)	(33.0, 4224.0)	(34.0, 2856.0)	(35.0, 1590.0)	(36.0, 740.0)	(37.0, 184.0)	(38.0, 94.0)	(39.0, 158.0)								
SRR926552	(21.0, 4.0)	(22.0, 8.0)	(23.0, 19.0)	(24.0, 41.0)	(25.0, 77.0)	(26.0, 130.0)	(27.0, 257.0)	(28.0, 401.0)	(29.0, 711.0)	(30.0, 1324.0)	(31.0, 1675.0)	(32.0, 1761.0)	(33.0, 1284.0)	(34.0, 700.0)	(35.0, 328.0)	(36.0, 152.0)	(37.0, 46.0)	(38.0, 19.0)	(39.0, 17.0)										
SRR926553	(21.0, 7.0)	(22.0, 11.0)	(23.0, 25.0)	(24.0, 44.0)	(25.0, 77.0)	(26.0, 135.0)	(27.0, 265.0)	(28.0, 437.0)	(29.0, 774.0)	(30.0, 1329.0)	(31.0, 1751.0)	(32.0, 1852.0)	(33.0, 1322.0)	(34.0, 758.0)	(35.0, 315.0)	(36.0, 136.0)	(37.0, 51.0)	(38.0, 10.0)	(39.0, 10.0)										
SRR926554	(17.0, 1.0)	(18.0, 0.0)	(19.0, 5.0)	(20.0, 12.0)	(21.0, 19.0)	(22.0, 44.0)	(23.0, 103.0)	(24.0, 216.0)	(25.0, 397.0)	(26.0, 664.0)	(27.0, 1119.0)	(28.0, 1634.0)	(29.0, 2373.0)	(30.0, 3116.0)	(31.0, 4332.0)	(32.0, 4992.0)	(33.0, 4617.0)	(34.0, 3320.0)	(35.0, 1959.0)	(36.0, 1307.0)	(37.0, 908.0)	(38.0, 1299.0)	(39.0, 2160.0)						
SRR926555	(18.0, 1.0)	(19.0, 2.0)	(20.0, 3.0)	(21.0, 4.0)	(22.0, 13.0)	(23.0, 25.0)	(24.0, 49.0)	(25.0, 75.0)	(26.0, 186.0)	(27.0, 291.0)	(28.0, 498.0)	(29.0, 962.0)	(30.0, 1552.0)	(31.0, 1994.0)	(32.0, 1898.0)	(33.0, 1312.0)	(34.0, 687.0)	(35.0, 328.0)	(36.0, 120.0)	(37.0, 55.0)	(38.0, 31.0)	(39.0, 16.0)							
SRR926556	(18.0, 1.0)	(19.0, 0.0)	(20.0, 2.0)	(21.0, 9.0)	(22.0, 12.0)	(23.0, 33.0)	(24.0, 71.0)	(25.0, 97.0)	(26.0, 171.0)	(27.0, 306.0)	(28.0, 576.0)	(29.0, 946.0)	(30.0, 1323.0)	(31.0, 1772.0)	(32.0, 1790.0)	(33.0, 1591.0)	(34.0, 1027.0)	(35.0, 603.0)	(36.0, 305.0)	(37.0, 127.0)	(38.0, 57.0)	(39.0, 24.0)							
SRR926557	(18.0, 1.0)	(19.0, 1.0)	(20.0, 11.0)	(21.0, 24.0)	(22.0, 64.0)	(23.0, 85.0)	(24.0, 173.0)	(25.0, 278.0)	(26.0, 473.0)	(27.0, 660.0)	(28.0, 1092.0)	(29.0, 1772.0)	(30.0, 2760.0)	(31.0, 3947.0)	(32.0, 4430.0)	(33.0, 3721.0)	(34.0, 2304.0)	(35.0, 1396.0)	(36.0, 979.0)	(37.0, 782.0)	(38.0, 1359.0)	(39.0, 2170.0)							
SRR926558	(20.0, 2.0)	(21.0, 5.0)	(22.0, 14.0)	(23.0, 28.0)	(24.0, 63.0)	(25.0, 115.0)	(26.0, 168.0)	(27.0, 319.0)	(28.0, 517.0)	(29.0, 963.0)	(30.0, 1360.0)	(31.0, 1691.0)	(32.0, 1690.0)	(33.0, 1345.0)	(34.0, 894.0)	(35.0, 517.0)	(36.0, 297.0)	(37.0, 92.0)	(38.0, 24.0)	(39.0, 5.0)									
SRR926559	(19.0, 1.0)	(20.0, 1.0)	(21.0, 4.0)	(22.0, 13.0)	(23.0, 44.0)	(24.0, 95.0)	(25.0, 151.0)	(26.0, 253.0)	(27.0, 444.0)	(28.0, 716.0)	(29.0, 1217.0)	(30.0, 1876.0)	(31.0, 2357.0)	(32.0, 2521.0)	(33.0, 2070.0)	(34.0, 1244.0)	(35.0, 675.0)	(36.0, 293.0)	(37.0, 114.0)	(38.0, 43.0)	(39.0, 29.0)								
SRR926560	(19.0, 1.0)	(20.0, 1.0)	(21.0, 8.0)	(22.0, 19.0)	(23.0, 25.0)	(24.0, 50.0)	(25.0, 98.0)	(26.0, 182.0)	(27.0, 302.0)	(28.0, 498.0)	(29.0, 691.0)	(30.0, 1062.0)	(31.0, 1382.0)	(32.0, 1672.0)	(33.0, 1440.0)	(34.0, 1020.0)	(35.0, 604.0)	(36.0, 314.0)	(37.0, 99.0)	(38.0, 50.0)	(39.0, 46.0)								
SRR926561	(19.0, 1.0)	(20.0, 0.0)	(21.0, 9.0)	(22.0, 6.0)	(23.0, 17.0)	(24.0, 25.0)	(25.0, 46.0)	(26.0, 104.0)	(27.0, 146.0)	(28.0, 273.0)	(29.0, 430.0)	(30.0, 701.0)	(31.0, 810.0)	(32.0, 899.0)	(33.0, 696.0)	(34.0, 468.0)	(35.0, 219.0)	(36.0, 117.0)	(37.0, 37.0)	(38.0, 10.0)	(39.0, 9.0)								
SRR926562	(20.0, 2.0)	(21.0, 8.0)	(22.0, 14.0)	(23.0, 36.0)	(24.0, 81.0)	(25.0, 168.0)	(26.0, 251.0)	(27.0, 410.0)	(28.0, 684.0)	(29.0, 1197.0)	(30.0, 1775.0)	(31.0, 2299.0)	(32.0, 2342.0)	(33.0, 1937.0)	(34.0, 1251.0)	(35.0, 748.0)	(36.0, 346.0)	(37.0, 118.0)	(38.0, 51.0)	(39.0, 18.0)									
SRR926563	(18.0, 1.0)	(19.0, 1.0)	(20.0, 3.0)	(21.0, 7.0)	(22.0, 24.0)	(23.0, 50.0)	(24.0, 102.0)	(25.0, 160.0)	(26.0, 308.0)	(27.0, 521.0)	(28.0, 810.0)	(29.0, 1224.0)	(30.0, 1756.0)	(31.0, 2318.0)	(32.0, 2578.0)	(33.0, 2447.0)	(34.0, 1941.0)	(35.0, 1295.0)	(36.0, 805.0)	(37.0, 462.0)	(38.0, 531.0)	(39.0, 549.0)							
SRR926564	(20.0, 5.0)	(21.0, 9.0)	(22.0, 19.0)	(23.0, 31.0)	(24.0, 64.0)	(25.0, 107.0)	(26.0, 211.0)	(27.0, 383.0)	(28.0, 655.0)	(29.0, 1165.0)	(30.0, 1686.0)	(31.0, 2008.0)	(32.0, 1967.0)	(33.0, 1517.0)	(34.0, 953.0)	(35.0, 526.0)	(36.0, 258.0)	(37.0, 82.0)	(38.0, 36.0)	(39.0, 10.0)									
SRR926565	(19.0, 1.0)	(20.0, 0.0)	(21.0, 4.0)	(22.0, 12.0)	(23.0, 24.0)	(24.0, 54.0)	(25.0, 114.0)	(26.0, 189.0)	(27.0, 371.0)	(28.0, 588.0)	(29.0, 1033.0)	(30.0, 1610.0)	(31.0, 2088.0)	(32.0, 2069.0)	(33.0, 1699.0)	(34.0, 993.0)	(35.0, 560.0)	(36.0, 252.0)	(37.0, 86.0)	(38.0, 24.0)	(39.0, 17.0)								
SRR926566	(20.0, 4.0)	(21.0, 9.0)	(22.0, 16.0)	(23.0, 44.0)	(24.0, 92.0)	(25.0, 143.0)	(26.0, 239.0)	(27.0, 382.0)	(28.0, 582.0)	(29.0, 878.0)	(30.0, 1220.0)	(31.0, 1656.0)	(32.0, 1919.0)	(33.0, 1887.0)	(34.0, 1440.0)	(35.0, 972.0)	(36.0, 745.0)	(37.0, 648.0)	(38.0, 976.0)	(39.0, 1251.0)									
SRR926567	(20.0, 2.0)	(21.0, 9.0)	(22.0, 12.0)	(23.0, 34.0)	(24.0, 67.0)	(25.0, 106.0)	(26.0, 218.0)	(27.0, 338.0)	(28.0, 611.0)	(29.0, 1048.0)	(30.0, 1579.0)	(31.0, 2063.0)	(32.0, 2072.0)	(33.0, 1670.0)	(34.0, 1143.0)	(35.0, 587.0)	(36.0, 288.0)	(37.0, 97.0)	(38.0, 41.0)	(39.0, 8.0)									
SRR926568	(20.0, 3.0)	(21.0, 5.0)	(22.0, 18.0)	(23.0, 24.0)	(24.0, 61.0)	(25.0, 125.0)	(26.0, 177.0)	(27.0, 341.0)	(28.0, 636.0)	(29.0, 1044.0)	(30.0, 1545.0)	(31.0, 1987.0)	(32.0, 2109.0)	(33.0, 1688.0)	(34.0, 1096.0)	(35.0, 586.0)	(36.0, 242.0)	(37.0, 53.0)	(38.0, 25.0)	(39.0, 9.0)									
SRR926569	(20.0, 1.0)	(21.0, 10.0)	(22.0, 19.0)	(23.0, 31.0)	(24.0, 64.0)	(25.0, 109.0)	(26.0, 152.0)	(27.0, 303.0)	(28.0, 479.0)	(29.0, 689.0)	(30.0, 1226.0)	(31.0, 1705.0)	(32.0, 2189.0)	(33.0, 2109.0)	(34.0, 1599.0)	(35.0, 1179.0)	(36.0, 748.0)	(37.0, 484.0)	(38.0, 620.0)	(39.0, 834.0)									
SRR926570	(19.0, 3.0)	(20.0, 1.0)	(21.0, 11.0)	(22.0, 28.0)	(23.0, 36.0)	(24.0, 50.0)	(25.0, 124.0)	(26.0, 168.0)	(27.0, 335.0)	(28.0, 584.0)	(29.0, 950.0)	(30.0, 1438.0)	(31.0, 1641.0)	(32.0, 1636.0)	(33.0, 1270.0)	(34.0, 694.0)	(35.0, 398.0)	(36.0, 174.0)	(37.0, 51.0)	(38.0, 16.0)	(39.0, 3.0)								
SRR926571	(21.0, 4.0)	(22.0, 13.0)	(23.0, 18.0)	(24.0, 62.0)	(25.0, 134.0)	(26.0, 194.0)	(27.0, 361.0)	(28.0, 576.0)	(29.0, 916.0)	(30.0, 1456.0)	(31.0, 1793.0)	(32.0, 1805.0)	(33.0, 1300.0)	(34.0, 863.0)	(35.0, 443.0)	(36.0, 266.0)	(37.0, 133.0)	(38.0, 51.0)	(39.0, 17.0)										
SRR926572	(18.0, 2.0)	(19.0, 3.0)	(20.0, 3.0)	(21.0, 12.0)	(22.0, 22.0)	(23.0, 51.0)	(24.0, 112.0)	(25.0, 165.0)	(26.0, 266.0)	(27.0, 444.0)	(28.0, 792.0)	(29.0, 1322.0)	(30.0, 2211.0)	(31.0, 3068.0)	(32.0, 3617.0)	(33.0, 3413.0)	(34.0, 3078.0)	(35.0, 2064.0)	(36.0, 1063.0)	(37.0, 491.0)	(38.0, 593.0)	(39.0, 872.0)							
