Sample	0	1	2	3	4	5	6	7	8	9	10	11	12	13	14	15	16	17	18	19	20	21	22	23	24	25	26	27	28	29	30	31	32	33	34	35	36	37	38	39	40	41	42	43	44	45	46	47	48	49	50	51	52	53	54	55	56	57	58	59	60	61	62	63	64	65	66	67	68	69	70	71	72	73	74	75	76	77	78	79	80	81	82	83	84	85	86	87	88	89	90	91	92	93	94	95	96	97	98	99	100
SRR36466313_1	(0.0, 0.0)	(1.0, 0.0)	(2.0, 0.0)	(3.0, 0.0)	(4.0, 0.0)	(5.0, 0.0)	(6.0, 0.0)	(7.0, 0.0)	(8.0, 0.0)	(9.0, 0.0)	(10.0, 0.0)	(11.0, 0.0)	(12.0, 0.0)	(13.0, 0.0)	(14.0, 0.0)	(15.0, 0.0)	(16.0, 0.0)	(17.0, 0.0)	(18.0, 0.0)	(19.0, 0.0)	(20.0, 0.0)	(21.0, 0.0)	(22.0, 0.0)	(23.0, 0.0)	(24.0, 0.0)	(25.0, 0.0)	(26.0, 0.0)	(27.0, 0.0)	(28.0, 0.0)	(29.0, 0.0)	(30.0, 0.0)	(31.0, 0.0)	(32.0, 0.0)	(33.0, 0.0)	(34.0, 0.0)	(35.0, 0.002053714913564217)	(36.0, 0.004107429827128434)	(37.0, 0.0010268574567821084)	(38.0, 0.0010268574567821084)	(39.0, 0.0030805723703463254)	(40.0, 0.007188002197474758)	(41.0, 0.008214859654256867)	(42.0, 0.010268574567821084)	(43.0, 0.019510291678860054)	(44.0, 0.024644578962770593)	(45.0, 0.05236973029588755)	(46.0, 0.09447088602395384)	(47.0, 0.21050577864033254)	(48.0, 0.5226704455020945)	(49.0, 1.5998439176664911)	(50.0, 5.458774240253307)	(51.0, 7.347165103275883)	(52.0, 11.353962899641493)	(53.0, 14.34622552870356)	(54.0, 11.739034445934958)	(55.0, 12.223711165536333)	(56.0, 19.839912922482842)	(57.0, 10.073471651033621)	(58.0, 1.693287946233674)	(59.0, 1.1274894875467445)	(60.0, 0.45181728098412705)	(61.0, 0.541153879724173)	(62.0, 0.43128013184848424)	(63.0, 0.44257556387308783)	(64.0, 0.30908409449141355)	(65.0, 0.021564006592424266)	(66.0, 0.002053714913564217)	(67.0, 0.0030805723703463254)	(68.0, 0.005134287283910541)	(69.0, 0.007188002197474758)	(70.0, 0.0030805723703463254)	(71.0, 0.0)	(72.0, 0.0)	(73.0, 0.0)	(74.0, 0.0010268574567821084)	(75.0, 0.0010268574567821084)	(76.0, 0.0010268574567821084)	(77.0, 0.002053714913564217)	(78.0, 0.004107429827128434)	(79.0, 0.0010268574567821084)	(80.0, 0.0)	(81.0, 0.0)	(82.0, 0.002053714913564217)	(83.0, 0.0010268574567821084)	(84.0, 0.0)	(85.0, 0.0)	(86.0, 0.0)	(87.0, 0.002053714913564217)	(88.0, 0.0)	(89.0, 0.0)	(90.0, 0.0)	(91.0, 0.0)	(92.0, 0.0)	(93.0, 0.0)	(94.0, 0.0)	(95.0, 0.0)	(96.0, 0.0)	(97.0, 0.0)	(98.0, 0.0)	(99.0, 0.0010268574567821084)	(100.0, 0.0015402861851731627)
SRR36466313_2	(0.0, 0.0)	(1.0, 0.0)	(2.0, 0.0)	(3.0, 0.0)	(4.0, 0.0)	(5.0, 0.0)	(6.0, 0.0)	(7.0, 0.0)	(8.0, 0.0)	(9.0, 0.0)	(10.0, 0.0)	(11.0, 0.0)	(12.0, 0.0)	(13.0, 0.0)	(14.0, 0.0)	(15.0, 0.0)	(16.0, 0.0)	(17.0, 0.0)	(18.0, 0.0)	(19.0, 0.0)	(20.0, 0.0)	(21.0, 0.0)	(22.0, 0.0)	(23.0, 0.0)	(24.0, 0.0)	(25.0, 0.0)	(26.0, 0.0)	(27.0, 0.0)	(28.0, 0.0)	(29.0, 0.0)	(30.0, 0.0)	(31.0, 0.0)	(32.0, 0.000991075366326148)	(33.0, 0.001982150732652296)	(34.0, 0.0)	(35.0, 0.0)	(36.0, 0.001982150732652296)	(37.0, 0.000991075366326148)	(38.0, 0.000991075366326148)	(39.0, 0.0059464521979568875)	(40.0, 0.007928602930609183)	(41.0, 0.01090182902958763)	(42.0, 0.013875055128566072)	(43.0, 0.024776884158153694)	(44.0, 0.07036635100915646)	(45.0, 0.10604506419689777)	(46.0, 0.24479561548255827)	(47.0, 0.38156401603556483)	(48.0, 1.3815590606586237)	(49.0, 12.349790139792189)	(50.0, 13.890912334427949)	(51.0, 9.007884004539132)	(52.0, 10.935525592044366)	(53.0, 11.120856685547441)	(54.0, 10.35772865347596)	(55.0, 9.543064702355496)	(56.0, 6.147640497320568)	(57.0, 3.3191114018263455)	(58.0, 1.6788816705564777)	(59.0, 1.1080222595526223)	(60.0, 4.836447787671333)	(61.0, 1.2814604486596886)	(62.0, 0.24083131401725377)	(63.0, 0.15658990787953167)	(64.0, 0.06739312491017803)	(65.0, 0.25767959524479805)	(66.0, 0.309215514293757)	(67.0, 0.05153591904895971)	(68.0, 0.03865193928671979)	(69.0, 0.04261624075202439)	(70.0, 0.022794733425501396)	(71.0, 0.35480498114475917)	(72.0, 0.5450914514793839)	(73.0, 0.04658054221732899)	(74.0, 0.01684828122754451)	(75.0, 0.003964301465304592)	(76.0, 0.000991075366326148)	(77.0, 0.001982150732652296)	(78.0, 0.001982150732652296)	(79.0, 0.000991075366326148)	(80.0, 0.000991075366326148)	(81.0, 0.0)	(82.0, 0.0)	(83.0, 0.001982150732652296)	(84.0, 0.0)	(85.0, 0.0)	(86.0, 0.0)	(87.0, 0.0)	(88.0, 0.000991075366326148)	(89.0, 0.0)	(90.0, 0.000991075366326148)	(91.0, 0.000991075366326148)	(92.0, 0.0)	(93.0, 0.0)	(94.0, 0.0)	(95.0, 0.0)	(96.0, 0.0)	(97.0, 0.0)	(98.0, 0.0)	(99.0, 0.0)	(100.0, 0.001486613049489222)
SRR36466314_1	(0.0, 0.0)	(1.0, 0.0)	(2.0, 0.0)	(3.0, 0.0)	(4.0, 0.0)	(5.0, 0.0)	(6.0, 0.0)	(7.0, 0.0)	(8.0, 0.0)	(9.0, 0.0)	(10.0, 0.0)	(11.0, 0.0)	(12.0, 0.0)	(13.0, 0.0)	(14.0, 0.0)	(15.0, 0.0)	(16.0, 0.0)	(17.0, 0.0)	(18.0, 0.0)	(19.0, 0.0)	(20.0, 0.0)	(21.0, 0.0)	(22.0, 0.0)	(23.0, 0.0)	(24.0, 0.0)	(25.0, 0.0010204289883467153)	(26.0, 0.0)	(27.0, 0.0)	(28.0, 0.0)	(29.0, 0.0010204289883467153)	(30.0, 0.0010204289883467153)	(31.0, 0.0)	(32.0, 0.0)	(33.0, 0.0)	(34.0, 0.0)	(35.0, 0.0)	(36.0, 0.0020408579766934306)	(37.0, 0.004081715953386861)	(38.0, 0.004081715953386861)	(39.0, 0.004081715953386861)	(40.0, 0.007143002918427007)	(41.0, 0.012245147860160585)	(42.0, 0.023469866731974445)	(43.0, 0.030612869650401463)	(44.0, 0.03469458560378833)	(45.0, 0.08367517704443057)	(46.0, 0.6377681177167018)	(47.0, 1.6377885262964502)	(48.0, 0.5428682218004547)	(49.0, 1.7837098716300472)	(50.0, 5.250107145043511)	(51.0, 5.70317761586935)	(52.0, 12.603318435072502)	(53.0, 16.985040511029315)	(54.0, 8.944060082859606)	(55.0, 9.936937488521412)	(56.0, 20.21775954610877)	(57.0, 11.828812832917082)	(58.0, 1.4775811751260133)	(59.0, 1.0398171391252973)	(60.0, 0.465315618686102)	(61.0, 0.39388558950182995)	(62.0, 0.14490091634523375)	(63.0, 0.08163431906773715)	(64.0, 0.04591930447560222)	(65.0, 0.019388150778587587)	(66.0, 0.005102144941733576)	(67.0, 0.006122573930080292)	(68.0, 0.0020408579766934306)	(69.0, 0.009183860895120438)	(70.0, 0.010204289883467154)	(71.0, 0.0010204289883467153)	(72.0, 0.0020408579766934306)	(73.0, 0.0010204289883467153)	(74.0, 0.0020408579766934306)	(75.0, 0.0020408579766934306)	(76.0, 0.0)	(77.0, 0.0010204289883467153)	(78.0, 0.0)	(79.0, 0.0010204289883467153)	(80.0, 0.0020408579766934306)	(81.0, 0.0)	(82.0, 0.0010204289883467153)	(83.0, 0.0)	(84.0, 0.0010204289883467153)	(85.0, 0.0)	(86.0, 0.0010204289883467153)	(87.0, 0.0)	(88.0, 0.0)	(89.0, 0.0010204289883467153)	(90.0, 0.0010204289883467153)	(91.0, 0.0)	(92.0, 0.0010204289883467153)	(93.0, 0.0)	(94.0, 0.0)	(95.0, 0.0)	(96.0, 0.0)	(97.0, 0.0)	(98.0, 0.0)	(99.0, 0.0)	(100.0, 0.0)
SRR36466314_2	(0.0, 0.0)	(1.0, 0.0)	(2.0, 0.0)	(3.0, 0.0)	(4.0, 0.0)	(5.0, 0.0)	(6.0, 0.0)	(7.0, 0.0)	(8.0, 0.0)	(9.0, 0.0)	(10.0, 0.0)	(11.0, 0.0)	(12.0, 0.0)	(13.0, 0.0)	(14.0, 0.0)	(15.0, 0.0)	(16.0, 0.0)	(17.0, 0.0)	(18.0, 0.0)	(19.0, 0.0)	(20.0, 0.0)	(21.0, 0.0)	(22.0, 0.0)	(23.0, 0.0)	(24.0, 0.0)	(25.0, 0.0)	(26.0, 0.0)	(27.0, 0.0)	(28.0, 0.0009848578111534853)	(29.0, 0.0009848578111534853)	(30.0, 0.0)	(31.0, 0.0)	(32.0, 0.0)	(33.0, 0.0009848578111534853)	(34.0, 0.0)	(35.0, 0.0019697156223069706)	(36.0, 0.0019697156223069706)	(37.0, 0.0009848578111534853)	(38.0, 0.0019697156223069706)	(39.0, 0.0068940046780743966)	(40.0, 0.012803151544995308)	(41.0, 0.009848578111534854)	(42.0, 0.02954573433460456)	(43.0, 0.035454881201525484)	(44.0, 0.0758340514588183)	(45.0, 0.1142435060938043)	(46.0, 0.20189585128646484)	(47.0, 0.5318232180228843)	(48.0, 2.046534531576969)	(49.0, 15.088021666870882)	(50.0, 16.83318970823327)	(51.0, 12.037917025731224)	(52.0, 13.00307768066085)	(53.0, 9.659485411794474)	(54.0, 9.079404161024808)	(55.0, 8.031515449957023)	(56.0, 5.139972916409697)	(57.0, 2.5527514465099177)	(58.0, 1.5422873322663269)	(59.0, 0.8676597316262229)	(60.0, 1.8938815708481611)	(61.0, 0.3909885510279319)	(62.0, 0.12409208420533922)	(63.0, 0.10242521235996238)	(64.0, 0.04333374369075338)	(65.0, 0.07681890926997179)	(66.0, 0.2245475809429947)	(67.0, 0.03840945463498595)	(68.0, 0.03742459682383246)	(69.0, 0.004924289055767427)	(70.0, 0.003939431244613941)	(71.0, 0.04628831712421384)	(72.0, 0.07681890926997179)	(73.0, 0.007878862489227883)	(74.0, 0.004924289055767427)	(75.0, 0.0019697156223069706)	(76.0, 0.0009848578111534853)	(77.0, 0.0)	(78.0, 0.0)	(79.0, 0.0)	(80.0, 0.0009848578111534853)	(81.0, 0.0009848578111534853)	(82.0, 0.0009848578111534853)	(83.0, 0.0009848578111534853)	(84.0, 0.0)	(85.0, 0.0009848578111534853)	(86.0, 0.0)	(87.0, 0.0)	(88.0, 0.0)	(89.0, 0.0)	(90.0, 0.0)	(91.0, 0.0009848578111534853)	(92.0, 0.0)	(93.0, 0.0)	(94.0, 0.0009848578111534853)	(95.0, 0.0009848578111534853)	(96.0, 0.0)	(97.0, 0.0)	(98.0, 0.0)	(99.0, 0.0009848578111534853)	(100.0, 0.0014772867167302283)
SRR36466315_1	(0.0, 0.0)	(1.0, 0.0)	(2.0, 0.0)	(3.0, 0.0)	(4.0, 0.0)	(5.0, 0.0)	(6.0, 0.0)	(7.0, 0.0)	(8.0, 0.0)	(9.0, 0.0)	(10.0, 0.0)	(11.0, 0.0)	(12.0, 0.0)	(13.0, 0.0)	(14.0, 0.001045123193896475)	(15.0, 0.0)	(16.0, 0.0)	(17.0, 0.0)	(18.0, 0.0)	(19.0, 0.0)	(20.0, 0.0)	(21.0, 0.0)	(22.0, 0.0)	(23.0, 0.0)	(24.0, 0.0)	(25.0, 0.0)	(26.0, 0.0)	(27.0, 0.0)	(28.0, 0.0)	(29.0, 0.0)	(30.0, 0.0)	(31.0, 0.0)	(32.0, 0.0)	(33.0, 0.0)	(34.0, 0.0)	(35.0, 0.001045123193896475)	(36.0, 0.001045123193896475)	(37.0, 0.001045123193896475)	(38.0, 0.00209024638779295)	(39.0, 0.00209024638779295)	(40.0, 0.011496355132861227)	(41.0, 0.013586601520654176)	(42.0, 0.009406108745068278)	(43.0, 0.016721971102343598)	(44.0, 0.03344394220468721)	(45.0, 0.06375251482768497)	(46.0, 0.4305907558853463)	(47.0, 1.1161915710814267)	(48.0, 0.488072531549654)	(49.0, 1.847777806808959)	(50.0, 6.239385467561413)	(51.0, 5.864186240952664)	(52.0, 11.868418989890264)	(53.0, 15.947534815665826)	(54.0, 9.267107360280754)	(55.0, 10.825386042381108)	(56.0, 19.558435450574862)	(57.0, 11.663574843886462)	(58.0, 1.9679669741070671)	(59.0, 1.2029367961748294)	(60.0, 0.45776395892665533)	(61.0, 0.5727275102552709)	(62.0, 0.2497844433412574)	(63.0, 0.1640843414417469)	(64.0, 0.0627073916337885)	(65.0, 0.009406108745068278)	(66.0, 0.003135369581689425)	(67.0, 0.00209024638779295)	(68.0, 0.005225615969482376)	(69.0, 0.005225615969482376)	(70.0, 0.0041804927755859)	(71.0, 0.001045123193896475)	(72.0, 0.00209024638779295)	(73.0, 0.00209024638779295)	(74.0, 0.0)	(75.0, 0.0)	(76.0, 0.001045123193896475)	(77.0, 0.00209024638779295)	(78.0, 0.001045123193896475)	(79.0, 0.001045123193896475)	(80.0, 0.00209024638779295)	(81.0, 0.0)	(82.0, 0.001045123193896475)	(83.0, 0.001045123193896475)	(84.0, 0.001045123193896475)	(85.0, 0.001045123193896475)	(86.0, 0.0)	(87.0, 0.0)	(88.0, 0.001045123193896475)	(89.0, 0.0)	(90.0, 0.0)	(91.0, 0.0)	(92.0, 0.0)	(93.0, 0.0)	(94.0, 0.0)	(95.0, 0.0)	(96.0, 0.0)	(97.0, 0.0)	(98.0, 0.0)	(99.0, 0.0)	(100.0, 0.0015676847908447126)
SRR36466315_2	(0.0, 0.0)	(1.0, 0.0)	(2.0, 0.0)	(3.0, 0.0)	(4.0, 0.0)	(5.0, 0.0)	(6.0, 0.0)	(7.0, 0.0)	(8.0, 0.0)	(9.0, 0.0)	(10.0, 0.0)	(11.0, 0.0)	(12.0, 0.0)	(13.0, 0.0)	(14.0, 0.0)	(15.0, 0.0)	(16.0, 0.0)	(17.0, 0.0)	(18.0, 0.0)	(19.0, 0.0)	(20.0, 0.0)	(21.0, 0.0)	(22.0, 0.0)	(23.0, 0.0)	(24.0, 0.0)	(25.0, 0.00101342278478439)	(26.0, 0.0)	(27.0, 0.0)	(28.0, 0.0)	(29.0, 0.0)	(30.0, 0.0)	(31.0, 0.00101342278478439)	(32.0, 0.00101342278478439)	(33.0, 0.00101342278478439)	(34.0, 0.00101342278478439)	(35.0, 0.00101342278478439)	(36.0, 0.00405369113913756)	(37.0, 0.00202684556956878)	(38.0, 0.00405369113913756)	(39.0, 0.00810738227827512)	(40.0, 0.00810738227827512)	(41.0, 0.00912080506305951)	(42.0, 0.02432214683482535)	(43.0, 0.02229530126525657)	(44.0, 0.06080536708706339)	(45.0, 0.11654362025020483)	(46.0, 0.20065771138730965)	(47.0, 0.4529999847986219)	(48.0, 1.7613287999552574)	(49.0, 13.016402247772458)	(50.0, 15.523610217326759)	(51.0, 12.219851938932333)	(52.0, 12.300925761715122)	(53.0, 10.046060065568827)	(54.0, 9.525160754189415)	(55.0, 8.616120516237403)	(56.0, 6.774731316283329)	(57.0, 2.7230670227157527)	(58.0, 1.6062751138832283)	(59.0, 1.0012617113669735)	(60.0, 2.195073751843026)	(61.0, 0.4013154227746165)	(62.0, 0.1986308658177409)	(63.0, 0.17126845062856227)	(64.0, 0.05472483037835708)	(65.0, 0.14694630379373674)	(66.0, 0.38814092657241916)	(67.0, 0.035469797467453656)	(68.0, 0.05675167594792584)	(69.0, 0.013174496202197067)	(70.0, 0.01216107341741268)	(71.0, 0.08816778227624182)	(72.0, 0.16417449113507152)	(73.0, 0.015201341771765848)	(74.0, 0.00304026835435317)	(75.0, 0.00202684556956878)	(76.0, 0.00304026835435317)	(77.0, 0.005067113923921949)	(78.0, 0.00304026835435317)	(79.0, 0.0)	(80.0, 0.0)	(81.0, 0.00101342278478439)	(82.0, 0.00202684556956878)	(83.0, 0.00202684556956878)	(84.0, 0.00101342278478439)	(85.0, 0.0)	(86.0, 0.0)	(87.0, 0.0)	(88.0, 0.0)	(89.0, 0.0)	(90.0, 0.0)	(91.0, 0.0)	(92.0, 0.0)	(93.0, 0.0)	(94.0, 0.0)	(95.0, 0.0)	(96.0, 0.0)	(97.0, 0.0)	(98.0, 0.00101342278478439)	(99.0, 0.0)	(100.0, 0.001520134177176585)
SRR36466316_1	(0.0, 0.0)	(1.0, 0.0)	(2.0, 0.0)	(3.0, 0.0)	(4.0, 0.0)	(5.0, 0.0)	(6.0, 0.0)	(7.0, 0.0)	(8.0, 0.0)	(9.0, 0.0)	(10.0, 0.0)	(11.0, 0.0)	(12.0, 0.0)	(13.0, 0.0)	(14.0, 0.0)	(15.0, 0.0)	(16.0, 0.0)	(17.0, 0.0)	(18.0, 0.0)	(19.0, 0.0)	(20.0, 0.0)	(21.0, 0.0)	(22.0, 0.0)	(23.0, 0.0)	(24.0, 0.0)	(25.0, 0.0)	(26.0, 0.0)	(27.0, 0.0)	(28.0, 0.0)	(29.0, 0.0)	(30.0, 0.0)	(31.0, 0.0)	(32.0, 0.0)	(33.0, 0.0)	(34.0, 0.0)	(35.0, 0.0)	(36.0, 0.0)	(37.0, 0.0)	(38.0, 0.0010412328196584674)	(39.0, 0.005206164098292338)	(40.0, 0.00832986255726774)	(41.0, 0.00832986255726774)	(42.0, 0.014577259475218545)	(43.0, 0.02603082049146168)	(44.0, 0.03644314868804638)	(45.0, 0.05622657226155727)	(46.0, 0.6174510620574751)	(47.0, 1.6451478550603476)	(48.0, 0.5726780508121597)	(49.0, 2.1813827571845192)	(50.0, 6.9002498958763105)	(51.0, 6.178675551852814)	(52.0, 11.787796751355382)	(53.0, 15.595585172844306)	(54.0, 8.59225322782209)	(55.0, 10.650770512287817)	(56.0, 19.200333194498644)	(57.0, 11.607663473554384)	(58.0, 1.7690545605997192)	(59.0, 1.0995418575593339)	(60.0, 0.350895460224902)	(61.0, 0.6341107871720111)	(62.0, 0.21345272802998622)	(63.0, 0.13744273219491784)	(64.0, 0.055185339441898795)	(65.0, 0.00832986255726774)	(66.0, 0.005206164098292338)	(67.0, 0.005206164098292338)	(68.0, 0.003123698458975403)	(69.0, 0.0010412328196584674)	(70.0, 0.003123698458975403)	(71.0, 0.002082465639316935)	(72.0, 0.0010412328196584674)	(73.0, 0.002082465639316935)	(74.0, 0.00416493127863387)	(75.0, 0.007288629737609273)	(76.0, 0.00416493127863387)	(77.0, 0.0)	(78.0, 0.0)	(79.0, 0.0)	(80.0, 0.0010412328196584674)	(81.0, 0.0010412328196584674)	(82.0, 0.0)	(83.0, 0.0010412328196584674)	(84.0, 0.0010412328196584674)	(85.0, 0.0)	(86.0, 0.0010412328196584674)	(87.0, 0.0010412328196584674)	(88.0, 0.0)	(89.0, 0.0)	(90.0, 0.0)	(91.0, 0.0)	(92.0, 0.0)	(93.0, 0.0)	(94.0, 0.0)	(95.0, 0.0)	(96.0, 0.0010412328196584674)	(97.0, 0.0)	(98.0, 0.0)	(99.0, 0.0)	(100.0, 0.0)
SRR36466316_2	(0.0, 0.0)	(1.0, 0.0)	(2.0, 0.0)	(3.0, 0.0)	(4.0, 0.0)	(5.0, 0.0)	(6.0, 0.0)	(7.0, 0.0)	(8.0, 0.0)	(9.0, 0.0)	(10.0, 0.0)	(11.0, 0.0)	(12.0, 0.0)	(13.0, 0.0)	(14.0, 0.0)	(15.0, 0.0)	(16.0, 0.0)	(17.0, 0.0)	(18.0, 0.001016859531024301)	(19.0, 0.0)	(20.0, 0.0)	(21.0, 0.0)	(22.0, 0.0)	(23.0, 0.0)	(24.0, 0.0)	(25.0, 0.0)	(26.0, 0.001016859531024301)	(27.0, 0.001016859531024301)	(28.0, 0.0)	(29.0, 0.0)	(30.0, 0.0)	(31.0, 0.0)	(32.0, 0.0)	(33.0, 0.0)	(34.0, 0.001016859531024301)	(35.0, 0.0)	(36.0, 0.001016859531024301)	(37.0, 0.0)	(38.0, 0.002033719062048602)	(39.0, 0.0030505785930729033)	(40.0, 0.007118016717170106)	(41.0, 0.011185454841267314)	(42.0, 0.013219173903315914)	(43.0, 0.018303471558437413)	(44.0, 0.07016330764067673)	(45.0, 0.11287140794369738)	(46.0, 0.17286612027413156)	(47.0, 0.3853897622582079)	(48.0, 1.6808688047831473)	(49.0, 12.866323646052416)	(50.0, 15.03935246384937)	(51.0, 11.450855178866453)	(52.0, 13.244595391593112)	(53.0, 9.969290842163371)	(54.0, 9.597120253808308)	(55.0, 8.902605194118394)	(56.0, 7.702710947509174)	(57.0, 2.675357426125027)	(58.0, 1.533424172784612)	(59.0, 0.8419596916881267)	(60.0, 2.0865957576618896)	(61.0, 0.3630188525756736)	(62.0, 0.15456264871569403)	(63.0, 0.14541091293647526)	(64.0, 0.03660694311687485)	(65.0, 0.11897256512984322)	(66.0, 0.4606373675540081)	(67.0, 0.044741819365069276)	(68.0, 0.06914644810965243)	(69.0, 0.0050842976551215046)	(70.0, 0.0050842976551215046)	(71.0, 0.06507900998555524)	(72.0, 0.11795570559881893)	(73.0, 0.012202314372291613)	(74.0, 0.0030505785930729033)	(75.0, 0.002033719062048602)	(76.0, 0.001016859531024301)	(77.0, 0.0)	(78.0, 0.0)	(79.0, 0.0)	(80.0, 0.0)	(81.0, 0.0)	(82.0, 0.001016859531024301)	(83.0, 0.001016859531024301)	(84.0, 0.001016859531024301)	(85.0, 0.0)	(86.0, 0.0)	(87.0, 0.0)	(88.0, 0.0)	(89.0, 0.0)	(90.0, 0.0)	(91.0, 0.0)	(92.0, 0.0)	(93.0, 0.0)	(94.0, 0.0)	(95.0, 0.0)	(96.0, 0.0)	(97.0, 0.0)	(98.0, 0.0)	(99.0, 0.0)	(100.0, 0.0)
SRR36466317_1	(0.0, 0.0)	(1.0, 0.0)	(2.0, 0.0)	(3.0, 0.0)	(4.0, 0.0)	(5.0, 0.0)	(6.0, 0.0)	(7.0, 0.0)	(8.0, 0.0)	(9.0, 0.0)	(10.0, 0.0)	(11.0, 0.0)	(12.0, 0.0)	(13.0, 0.0)	(14.0, 0.0)	(15.0, 0.0)	(16.0, 0.0)	(17.0, 0.0)	(18.0, 0.0)	(19.0, 0.0)	(20.0, 0.0)	(21.0, 0.0)	(22.0, 0.0)	(23.0, 0.0)	(24.0, 0.0)	(25.0, 0.0)	(26.0, 0.0)	(27.0, 0.0010633207507044144)	(28.0, 0.0010633207507044144)	(29.0, 0.0)	(30.0, 0.0)	(31.0, 0.0)	(32.0, 0.0)	(33.0, 0.0)	(34.0, 0.0)	(35.0, 0.0)	(36.0, 0.002126641501408829)	(37.0, 0.0)	(38.0, 0.0)	(39.0, 0.003189962252113243)	(40.0, 0.0074432452549309)	(41.0, 0.010633207507044143)	(42.0, 0.01807645276197504)	(43.0, 0.02445637726620152)	(44.0, 0.019139773512679453)	(45.0, 0.04465947152958542)	(46.0, 0.08719230155776189)	(47.0, 0.22648731990004048)	(48.0, 0.4487213567972616)	(49.0, 2.8039768196076365)	(50.0, 7.1657185389967415)	(51.0, 5.337870168535837)	(52.0, 8.89574140039361)	(53.0, 15.424530809718467)	(54.0, 10.095167207188736)	(55.0, 8.17480993141569)	(56.0, 14.944973151151212)	(57.0, 9.629964378755343)	(58.0, 1.7603275027911351)	(59.0, 1.398266787176281)	(60.0, 1.49077569248756)	(61.0, 9.213674304854374)	(62.0, 1.7076931256312606)	(63.0, 0.6135360731564505)	(64.0, 0.3296294327183672)	(65.0, 0.051039396033811926)	(66.0, 0.022329735764792694)	(67.0, 0.008506566005635315)	(68.0, 0.006379924504226486)	(69.0, 0.005316603753522072)	(70.0, 0.004253283002817658)	(71.0, 0.002126641501408829)	(72.0, 0.003189962252113243)	(73.0, 0.002126641501408829)	(74.0, 0.0010633207507044144)	(75.0, 0.003189962252113243)	(76.0, 0.003189962252113243)	(77.0, 0.0010633207507044144)	(78.0, 0.0010633207507044144)	(79.0, 0.0)	(80.0, 0.0)	(81.0, 0.0)	(82.0, 0.0)	(83.0, 0.0)	(84.0, 0.0010633207507044144)	(85.0, 0.0010633207507044144)	(86.0, 0.0010633207507044144)	(87.0, 0.0010633207507044144)	(88.0, 0.0)	(89.0, 0.0)	(90.0, 0.0)	(91.0, 0.0)	(92.0, 0.0)	(93.0, 0.0)	(94.0, 0.0)	(95.0, 0.0)	(96.0, 0.0)	(97.0, 0.0)	(98.0, 0.0)	(99.0, 0.0)	(100.0, 0.0)
SRR36466317_2	(0.0, 0.0)	(1.0, 0.0)	(2.0, 0.0)	(3.0, 0.0)	(4.0, 0.0)	(5.0, 0.0)	(6.0, 0.0)	(7.0, 0.0)	(8.0, 0.0)	(9.0, 0.0)	(10.0, 0.0)	(11.0, 0.0)	(12.0, 0.0)	(13.0, 0.0)	(14.0, 0.0)	(15.0, 0.0)	(16.0, 0.0)	(17.0, 0.0)	(18.0, 0.0)	(19.0, 0.0)	(20.0, 0.0)	(21.0, 0.0)	(22.0, 0.0)	(23.0, 0.0)	(24.0, 0.0)	(25.0, 0.0)	(26.0, 0.0010191238592181806)	(27.0, 0.0)	(28.0, 0.0)	(29.0, 0.0)	(30.0, 0.0)	(31.0, 0.0)	(32.0, 0.0)	(33.0, 0.0)	(34.0, 0.0)	(35.0, 0.0)	(36.0, 0.0010191238592181806)	(37.0, 0.0010191238592181806)	(38.0, 0.002038247718436361)	(39.0, 0.0)	(40.0, 0.0030573715776545415)	(41.0, 0.010191238592181805)	(42.0, 0.013248610169836346)	(43.0, 0.027516344198890867)	(44.0, 0.06930042242683623)	(45.0, 0.0927402711888543)	(46.0, 0.20586301956207284)	(47.0, 0.4433188787599077)	(48.0, 1.880283520257543)	(49.0, 13.983398472333603)	(50.0, 14.952585262449212)	(51.0, 9.528808083690903)	(52.0, 10.767043572641557)	(53.0, 9.514540349661841)	(54.0, 8.383822427858757)	(55.0, 7.422788628615576)	(56.0, 4.570770508593354)	(57.0, 1.9404118279514226)	(58.0, 1.245369355964599)	(59.0, 0.556441627133129)	(60.0, 0.7327500547778791)	(61.0, 0.7103293298750787)	(62.0, 0.5768241043174932)	(63.0, 0.28841205215874427)	(64.0, 0.27720168970734443)	(65.0, 1.476710472007113)	(66.0, 8.438345554326954)	(67.0, 0.6430671551666768)	(68.0, 0.10293150978103612)	(69.0, 0.07439604172292712)	(70.0, 0.04586057366481815)	(71.0, 0.36688458931854306)	(72.0, 0.5330017783711102)	(73.0, 0.046879697524036326)	(74.0, 0.025478096480454505)	(75.0, 0.022420724902799963)	(76.0, 0.002038247718436361)	(77.0, 0.0030573715776545415)	(78.0, 0.004076495436872722)	(79.0, 0.002038247718436361)	(80.0, 0.0010191238592181806)	(81.0, 0.0030573715776545415)	(82.0, 0.002038247718436361)	(83.0, 0.0010191238592181806)	(84.0, 0.0)	(85.0, 0.0)	(86.0, 0.0)	(87.0, 0.0)	(88.0, 0.0010191238592181806)	(89.0, 0.0010191238592181806)	(90.0, 0.0)	(91.0, 0.0)	(92.0, 0.0)	(93.0, 0.0)	(94.0, 0.0)	(95.0, 0.0)	(96.0, 0.0)	(97.0, 0.0)	(98.0, 0.0)	(99.0, 0.0)	(100.0, 0.0015286857888272708)
SRR36466318_1	(0.0, 0.0)	(1.0, 0.0)	(2.0, 0.0)	(3.0, 0.0)	(4.0, 0.0)	(5.0, 0.0)	(6.0, 0.0)	(7.0, 0.0)	(8.0, 0.0)	(9.0, 0.0)	(10.0, 0.0)	(11.0, 0.0)	(12.0, 0.0)	(13.0, 0.0)	(14.0, 0.0)	(15.0, 0.0)	(16.0, 0.0)	(17.0, 0.0)	(18.0, 0.0)	(19.0, 0.0)	(20.0, 0.0)	(21.0, 0.0)	(22.0, 0.0)	(23.0, 0.0)	(24.0, 0.0)	(25.0, 0.0)	(26.0, 0.0)	(27.0, 0.0010697017671472946)	(28.0, 0.0)	(29.0, 0.0)	(30.0, 0.0)	(31.0, 0.0)	(32.0, 0.0010697017671472946)	(33.0, 0.0)	(34.0, 0.0010697017671472946)	(35.0, 0.0010697017671472946)	(36.0, 0.0021394035342945893)	(37.0, 0.005348508835736472)	(38.0, 0.0010697017671472946)	(39.0, 0.0021394035342945893)	(40.0, 0.009627315904325652)	(41.0, 0.010697017671472946)	(42.0, 0.016045526507209418)	(43.0, 0.018184930041504004)	(44.0, 0.020324333575798593)	(45.0, 0.029951649480124246)	(46.0, 0.056694193658806624)	(47.0, 0.24175259937528862)	(48.0, 0.5348508835736484)	(49.0, 3.344957425869726)	(50.0, 8.643190278550485)	(51.0, 6.1582730734664715)	(52.0, 8.90526721150169)	(53.0, 14.877412177485388)	(54.0, 9.87013820546899)	(55.0, 8.20675195755419)	(56.0, 16.917333447433425)	(57.0, 11.17089555432069)	(58.0, 1.7553805998886858)	(59.0, 1.1039322236960014)	(60.0, 0.9049676950066159)	(61.0, 5.707928629497562)	(62.0, 1.1060716272302957)	(63.0, 0.1839887039493351)	(64.0, 0.09199435197466722)	(65.0, 0.018184930041504004)	(66.0, 0.01711522827435671)	(67.0, 0.009627315904325652)	(68.0, 0.0042788070685891785)	(69.0, 0.005348508835736472)	(70.0, 0.005348508835736472)	(71.0, 0.006418210602883768)	(72.0, 0.003209105301441884)	(73.0, 0.003209105301441884)	(74.0, 0.0042788070685891785)	(75.0, 0.003209105301441884)	(76.0, 0.0042788070685891785)	(77.0, 0.0021394035342945893)	(78.0, 0.0010697017671472946)	(79.0, 0.0010697017671472946)	(80.0, 0.0021394035342945893)	(81.0, 0.0010697017671472946)	(82.0, 0.0)	(83.0, 0.0021394035342945893)	(84.0, 0.0)	(85.0, 0.0010697017671472946)	(86.0, 0.0010697017671472946)	(87.0, 0.0021394035342945893)	(88.0, 0.0)	(89.0, 0.0)	(90.0, 0.0)	(91.0, 0.0)	(92.0, 0.0)	(93.0, 0.0)	(94.0, 0.0)	(95.0, 0.0)	(96.0, 0.0)	(97.0, 0.0)	(98.0, 0.0)	(99.0, 0.0)	(100.0, 0.0)
SRR36466318_2	(0.0, 0.0)	(1.0, 0.0)	(2.0, 0.0)	(3.0, 0.0)	(4.0, 0.0)	(5.0, 0.0)	(6.0, 0.0)	(7.0, 0.0)	(8.0, 0.0)	(9.0, 0.0)	(10.0, 0.0)	(11.0, 0.0)	(12.0, 0.0)	(13.0, 0.0)	(14.0, 0.0)	(15.0, 0.0)	(16.0, 0.0)	(17.0, 0.0)	(18.0, 0.0)	(19.0, 0.0)	(20.0, 0.0)	(21.0, 0.0)	(22.0, 0.0)	(23.0, 0.0)	(24.0, 0.0)	(25.0, 0.0)	(26.0, 0.0)	(27.0, 0.0)	(28.0, 0.0)	(29.0, 0.0)	(30.0, 0.0)	(31.0, 0.0)	(32.0, 0.0)	(33.0, 0.0)	(34.0, 0.0)	(35.0, 0.0020475963778019742)	(36.0, 0.0020475963778019742)	(37.0, 0.0020475963778019742)	(38.0, 0.0020475963778019742)	(39.0, 0.0051189909445049355)	(40.0, 0.012285578266811847)	(41.0, 0.022523560155821708)	(42.0, 0.0317377438559306)	(43.0, 0.03890433117823752)	(44.0, 0.074737267789772)	(45.0, 0.13309376455712843)	(46.0, 0.30099666753688925)	(47.0, 0.6071123260182892)	(48.0, 2.282046163060345)	(49.0, 15.988656316065905)	(50.0, 16.410461169892727)	(51.0, 9.958484983440998)	(52.0, 11.633418820483774)	(53.0, 10.342409304279041)	(54.0, 8.051148957517592)	(55.0, 6.839995700047171)	(56.0, 4.443284139830132)	(57.0, 1.7332903338093537)	(58.0, 1.3442470220269733)	(59.0, 0.5651366002733476)	(60.0, 0.6542070427077359)	(61.0, 0.720753924986302)	(62.0, 0.5815173712957639)	(63.0, 0.2897348874589786)	(64.0, 0.18428367400217815)	(65.0, 0.8528238913545274)	(66.0, 5.152776284738354)	(67.0, 0.38290052264896707)	(68.0, 0.05323750582285135)	(69.0, 0.028666349289227636)	(70.0, 0.013309376455712832)	(71.0, 0.07678486416757396)	(72.0, 0.1382127555016334)	(73.0, 0.012285578266811847)	(74.0, 0.006142789133405922)	(75.0, 0.0051189909445049355)	(76.0, 0.0020475963778019742)	(77.0, 0.0010237981889009871)	(78.0, 0.0010237981889009871)	(79.0, 0.0010237981889009871)	(80.0, 0.0020475963778019742)	(81.0, 0.0010237981889009871)	(82.0, 0.0020475963778019742)	(83.0, 0.0)	(84.0, 0.0010237981889009871)	(85.0, 0.0010237981889009871)	(86.0, 0.0010237981889009871)	(87.0, 0.0010237981889009871)	(88.0, 0.0)	(89.0, 0.0010237981889009871)	(90.0, 0.0010237981889009871)	(91.0, 0.0010237981889009871)	(92.0, 0.0)	(93.0, 0.0)	(94.0, 0.0)	(95.0, 0.0)	(96.0, 0.0)	(97.0, 0.0)	(98.0, 0.0)	(99.0, 0.0010237981889009871)	(100.0, 0.0015356972833514809)
SRR36466319_1	(0.0, 0.0)	(1.0, 0.0)	(2.0, 0.0)	(3.0, 0.0)	(4.0, 0.0)	(5.0, 0.0)	(6.0, 0.0)	(7.0, 0.0010866140021080005)	(8.0, 0.0)	(9.0, 0.0)	(10.0, 0.0)	(11.0, 0.0)	(12.0, 0.0)	(13.0, 0.0)	(14.0, 0.0)	(15.0, 0.0)	(16.0, 0.0)	(17.0, 0.0)	(18.0, 0.0)	(19.0, 0.0)	(20.0, 0.0)	(21.0, 0.0)	(22.0, 0.0)	(23.0, 0.0)	(24.0, 0.0)	(25.0, 0.0)	(26.0, 0.0)	(27.0, 0.0)	(28.0, 0.0)	(29.0, 0.0)	(30.0, 0.0)	(31.0, 0.0)	(32.0, 0.0)	(33.0, 0.0)	(34.0, 0.0010866140021080005)	(35.0, 0.0010866140021080005)	(36.0, 0.0)	(37.0, 0.0)	(38.0, 0.0010866140021080005)	(39.0, 0.0032598420063240014)	(40.0, 0.006519684012648001)	(41.0, 0.010866140021080004)	(42.0, 0.014125982027404005)	(43.0, 0.019559052037944002)	(44.0, 0.04237794608221203)	(45.0, 0.045637788088536045)	(46.0, 0.12387399624031203)	(47.0, 0.25535429049538)	(48.0, 0.4998424409696801)	(49.0, 2.9642829977507343)	(50.0, 7.948581425419994)	(51.0, 5.567810146801038)	(52.0, 8.573384476632379)	(53.0, 14.88552521487853)	(54.0, 10.110943289615898)	(55.0, 8.250660118006154)	(56.0, 16.16555650936059)	(57.0, 10.57927392452466)	(58.0, 1.6777320192547154)	(59.0, 1.3778265546729231)	(60.0, 1.2452596464157546)	(61.0, 7.630203522802205)	(62.0, 1.3148029425506627)	(63.0, 0.35858262069563857)	(64.0, 0.20645666040052063)	(65.0, 0.024992122048483997)	(66.0, 0.014125982027404005)	(67.0, 0.011952754023188007)	(68.0, 0.010866140021080004)	(69.0, 0.006519684012648001)	(70.0, 0.006519684012648001)	(71.0, 0.006519684012648001)	(72.0, 0.004346456008432002)	(73.0, 0.0010866140021080005)	(74.0, 0.004346456008432002)	(75.0, 0.007606298014756001)	(76.0, 0.004346456008432002)	(77.0, 0.0032598420063240014)	(78.0, 0.002173228004216001)	(79.0, 0.0010866140021080005)	(80.0, 0.0010866140021080005)	(81.0, 0.002173228004216001)	(82.0, 0.002173228004216001)	(83.0, 0.0)	(84.0, 0.0)	(85.0, 0.0)	(86.0, 0.0)	(87.0, 0.0)	(88.0, 0.0010866140021080005)	(89.0, 0.0010866140021080005)	(90.0, 0.0)	(91.0, 0.0)	(92.0, 0.0)	(93.0, 0.0)	(94.0, 0.0)	(95.0, 0.0)	(96.0, 0.0)	(97.0, 0.0)	(98.0, 0.0)	(99.0, 0.0)	(100.0, 0.0)
SRR36466319_2	(0.0, 0.0)	(1.0, 0.0)	(2.0, 0.0)	(3.0, 0.0)	(4.0, 0.0)	(5.0, 0.0)	(6.0, 0.0)	(7.0, 0.0)	(8.0, 0.0)	(9.0, 0.0)	(10.0, 0.0)	(11.0, 0.0)	(12.0, 0.0)	(13.0, 0.0)	(14.0, 0.0)	(15.0, 0.0)	(16.0, 0.0)	(17.0, 0.0)	(18.0, 0.0)	(19.0, 0.0)	(20.0, 0.0)	(21.0, 0.0)	(22.0, 0.0)	(23.0, 0.0)	(24.0, 0.0)	(25.0, 0.0)	(26.0, 0.0)	(27.0, 0.0)	(28.0, 0.0)	(29.0, 0.0)	(30.0, 0.0)	(31.0, 0.0)	(32.0, 0.0)	(33.0, 0.002082140440372643)	(34.0, 0.0010410702201863215)	(35.0, 0.0010410702201863215)	(36.0, 0.002082140440372643)	(37.0, 0.0031232106605589647)	(38.0, 0.005205351100931607)	(39.0, 0.005205351100931607)	(40.0, 0.002082140440372643)	(41.0, 0.008328561761490572)	(42.0, 0.01873926396335378)	(43.0, 0.04060173858726656)	(44.0, 0.06662849409192456)	(45.0, 0.11972307532142697)	(46.0, 0.2488157826245307)	(47.0, 0.5413565144968889)	(48.0, 2.0488261933266956)	(49.0, 14.522929571599938)	(50.0, 15.9564832647952)	(51.0, 9.427931914008123)	(52.0, 10.453386080892118)	(53.0, 9.90057779397293)	(54.0, 8.421217011087494)	(55.0, 7.195877361927636)	(56.0, 4.730623080526442)	(57.0, 2.095674353235085)	(58.0, 1.441882254958028)	(59.0, 0.6225599916714243)	(60.0, 0.6923116964239098)	(61.0, 0.7443652074332274)	(62.0, 0.6485867471760831)	(63.0, 0.34667638332204354)	(64.0, 0.24673364218415808)	(65.0, 1.1941075425536973)	(66.0, 6.994950809431584)	(67.0, 0.4986726354692485)	(68.0, 0.07287491541304246)	(69.0, 0.036437457706521265)	(70.0, 0.019780334183540103)	(71.0, 0.20925511425745102)	(72.0, 0.3300192597990626)	(73.0, 0.03227317682577597)	(74.0, 0.011451772422049538)	(75.0, 0.004164280880745286)	(76.0, 0.0031232106605589647)	(77.0, 0.002082140440372643)	(78.0, 0.002082140440372643)	(79.0, 0.0031232106605589647)	(80.0, 0.0010410702201863215)	(81.0, 0.0)	(82.0, 0.0031232106605589647)	(83.0, 0.002082140440372643)	(84.0, 0.0)	(85.0, 0.0010410702201863215)	(86.0, 0.002082140440372643)	(87.0, 0.0010410702201863215)	(88.0, 0.0)	(89.0, 0.0010410702201863215)	(90.0, 0.002082140440372643)	(91.0, 0.0010410702201863215)	(92.0, 0.0010410702201863215)	(93.0, 0.002082140440372643)	(94.0, 0.002082140440372643)	(95.0, 0.0010410702201863215)	(96.0, 0.0)	(97.0, 0.0010410702201863215)	(98.0, 0.0010410702201863215)	(99.0, 0.0)	(100.0, 0.0)
SRR36466320_1	(0.0, 0.0)	(1.0, 0.0)	(2.0, 0.0)	(3.0, 0.0)	(4.0, 0.0)	(5.0, 0.0)	(6.0, 0.0)	(7.0, 0.0)	(8.0, 0.0)	(9.0, 0.0)	(10.0, 0.0)	(11.0, 0.0)	(12.0, 0.0)	(13.0, 0.0)	(14.0, 0.0)	(15.0, 0.0)	(16.0, 0.0)	(17.0, 0.0)	(18.0, 0.0)	(19.0, 0.0)	(20.0, 0.0)	(21.0, 0.0)	(22.0, 0.0)	(23.0, 0.0)	(24.0, 0.0)	(25.0, 0.0)	(26.0, 0.0)	(27.0, 0.0009019735180576096)	(28.0, 0.0009019735180576096)	(29.0, 0.0)	(30.0, 0.0)	(31.0, 0.0009019735180576096)	(32.0, 0.0018039470361152193)	(33.0, 0.0)	(34.0, 0.0)	(35.0, 0.0)	(36.0, 0.0009019735180576096)	(37.0, 0.0)	(38.0, 0.002705920554172829)	(39.0, 0.004509867590288048)	(40.0, 0.009019735180576097)	(41.0, 0.008117761662518487)	(42.0, 0.009921708698633708)	(43.0, 0.02164736443338262)	(44.0, 0.0279611790597859)	(45.0, 0.0441967023848229)	(46.0, 0.07937366958906955)	(47.0, 0.36259335425915756)	(48.0, 1.6677490348885204)	(49.0, 1.332214886171061)	(50.0, 4.2816682902192555)	(51.0, 6.555543529242663)	(52.0, 12.124328029731457)	(53.0, 18.850344553880934)	(54.0, 21.63834469819447)	(55.0, 13.626113937296012)	(56.0, 9.51401666847297)	(57.0, 4.085038063282741)	(58.0, 1.4855503842408628)	(59.0, 1.0381715192842969)	(60.0, 0.5601255547137797)	(61.0, 1.6578273261898857)	(62.0, 0.475340044016362)	(63.0, 0.2913374463326067)	(64.0, 0.15874733917813966)	(65.0, 0.023451311469497846)	(66.0, 0.009921708698633708)	(67.0, 0.009019735180576097)	(68.0, 0.007215788144460877)	(69.0, 0.004509867590288048)	(70.0, 0.007215788144460877)	(71.0, 0.0036078940722304386)	(72.0, 0.0018039470361152193)	(73.0, 0.0)	(74.0, 0.0)	(75.0, 0.0)	(76.0, 0.0)	(77.0, 0.0)	(78.0, 0.0009019735180576096)	(79.0, 0.0018039470361152193)	(80.0, 0.0009019735180576096)	(81.0, 0.0)	(82.0, 0.0)	(83.0, 0.002705920554172829)	(84.0, 0.0036078940722304386)	(85.0, 0.0018039470361152193)	(86.0, 0.0009019735180576096)	(87.0, 0.0009019735180576096)	(88.0, 0.0)	(89.0, 0.0)	(90.0, 0.0)	(91.0, 0.0)	(92.0, 0.0)	(93.0, 0.0009019735180576096)	(94.0, 0.0009019735180576096)	(95.0, 0.0)	(96.0, 0.0)	(97.0, 0.0)	(98.0, 0.0)	(99.0, 0.0)	(100.0, 0.0)
SRR36466320_2	(0.0, 0.0)	(1.0, 0.0)	(2.0, 0.0)	(3.0, 0.0)	(4.0, 0.0)	(5.0, 0.0)	(6.0, 0.0)	(7.0, 0.0)	(8.0, 0.0)	(9.0, 0.0)	(10.0, 0.0)	(11.0, 0.0)	(12.0, 0.0)	(13.0, 0.0)	(14.0, 0.0)	(15.0, 0.0)	(16.0, 0.0)	(17.0, 0.0)	(18.0, 0.0)	(19.0, 0.0)	(20.0, 0.0)	(21.0, 0.0)	(22.0, 0.0)	(23.0, 0.0)	(24.0, 0.0)	(25.0, 0.0)	(26.0, 0.0)	(27.0, 0.0)	(28.0, 0.0009397613006295996)	(29.0, 0.0009397613006295996)	(30.0, 0.0)	(31.0, 0.0)	(32.0, 0.0)	(33.0, 0.0)	(34.0, 0.0009397613006295996)	(35.0, 0.0009397613006295996)	(36.0, 0.0)	(37.0, 0.0037590452025183982)	(38.0, 0.0028192839018887986)	(39.0, 0.005638567803777596)	(40.0, 0.009397613006295996)	(41.0, 0.0075180904050367965)	(42.0, 0.008457851705666397)	(43.0, 0.0357109294239248)	(44.0, 0.06578329104407192)	(45.0, 0.11183159477492237)	(46.0, 0.2659524480781759)	(47.0, 0.4022178366694677)	(48.0, 1.5130156940136303)	(49.0, 8.132694295649102)	(50.0, 8.315947749271956)	(51.0, 10.221783666949651)	(52.0, 10.029132600320496)	(53.0, 13.211164364251498)	(54.0, 17.293487454182767)	(55.0, 11.414340757449155)	(56.0, 8.386429846819208)	(57.0, 2.6632835259843906)	(58.0, 2.337186354665883)	(59.0, 0.5807724837890967)	(60.0, 1.580678507658969)	(61.0, 0.38906117846065297)	(62.0, 0.29320552579643394)	(63.0, 0.17573536321773559)	(64.0, 0.06860257494596071)	(65.0, 0.27253077718258306)	(66.0, 1.298750117470082)	(67.0, 0.10901231087303354)	(68.0, 0.042289258528332006)	(69.0, 0.03477116812329519)	(70.0, 0.02161450991448078)	(71.0, 0.21050653134103034)	(72.0, 0.4003383140682085)	(73.0, 0.04416878112959121)	(74.0, 0.008457851705666397)	(75.0, 0.004698806503147998)	(76.0, 0.0)	(77.0, 0.0009397613006295996)	(78.0, 0.0028192839018887986)	(79.0, 0.0018795226012591991)	(80.0, 0.004698806503147998)	(81.0, 0.0037590452025183982)	(82.0, 0.0018795226012591991)	(83.0, 0.0)	(84.0, 0.0)	(85.0, 0.0)	(86.0, 0.0)	(87.0, 0.0018795226012591991)	(88.0, 0.0)	(89.0, 0.0)	(90.0, 0.0)	(91.0, 0.0)	(92.0, 0.0)	(93.0, 0.0)	(94.0, 0.0)	(95.0, 0.0)	(96.0, 0.0009397613006295996)	(97.0, 0.0009397613006295996)	(98.0, 0.0)	(99.0, 0.0009397613006295996)	(100.0, 0.0028192839018887986)
SRR36466321_1	(0.0, 0.0)	(1.0, 0.0)	(2.0, 0.0)	(3.0, 0.0)	(4.0, 0.0)	(5.0, 0.0)	(6.0, 0.0)	(7.0, 0.0)	(8.0, 0.0)	(9.0, 0.0)	(10.0, 0.0)	(11.0, 0.0)	(12.0, 0.0)	(13.0, 0.0)	(14.0, 0.0)	(15.0, 0.0)	(16.0, 0.0)	(17.0, 0.0)	(18.0, 0.0)	(19.0, 0.0)	(20.0, 0.0)	(21.0, 0.0)	(22.0, 0.0)	(23.0, 0.0)	(24.0, 0.0)	(25.0, 0.0)	(26.0, 0.0)	(27.0, 0.0)	(28.0, 0.0)	(29.0, 0.0)	(30.0, 0.0)	(31.0, 0.0009059283954196097)	(32.0, 0.0009059283954196097)	(33.0, 0.0)	(34.0, 0.0009059283954196097)	(35.0, 0.0018118567908392193)	(36.0, 0.002717785186258829)	(37.0, 0.0018118567908392193)	(38.0, 0.0009059283954196097)	(39.0, 0.002717785186258829)	(40.0, 0.0036237135816784387)	(41.0, 0.006341498767937267)	(42.0, 0.006341498767937267)	(43.0, 0.012682997535874534)	(44.0, 0.026271923467168678)	(45.0, 0.04257863458472168)	(46.0, 0.08334541237860398)	(47.0, 0.1503841136396555)	(48.0, 0.44209305696477014)	(49.0, 3.174373097550349)	(50.0, 14.493948398317302)	(51.0, 8.914335410929974)	(52.0, 7.388751993042658)	(53.0, 7.4766270473984004)	(54.0, 5.693759965211798)	(55.0, 13.64237570662364)	(56.0, 13.461190027539885)	(57.0, 11.449123061314763)	(58.0, 7.025474706479229)	(59.0, 3.1236411074068626)	(60.0, 1.2393100449340029)	(61.0, 1.2130381214668358)	(62.0, 0.5236266125525374)	(63.0, 0.24460066676329403)	(64.0, 0.08243948398318436)	(65.0, 0.01358892593129414)	(66.0, 0.009059283954196097)	(67.0, 0.002717785186258829)	(68.0, 0.006341498767937267)	(69.0, 0.0045296419770980475)	(70.0, 0.0018118567908392193)	(71.0, 0.0045296419770980475)	(72.0, 0.0009059283954196097)	(73.0, 0.0036237135816784387)	(74.0, 0.0018118567908392193)	(75.0, 0.0)	(76.0, 0.0018118567908392193)	(77.0, 0.002717785186258829)	(78.0, 0.0018118567908392193)	(79.0, 0.0045296419770980475)	(80.0, 0.002717785186258829)	(81.0, 0.0)	(82.0, 0.0)	(83.0, 0.0)	(84.0, 0.0009059283954196097)	(85.0, 0.0009059283954196097)	(86.0, 0.0)	(87.0, 0.0)	(88.0, 0.0)	(89.0, 0.0)	(90.0, 0.0009059283954196097)	(91.0, 0.0009059283954196097)	(92.0, 0.0)	(93.0, 0.0009059283954196097)	(94.0, 0.0)	(95.0, 0.0)	(96.0, 0.0)	(97.0, 0.0)	(98.0, 0.0)	(99.0, 0.0)	(100.0, 0.0)
SRR36466321_2	(0.0, 0.0)	(1.0, 0.0)	(2.0, 0.0)	(3.0, 0.0)	(4.0, 0.0)	(5.0, 0.0)	(6.0, 0.0)	(7.0, 0.0)	(8.0, 0.0)	(9.0, 0.0)	(10.0, 0.0)	(11.0, 0.0)	(12.0, 0.0)	(13.0, 0.0)	(14.0, 0.0)	(15.0, 0.0)	(16.0, 0.0)	(17.0, 0.0)	(18.0, 0.0)	(19.0, 0.0)	(20.0, 0.0)	(21.0, 0.0)	(22.0, 0.0)	(23.0, 0.0)	(24.0, 0.0)	(25.0, 0.0)	(26.0, 0.0)	(27.0, 0.0)	(28.0, 0.0)	(29.0, 0.0)	(30.0, 0.0)	(31.0, 0.0)	(32.0, 0.0)	(33.0, 0.0)	(34.0, 0.0)	(35.0, 0.0)	(36.0, 0.0)	(37.0, 0.0)	(38.0, 0.0009041386948757761)	(39.0, 0.0)	(40.0, 0.0)	(41.0, 0.0018082773897515523)	(42.0, 0.0036165547795031045)	(43.0, 0.007233109559006209)	(44.0, 0.020795189982142845)	(45.0, 0.029836576930900624)	(46.0, 0.06509798603105585)	(47.0, 0.1121131981645963)	(48.0, 0.3480933975271719)	(49.0, 2.482764856128974)	(50.0, 5.896792567979463)	(51.0, 8.20686693338812)	(52.0, 9.733053050339127)	(53.0, 13.317962975520198)	(54.0, 9.053140751792233)	(55.0, 10.058542980494552)	(56.0, 15.741958816479947)	(57.0, 6.2295156076939)	(58.0, 4.286521552405838)	(59.0, 1.1726678872538625)	(60.0, 2.035216202165414)	(61.0, 4.022513053502172)	(62.0, 2.7512940485071105)	(63.0, 2.1735494224814236)	(64.0, 0.33272303971428385)	(65.0, 0.6030605094821481)	(66.0, 0.7531475328315261)	(67.0, 0.33543545579891115)	(68.0, 0.02622002215139751)	(69.0, 0.015370357812888194)	(70.0, 0.009041386948757764)	(71.0, 0.04701521213354039)	(72.0, 0.06871454081055894)	(73.0, 0.015370357812888194)	(74.0, 0.014466219118012418)	(75.0, 0.007233109559006209)	(76.0, 0.0027124160846273286)	(77.0, 0.0018082773897515523)	(78.0, 0.0)	(79.0, 0.0027124160846273286)	(80.0, 0.0018082773897515523)	(81.0, 0.0027124160846273286)	(82.0, 0.0009041386948757761)	(83.0, 0.0009041386948757761)	(84.0, 0.0018082773897515523)	(85.0, 0.0009041386948757761)	(86.0, 0.0)	(87.0, 0.0)	(88.0, 0.0)	(89.0, 0.0009041386948757761)	(90.0, 0.0009041386948757761)	(91.0, 0.0)	(92.0, 0.0)	(93.0, 0.0)	(94.0, 0.0)	(95.0, 0.0)	(96.0, 0.0)	(97.0, 0.0)	(98.0, 0.0)	(99.0, 0.0009041386948757761)	(100.0, 0.0013562080423136643)
SRR36466322_1	(0.0, 0.0)	(1.0, 0.0)	(2.0, 0.0)	(3.0, 0.0)	(4.0, 0.0)	(5.0, 0.0)	(6.0, 0.0)	(7.0, 0.0)	(8.0, 0.0)	(9.0, 0.0)	(10.0, 0.0)	(11.0, 0.0)	(12.0, 0.0)	(13.0, 0.0)	(14.0, 0.0)	(15.0, 0.0)	(16.0, 0.0)	(17.0, 0.0)	(18.0, 0.0)	(19.0, 0.0)	(20.0, 0.0)	(21.0, 0.0)	(22.0, 0.0)	(23.0, 0.0)	(24.0, 0.0)	(25.0, 0.0)	(26.0, 0.0)	(27.0, 0.0)	(28.0, 0.0)	(29.0, 0.0)	(30.0, 0.0)	(31.0, 0.0)	(32.0, 0.0)	(33.0, 0.0010046263041304628)	(34.0, 0.0010046263041304628)	(35.0, 0.0030138789123913884)	(36.0, 0.0020092526082609256)	(37.0, 0.0)	(38.0, 0.0020092526082609256)	(39.0, 0.0030138789123913884)	(40.0, 0.008037010433043702)	(41.0, 0.010046263041304628)	(42.0, 0.013060141953696015)	(43.0, 0.022101778690870173)	(44.0, 0.04018505216521853)	(45.0, 0.06730996237674097)	(46.0, 0.10448113562956804)	(47.0, 0.155717077140222)	(48.0, 0.39079963230674797)	(49.0, 2.538690670537757)	(50.0, 14.956876415894198)	(51.0, 9.187307551273891)	(52.0, 8.753308987889334)	(53.0, 8.804544929400011)	(54.0, 6.12018344476223)	(55.0, 8.70508692529105)	(56.0, 11.48890641403783)	(57.0, 11.548179365981552)	(58.0, 8.436851702088093)	(59.0, 5.633944313563196)	(60.0, 1.2025376860441483)	(61.0, 1.1181490764971942)	(62.0, 0.38276262187370413)	(63.0, 0.14768006670717826)	(64.0, 0.0763515991139151)	(65.0, 0.024111031299131096)	(66.0, 0.017078647170217863)	(67.0, 0.006027757824782776)	(68.0, 0.006027757824782776)	(69.0, 0.0030138789123913884)	(70.0, 0.0020092526082609256)	(71.0, 0.0)	(72.0, 0.0010046263041304628)	(73.0, 0.0010046263041304628)	(74.0, 0.0)	(75.0, 0.0010046263041304628)	(76.0, 0.0)	(77.0, 0.0030138789123913884)	(78.0, 0.0030138789123913884)	(79.0, 0.0)	(80.0, 0.0010046263041304628)	(81.0, 0.0020092526082609256)	(82.0, 0.0010046263041304628)	(83.0, 0.0010046263041304628)	(84.0, 0.0010046263041304628)	(85.0, 0.0)	(86.0, 0.0)	(87.0, 0.0)	(88.0, 0.0)	(89.0, 0.0)	(90.0, 0.0)	(91.0, 0.0)	(92.0, 0.0)	(93.0, 0.0)	(94.0, 0.0)	(95.0, 0.0)	(96.0, 0.0)	(97.0, 0.0)	(98.0, 0.0)	(99.0, 0.0)	(100.0, 0.0015069394561956942)
SRR36466322_2	(0.0, 0.0)	(1.0, 0.0)	(2.0, 0.0)	(3.0, 0.0)	(4.0, 0.0)	(5.0, 0.0)	(6.0, 0.0)	(7.0, 0.0)	(8.0, 0.0)	(9.0, 0.0)	(10.0, 0.0)	(11.0, 0.0)	(12.0, 0.0)	(13.0, 0.0)	(14.0, 0.0)	(15.0, 0.0)	(16.0, 0.0)	(17.0, 0.0)	(18.0, 0.0)	(19.0, 0.0)	(20.0, 0.0)	(21.0, 0.0)	(22.0, 0.0)	(23.0, 0.0)	(24.0, 0.0)	(25.0, 0.0)	(26.0, 0.0)	(27.0, 0.0)	(28.0, 0.0)	(29.0, 0.0)	(30.0, 0.0)	(31.0, 0.0)	(32.0, 0.0)	(33.0, 0.0)	(34.0, 0.0)	(35.0, 0.0)	(36.0, 0.0009997850462150006)	(37.0, 0.0)	(38.0, 0.0009997850462150006)	(39.0, 0.001999570092430001)	(40.0, 0.001999570092430001)	(41.0, 0.0059987102772900034)	(42.0, 0.009997850462150007)	(43.0, 0.012997205600795007)	(44.0, 0.028993766340235018)	(45.0, 0.05998710277290003)	(46.0, 0.09697914948285492)	(47.0, 0.15596646720954038)	(48.0, 0.5158890838469419)	(49.0, 3.1503226806235887)	(50.0, 6.657568622745365)	(51.0, 8.397194603160257)	(52.0, 8.141249631329101)	(53.0, 10.636713106682876)	(54.0, 9.518953425013999)	(55.0, 11.19059402228624)	(56.0, 14.05397839464489)	(57.0, 9.69691516324035)	(58.0, 4.767974885399092)	(59.0, 0.9757902051058375)	(60.0, 2.0925501017280244)	(61.0, 3.9731457736583464)	(62.0, 2.072554400803722)	(63.0, 2.147538279269856)	(64.0, 0.2709417475242646)	(65.0, 0.3439260558979586)	(66.0, 0.5758761866198436)	(67.0, 0.2119544297975804)	(68.0, 0.021995271016730007)	(69.0, 0.01599656073944001)	(70.0, 0.012997205600795007)	(71.0, 0.03599226166374003)	(72.0, 0.05598796258804004)	(73.0, 0.013996990647010009)	(74.0, 0.020995485970515006)	(75.0, 0.019995700924300006)	(76.0, 0.008998065415935006)	(77.0, 0.002999355138645002)	(78.0, 0.002999355138645002)	(79.0, 0.002999355138645002)	(80.0, 0.001999570092430001)	(81.0, 0.002999355138645002)	(82.0, 0.0009997850462150006)	(83.0, 0.002999355138645002)	(84.0, 0.0)	(85.0, 0.0009997850462150006)	(86.0, 0.0009997850462150006)	(87.0, 0.0)	(88.0, 0.0009997850462150006)	(89.0, 0.0009997850462150006)	(90.0, 0.0)	(91.0, 0.0)	(92.0, 0.0)	(93.0, 0.0)	(94.0, 0.0)	(95.0, 0.0)	(96.0, 0.0)	(97.0, 0.0)	(98.0, 0.0)	(99.0, 0.0009997850462150006)	(100.0, 0.001499677569322501)
SRR36466323_1	(0.0, 0.0)	(1.0, 0.0)	(2.0, 0.0)	(3.0, 0.0)	(4.0, 0.0)	(5.0, 0.0)	(6.0, 0.0)	(7.0, 0.0)	(8.0, 0.0)	(9.0, 0.0)	(10.0, 0.0)	(11.0, 0.0)	(12.0, 0.0)	(13.0, 0.0)	(14.0, 0.0)	(15.0, 0.0)	(16.0, 0.0)	(17.0, 0.0)	(18.0, 0.0)	(19.0, 0.0)	(20.0, 0.0)	(21.0, 0.0)	(22.0, 0.0)	(23.0, 0.0)	(24.0, 0.0)	(25.0, 0.0)	(26.0, 0.0)	(27.0, 0.0)	(28.0, 0.0)	(29.0, 0.0)	(30.0, 0.0)	(31.0, 0.0)	(32.0, 0.0)	(33.0, 0.0)	(34.0, 0.0)	(35.0, 0.001044790153897518)	(36.0, 0.001044790153897518)	(37.0, 0.0031343704616925545)	(38.0, 0.001044790153897518)	(39.0, 0.002089580307795036)	(40.0, 0.004179160615590072)	(41.0, 0.010447901538975181)	(42.0, 0.012537481846770218)	(43.0, 0.0114926916928727)	(44.0, 0.026119753847437942)	(45.0, 0.04701555692538834)	(46.0, 0.07626968123451876)	(47.0, 0.1462706215456527)	(48.0, 0.350004701555667)	(49.0, 2.434361058581275)	(50.0, 13.736900943446084)	(51.0, 8.575637583191224)	(52.0, 7.568459874833559)	(53.0, 7.6395056052986225)	(54.0, 6.023215237218698)	(55.0, 10.061329182034171)	(56.0, 12.464346535999555)	(57.0, 12.343150878147387)	(58.0, 8.545338668728183)	(59.0, 5.03484375163187)	(60.0, 1.7761432616257635)	(61.0, 1.8440546216291098)	(62.0, 0.7804582449614546)	(63.0, 0.2894068726296118)	(64.0, 0.09716548431246905)	(65.0, 0.020895803077950355)	(66.0, 0.010447901538975181)	(67.0, 0.009403111385077663)	(68.0, 0.00522395076948759)	(69.0, 0.0031343704616925545)	(70.0, 0.004179160615590072)	(71.0, 0.004179160615590072)	(72.0, 0.002089580307795036)	(73.0, 0.001044790153897518)	(74.0, 0.002089580307795036)	(75.0, 0.006268740923385107)	(76.0, 0.0031343704616925545)	(77.0, 0.002089580307795036)	(78.0, 0.006268740923385107)	(79.0, 0.00522395076948759)	(80.0, 0.0031343704616925545)	(81.0, 0.0)	(82.0, 0.0)	(83.0, 0.0)	(84.0, 0.0)	(85.0, 0.0)	(86.0, 0.0)	(87.0, 0.002089580307795036)	(88.0, 0.002089580307795036)	(89.0, 0.0)	(90.0, 0.0)	(91.0, 0.0)	(92.0, 0.0)	(93.0, 0.0)	(94.0, 0.0)	(95.0, 0.0)	(96.0, 0.0)	(97.0, 0.0)	(98.0, 0.0)	(99.0, 0.0)	(100.0, 0.0)
SRR36466323_2	(0.0, 0.0)	(1.0, 0.0)	(2.0, 0.0)	(3.0, 0.0)	(4.0, 0.0)	(5.0, 0.0)	(6.0, 0.0)	(7.0, 0.0)	(8.0, 0.0)	(9.0, 0.0)	(10.0, 0.0)	(11.0, 0.0)	(12.0, 0.0)	(13.0, 0.0)	(14.0, 0.0)	(15.0, 0.0)	(16.0, 0.0)	(17.0, 0.0)	(18.0, 0.0)	(19.0, 0.0)	(20.0, 0.0)	(21.0, 0.0)	(22.0, 0.0)	(23.0, 0.0)	(24.0, 0.0)	(25.0, 0.0)	(26.0, 0.0)	(27.0, 0.0)	(28.0, 0.0)	(29.0, 0.0)	(30.0, 0.0)	(31.0, 0.0)	(32.0, 0.0)	(33.0, 0.0)	(34.0, 0.0)	(35.0, 0.0)	(36.0, 0.0)	(37.0, 0.0)	(38.0, 0.002082812630175697)	(39.0, 0.003124218945263546)	(40.0, 0.003124218945263546)	(41.0, 0.006248437890527091)	(42.0, 0.006248437890527091)	(43.0, 0.009372656835790638)	(44.0, 0.020828126301756966)	(45.0, 0.03540781471298687)	(46.0, 0.06977422311088582)	(47.0, 0.11247188202948759)	(48.0, 0.39885861867864375)	(49.0, 2.7180704823793755)	(50.0, 6.55981837873785)	(51.0, 8.325002082812556)	(52.0, 8.06777472298574)	(53.0, 11.381529617596781)	(54.0, 8.97379821711258)	(55.0, 9.815254519703945)	(56.0, 14.163125885195827)	(57.0, 7.678288761142707)	(58.0, 4.215612763475525)	(59.0, 1.150753978172062)	(60.0, 2.2713071732066377)	(61.0, 4.498875281179355)	(62.0, 2.981546280096631)	(63.0, 3.2106556694159796)	(64.0, 0.5134133133383103)	(65.0, 0.8320836457551982)	(66.0, 1.1830375739397834)	(67.0, 0.4738398733649709)	(68.0, 0.06665000416562228)	(69.0, 0.03228359576772331)	(70.0, 0.013538282096142032)	(71.0, 0.04686328417895321)	(72.0, 0.07289844205614936)	(73.0, 0.030200783137547607)	(74.0, 0.028117970507371907)	(75.0, 0.009372656835790638)	(76.0, 0.003124218945263546)	(77.0, 0.002082812630175697)	(78.0, 0.0010414063150878485)	(79.0, 0.0)	(80.0, 0.002082812630175697)	(81.0, 0.002082812630175697)	(82.0, 0.0010414063150878485)	(83.0, 0.0010414063150878485)	(84.0, 0.002082812630175697)	(85.0, 0.002082812630175697)	(86.0, 0.0)	(87.0, 0.0)	(88.0, 0.0)	(89.0, 0.0)	(90.0, 0.0010414063150878485)	(91.0, 0.0010414063150878485)	(92.0, 0.0)	(93.0, 0.0)	(94.0, 0.0)	(95.0, 0.0)	(96.0, 0.0)	(97.0, 0.0)	(98.0, 0.0)	(99.0, 0.0)	(100.0, 0.0)
SRR36466324_1	(0.0, 0.0)	(1.0, 0.0)	(2.0, 0.0)	(3.0, 0.0)	(4.0, 0.0)	(5.0, 0.0)	(6.0, 0.0)	(7.0, 0.0)	(8.0, 0.0)	(9.0, 0.0)	(10.0, 0.0)	(11.0, 0.0)	(12.0, 0.0)	(13.0, 0.0)	(14.0, 0.0)	(15.0, 0.0)	(16.0, 0.0)	(17.0, 0.0)	(18.0, 0.0)	(19.0, 0.0)	(20.0, 0.0)	(21.0, 0.0)	(22.0, 0.0)	(23.0, 0.0)	(24.0, 0.0)	(25.0, 0.0)	(26.0, 0.0)	(27.0, 0.0)	(28.0, 0.0)	(29.0, 0.0)	(30.0, 0.0)	(31.0, 0.0)	(32.0, 0.0)	(33.0, 0.0)	(34.0, 0.0)	(35.0, 0.0010540517750231779)	(36.0, 0.0)	(37.0, 0.0010540517750231779)	(38.0, 0.0)	(39.0, 0.0021081035500463557)	(40.0, 0.0042162071000927115)	(41.0, 0.005270258875115889)	(42.0, 0.013702673075301314)	(43.0, 0.022135087275486732)	(44.0, 0.03162155325069534)	(45.0, 0.05164853697613575)	(46.0, 0.11594569525254952)	(47.0, 0.2603507884307247)	(48.0, 0.4795935576355458)	(49.0, 1.4408887764566576)	(50.0, 5.107934901762042)	(51.0, 6.360148410489293)	(52.0, 10.106248418923292)	(53.0, 13.412808837171877)	(54.0, 11.876001349188012)	(55.0, 13.529808584199344)	(56.0, 21.92954717935141)	(57.0, 10.216923855300776)	(58.0, 1.8145501307023864)	(59.0, 1.4076861455434293)	(60.0, 0.4795935576355458)	(61.0, 0.4427017455097335)	(62.0, 0.30462096298169755)	(63.0, 0.3267560502571839)	(64.0, 0.19289147482924207)	(65.0, 0.020026983725440376)	(66.0, 0.0094864659752086)	(67.0, 0.0042162071000927115)	(68.0, 0.0021081035500463557)	(69.0, 0.0021081035500463557)	(70.0, 0.0010540517750231779)	(71.0, 0.0010540517750231779)	(72.0, 0.0)	(73.0, 0.0)	(74.0, 0.0)	(75.0, 0.003162155325069534)	(76.0, 0.0042162071000927115)	(77.0, 0.0)	(78.0, 0.0)	(79.0, 0.0010540517750231779)	(80.0, 0.0010540517750231779)	(81.0, 0.0010540517750231779)	(82.0, 0.0021081035500463557)	(83.0, 0.0010540517750231779)	(84.0, 0.0010540517750231779)	(85.0, 0.0010540517750231779)	(86.0, 0.0010540517750231779)	(87.0, 0.0010540517750231779)	(88.0, 0.0021081035500463557)	(89.0, 0.0)	(90.0, 0.0010540517750231779)	(91.0, 0.0)	(92.0, 0.0)	(93.0, 0.0010540517750231779)	(94.0, 0.0)	(95.0, 0.0)	(96.0, 0.0)	(97.0, 0.0)	(98.0, 0.0)	(99.0, 0.0)	(100.0, 0.0)
SRR36466324_2	(0.0, 0.0)	(1.0, 0.0)	(2.0, 0.0)	(3.0, 0.0)	(4.0, 0.0)	(5.0, 0.0)	(6.0, 0.0)	(7.0, 0.0)	(8.0, 0.0)	(9.0, 0.0)	(10.0, 0.0)	(11.0, 0.0)	(12.0, 0.0)	(13.0, 0.0)	(14.0, 0.0)	(15.0, 0.0)	(16.0, 0.0)	(17.0, 0.0)	(18.0, 0.0)	(19.0, 0.0)	(20.0, 0.0)	(21.0, 0.0)	(22.0, 0.0)	(23.0, 0.0010172629523004838)	(24.0, 0.0010172629523004838)	(25.0, 0.0010172629523004838)	(26.0, 0.0)	(27.0, 0.0)	(28.0, 0.0)	(29.0, 0.0)	(30.0, 0.0)	(31.0, 0.0)	(32.0, 0.0)	(33.0, 0.0)	(34.0, 0.0010172629523004838)	(35.0, 0.0020345259046009676)	(36.0, 0.0010172629523004838)	(37.0, 0.0010172629523004838)	(38.0, 0.0010172629523004838)	(39.0, 0.0)	(40.0, 0.0020345259046009676)	(41.0, 0.004069051809201935)	(42.0, 0.009155366570704353)	(43.0, 0.02644883675981257)	(44.0, 0.05798398828112757)	(45.0, 0.10782987294385121)	(46.0, 0.2655056305504258)	(47.0, 0.307213411594745)	(48.0, 1.2115601761898604)	(49.0, 13.16134807686533)	(50.0, 14.976145183767745)	(51.0, 8.157431614497877)	(52.0, 10.131939004914015)	(53.0, 10.898955270948928)	(54.0, 10.016988291304008)	(55.0, 9.061778379093418)	(56.0, 5.6834481145023625)	(57.0, 3.670284731900163)	(58.0, 1.8178488957609578)	(59.0, 1.226819120474367)	(60.0, 6.024231203522947)	(61.0, 1.4933420139770786)	(62.0, 0.25736752693202203)	(63.0, 0.184124594366388)	(64.0, 0.05798398828112757)	(65.0, 0.16581386122497918)	(66.0, 0.2502466862659188)	(67.0, 0.04069051809201937)	(68.0, 0.037638729235117914)	(69.0, 0.02950062561671403)	(70.0, 0.030517888569014513)	(71.0, 0.2187115347446042)	(72.0, 0.3214550929269516)	(73.0, 0.052897673519625175)	(74.0, 0.014241681332206772)	(75.0, 0.0030517888569014514)	(76.0, 0.0)	(77.0, 0.0030517888569014514)	(78.0, 0.0020345259046009676)	(79.0, 0.0030517888569014514)	(80.0, 0.0010172629523004838)	(81.0, 0.0010172629523004838)	(82.0, 0.0)	(83.0, 0.0010172629523004838)	(84.0, 0.0)	(85.0, 0.0)	(86.0, 0.0010172629523004838)	(87.0, 0.0)	(88.0, 0.0)	(89.0, 0.0010172629523004838)	(90.0, 0.0010172629523004838)	(91.0, 0.0)	(92.0, 0.0)	(93.0, 0.0)	(94.0, 0.0)	(95.0, 0.0)	(96.0, 0.0)	(97.0, 0.0)	(98.0, 0.0)	(99.0, 0.0)	(100.0, 0.0)
SRR36466325_1	(0.0, 0.0)	(1.0, 0.0)	(2.0, 0.0)	(3.0, 0.0)	(4.0, 0.0)	(5.0, 0.0)	(6.0, 0.0)	(7.0, 0.0)	(8.0, 0.0)	(9.0, 0.0010383029975807227)	(10.0, 0.0)	(11.0, 0.0)	(12.0, 0.0)	(13.0, 0.0)	(14.0, 0.0)	(15.0, 0.0)	(16.0, 0.0)	(17.0, 0.0)	(18.0, 0.0)	(19.0, 0.0)	(20.0, 0.0)	(21.0, 0.0)	(22.0, 0.0)	(23.0, 0.0)	(24.0, 0.0)	(25.0, 0.0)	(26.0, 0.0)	(27.0, 0.0)	(28.0, 0.0)	(29.0, 0.0)	(30.0, 0.0)	(31.0, 0.0)	(32.0, 0.0)	(33.0, 0.0)	(34.0, 0.0)	(35.0, 0.0010383029975807227)	(36.0, 0.0020766059951614455)	(37.0, 0.0010383029975807227)	(38.0, 0.0020766059951614455)	(39.0, 0.006229817985484336)	(40.0, 0.008306423980645782)	(41.0, 0.007268120983065058)	(42.0, 0.010383029975807229)	(43.0, 0.019727756954033726)	(44.0, 0.019727756954033726)	(45.0, 0.031149089927421682)	(46.0, 0.06645139184516623)	(47.0, 0.21596702349679064)	(48.0, 0.4475085919572906)	(49.0, 1.2874957170000776)	(50.0, 4.890407118604962)	(51.0, 6.257852166418464)	(52.0, 11.364226308522698)	(53.0, 13.951677378493407)	(54.0, 10.256357010103562)	(55.0, 11.03612256128704)	(56.0, 18.829624861123207)	(57.0, 13.708714477059738)	(58.0, 4.091952113465568)	(59.0, 1.2200060221573343)	(60.0, 0.4360872589839023)	(61.0, 0.43504895598632154)	(62.0, 0.4838491968726169)	(63.0, 0.5025386508290705)	(64.0, 0.30422277829115085)	(65.0, 0.040493816905648204)	(66.0, 0.012459635970968674)	(67.0, 0.008306423980645782)	(68.0, 0.0020766059951614455)	(69.0, 0.006229817985484336)	(70.0, 0.004153211990322891)	(71.0, 0.0)	(72.0, 0.0020766059951614455)	(73.0, 0.0020766059951614455)	(74.0, 0.0031149089927421684)	(75.0, 0.0031149089927421684)	(76.0, 0.0031149089927421684)	(77.0, 0.0020766059951614455)	(78.0, 0.0020766059951614455)	(79.0, 0.0020766059951614455)	(80.0, 0.0)	(81.0, 0.0010383029975807227)	(82.0, 0.0031149089927421684)	(83.0, 0.0)	(84.0, 0.0)	(85.0, 0.0031149089927421684)	(86.0, 0.0010383029975807227)	(87.0, 0.0)	(88.0, 0.0)	(89.0, 0.0)	(90.0, 0.0010383029975807227)	(91.0, 0.0010383029975807227)	(92.0, 0.0)	(93.0, 0.0)	(94.0, 0.0)	(95.0, 0.0)	(96.0, 0.0)	(97.0, 0.0)	(98.0, 0.0)	(99.0, 0.0)	(100.0, 0.0)
SRR36466325_2	(0.0, 0.0)	(1.0, 0.0)	(2.0, 0.0)	(3.0, 0.0)	(4.0, 0.0)	(5.0, 0.0)	(6.0, 0.0)	(7.0, 0.0)	(8.0, 0.0)	(9.0, 0.0)	(10.0, 0.0)	(11.0, 0.0)	(12.0, 0.0)	(13.0, 0.0)	(14.0, 0.0)	(15.0, 0.0)	(16.0, 0.0)	(17.0, 0.0)	(18.0, 0.0)	(19.0, 0.0)	(20.0, 0.0)	(21.0, 0.0)	(22.0, 0.0)	(23.0, 0.0)	(24.0, 0.0)	(25.0, 0.0)	(26.0, 0.0)	(27.0, 0.0)	(28.0, 0.0)	(29.0, 0.0010169215750080317)	(30.0, 0.0)	(31.0, 0.0)	(32.0, 0.0)	(33.0, 0.0010169215750080317)	(34.0, 0.0010169215750080317)	(35.0, 0.0010169215750080317)	(36.0, 0.0030507647250240955)	(37.0, 0.0030507647250240955)	(38.0, 0.004067686300032127)	(39.0, 0.0020338431500160634)	(40.0, 0.004067686300032127)	(41.0, 0.009152294175072287)	(42.0, 0.015253823625120474)	(43.0, 0.03559225512528112)	(44.0, 0.08338756915065852)	(45.0, 0.13830133420109245)	(46.0, 0.29592417832733636)	(47.0, 0.38439635535303385)	(48.0, 1.2375935567847576)	(49.0, 11.81154409372025)	(50.0, 12.930157826229003)	(51.0, 10.105149690855999)	(52.0, 11.877643996095804)	(53.0, 9.866173120729002)	(54.0, 9.046534331272154)	(55.0, 8.86653921249565)	(56.0, 9.592621217051716)	(57.0, 3.2470305890007594)	(58.0, 1.45216400911144)	(59.0, 0.8959079075820784)	(60.0, 4.67987308818675)	(61.0, 1.2670842824599888)	(62.0, 0.22067198177674308)	(63.0, 0.17389358932637383)	(64.0, 0.08440449072566655)	(65.0, 0.218638138626727)	(66.0, 0.2338919622518473)	(67.0, 0.08745525545069063)	(68.0, 0.046778392450369494)	(69.0, 0.02847380410022489)	(70.0, 0.030507647250240952)	(71.0, 0.3630410022778655)	(72.0, 0.557273023104404)	(73.0, 0.06406605922550598)	(74.0, 0.008135372600064254)	(75.0, 0.0020338431500160634)	(76.0, 0.0010169215750080317)	(77.0, 0.0030507647250240955)	(78.0, 0.0020338431500160634)	(79.0, 0.0)	(80.0, 0.0020338431500160634)	(81.0, 0.0020338431500160634)	(82.0, 0.0020338431500160634)	(83.0, 0.0020338431500160634)	(84.0, 0.0020338431500160634)	(85.0, 0.0)	(86.0, 0.0010169215750080317)	(87.0, 0.0020338431500160634)	(88.0, 0.0)	(89.0, 0.0)	(90.0, 0.0010169215750080317)	(91.0, 0.0)	(92.0, 0.0)	(93.0, 0.0)	(94.0, 0.0)	(95.0, 0.0)	(96.0, 0.0010169215750080317)	(97.0, 0.0010169215750080317)	(98.0, 0.0)	(99.0, 0.0)	(100.0, 0.0)
SRR36466326_1	(0.0, 0.0)	(1.0, 0.0)	(2.0, 0.0)	(3.0, 0.0)	(4.0, 0.0)	(5.0, 0.0)	(6.0, 0.0)	(7.0, 0.0)	(8.0, 0.0)	(9.0, 0.0)	(10.0, 0.0)	(11.0, 0.0)	(12.0, 0.0)	(13.0, 0.0)	(14.0, 0.0)	(15.0, 0.0)	(16.0, 0.0)	(17.0, 0.0)	(18.0, 0.0)	(19.0, 0.0)	(20.0, 0.0)	(21.0, 0.0)	(22.0, 0.0)	(23.0, 0.0)	(24.0, 0.0)	(25.0, 0.0)	(26.0, 0.0)	(27.0, 0.0)	(28.0, 0.0)	(29.0, 0.0)	(30.0, 0.0)	(31.0, 0.0)	(32.0, 0.0)	(33.0, 0.0009956291878653477)	(34.0, 0.0009956291878653477)	(35.0, 0.0019912583757306953)	(36.0, 0.0019912583757306953)	(37.0, 0.0)	(38.0, 0.0009956291878653477)	(39.0, 0.0019912583757306953)	(40.0, 0.003982516751461391)	(41.0, 0.009956291878653477)	(42.0, 0.014934437817980213)	(43.0, 0.009956291878653477)	(44.0, 0.01593006700584556)	(45.0, 0.03186013401169113)	(46.0, 0.06770278477484361)	(47.0, 0.32357948605623665)	(48.0, 1.487470006670797)	(49.0, 1.0643276018280483)	(50.0, 3.2586943318833756)	(51.0, 5.433148478180801)	(52.0, 12.432421668876641)	(53.0, 19.803064546637106)	(54.0, 22.478320174428863)	(55.0, 13.142305279823988)	(56.0, 10.096675594143743)	(57.0, 4.4076504146797255)	(58.0, 1.7463335955158095)	(59.0, 1.1469648244208674)	(60.0, 0.5585479743924628)	(61.0, 1.49742629854945)	(62.0, 0.4271249215942332)	(63.0, 0.2957018687960073)	(64.0, 0.15233126574339845)	(65.0, 0.023895100508768332)	(66.0, 0.007965033502922781)	(67.0, 0.004978145939326738)	(68.0, 0.004978145939326738)	(69.0, 0.005973775127192086)	(70.0, 0.0029868875635960432)	(71.0, 0.0029868875635960432)	(72.0, 0.0019912583757306953)	(73.0, 0.0)	(74.0, 0.003982516751461391)	(75.0, 0.0019912583757306953)	(76.0, 0.0019912583757306953)	(77.0, 0.0019912583757306953)	(78.0, 0.0029868875635960432)	(79.0, 0.0)	(80.0, 0.0019912583757306953)	(81.0, 0.0019912583757306953)	(82.0, 0.0029868875635960432)	(83.0, 0.0019912583757306953)	(84.0, 0.0)	(85.0, 0.0019912583757306953)	(86.0, 0.0009956291878653477)	(87.0, 0.0009956291878653477)	(88.0, 0.0009956291878653477)	(89.0, 0.0009956291878653477)	(90.0, 0.0009956291878653477)	(91.0, 0.0)	(92.0, 0.0)	(93.0, 0.0)	(94.0, 0.0)	(95.0, 0.0)	(96.0, 0.0)	(97.0, 0.0)	(98.0, 0.0)	(99.0, 0.0)	(100.0, 0.0)
SRR36466326_2	(0.0, 0.0)	(1.0, 0.0)	(2.0, 0.0)	(3.0, 0.0)	(4.0, 0.0)	(5.0, 0.0)	(6.0, 0.0)	(7.0, 0.0)	(8.0, 0.0)	(9.0, 0.0)	(10.0, 0.0)	(11.0, 0.0)	(12.0, 0.0)	(13.0, 0.0010412436614291687)	(14.0, 0.0010412436614291687)	(15.0, 0.0)	(16.0, 0.0)	(17.0, 0.0)	(18.0, 0.0)	(19.0, 0.0)	(20.0, 0.0)	(21.0, 0.0)	(22.0, 0.0)	(23.0, 0.0)	(24.0, 0.0)	(25.0, 0.0)	(26.0, 0.0)	(27.0, 0.0)	(28.0, 0.0)	(29.0, 0.0)	(30.0, 0.0)	(31.0, 0.0)	(32.0, 0.0010412436614291687)	(33.0, 0.0010412436614291687)	(34.0, 0.0)	(35.0, 0.0)	(36.0, 0.0010412436614291687)	(37.0, 0.0010412436614291687)	(38.0, 0.004164974645716675)	(39.0, 0.0072887056300041785)	(40.0, 0.009371192952862517)	(41.0, 0.013536167598579191)	(42.0, 0.027072335197158376)	(43.0, 0.03748477181145008)	(44.0, 0.061433376024320946)	(45.0, 0.10308312248148756)	(46.0, 0.329032997011616)	(47.0, 0.4310748758316743)	(48.0, 1.6784847822237923)	(49.0, 8.640239902539678)	(50.0, 8.366392819583684)	(51.0, 11.597371900999862)	(52.0, 9.578400441487785)	(53.0, 12.903091452432486)	(54.0, 18.300898593276386)	(55.0, 9.9969803933825)	(56.0, 7.920740532491796)	(57.0, 2.4854486198314896)	(58.0, 1.8773623215567858)	(59.0, 0.5664365518174701)	(60.0, 1.9617030581325583)	(61.0, 0.3394454336259075)	(62.0, 0.25093972240442947)	(63.0, 0.16035152386009222)	(64.0, 0.08225824925290423)	(65.0, 0.26655837732586674)	(66.0, 1.203677672612105)	(67.0, 0.08850571122147922)	(68.0, 0.01874238590572503)	(69.0, 0.013536167598579191)	(70.0, 0.01770114224429586)	(71.0, 0.19991878299440088)	(72.0, 0.38630139839021943)	(73.0, 0.04060850279573759)	(74.0, 0.009371192952862517)	(75.0, 0.004164974645716675)	(76.0, 0.0031237309842875056)	(77.0, 0.0010412436614291687)	(78.0, 0.0)	(79.0, 0.0010412436614291687)	(80.0, 0.0020824873228583373)	(81.0, 0.0020824873228583373)	(82.0, 0.0010412436614291687)	(83.0, 0.0)	(84.0, 0.0)	(85.0, 0.0)	(86.0, 0.0)	(87.0, 0.0010412436614291687)	(88.0, 0.0010412436614291687)	(89.0, 0.0)	(90.0, 0.0)	(91.0, 0.0)	(92.0, 0.0)	(93.0, 0.0)	(94.0, 0.0)	(95.0, 0.0)	(96.0, 0.0)	(97.0, 0.0010412436614291687)	(98.0, 0.0010412436614291687)	(99.0, 0.0)	(100.0, 0.0)
SRR36466327_1	(0.0, 0.0)	(1.0, 0.0)	(2.0, 0.0)	(3.0, 0.0)	(4.0, 0.0)	(5.0, 0.0)	(6.0, 0.0)	(7.0, 0.0)	(8.0, 0.0)	(9.0, 0.0)	(10.0, 0.0)	(11.0, 0.0)	(12.0, 0.0)	(13.0, 0.0)	(14.0, 0.0)	(15.0, 0.0)	(16.0, 0.0)	(17.0, 0.0)	(18.0, 0.0)	(19.0, 0.0)	(20.0, 0.0)	(21.0, 0.0)	(22.0, 0.0)	(23.0, 0.0)	(24.0, 0.0)	(25.0, 0.0)	(26.0, 0.0)	(27.0, 0.0)	(28.0, 0.0)	(29.0, 0.0)	(30.0, 0.0)	(31.0, 0.0)	(32.0, 0.0)	(33.0, 0.0010284679940761074)	(34.0, 0.0010284679940761074)	(35.0, 0.0)	(36.0, 0.0)	(37.0, 0.0)	(38.0, 0.0)	(39.0, 0.0020569359881522148)	(40.0, 0.0051423399703805365)	(41.0, 0.003085403982228322)	(42.0, 0.008227743952608859)	(43.0, 0.02056935988152214)	(44.0, 0.03393944380451155)	(45.0, 0.0390817837748921)	(46.0, 0.06993582359717526)	(47.0, 0.4514974493994105)	(48.0, 1.2063929570512593)	(49.0, 1.3760901760738073)	(50.0, 4.992183643245152)	(51.0, 6.400156327135079)	(52.0, 10.313477044596446)	(53.0, 18.68932038834782)	(54.0, 23.327711041626845)	(55.0, 13.725933848941038)	(56.0, 9.729307223960951)	(57.0, 3.9338900773410783)	(58.0, 1.5406450551259752)	(59.0, 1.2362185288794647)	(60.0, 0.5923975645878412)	(61.0, 1.1703965772585976)	(62.0, 0.4710383412868571)	(63.0, 0.3465937140036466)	(64.0, 0.18923811091000425)	(65.0, 0.0390817837748921)	(66.0, 0.016455487905217715)	(67.0, 0.011313147934837182)	(68.0, 0.006170807964456644)	(69.0, 0.007199275958532751)	(70.0, 0.008227743952608859)	(71.0, 0.0051423399703805365)	(72.0, 0.006170807964456644)	(73.0, 0.0020569359881522148)	(74.0, 0.0020569359881522148)	(75.0, 0.0)	(76.0, 0.0020569359881522148)	(77.0, 0.0010284679940761074)	(78.0, 0.0041138719763044295)	(79.0, 0.0)	(80.0, 0.0)	(81.0, 0.0020569359881522148)	(82.0, 0.0010284679940761074)	(83.0, 0.0010284679940761074)	(84.0, 0.0)	(85.0, 0.0)	(86.0, 0.0010284679940761074)	(87.0, 0.0)	(88.0, 0.0)	(89.0, 0.0010284679940761074)	(90.0, 0.0020569359881522148)	(91.0, 0.0010284679940761074)	(92.0, 0.0)	(93.0, 0.0010284679940761074)	(94.0, 0.0010284679940761074)	(95.0, 0.0010284679940761074)	(96.0, 0.0)	(97.0, 0.0)	(98.0, 0.0)	(99.0, 0.0)	(100.0, 0.0)
SRR36466327_2	(0.0, 0.0)	(1.0, 0.0)	(2.0, 0.0)	(3.0, 0.0)	(4.0, 0.0)	(5.0, 0.0)	(6.0, 0.0)	(7.0, 0.0)	(8.0, 0.0)	(9.0, 0.0)	(10.0, 0.0)	(11.0, 0.0)	(12.0, 0.0)	(13.0, 0.0)	(14.0, 0.0)	(15.0, 0.0)	(16.0, 0.0)	(17.0, 0.0)	(18.0, 0.0)	(19.0, 0.0)	(20.0, 0.0)	(21.0, 0.0)	(22.0, 0.0)	(23.0, 0.0)	(24.0, 0.0)	(25.0, 0.0)	(26.0, 0.0)	(27.0, 0.0)	(28.0, 0.0)	(29.0, 0.0)	(30.0, 0.0)	(31.0, 0.0)	(32.0, 0.0)	(33.0, 0.0)	(34.0, 0.0)	(35.0, 0.002171953563632813)	(36.0, 0.004343907127265626)	(37.0, 0.0010859767818164065)	(38.0, 0.0)	(39.0, 0.00325793034544922)	(40.0, 0.004343907127265626)	(41.0, 0.008687814254531252)	(42.0, 0.01303172138179688)	(43.0, 0.030407349890859383)	(44.0, 0.05972872299990237)	(45.0, 0.09665193358166006)	(46.0, 0.24977465981777347)	(47.0, 0.3681461290357601)	(48.0, 1.3227197202523648)	(49.0, 8.129622188677676)	(50.0, 8.903923634113125)	(51.0, 8.607451972677111)	(52.0, 8.621569670840731)	(53.0, 14.644396902795487)	(54.0, 20.25672491121757)	(55.0, 12.079319744145742)	(56.0, 6.700476743806634)	(57.0, 2.6617290922320875)	(58.0, 2.9734044286134313)	(59.0, 0.5364725302173058)	(60.0, 1.216293995634363)	(61.0, 0.2714941954541013)	(62.0, 0.23131305452689485)	(63.0, 0.15529467979974634)	(64.0, 0.05429883909082036)	(65.0, 0.16615444761791048)	(66.0, 0.7558398401442262)	(67.0, 0.09447998001802727)	(68.0, 0.02280551241814453)	(69.0, 0.00977379103634766)	(70.0, 0.02497746598177734)	(71.0, 0.22805512418144566)	(72.0, 0.4246169216902128)	(73.0, 0.0456110248362891)	(74.0, 0.006515860690898439)	(75.0, 0.002171953563632813)	(76.0, 0.002171953563632813)	(77.0, 0.0010859767818164065)	(78.0, 0.0)	(79.0, 0.0)	(80.0, 0.0010859767818164065)	(81.0, 0.002171953563632813)	(82.0, 0.0010859767818164065)	(83.0, 0.002171953563632813)	(84.0, 0.0010859767818164065)	(85.0, 0.0)	(86.0, 0.0)	(87.0, 0.0)	(88.0, 0.0)	(89.0, 0.0)	(90.0, 0.0)	(91.0, 0.0)	(92.0, 0.0)	(93.0, 0.0)	(94.0, 0.0)	(95.0, 0.0)	(96.0, 0.0)	(97.0, 0.0)	(98.0, 0.0)	(99.0, 0.0)	(100.0, 0.0)
