Sample	0	1	2	3	4	5	6	7	8	9	10	11	12	13	14	15	16	17	18	19	20	21	22	23	24	25	26	27	28	29	30	31	32	33	34	35	36	37	38	39	40	41	42	43	44	45	46	47	48	49	50	51	52	53
SRR36466313_1	(1, 0.04016560588271643)	(2, 0.04016560588271643)	(3, 0.0478897608601619)	(4, 0.04480009886918371)	(5, 0.055613915837607365)	(6, 0.054069084842118274)	(7, 0.06488290181054193)	(8, 0.061793239819563736)	(9, 0.0695173947970092)	(10, 0.08064017796453068)	(15, 0.07446085398257431)	(20, 0.042328369276401163)	(25, 0.015757276153988756)	(30, 0.012667614163010566)	(35, 0.004016560588271643)	(40, 0.003089661990978187)	(45, 0.0024717295927825494)	(50, 0.0006179323981956373)	(55, 0.0)	(60, 0.0)	(65, 0.0)	(70, 0.0)	(75, 0.0)	(80, 0.0)	(85, 0.0006179323981956373)	(90, 0.0)	(95, 0.0)	(100, 0.0012358647963912747)	(105, 0.0)	(110, 0.0)	(115, 0.0)	(120, 0.0)	(125, 0.0)	(130, 0.0)	(135, 0.0)	(140, 0.0)	(145, 0.0)	(150, 0.0)	(155, 0.0)	(160, 0.0)	(165, 0.0)	(170, 0.00030896619909781867)	(175, 0.0)	(180, 0.0)	(185, 0.0)	(190, 0.0)	(195, 0.0)	(200, 0.0)	(205, 0.0)	(210, 0.0)	(215, 0.0)	(220, 0.0)	(225, 0.0)	
SRR36466313_2	(1, 0.04016560588271643)	(2, 0.03553111289624915)	(3, 0.049434591855650994)	(4, 0.04016560588271643)	(5, 0.054069084842118274)	(6, 0.049434591855650994)	(7, 0.060248408824074645)	(8, 0.061793239819563736)	(9, 0.06488290181054193)	(10, 0.07476982018167214)	(15, 0.08249397515911759)	(20, 0.06550083420873756)	(25, 0.036766977692640423)	(30, 0.01699314095038003)	(35, 0.00957795217203238)	(40, 0.0024717295927825494)	(45, 0.0015448309954890936)	(50, 0.0012358647963912747)	(55, 0.0)	(60, 0.0)	(65, 0.0)	(70, 0.0)	(75, 0.0)	(80, 0.0)	(85, 0.0006179323981956373)	(90, 0.0)	(95, 0.0)	(100, 0.001853797194586912)	(105, 0.0)	(110, 0.0)	(115, 0.0)	(120, 0.0)	(125, 0.0)	(130, 0.0)	(135, 0.0)	(140, 0.0)	(145, 0.0)	(150, 0.0)	(155, 0.0)	(160, 0.0)	(165, 0.0)	(170, 0.00030896619909781867)	(175, 0.0)	(180, 0.0)	(185, 0.0)	(190, 0.0)	(195, 0.0)	(200, 0.0)	(205, 0.0)	(210, 0.0)	(215, 0.0)	(220, 0.0)	(225, 0.0)	
SRR36466314_1	(1, 0.034446584308015095)	(2, 0.020354799818372557)	(3, 0.029749322811467582)	(4, 0.026617815147102573)	(5, 0.034446584308015095)	(6, 0.028183568979285076)	(7, 0.040709599636745114)	(8, 0.03131507664365008)	(9, 0.04384110730111012)	(10, 0.04478055960041962)	(15, 0.05292247952776865)	(20, 0.029749322811467582)	(25, 0.016596990621134546)	(30, 0.008455070693785522)	(35, 0.001878904598619005)	(40, 0.0)	(45, 0.0)	(50, 0.0)	(55, 0.0)	(60, 0.0)	(65, 0.0)	(70, 0.0)	(75, 0.0)	(80, 0.0)	(85, 0.0)	(90, 0.0)	(95, 0.0)	(100, 0.00031315076643650085)	(105, 0.0)	(110, 0.0)	(115, 0.0)	(120, 0.0)	(125, 0.0)	(130, 0.0)	(135, 0.0)	(140, 0.0)	(145, 0.0)	(150, 0.0)	(155, 0.0)	(160, 0.0)	(165, 0.0)	(170, 0.0)	(175, 0.0)	(180, 0.0)	(185, 0.0)	(190, 0.0)	(195, 0.0)	(200, 0.0)	(205, 0.0)	(210, 0.0)	(215, 0.0)	(220, 0.0)	(225, 0.0)	
SRR36466314_2	(1, 0.054801384126387645)	(2, 0.0375780919723801)	(3, 0.06576166095166518)	(4, 0.053235630294205145)	(5, 0.06576166095166518)	(6, 0.06263015328730016)	(7, 0.0720246762803952)	(8, 0.06732741478384768)	(9, 0.0735904301125777)	(10, 0.08047974697418071)	(15, 0.09551098376313276)	(20, 0.08298495310567272)	(25, 0.05417508259351465)	(30, 0.03006247357790408)	(35, 0.015344387555388543)	(40, 0.001878904598619005)	(45, 0.0)	(50, 0.0)	(55, 0.0)	(60, 0.0)	(65, 0.0)	(70, 0.0)	(75, 0.0)	(80, 0.0)	(85, 0.0)	(90, 0.0)	(95, 0.0)	(100, 0.0009394522993095025)	(105, 0.0)	(110, 0.0)	(115, 0.0)	(120, 0.0)	(125, 0.0)	(130, 0.0)	(135, 0.0)	(140, 0.0)	(145, 0.0)	(150, 0.0)	(155, 0.0)	(160, 0.0)	(165, 0.0)	(170, 0.0)	(175, 0.0)	(180, 0.0)	(185, 0.0)	(190, 0.0)	(195, 0.0)	(200, 0.0)	(205, 0.0)	(210, 0.0)	(215, 0.0)	(220, 0.0)	(225, 0.0)	
SRR36466315_1	(1, 0.022208826422158063)	(2, 0.01744979218883848)	(3, 0.05869475554427488)	(4, 0.03648592912211682)	(5, 0.07614454773311337)	(6, 0.050763031822075574)	(7, 0.08883530568863225)	(8, 0.07138551349979377)	(9, 0.08724896094419239)	(10, 0.09264253307528793)	(15, 0.11104413211079033)	(20, 0.12341762111742124)	(25, 0.09835337415527141)	(30, 0.05647387290205907)	(35, 0.030457819093245346)	(40, 0.018401599035502394)	(45, 0.0053935721310955295)	(50, 0.0047590342333195855)	(55, 0.0031726894888797234)	(60, 0.0)	(65, 0.0)	(70, 0.0)	(75, 0.0)	(80, 0.0)	(85, 0.0)	(90, 0.0003172689488879723)	(95, 0.0)	(100, 0.0)	(105, 0.0003172689488879723)	(110, 0.0)	(115, 0.0)	(120, 0.0)	(125, 0.0)	(130, 0.0)	(135, 0.0)	(140, 0.0)	(145, 0.0)	(150, 0.0)	(155, 0.0)	(160, 0.0)	(165, 0.0)	(170, 0.0)	(175, 0.0)	(180, 0.0)	(185, 0.0)	(190, 0.0)	(195, 0.0)	(200, 0.0)	(205, 0.0)	(210, 0.0)	(215, 0.0)	(220, 0.0)	(225, 0.0)	(230, 0.0)
SRR36466315_2	(1, 0.030140550144357372)	(2, 0.014277102699958754)	(3, 0.03489958437767696)	(4, 0.020622481677718203)	(5, 0.044417652844316126)	(6, 0.025381515911037787)	(7, 0.05234937656651543)	(8, 0.03489958437767696)	(9, 0.060281100288714744)	(10, 0.054887528157619214)	(15, 0.026650591706589673)	(20, 0.012373489006630923)	(25, 0.013642564802182811)	(30, 0.006979916875535392)	(35, 0.0031726894888797234)	(40, 0.0003172689488879723)	(45, 0.0)	(50, 0.0)	(55, 0.0)	(60, 0.0)	(65, 0.0)	(70, 0.0)	(75, 0.0)	(80, 0.0)	(85, 0.0)	(90, 0.0)	(95, 0.0003172689488879723)	(100, 0.0)	(105, 0.0)	(110, 0.0)	(115, 0.0)	(120, 0.0)	(125, 0.0)	(130, 0.0)	(135, 0.0)	(140, 0.0)	(145, 0.0)	(150, 0.0)	(155, 0.0)	(160, 0.0)	(165, 0.0)	(170, 0.0)	(175, 0.0)	(180, 0.0)	(185, 0.0)	(190, 0.0)	(195, 0.0)	(200, 0.0)	(205, 0.0)	(210, 0.0)	(215, 0.0)	(220, 0.0)	(225, 0.0)	
SRR36466316_1	(1, 0.015894966064247455)	(2, 0.009536979638548472)	(3, 0.046095401586317614)	(4, 0.02702144230922067)	(5, 0.05881137443771557)	(6, 0.03814791855419389)	(7, 0.061990367650565065)	(8, 0.057221877831290825)	(9, 0.05881137443771557)	(10, 0.06644095814855436)	(15, 0.07947483032123726)	(20, 0.08646861538950615)	(25, 0.07248104525296839)	(30, 0.04641330090760256)	(35, 0.031154133485925006)	(40, 0.013033872172682912)	(45, 0.0015894966064247452)	(50, 0.0)	(55, 0.0)	(60, 0.0)	(65, 0.0)	(70, 0.0)	(75, 0.0)	(80, 0.0)	(85, 0.0)	(90, 0.0006357986425698981)	(95, 0.0)	(100, 0.0)	(105, 0.0006357986425698981)	(110, 0.0)	(115, 0.0)	(120, 0.0)	(125, 0.0)	(130, 0.0)	(135, 0.0)	(140, 0.0)	(145, 0.0)	(150, 0.0)	(155, 0.0)	(160, 0.0)	(165, 0.0)	(170, 0.0)	(175, 0.0)	(180, 0.0)	(185, 0.0)	(190, 0.0)	(195, 0.0)	(200, 0.0)	(205, 0.0)	(210, 0.0)	(215, 0.0)	(220, 0.0)	(225, 0.0)	(230, 0.0)
SRR36466316_2	(1, 0.022252952489946434)	(2, 0.014305469457822706)	(3, 0.034968925341344395)	(4, 0.017484462670672198)	(5, 0.03178993212849491)	(6, 0.02384244909637118)	(7, 0.050863891405591846)	(8, 0.030200435522070163)	(9, 0.061990367650565065)	(10, 0.05595028054615103)	(15, 0.07788533371481252)	(20, 0.058493475116430625)	(25, 0.02320665045380128)	(30, 0.0168486640281023)	(35, 0.012080174208828065)	(40, 0.005086389140559185)	(45, 0.0009536979638548472)	(50, 0.0)	(55, 0.0)	(60, 0.0)	(65, 0.0)	(70, 0.0)	(75, 0.0)	(80, 0.0)	(85, 0.0006357986425698981)	(90, 0.0)	(95, 0.0)	(100, 0.0006357986425698981)	(105, 0.0)	(110, 0.0)	(115, 0.0)	(120, 0.0)	(125, 0.0)	(130, 0.0)	(135, 0.0)	(140, 0.0)	(145, 0.0)	(150, 0.0)	(155, 0.0)	(160, 0.0)	(165, 0.0)	(170, 0.0)	(175, 0.0)	(180, 0.0)	(185, 0.0)	(190, 0.0)	(195, 0.0)	(200, 0.0)	(205, 0.0)	(210, 0.0)	(215, 0.0)	(220, 0.0)	(225, 0.0)	
SRR36466317_1	(1, 0.02975304968759298)	(2, 0.017225449819132776)	(3, 0.062637999342301)	(4, 0.04228064955605318)	(5, 0.06576989930941605)	(6, 0.051676349457398324)	(7, 0.0751655992107612)	(8, 0.06107204935874348)	(9, 0.07359964922720369)	(10, 0.07767111918445324)	(15, 0.09207785903318248)	(20, 0.10335269891479665)	(25, 0.08925914906277893)	(30, 0.062011619348878)	(35, 0.036330039618534586)	(40, 0.015033119842152243)	(45, 0.0018791399802690304)	(50, 0.0)	(55, 0.0)	(60, 0.0)	(65, 0.0)	(70, 0.0)	(75, 0.0)	(80, 0.0)	(85, 0.0)	(90, 0.0)	(95, 0.0)	(100, 0.0)	(105, 0.0006263799934230101)	(110, 0.0)	(115, 0.0)	(120, 0.0)	(125, 0.0)	(130, 0.0)	(135, 0.0)	(140, 0.0)	(145, 0.0)	(150, 0.0)	(155, 0.0)	(160, 0.0)	(165, 0.0)	(170, 0.0)	(175, 0.0)	(180, 0.0)	(185, 0.0)	(190, 0.0)	(195, 0.0)	(200, 0.0)	(205, 0.0)	(210, 0.0)	(215, 0.0)	(220, 0.0)	(225, 0.0)	(230, 0.0)
SRR36466317_2	(1, 0.028187099704035455)	(2, 0.0187913998026903)	(3, 0.0375827996053806)	(4, 0.02192329976980535)	(5, 0.04228064955605318)	(6, 0.026621149720477928)	(7, 0.053242299440955855)	(8, 0.0313189996711505)	(9, 0.05950609937518596)	(10, 0.053242299440955855)	(15, 0.028187099704035455)	(20, 0.006576989930941605)	(25, 0.007829749917787626)	(30, 0.0006263799934230101)	(35, 0.0)	(40, 0.0)	(45, 0.0)	(50, 0.0)	(55, 0.0)	(60, 0.0)	(65, 0.0)	(70, 0.0)	(75, 0.0)	(80, 0.0)	(85, 0.0)	(90, 0.0)	(95, 0.0)	(100, 0.0)	(105, 0.0)	(110, 0.0)	(115, 0.0)	(120, 0.0)	(125, 0.0)	(130, 0.0)	(135, 0.0)	(140, 0.0)	(145, 0.0)	(150, 0.0)	(155, 0.0)	(160, 0.0)	(165, 0.0)	(170, 0.0)	(175, 0.0)	(180, 0.0)	(185, 0.0)	(190, 0.0)	(195, 0.0)	(200, 0.0)	(205, 0.0)	(210, 0.0)	(215, 0.0)	(220, 0.0)	(225, 0.0)	
SRR36466318_1	(1, 0.023981198740187695)	(2, 0.023981198740187695)	(3, 0.05755487697645046)	(4, 0.04156741114965867)	(5, 0.06874610305520472)	(6, 0.054357383811092105)	(7, 0.07673983596860062)	(8, 0.062351116724488)	(9, 0.07673983596860062)	(10, 0.08153607571663815)	(15, 0.10200003197493165)	(20, 0.11510975395290092)	(25, 0.0908088058961774)	(30, 0.06299061535755968)	(35, 0.03900941661737198)	(40, 0.018545460359078482)	(45, 0.004796239748037539)	(50, 0.003197493165358359)	(55, 0.0022382452157508515)	(60, 0.0)	(65, 0.0)	(70, 0.0)	(75, 0.0)	(80, 0.0)	(85, 0.0)	(90, 0.0)	(95, 0.0)	(100, 0.0)	(105, 0.0)	(110, 0.0)	(115, 0.0)	(120, 0.0)	(125, 0.0)	(130, 0.0)	(135, 0.0)	(140, 0.0)	(145, 0.0)	(150, 0.0)	(155, 0.0)	(160, 0.0)	(165, 0.0)	(170, 0.0)	(175, 0.0)	(180, 0.0)	(185, 0.0)	(190, 0.0)	(195, 0.0)	(200, 0.0)	(205, 0.0)	(210, 0.0)	(215, 0.0)	(220, 0.0)	(225, 0.0)	(230, 0.0)
SRR36466318_2	(1, 0.023981198740187695)	(2, 0.012789972661433436)	(3, 0.02877743848822523)	(4, 0.017586212409470975)	(5, 0.03357367823626277)	(6, 0.020783705574829336)	(7, 0.04796239748037539)	(8, 0.023981198740187695)	(9, 0.04796239748037539)	(10, 0.045724152264624535)	(15, 0.025579945322866872)	(20, 0.00703448496378839)	(25, 0.007673983596860062)	(30, 0.004156741114965867)	(35, 0.0015987465826791795)	(40, 0.0)	(45, 0.0)	(50, 0.0)	(55, 0.0)	(60, 0.0)	(65, 0.0)	(70, 0.0)	(75, 0.0)	(80, 0.0)	(85, 0.0)	(90, 0.0)	(95, 0.0003197493165358359)	(100, 0.0)	(105, 0.0)	(110, 0.0)	(115, 0.0)	(120, 0.0)	(125, 0.0)	(130, 0.0)	(135, 0.0)	(140, 0.0)	(145, 0.0)	(150, 0.0)	(155, 0.0)	(160, 0.0)	(165, 0.0)	(170, 0.0)	(175, 0.0)	(180, 0.0)	(185, 0.0)	(190, 0.0)	(195, 0.0)	(200, 0.0)	(205, 0.0)	(210, 0.0)	(215, 0.0)	(220, 0.0)	(225, 0.0)	
SRR36466319_1	(1, 0.07244277021153289)	(2, 0.05151485881709005)	(3, 0.08854116359187353)	(4, 0.06117389484529444)	(5, 0.10624939631024824)	(6, 0.08693132425383947)	(7, 0.10624939631024824)	(8, 0.10141987829614604)	(9, 0.11912811101452075)	(10, 0.11816220741170032)	(15, 0.14681734762870666)	(20, 0.1397340545413568)	(25, 0.0904729707975144)	(30, 0.05312469815512412)	(35, 0.03316269036350172)	(40, 0.006117389484529444)	(45, 0.0)	(50, 0.0)	(55, 0.0)	(60, 0.0)	(65, 0.0)	(70, 0.0)	(75, 0.0)	(80, 0.0)	(85, 0.0)	(90, 0.0)	(95, 0.0)	(100, 0.0)	(105, 0.0)	(110, 0.0)	(115, 0.0)	(120, 0.0)	(125, 0.0)	(130, 0.0)	(135, 0.0)	(140, 0.0)	(145, 0.0)	(150, 0.0)	(155, 0.0)	(160, 0.0)	(165, 0.0)	(170, 0.0)	(175, 0.0)	(180, 0.0)	(185, 0.0)	(190, 0.0)	(195, 0.0)	(200, 0.0)	(205, 0.0)	(210, 0.0)	(215, 0.0)	(220, 0.0)	(225, 0.0)	(230, 0.0)
SRR36466319_2	(1, 0.025757429408545026)	(2, 0.01609839338034064)	(3, 0.0450755014649538)	(4, 0.020927911394442833)	(5, 0.04668534080298786)	(6, 0.037026304774783476)	(7, 0.05473453749315819)	(8, 0.041855822788885666)	(9, 0.07083293087349883)	(10, 0.07212080234392607)	(15, 0.060529959110080814)	(20, 0.020927911394442833)	(25, 0.014166586174699765)	(30, 0.012556746836665699)	(35, 0.004507550146495379)	(40, 0.0)	(45, 0.0)	(50, 0.0)	(55, 0.0)	(60, 0.0)	(65, 0.0)	(70, 0.0)	(75, 0.0)	(80, 0.0)	(85, 0.0)	(90, 0.0)	(95, 0.0)	(100, 0.0)	(105, 0.0)	(110, 0.0)	(115, 0.0)	(120, 0.0)	(125, 0.0)	(130, 0.0)	(135, 0.0)	(140, 0.0)	(145, 0.0)	(150, 0.0)	(155, 0.0)	(160, 0.0)	(165, 0.0)	(170, 0.0)	(175, 0.0)	(180, 0.0)	(185, 0.0)	(190, 0.0)	(195, 0.0)	(200, 0.0)	(205, 0.0)	(210, 0.0)	(215, 0.0)	(220, 0.0)	(225, 0.0)	
SRR36466320_1	(1, 0.05757841631936828)	(2, 0.03701469620530818)	(3, 0.06717481903926299)	(4, 0.043869269576661554)	(5, 0.07402939241061636)	(6, 0.06032024566790963)	(7, 0.07402939241061636)	(8, 0.07128756306207501)	(9, 0.0822548804562404)	(10, 0.08389997806536521)	(15, 0.10857644220223733)	(20, 0.09980258828690503)	(25, 0.06854573371353367)	(30, 0.04194998903268261)	(35, 0.029611756964246547)	(40, 0.007951305110769906)	(45, 0.0016450976091248082)	(50, 0.0002741829348541347)	(55, 0.0)	(60, 0.0)	(65, 0.0)	(70, 0.0)	(75, 0.0)	(80, 0.0)	(85, 0.0)	(90, 0.0002741829348541347)	(95, 0.0)	(100, 0.0005483658697082694)	(105, 0.0)	(110, 0.0)	(115, 0.0)	(120, 0.0)	(125, 0.0)	(130, 0.0)	(135, 0.0)	(140, 0.0)	(145, 0.0)	(150, 0.0)	(155, 0.0)	(160, 0.0)	(165, 0.0)	(170, 0.0)	(175, 0.0)	(180, 0.0)	(185, 0.0)	(190, 0.0)	(195, 0.0)	(200, 0.0)	(205, 0.0)	(210, 0.0)	(215, 0.0)	(220, 0.0)	(225, 0.0)	(230, 0.0)
SRR36466320_2	(1, 0.03290195218249616)	(2, 0.02330554946260145)	(3, 0.04524018425093222)	(4, 0.02741829348541347)	(5, 0.04798201359947357)	(6, 0.03427286685676684)	(7, 0.050723842948014915)	(8, 0.03975652555384953)	(9, 0.05757841631936828)	(10, 0.05401403816626453)	(15, 0.05017547707830665)	(20, 0.013160780872998466)	(25, 0.004386926957666155)	(30, 0.007677122175915771)	(35, 0.0016450976091248082)	(40, 0.0005483658697082694)	(45, 0.0)	(50, 0.0)	(55, 0.0)	(60, 0.0)	(65, 0.0)	(70, 0.0)	(75, 0.0)	(80, 0.0008225488045624041)	(85, 0.0)	(90, 0.0)	(95, 0.0010967317394165387)	(100, 0.0)	(105, 0.0)	(110, 0.0)	(115, 0.0)	(120, 0.0)	(125, 0.0)	(130, 0.0)	(135, 0.0)	(140, 0.0)	(145, 0.0)	(150, 0.0)	(155, 0.0)	(160, 0.0)	(165, 0.0)	(170, 0.0)	(175, 0.0)	(180, 0.0)	(185, 0.0)	(190, 0.0)	(195, 0.0)	(200, 0.0)	(205, 0.0)	(210, 0.0)	(215, 0.0)	(220, 0.0)	(225, 0.0)	
SRR36466321_1	(1, 0.005395853286749133)	(2, 0.029677193077120235)	(3, 0.016187559860247402)	(4, 0.03642200968555665)	(5, 0.02832822975543295)	(6, 0.04586475293736763)	(7, 0.03911993632893122)	(8, 0.04721371625905492)	(9, 0.04721371625905492)	(10, 0.05746583750387827)	(15, 0.07257422670677585)	(20, 0.06798775141303907)	(25, 0.04370641162266798)	(30, 0.021313620482659078)	(35, 0.013219840552535375)	(40, 0.003507304636386937)	(45, 0.0013489633216872833)	(50, 0.0013489633216872833)	(55, 0.0008093779930123699)	(60, 0.0)	(65, 0.0)	(70, 0.0)	(75, 0.0)	(80, 0.0)	(85, 0.0)	(90, 0.00026979266433745666)	(95, 0.0)	(100, 0.0)	(105, 0.0008093779930123699)	(110, 0.0)	(115, 0.0)	(120, 0.0)	(125, 0.0)	(130, 0.0)	(135, 0.0)	(140, 0.0)	(145, 0.0)	(150, 0.0)	(155, 0.0)	(160, 0.0)	(165, 0.0)	(170, 0.0)	(175, 0.0)	(180, 0.0)	(185, 0.0)	(190, 0.0)	(195, 0.0)	(200, 0.0)	(205, 0.0)	(210, 0.0)	(215, 0.0)	(220, 0.0)	(225, 0.0)	(230, 0.0)
SRR36466321_2	(1, 0.022932376468683815)	(2, 0.03372408304218208)	(3, 0.026979266433745666)	(4, 0.04181786297230578)	(5, 0.03642200968555665)	(6, 0.04451578961568035)	(7, 0.0404688996506185)	(8, 0.05395853286749133)	(9, 0.04991164290242948)	(10, 0.0547679108605037)	(15, 0.037501180342906476)	(20, 0.008093779930123701)	(25, 0.009442743251810983)	(30, 0.004586475293736764)	(35, 0.0018885486503621967)	(40, 0.0)	(45, 0.0)	(50, 0.0)	(55, 0.0)	(60, 0.0)	(65, 0.0)	(70, 0.0)	(75, 0.0)	(80, 0.0005395853286749133)	(85, 0.0)	(90, 0.0)	(95, 0.0010791706573498267)	(100, 0.0)	(105, 0.0)	(110, 0.0)	(115, 0.0)	(120, 0.0)	(125, 0.0)	(130, 0.0)	(135, 0.0)	(140, 0.0)	(145, 0.0)	(150, 0.0)	(155, 0.0)	(160, 0.0)	(165, 0.0)	(170, 0.0)	(175, 0.0)	(180, 0.0)	(185, 0.0)	(190, 0.0)	(195, 0.0)	(200, 0.0)	(205, 0.0)	(210, 0.0)	(215, 0.0)	(220, 0.0)	(225, 0.0)	
SRR36466322_1	(1, 0.018177411536597188)	(2, 0.05453223460979156)	(3, 0.034840038778477946)	(4, 0.0651357246728066)	(5, 0.04089917595734367)	(6, 0.07422443044110519)	(7, 0.05907658749394086)	(8, 0.07270964614638875)	(9, 0.06816529326223945)	(10, 0.08179835191468735)	(15, 0.09088705768298595)	(20, 0.10027872031022783)	(25, 0.07240668928744547)	(30, 0.044534658264663116)	(35, 0.02484246243334949)	(40, 0.008482792050412021)	(45, 0.0021206980126030053)	(50, 0.0015147842947164324)	(55, 0.0009088705768298594)	(60, 0.0)	(65, 0.0)	(70, 0.0)	(75, 0.0)	(80, 0.0)	(85, 0.0)	(90, 0.0)	(95, 0.0)	(100, 0.0)	(105, 0.0)	(110, 0.0)	(115, 0.0)	(120, 0.0)	(125, 0.0)	(130, 0.0)	(135, 0.0)	(140, 0.0)	(145, 0.0)	(150, 0.0)	(155, 0.0)	(160, 0.0)	(165, 0.0)	(170, 0.0)	(175, 0.0)	(180, 0.0)	(185, 0.0)	(190, 0.0)	(195, 0.0)	(200, 0.0)	(205, 0.0)	(210, 0.0)	(215, 0.0)	(220, 0.0)	(225, 0.0)	(230, 0.0)
SRR36466322_2	(1, 0.012118274357731459)	(2, 0.03332525448376151)	(3, 0.018177411536597188)	(4, 0.03332525448376151)	(5, 0.024236548715462918)	(6, 0.04089917595734367)	(7, 0.02575133301017935)	(8, 0.04998788172564227)	(9, 0.02575133301017935)	(10, 0.04877605428986912)	(15, 0.03756665050896753)	(20, 0.011512360639844886)	(25, 0.010603490063015027)	(30, 0.00515026660203587)	(35, 0.0018177411536597187)	(40, 0.0)	(45, 0.0)	(50, 0.0)	(55, 0.0)	(60, 0.0)	(65, 0.0)	(70, 0.0)	(75, 0.0)	(80, 0.0)	(85, 0.0)	(90, 0.0)	(95, 0.00030295685894328646)	(100, 0.0)	(105, 0.0)	(110, 0.0)	(115, 0.0)	(120, 0.0)	(125, 0.0)	(130, 0.0)	(135, 0.0)	(140, 0.0)	(145, 0.0)	(150, 0.0)	(155, 0.0)	(160, 0.0)	(165, 0.0)	(170, 0.0)	(175, 0.0)	(180, 0.0)	(185, 0.0)	(190, 0.0)	(195, 0.0)	(200, 0.0)	(205, 0.0)	(210, 0.0)	(215, 0.0)	(220, 0.0)	(225, 0.0)	
SRR36466323_1	(1, 0.034532554781189176)	(2, 0.018835938971557734)	(3, 0.04081120110504176)	(4, 0.029823570038299742)	(5, 0.04552018584793119)	(6, 0.04395052426696804)	(7, 0.05022917059082062)	(8, 0.04865950900985747)	(9, 0.05807747849563634)	(10, 0.06278646323852578)	(15, 0.07879701136434986)	(20, 0.07094870345953412)	(25, 0.03861367489169335)	(30, 0.01663841275820933)	(35, 0.01381302191247567)	(40, 0.0015696615809631443)	(45, 0.0012557292647705155)	(50, 0.0003139323161926289)	(55, 0.0)	(60, 0.0)	(65, 0.0)	(70, 0.0)	(75, 0.0)	(80, 0.0)	(85, 0.0)	(90, 0.0012557292647705155)	(95, 0.0)	(100, 0.002197526213348402)	(105, 0.0)	(110, 0.0)	(115, 0.0)	(120, 0.0)	(125, 0.0)	(130, 0.0)	(135, 0.0)	(140, 0.0)	(145, 0.0)	(150, 0.0)	(155, 0.0)	(160, 0.0)	(165, 0.0)	(170, 0.0)	(175, 0.0)	(180, 0.0)	(185, 0.0)	(190, 0.0)	(195, 0.0)	(200, 0.0)	(205, 0.0)	(210, 0.0)	(215, 0.0)	(220, 0.0)	(225, 0.0)	(230, 0.0)
SRR36466323_2	(1, 0.02511458529541031)	(2, 0.02511458529541031)	(3, 0.03296289320022603)	(4, 0.03139323161926289)	(5, 0.034532554781189176)	(6, 0.03296289320022603)	(7, 0.04081120110504176)	(8, 0.039241539524078606)	(9, 0.0565078169146732)	(10, 0.05807747849563634)	(15, 0.04395052426696804)	(20, 0.015696615809631446)	(25, 0.00816224022100835)	(30, 0.01098763106674201)	(35, 0.0012557292647705155)	(40, 0.0)	(45, 0.0)	(50, 0.0)	(55, 0.0)	(60, 0.0)	(65, 0.0)	(70, 0.0)	(75, 0.0)	(80, 0.0)	(85, 0.0)	(90, 0.0)	(95, 0.0)	(100, 0.0)	(105, 0.0)	(110, 0.0)	(115, 0.0)	(120, 0.0)	(125, 0.0)	(130, 0.0)	(135, 0.0)	(140, 0.0)	(145, 0.0)	(150, 0.0)	(155, 0.0)	(160, 0.0)	(165, 0.0)	(170, 0.0)	(175, 0.0)	(180, 0.0)	(185, 0.0)	(190, 0.0)	(195, 0.0)	(200, 0.0)	(205, 0.0)	(210, 0.0)	(215, 0.0)	(220, 0.0)	(225, 0.0)	
SRR36466324_1	(1, 0.009465066018835481)	(2, 0.007887555015696235)	(3, 0.04101528608162042)	(4, 0.02524017605022795)	(5, 0.0504803521004559)	(6, 0.029972709059645688)	(7, 0.05836790711615214)	(8, 0.044170308087898916)	(9, 0.06310044012556988)	(10, 0.06720196873373191)	(15, 0.08928712277768137)	(20, 0.098436686595889)	(25, 0.06972598633875471)	(30, 0.030919215661529238)	(35, 0.017352621034531716)	(40, 0.008203057216324085)	(45, 0.0018930132037670961)	(50, 0.0006310044012556987)	(55, 0.0)	(60, 0.0)	(65, 0.0)	(70, 0.0)	(75, 0.0)	(80, 0.0)	(85, 0.0)	(90, 0.0)	(95, 0.0)	(100, 0.0)	(105, 0.0003155071777882947)	(110, 0.0)	(115, 0.0)	(120, 0.0)	(125, 0.0)	(130, 0.0)	(135, 0.0)	(140, 0.0)	(145, 0.0)	(150, 0.0)	(155, 0.0)	(160, 0.0)	(165, 0.0)	(170, 0.0)	(175, 0.0)	(180, 0.0)	(185, 0.0)	(190, 0.0)	(195, 0.0)	(200, 0.0)	(205, 0.0)	(210, 0.0)	(215, 0.0)	(220, 0.0)	(225, 0.0)	(230, 0.0)
SRR36466324_2	(1, 0.014197599028253221)	(2, 0.009465066018835481)	(3, 0.018930132037670962)	(4, 0.014197599028253221)	(5, 0.02524017605022795)	(6, 0.014197599028253221)	(7, 0.03155022006278494)	(8, 0.017352621034531716)	(9, 0.042592797084759666)	(10, 0.03407423766780773)	(15, 0.017983625435787416)	(20, 0.01009607042009118)	(25, 0.011042577021974729)	(30, 0.002208515404394946)	(35, 0.0)	(40, 0.0)	(45, 0.0)	(50, 0.0)	(55, 0.0)	(60, 0.0)	(65, 0.0)	(70, 0.0)	(75, 0.0)	(80, 0.00031550220062784935)	(85, 0.0)	(90, 0.0)	(95, 0.00031550220062784935)	(100, 0.0)	(105, 0.0)	(110, 0.0)	(115, 0.0)	(120, 0.0)	(125, 0.0)	(130, 0.0)	(135, 0.0)	(140, 0.0)	(145, 0.0)	(150, 0.0)	(155, 0.0)	(160, 0.0)	(165, 0.0)	(170, 0.0)	(175, 0.0)	(180, 0.0)	(185, 0.0)	(190, 0.0)	(195, 0.0)	(200, 0.0)	(205, 0.0)	(210, 0.0)	(215, 0.0)	(220, 0.0)	(225, 0.0)	
SRR36466325_1	(1, 0.025097645527128988)	(2, 0.01882323414534674)	(3, 0.05803830528148578)	(4, 0.05490109959059465)	(5, 0.07843014227227808)	(6, 0.050195291054257976)	(7, 0.09254756788128814)	(8, 0.06744992235415916)	(9, 0.09725337641762483)	(10, 0.10290034666122884)	(15, 0.13646844755376386)	(20, 0.15403679942275417)	(25, 0.11199824316481309)	(30, 0.06682248121598093)	(35, 0.03764646829069348)	(40, 0.01850951357625763)	(45, 0.004705808536336685)	(50, 0.0031372056908911235)	(55, 0.0012548822763564494)	(60, 0.0)	(65, 0.0)	(70, 0.0)	(75, 0.0)	(80, 0.0)	(85, 0.0)	(90, 0.0)	(95, 0.0)	(100, 0.0)	(105, 0.0)	(110, 0.0)	(115, 0.0)	(120, 0.0)	(125, 0.0)	(130, 0.0)	(135, 0.0)	(140, 0.0)	(145, 0.0)	(150, 0.0)	(155, 0.0)	(160, 0.0)	(165, 0.0)	(170, 0.0)	(175, 0.0)	(180, 0.0)	(185, 0.0)	(190, 0.0)	(195, 0.0)	(200, 0.0)	(205, 0.0)	(210, 0.0)	(215, 0.0)	(220, 0.0)	(225, 0.0)	(230, 0.0)
SRR36466325_2	(1, 0.04235227682703017)	(2, 0.02980345406346567)	(3, 0.050195291054257976)	(4, 0.036077865445247916)	(5, 0.05176389389970353)	(6, 0.040783673981584605)	(7, 0.05960690812693134)	(8, 0.03921507113613904)	(9, 0.06117551097237691)	(10, 0.05897946698875312)	(15, 0.03701902715251526)	(20, 0.010039058210851595)	(25, 0.009725337641762482)	(30, 0.003764646829069348)	(35, 0.002196043983623786)	(40, 0.000941161707267337)	(45, 0.0)	(50, 0.0)	(55, 0.0)	(60, 0.0)	(65, 0.0)	(70, 0.0)	(75, 0.0)	(80, 0.0)	(85, 0.0)	(90, 0.0)	(95, 0.0)	(100, 0.0)	(105, 0.0)	(110, 0.0)	(115, 0.0)	(120, 0.0)	(125, 0.0)	(130, 0.0)	(135, 0.0)	(140, 0.0)	(145, 0.0)	(150, 0.0)	(155, 0.0)	(160, 0.0)	(165, 0.0)	(170, 0.0)	(175, 0.0)	(180, 0.0)	(185, 0.0)	(190, 0.0)	(195, 0.0)	(200, 0.0)	(205, 0.0)	(210, 0.0)	(215, 0.0)	(220, 0.0)		
SRR36466326_1	(1, 0.040679191840055445)	(2, 0.021092914287436156)	(3, 0.057252195923041)	(4, 0.0331460081659711)	(5, 0.060265469392674735)	(6, 0.046705738779322915)	(7, 0.055745559188224124)	(8, 0.05423892245340725)	(9, 0.0662920163319422)	(10, 0.06689467102586895)	(15, 0.08979554939508536)	(20, 0.08798758531330511)	(25, 0.0503216669428834)	(30, 0.027420788573667004)	(35, 0.022900878369216397)	(40, 0.006327874286230846)	(45, 0.0)	(50, 0.0)	(55, 0.0)	(60, 0.0)	(65, 0.0)	(70, 0.0)	(75, 0.0)	(80, 0.0)	(85, 0.0)	(90, 0.0)	(95, 0.0)	(100, 0.000903982040890121)	(105, 0.0)	(110, 0.0)	(115, 0.0)	(120, 0.0)	(125, 0.0)	(130, 0.0)	(135, 0.0)	(140, 0.0)	(145, 0.0)	(150, 0.0)	(155, 0.0)	(160, 0.0)	(165, 0.0)	(170, 0.0)	(175, 0.0)	(180, 0.0)	(185, 0.0)	(190, 0.0)	(195, 0.0)	(200, 0.0)	(205, 0.0)	(210, 0.0)	(215, 0.0)	(220, 0.0)	(225, 0.0)	(230, 0.0)
SRR36466326_2	(1, 0.03766591837042171)	(2, 0.03163937143115424)	(3, 0.05875883265785786)	(4, 0.03465264490078797)	(5, 0.06327874286230847)	(6, 0.04519910204450605)	(7, 0.0662920163319422)	(8, 0.049719012248956654)	(9, 0.08135838368011089)	(10, 0.07924909225136727)	(15, 0.07382520000602655)	(20, 0.03224202612508098)	(25, 0.019586277552619286)	(30, 0.0171756587769123)	(35, 0.005122564898377353)	(40, 0.0)	(45, 0.0)	(50, 0.0)	(55, 0.0)	(60, 0.0)	(65, 0.0)	(70, 0.0)	(75, 0.0)	(80, 0.0)	(85, 0.0)	(90, 0.0)	(95, 0.00030132734696337366)	(100, 0.0)	(105, 0.0)	(110, 0.0)	(115, 0.0)	(120, 0.0)	(125, 0.0)	(130, 0.0)	(135, 0.0)	(140, 0.0)	(145, 0.0)	(150, 0.0)	(155, 0.0)	(160, 0.0)	(165, 0.0)	(170, 0.0)	(175, 0.0)	(180, 0.0)	(185, 0.0)	(190, 0.0)	(195, 0.0)	(200, 0.0)	(205, 0.0)	(210, 0.0)	(215, 0.0)	(220, 0.0)	(225, 0.0)	
SRR36466327_1	(1, 0.03781552327230328)	(2, 0.0646015189235181)	(3, 0.045693757287366465)	(4, 0.07563104654460656)	(5, 0.06302587212050546)	(6, 0.07405539974159392)	(7, 0.07090410613556865)	(8, 0.08981186777172029)	(9, 0.07247975293858129)	(10, 0.09579932562316831)	(15, 0.10777424132606434)	(20, 0.10052626603220623)	(25, 0.060189707875082724)	(30, 0.03466422966627801)	(35, 0.02142879652097186)	(40, 0.0015756468030126366)	(45, 0.0)	(50, 0.0)	(55, 0.0)	(60, 0.0)	(65, 0.0)	(70, 0.0)	(75, 0.0)	(80, 0.0)	(85, 0.0)	(90, 0.0)	(95, 0.0)	(100, 0.0)	(105, 0.0)	(110, 0.0)	(115, 0.0)	(120, 0.0)	(125, 0.0)	(130, 0.0)	(135, 0.0)	(140, 0.0)	(145, 0.0)	(150, 0.0)	(155, 0.0)	(160, 0.0)	(165, 0.0)	(170, 0.0)	(175, 0.0)	(180, 0.0)	(185, 0.0)	(190, 0.0)	(195, 0.0)	(200, 0.0)	(205, 0.0)	(210, 0.0)	(215, 0.0)	(220, 0.0)	(225, 0.0)	(230, 0.0)
SRR36466327_2	(1, 0.02363470204518955)	(2, 0.03466422966627801)	(3, 0.02836164245422746)	(4, 0.05514763810544228)	(5, 0.02836164245422746)	(6, 0.06302587212050546)	(7, 0.04254246368134119)	(8, 0.06775281252954338)	(9, 0.05672328490845492)	(10, 0.07783695206882425)	(15, 0.07311001165978634)	(20, 0.03750039391170075)	(25, 0.02111366716036933)	(30, 0.020798537799766804)	(35, 0.007878234015063183)	(40, 0.0015756468030126366)	(45, 0.00031512936060252737)	(50, 0.0)	(55, 0.0)	(60, 0.0)	(65, 0.0)	(70, 0.0)	(75, 0.0)	(80, 0.0)	(85, 0.0)	(90, 0.0)	(95, 0.0)	(100, 0.0)	(105, 0.0)	(110, 0.0)	(115, 0.0)	(120, 0.0)	(125, 0.0)	(130, 0.0)	(135, 0.0)	(140, 0.0)	(145, 0.0)	(150, 0.0)	(155, 0.0)	(160, 0.0)	(165, 0.0)	(170, 0.0)	(175, 0.0)	(180, 0.0)	(185, 0.0)	(190, 0.0)	(195, 0.0)	(200, 0.0)	(205, 0.0)	(210, 0.0)	(215, 0.0)	(220, 0.0)	(225, 0.0)	
