Sample	0	1	2	3	4	5	6	7	8	9	10	11	12	13	14	15	16	17	18	19	20	21	22	23	24	25	26	27	28	29	30	31	32	33	34	35	36	37	38	39	40	41	42	43	44	45	46	47	48	49	50	51	52	53	54	55
SRR1542200_1 - polyg	(1, 0.0019183180187611502)	(2, 0.0019183180187611502)	(3, 0.0019183180187611502)	(4, 0.0019183180187611502)	(5, 0.0019183180187611502)	(6, 0.0019183180187611502)	(7, 0.0019183180187611502)	(8, 0.0019183180187611502)	(9, 0.0019183180187611502)	(10, 0.0019183180187611504)	(15, 0.0019183180187611504)	(20, 0.0019183180187611504)	(25, 0.0019183180187611504)	(30, 0.0019183180187611504)	(35, 0.0019183180187611504)	(40, 0.0019183180187611504)	(45, 0.0019183180187611504)	(50, 0.0019183180187611504)	(55, 0.0019183180187611504)	(60, 0.0019183180187611504)	(65, 0.0019183180187611504)	(70, 0.0019183180187611504)	(75, 0.0019183180187611504)	(80, 0.0019183180187611504)	(85, 0.0019183180187611504)	(90, 0.0019183180187611504)	(95, 0.0019183180187611504)	(100, 0.0019183180187611504)	(105, 0.0019183180187611504)	(110, 0.0019183180187611504)	(115, 0.0019183180187611504)	(120, 0.0019183180187611504)	(125, 0.022252489017629343)	(130, 0.06560647624163134)	(135, 0.06714113065664026)	(140, 0.06714113065664026)	(145, 0.06790845786414472)	(150, 0.07481440273168485)	(155, 0.07481440273168485)	(160, 0.07481440273168485)	(165, 0.07481440273168485)	(170, 0.07481440273168485)	(175, 0.07481440273168485)	(180, 0.07481440273168485)	(185, 0.07481440273168485)	(190, 0.07673272075044602)	(195, 0.07673272075044602)	(200, 0.07673272075044602)	(205, 0.07673272075044602)	(210, 0.07673272075044602)	(215, 0.07673272075044602)	(220, 0.08133668399547278)	(225, 0.08248767480672946)	(230, 0.08287133841048169)	(235, 0.2160026089125055)	(240, 0.22060657215753227)
SRR1542205_1 - polyg	(1, 0.001240587045790068)	(2, 0.001240587045790068)	(3, 0.001240587045790068)	(4, 0.001240587045790068)	(5, 0.001240587045790068)	(6, 0.001240587045790068)	(7, 0.001240587045790068)	(8, 0.001240587045790068)	(9, 0.001240587045790068)	(10, 0.001240587045790068)	(15, 0.001240587045790068)	(20, 0.001240587045790068)	(25, 0.001240587045790068)	(30, 0.001240587045790068)	(35, 0.001240587045790068)	(40, 0.001240587045790068)	(45, 0.001240587045790068)	(50, 0.001240587045790068)	(55, 0.001240587045790068)	(60, 0.001240587045790068)	(65, 0.001240587045790068)	(70, 0.001240587045790068)	(75, 0.001240587045790068)	(80, 0.001240587045790068)	(85, 0.001240587045790068)	(90, 0.001240587045790068)	(95, 0.001240587045790068)	(100, 0.001240587045790068)	(105, 0.001240587045790068)	(110, 0.001240587045790068)	(115, 0.0014887044549480816)	(120, 0.004466113364844244)	(125, 0.011909635639584651)	(130, 0.03721761137370204)	(135, 0.039698785465282174)	(140, 0.039698785465282174)	(145, 0.04490925105760045)	(150, 0.06078876524371333)	(155, 0.06078876524371333)	(160, 0.06078876524371333)	(165, 0.06078876524371333)	(170, 0.06078876524371333)	(175, 0.06078876524371333)	(180, 0.06078876524371333)	(185, 0.06078876524371333)	(190, 0.06078876524371333)	(195, 0.06078876524371333)	(200, 0.06078876524371333)	(205, 0.06078876524371333)	(210, 0.06078876524371333)	(215, 0.06078876524371333)	(220, 0.061781234880345384)	(225, 0.06202935228950339)	(230, 0.06277370451697743)	(235, 0.1975014576897788)	(240, 0.20717803664694134)
SRR1542209_1 - polyg	(1, 0.0)	(2, 0.0)	(3, 0.0)	(4, 0.0)	(5, 0.0)	(6, 0.0)	(7, 0.0)	(8, 0.0)	(9, 0.0)	(10, 0.0)	(15, 0.0)	(20, 0.0)	(25, 0.0)	(30, 0.0)	(35, 0.0)	(40, 0.0)	(45, 0.0)	(50, 0.0)	(55, 0.0)	(60, 0.0)	(65, 0.0)	(70, 0.0)	(75, 0.0)	(80, 0.0)	(85, 0.0)	(90, 0.0)	(95, 0.0)	(100, 0.0)	(105, 0.0)	(110, 0.0)	(115, 0.0)	(120, 0.0074737019113992635)	(125, 0.025036901403187532)	(130, 0.06651594701145344)	(135, 0.06913174268044318)	(140, 0.06913174268044318)	(145, 0.07660544459184246)	(150, 0.0934212738924908)	(155, 0.0934212738924908)	(160, 0.0934212738924908)	(165, 0.0934212738924908)	(170, 0.0934212738924908)	(175, 0.0934212738924908)	(180, 0.0934212738924908)	(185, 0.0934212738924908)	(190, 0.0934212738924908)	(195, 0.0934212738924908)	(200, 0.0934212738924908)	(205, 0.0934212738924908)	(210, 0.0934212738924908)	(215, 0.0934212738924908)	(220, 0.09491601427477064)	(225, 0.09528969937034061)	(230, 0.09715812484819043)	(235, 0.18011621606472222)	(240, 0.18497412230713178)
SRR1542212_1 - polyg	(1, 0.0)	(2, 0.0)	(3, 0.0)	(4, 0.0)	(5, 0.0)	(6, 0.0)	(7, 0.0)	(8, 0.0)	(9, 0.0)	(10, 0.0)	(15, 0.0)	(20, 0.0)	(25, 0.0)	(30, 0.0)	(35, 0.0)	(40, 0.0)	(45, 0.0)	(50, 0.0)	(55, 0.0)	(60, 0.0)	(65, 0.0)	(70, 0.0)	(75, 0.0)	(80, 0.0)	(85, 0.0)	(90, 0.0)	(95, 0.0)	(100, 0.0)	(105, 0.0)	(110, 0.0)	(115, 0.0)	(120, 0.0)	(125, 0.01871490954460387)	(130, 0.031191515907673113)	(135, 0.031191515907673113)	(140, 0.031191515907673113)	(145, 0.031191515907673113)	(150, 0.031191515907673113)	(155, 0.031191515907673113)	(160, 0.031191515907673113)	(165, 0.031191515907673113)	(170, 0.031191515907673113)	(175, 0.031191515907673113)	(180, 0.031191515907673113)	(185, 0.031191515907673113)	(190, 0.031191515907673113)	(195, 0.031191515907673113)	(200, 0.031191515907673113)	(205, 0.031191515907673113)	(210, 0.031191515907673113)	(215, 0.031191515907673113)	(220, 0.031191515907673113)	(225, 0.031191515907673113)	(230, 0.031191515907673113)	(235, 0.15595757953836556)	(240, 0.15595757953836556)
SRR1542213_1 - polyg	(1, 0.0)	(2, 0.0)	(3, 0.0)	(4, 0.0)	(5, 0.0)	(6, 0.0)	(7, 0.0)	(8, 0.0)	(9, 0.0)	(10, 0.0)	(15, 0.0)	(20, 0.0)	(25, 0.0)	(30, 0.0)	(35, 0.0)	(40, 0.0)	(45, 0.0)	(50, 0.0)	(55, 0.0)	(60, 0.0)	(65, 0.0)	(70, 0.0)	(75, 0.0)	(80, 0.0)	(85, 0.0)	(90, 0.0)	(95, 0.0)	(100, 0.0)	(105, 0.0)	(110, 0.0)	(115, 0.0)	(120, 0.0)	(125, 0.0)	(130, 0.02875215641173088)	(135, 0.02875215641173088)	(140, 0.02875215641173088)	(145, 0.02875215641173088)	(150, 0.02875215641173088)	(155, 0.02875215641173088)	(160, 0.02875215641173088)	(165, 0.02875215641173088)	(170, 0.02875215641173088)	(175, 0.02875215641173088)	(180, 0.02875215641173088)	(185, 0.02875215641173088)	(190, 0.02875215641173088)	(195, 0.02875215641173088)	(200, 0.02875215641173088)	(205, 0.02875215641173088)	(210, 0.02875215641173088)	(215, 0.02875215641173088)	(220, 0.02875215641173088)	(225, 0.02875215641173088)	(230, 0.03450258769407706)	(235, 0.20126509488211614)	(240, 0.20126509488211616)
SRR1542214_1 - polyg	(1, 0.0036998668047950275)	(2, 0.0036998668047950275)	(3, 0.0036998668047950275)	(4, 0.0036998668047950275)	(5, 0.0036998668047950275)	(6, 0.0036998668047950275)	(7, 0.0036998668047950275)	(8, 0.0036998668047950275)	(9, 0.0036998668047950275)	(10, 0.0036998668047950275)	(15, 0.0036998668047950275)	(20, 0.0036998668047950275)	(25, 0.0036998668047950275)	(30, 0.0036998668047950275)	(35, 0.0036998668047950275)	(40, 0.0036998668047950275)	(45, 0.0036998668047950275)	(50, 0.0036998668047950275)	(55, 0.0036998668047950275)	(60, 0.0036998668047950275)	(65, 0.0036998668047950275)	(70, 0.0036998668047950275)	(75, 0.0036998668047950275)	(80, 0.0036998668047950275)	(85, 0.0036998668047950275)	(90, 0.0036998668047950275)	(95, 0.0036998668047950275)	(100, 0.0036998668047950275)	(105, 0.0036998668047950275)	(110, 0.0036998668047950275)	(115, 0.0036998668047950275)	(120, 0.014059493858221103)	(125, 0.02959893443836022)	(130, 0.07399733609590055)	(135, 0.07399733609590055)	(140, 0.07399733609590055)	(145, 0.07621725617877757)	(150, 0.07769720290069558)	(155, 0.07769720290069558)	(160, 0.07769720290069558)	(165, 0.07769720290069558)	(170, 0.07769720290069558)	(175, 0.07769720290069558)	(180, 0.07769720290069558)	(185, 0.07769720290069558)	(190, 0.07769720290069558)	(195, 0.07769720290069558)	(200, 0.07769720290069558)	(205, 0.07769720290069558)	(210, 0.07769720290069558)	(215, 0.07769720290069558)	(220, 0.07769720290069558)	(225, 0.07769720290069558)	(230, 0.07843717626165458)	(235, 0.13097528488974394)	(240, 0.136895071777416)
SRR1542215_1 - polyg	(1, 0.0)	(2, 0.0)	(3, 0.0)	(4, 0.0)	(5, 0.0)	(6, 0.0)	(7, 0.0)	(8, 0.0)	(9, 0.0)	(10, 0.0)	(15, 0.0)	(20, 0.0)	(25, 0.0)	(30, 0.0)	(35, 0.0)	(40, 0.0)	(45, 0.0)	(50, 0.0)	(55, 0.0)	(60, 0.0)	(65, 0.0)	(70, 0.0)	(75, 0.0)	(80, 0.0)	(85, 0.0)	(90, 0.0)	(95, 0.0)	(100, 0.0)	(105, 0.0)	(110, 0.0)	(115, 0.0)	(120, 0.0035873009546206432)	(125, 0.03487653705881181)	(130, 0.1773721027562429)	(135, 0.1813579927058214)	(140, 0.1813579927058214)	(145, 0.21703170775454889)	(150, 0.29595232875620303)	(155, 0.29595232875620303)	(160, 0.29595232875620303)	(165, 0.29595232875620303)	(170, 0.29595232875620303)	(175, 0.29595232875620303)	(180, 0.29595232875620303)	(185, 0.2997389242083026)	(190, 0.30591705363014926)	(195, 0.30591705363014926)	(200, 0.30591705363014926)	(205, 0.30591705363014926)	(210, 0.30591705363014926)	(215, 0.30591705363014926)	(220, 0.3077107041074596)	(225, 0.3079099986049385)	(230, 0.31608107300157445)	(235, 0.4454232018653966)	(240, 0.457380871714132)
SRR1542215_2 - polya	(1, 0.0)	(2, 0.0)	(3, 0.0)	(4, 0.0)	(5, 0.0)	(6, 0.0)	(7, 0.0)	(8, 0.0)	(9, 0.0)	(10, 0.0)	(15, 0.0)	(20, 0.0)	(25, 0.0)	(30, 0.0)	(35, 0.0)	(40, 0.0)	(45, 0.0)	(50, 0.0)	(55, 0.0)	(60, 0.0)	(65, 0.0)	(70, 0.0)	(75, 0.0)	(80, 0.0)	(85, 0.0)	(90, 0.0)	(95, 0.0)	(100, 0.0)	(105, 0.0)	(110, 0.0)	(115, 0.0)	(120, 0.0)	(125, 0.0)	(130, 0.0)	(135, 0.0)	(140, 0.0)	(145, 0.0)	(150, 0.0)	(155, 0.0)	(160, 0.0)	(165, 0.0)	(170, 0.0)	(175, 0.0)	(180, 0.0)	(185, 0.0)	(190, 0.0)	(195, 0.0)	(200, 0.0)	(205, 0.0)	(210, 0.0)	(215, 0.0)	(220, 0.0)	(225, 0.0)	(230, 0.0599876437411563)	(235, 0.9472467465173287)	(240, 1.8275305418817387)
SRR1542215_2 - polyg	(1, 0.0)	(2, 0.0)	(3, 0.0)	(4, 0.0)	(5, 0.0)	(6, 0.0)	(7, 0.0)	(8, 0.0)	(9, 0.0)	(10, 0.0)	(15, 0.0)	(20, 0.0)	(25, 0.0)	(30, 0.0)	(35, 0.0)	(40, 0.0)	(45, 0.0)	(50, 0.0)	(55, 0.0)	(60, 0.0)	(65, 0.0)	(70, 0.0)	(75, 0.0005978834924367739)	(80, 0.0009964724873946231)	(85, 0.0009964724873946231)	(90, 0.0009964724873946231)	(95, 0.0009964724873946231)	(100, 0.0009964724873946231)	(105, 0.0009964724873946231)	(110, 0.0009964724873946231)	(115, 0.0009964724873946231)	(120, 0.0009964724873946231)	(125, 0.0009964724873946231)	(130, 0.0009964724873946231)	(135, 0.0009964724873946231)	(140, 0.0009964724873946231)	(145, 0.0009964724873946231)	(150, 0.0009964724873946231)	(155, 0.0009964724873946231)	(160, 0.0009964724873946231)	(165, 0.0009964724873946231)	(170, 0.0009964724873946231)	(175, 0.0009964724873946231)	(180, 0.0009964724873946231)	(185, 0.0009964724873946231)	(190, 0.0009964724873946231)	(195, 0.0009964724873946231)	(200, 0.0009964724873946231)	(205, 0.0009964724873946231)	(210, 0.0009964724873946231)	(215, 0.0009964724873946231)	(220, 0.0009964724873946231)	(225, 0.0009964724873946231)	(230, 0.0009964724873946231)	(235, 0.18733682763018913)	(240, 1.3253084082348487)
SRR1542216_1 - polya	(1, 0.0)	(2, 0.0)	(3, 0.0)	(4, 0.0)	(5, 0.0)	(6, 0.0)	(7, 0.0)	(8, 0.0)	(9, 0.0)	(10, 0.0)	(15, 0.0)	(20, 0.0)	(25, 0.0)	(30, 0.0)	(35, 0.0)	(40, 0.0)	(45, 0.0)	(50, 0.0)	(55, 0.0)	(60, 0.03592208449279029)	(65, 0.19478876802428535)	(70, 0.1963066025803187)	(75, 0.197318492284341)	(80, 0.197318492284341)	(85, 0.197318492284341)	(90, 0.197318492284341)	(95, 0.197318492284341)	(100, 0.197318492284341)	(105, 0.197318492284341)	(110, 0.197318492284341)	(115, 0.197318492284341)	(120, 0.197318492284341)	(125, 0.20490766506450794)	(130, 0.21502656210473062)	(135, 0.21502656210473062)	(140, 0.21502656210473062)	(145, 0.21502656210473062)	(150, 0.21502656210473062)	(155, 0.21502656210473062)	(160, 0.21502656210473062)	(165, 0.21502656210473062)	(170, 0.21502656210473062)	(175, 0.21502656210473062)	(180, 0.21502656210473062)	(185, 0.21502656210473062)	(190, 0.21502656210473062)	(195, 0.21502656210473062)	(200, 0.21502656210473062)	(205, 0.21502656210473062)	(210, 0.21502656210473062)	(215, 0.21502656210473062)	(220, 0.21502656210473062)	(225, 0.21502656210473062)	(230, 0.21502656210473062)	(235, 0.21502656210473062)	(240, 0.2150265621047306)
SRR1542216_1 - polyg	(1, 0.0)	(2, 0.0)	(3, 0.0)	(4, 0.0)	(5, 0.0)	(6, 0.0)	(7, 0.0)	(8, 0.0)	(9, 0.0)	(10, 0.0)	(15, 0.0)	(20, 0.0)	(25, 0.0)	(30, 0.0)	(35, 0.0)	(40, 0.0)	(45, 0.0)	(50, 0.0)	(55, 0.0)	(60, 0.0)	(65, 0.0)	(70, 0.0)	(75, 0.0)	(80, 0.0)	(85, 0.0)	(90, 0.0)	(95, 0.0)	(100, 0.0)	(105, 0.0)	(110, 0.0)	(115, 0.0)	(120, 0.0)	(125, 0.03136858082469011)	(130, 0.1613964077915507)	(135, 0.1694915254237288)	(140, 0.1694915254237288)	(145, 0.2104730584366304)	(150, 0.30862635972678976)	(155, 0.30862635972678976)	(160, 0.30862635972678976)	(165, 0.30862635972678976)	(170, 0.30862635972678976)	(175, 0.30862635972678976)	(180, 0.30862635972678976)	(185, 0.30963824943081203)	(190, 0.31317986339488996)	(195, 0.31368580824690107)	(200, 0.31368580824690107)	(205, 0.31368580824690107)	(210, 0.31368580824690107)	(215, 0.31368580824690107)	(220, 0.31368580824690107)	(225, 0.31368580824690107)	(230, 0.31520364280293445)	(235, 0.43410068302555016)	(240, 0.4401720212496838)
SRR1542219_1 - polyg	(1, 0.0)	(2, 0.0)	(3, 0.0)	(4, 0.0)	(5, 0.0)	(6, 0.0)	(7, 0.0)	(8, 0.0)	(9, 0.0)	(10, 0.0)	(15, 0.0)	(20, 0.0)	(25, 0.0)	(30, 0.0)	(35, 0.0)	(40, 0.0)	(45, 0.0)	(50, 0.0)	(55, 0.0)	(60, 0.0)	(65, 0.0)	(70, 0.0)	(75, 0.0)	(80, 0.0)	(85, 0.0)	(90, 0.0007168844203093356)	(95, 0.0017922110507733392)	(100, 0.0017922110507733392)	(105, 0.0017922110507733392)	(110, 0.0017922110507733392)	(115, 0.0017922110507733392)	(120, 0.0032259798913920105)	(125, 0.026883165761600086)	(130, 0.055916984784128175)	(135, 0.057350753624746856)	(140, 0.057350753624746856)	(145, 0.05842608025521086)	(150, 0.06093517572629352)	(155, 0.06093517572629352)	(160, 0.06093517572629352)	(165, 0.06093517572629352)	(170, 0.06093517572629352)	(175, 0.06093517572629352)	(180, 0.06093517572629352)	(185, 0.06093517572629352)	(190, 0.0612936179364482)	(195, 0.06272738677706687)	(200, 0.06272738677706687)	(205, 0.06272738677706687)	(210, 0.06272738677706687)	(215, 0.06272738677706687)	(220, 0.06416115561768555)	(225, 0.06451959782784021)	(230, 0.06487804003799488)	(235, 0.10179758768392566)	(240, 0.10574045199562701)
SRR1542221_1 - polyg	(1, 0.0)	(2, 0.0)	(3, 0.0)	(4, 0.0)	(5, 0.0)	(6, 0.0)	(7, 0.0)	(8, 0.0)	(9, 0.0)	(10, 0.0)	(15, 0.0)	(20, 0.0)	(25, 0.0)	(30, 0.0)	(35, 0.0)	(40, 0.0)	(45, 0.0)	(50, 0.0)	(55, 0.0)	(60, 0.0)	(65, 0.0)	(70, 0.0)	(75, 0.0)	(80, 0.0)	(85, 0.0)	(90, 0.0)	(95, 0.0)	(100, 0.0)	(105, 0.0)	(110, 0.0)	(115, 0.0)	(120, 0.0023093354887131225)	(125, 0.012316455939803322)	(130, 0.04195292804495507)	(135, 0.04233781729307392)	(140, 0.04233781729307392)	(145, 0.04387737428554933)	(150, 0.04618670977426246)	(155, 0.04618670977426246)	(160, 0.04618670977426246)	(165, 0.04618670977426246)	(170, 0.04618670977426246)	(175, 0.04618670977426246)	(180, 0.04618670977426246)	(185, 0.04618670977426246)	(190, 0.04618670977426246)	(195, 0.04618670977426246)	(200, 0.04618670977426246)	(205, 0.04618670977426246)	(210, 0.04618670977426246)	(215, 0.04618670977426246)	(220, 0.04618670977426246)	(225, 0.04618670977426246)	(230, 0.04695648827050016)	(235, 0.39913015029925136)	(240, 0.4195292804495506)
SRR1542222_1 - polyg	(1, 0.0)	(2, 0.0)	(3, 0.0)	(4, 0.0)	(5, 0.0)	(6, 0.0)	(7, 0.0)	(8, 0.0)	(9, 0.0)	(10, 0.0)	(15, 0.0)	(20, 0.0)	(25, 0.0)	(30, 0.0)	(35, 0.0)	(40, 0.0)	(45, 0.0)	(50, 0.0)	(55, 0.0)	(60, 0.0)	(65, 0.0)	(70, 0.0)	(75, 0.0)	(80, 0.0)	(85, 0.0)	(90, 0.0)	(95, 0.0)	(100, 0.0)	(105, 0.0)	(110, 0.0)	(115, 0.0)	(120, 0.006430041152263375)	(125, 0.019290123456790122)	(130, 0.0467249657064472)	(135, 0.04715363511659808)	(140, 0.04715363511659808)	(145, 0.05015432098765432)	(150, 0.05787037037037037)	(155, 0.05787037037037037)	(160, 0.05787037037037037)	(165, 0.05787037037037037)	(170, 0.05787037037037037)	(175, 0.05787037037037037)	(180, 0.05787037037037037)	(185, 0.05787037037037037)	(190, 0.05787037037037037)	(195, 0.05787037037037037)	(200, 0.05787037037037037)	(205, 0.05787037037037037)	(210, 0.05787037037037037)	(215, 0.05787037037037037)	(220, 0.05787037037037037)	(225, 0.05787037037037037)	(230, 0.05829903978052127)	(235, 0.1993312757201646)	(240, 0.2100480109739369)
SRR1542223_1 - polyg	(1, 0.0)	(2, 0.0)	(3, 0.0)	(4, 0.0)	(5, 0.0)	(6, 0.0)	(7, 0.0)	(8, 0.0)	(9, 0.0)	(10, 0.0)	(15, 0.0)	(20, 0.0)	(25, 0.0)	(30, 0.0)	(35, 0.0)	(40, 0.0)	(45, 0.0)	(50, 0.0)	(55, 0.0)	(60, 0.0)	(65, 0.0)	(70, 0.0)	(75, 0.0)	(80, 0.0)	(85, 0.0)	(90, 0.0)	(95, 0.0)	(100, 0.0)	(105, 0.0)	(110, 0.0)	(115, 0.0)	(120, 0.026041666666666668)	(125, 0.06770833333333334)	(130, 0.078125)	(135, 0.078125)	(140, 0.078125)	(145, 0.09895833333333334)	(150, 0.10416666666666667)	(155, 0.10416666666666667)	(160, 0.10416666666666667)	(165, 0.10416666666666667)	(170, 0.10416666666666667)	(175, 0.10416666666666667)	(180, 0.10416666666666667)	(185, 0.10416666666666667)	(190, 0.10416666666666667)	(195, 0.10416666666666667)	(200, 0.10416666666666667)	(205, 0.10416666666666667)	(210, 0.10416666666666667)	(215, 0.10416666666666667)	(220, 0.10416666666666667)	(225, 0.10416666666666667)	(230, 0.10416666666666667)	(235, 0.19791666666666669)	(240, 0.20833333333333334)
SRR1542225_1 - polyg	(1, 0.0)	(2, 0.0)	(3, 0.0)	(4, 0.0)	(5, 0.0)	(6, 0.0)	(7, 0.0)	(8, 0.0)	(9, 0.0)	(10, 0.0)	(15, 0.0)	(20, 0.0)	(25, 0.0)	(30, 0.0)	(35, 0.0)	(40, 0.0)	(45, 0.0)	(50, 0.0)	(55, 0.0)	(60, 0.0)	(65, 0.0)	(70, 0.0)	(75, 0.0)	(80, 0.0)	(85, 0.0)	(90, 0.0)	(95, 0.0)	(100, 0.0)	(105, 0.0)	(110, 0.0)	(115, 0.0)	(120, 0.004039424785910487)	(125, 0.016157699143641947)	(130, 0.036354823073194376)	(135, 0.036354823073194376)	(140, 0.036354823073194376)	(145, 0.04201001777346906)	(150, 0.05655194700274681)	(155, 0.05655194700274681)	(160, 0.05655194700274681)	(165, 0.05655194700274681)	(170, 0.05655194700274681)	(175, 0.05655194700274681)	(180, 0.05655194700274681)	(185, 0.05655194700274681)	(190, 0.05655194700274681)	(195, 0.05655194700274681)	(200, 0.05655194700274681)	(205, 0.05655194700274681)	(210, 0.05655194700274681)	(215, 0.05655194700274681)	(220, 0.059783486831475205)	(225, 0.0605913717886573)	(230, 0.06220714170302148)	(235, 0.1486508321215059)	(240, 0.16157699143641946)
SRR1542226_1 - polyg	(1, 0.0)	(2, 0.0)	(3, 0.0)	(4, 0.0)	(5, 0.0)	(6, 0.0)	(7, 0.0)	(8, 0.0)	(9, 0.0)	(10, 0.0)	(15, 0.0)	(20, 0.0)	(25, 0.0)	(30, 0.0)	(35, 0.0)	(40, 0.0)	(45, 0.0)	(50, 0.0)	(55, 0.0)	(60, 0.0)	(65, 0.0)	(70, 0.0)	(75, 0.0)	(80, 0.0)	(85, 0.0)	(90, 0.000751900899461451)	(95, 0.002819628372980441)	(100, 0.002819628372980441)	(105, 0.002819628372980441)	(110, 0.002819628372980441)	(115, 0.002819628372980441)	(120, 0.006391157645422333)	(125, 0.027820333280073682)	(130, 0.1426731956728103)	(135, 0.1438010470220025)	(140, 0.14398902224686788)	(145, 0.2030132428545918)	(150, 0.34587441375226746)	(155, 0.34587441375226746)	(160, 0.34587441375226746)	(165, 0.34587441375226746)	(170, 0.34587441375226746)	(175, 0.34587441375226746)	(180, 0.34587441375226746)	(185, 0.35188962094795906)	(190, 0.364295985789073)	(195, 0.36467193623880373)	(200, 0.36467193623880373)	(205, 0.36467193623880373)	(210, 0.36467193623880373)	(215, 0.36467193623880373)	(220, 0.3669276389371881)	(225, 0.36749156461178417)	(230, 0.37350677180747577)	(235, 0.5299021588954577)	(240, 0.5404287714879179)
SRR1542226_2 - polya	(1, 0.0)	(2, 0.0)	(3, 0.0)	(4, 0.0)	(5, 0.0)	(6, 0.0)	(7, 0.0)	(8, 0.0)	(9, 0.0)	(10, 0.0)	(15, 0.0)	(20, 0.0)	(25, 0.0)	(30, 0.0)	(35, 0.0)	(40, 0.0)	(45, 0.0)	(50, 0.0)	(55, 0.0)	(60, 0.0)	(65, 0.0)	(70, 0.0)	(75, 0.0)	(80, 0.0)	(85, 0.0)	(90, 0.0)	(95, 0.0)	(100, 0.0)	(105, 0.0005639256745960883)	(110, 0.002819628372980441)	(115, 0.002819628372980441)	(120, 0.002819628372980441)	(125, 0.002819628372980441)	(130, 0.002819628372980441)	(135, 0.002819628372980441)	(140, 0.002819628372980441)	(145, 0.002819628372980441)	(150, 0.002819628372980441)	(155, 0.002819628372980441)	(160, 0.002819628372980441)	(165, 0.002819628372980441)	(170, 0.002819628372980441)	(175, 0.002819628372980441)	(180, 0.002819628372980441)	(185, 0.002819628372980441)	(190, 0.002819628372980441)	(195, 0.002819628372980441)	(200, 0.002819628372980441)	(205, 0.002819628372980441)	(210, 0.002819628372980441)	(215, 0.002819628372980441)	(220, 0.002819628372980441)	(225, 0.0035715292724418923)	(230, 0.06334765077962726)	(235, 0.8530315704390162)	(240, 1.7180935552694154)
SRR1542226_2 - polyg	(1, 0.0)	(2, 0.0)	(3, 0.0)	(4, 0.0)	(5, 0.0)	(6, 0.0)	(7, 0.0)	(8, 0.0)	(9, 0.0)	(10, 0.0)	(15, 0.0)	(20, 0.0)	(25, 0.0)	(30, 0.0)	(35, 0.0)	(40, 0.0)	(45, 0.0)	(50, 0.0)	(55, 0.0)	(60, 0.0)	(65, 0.0)	(70, 0.0)	(75, 0.0)	(80, 0.0)	(85, 0.0)	(90, 0.0)	(95, 0.0)	(100, 0.0)	(105, 0.0)	(110, 0.0)	(115, 0.0)	(120, 0.0)	(125, 0.0)	(130, 0.0)	(135, 0.0)	(140, 0.0)	(145, 0.0)	(150, 0.0)	(155, 0.0)	(160, 0.0)	(165, 0.0)	(170, 0.0)	(175, 0.0)	(180, 0.0)	(185, 0.0)	(190, 0.0)	(195, 0.0)	(200, 0.0)	(205, 0.0)	(210, 0.0)	(215, 0.0)	(220, 0.0)	(225, 0.0)	(230, 0.0)	(235, 0.24756337114768273)	(240, 1.6156470577177928)
SRR1542228_1 - polyg	(1, 0.0)	(2, 0.0)	(3, 0.0)	(4, 0.0)	(5, 0.0)	(6, 0.0)	(7, 0.0)	(8, 0.0)	(9, 0.0)	(10, 0.0)	(15, 0.0)	(20, 0.0)	(25, 0.0)	(30, 0.0)	(35, 0.0)	(40, 0.0)	(45, 0.0)	(50, 0.0)	(55, 0.0)	(60, 0.0)	(65, 0.0)	(70, 0.0)	(75, 0.0)	(80, 0.0)	(85, 0.0)	(90, 0.0)	(95, 0.0)	(100, 0.0)	(105, 0.0)	(110, 0.0)	(115, 0.0)	(120, 0.004192696323005325)	(125, 0.02851033499643621)	(130, 0.057020669992872405)	(135, 0.058697748522074544)	(140, 0.058697748522074544)	(145, 0.058697748522074544)	(150, 0.058697748522074544)	(155, 0.058697748522074544)	(160, 0.058697748522074544)	(165, 0.058697748522074544)	(170, 0.058697748522074544)	(175, 0.058697748522074544)	(180, 0.058697748522074544)	(185, 0.058697748522074544)	(190, 0.058697748522074544)	(195, 0.058697748522074544)	(200, 0.058697748522074544)	(205, 0.058697748522074544)	(210, 0.058697748522074544)	(215, 0.058697748522074544)	(220, 0.058697748522074544)	(225, 0.058697748522074544)	(230, 0.059536287786675614)	(235, 0.10146325101672886)	(240, 0.10901010439813845)
SRR1542232_1 - polyg	(1, 0.0)	(2, 0.0)	(3, 0.0)	(4, 0.0)	(5, 0.0)	(6, 0.0)	(7, 0.0)	(8, 0.0)	(9, 0.0)	(10, 0.0)	(15, 0.0)	(20, 0.0)	(25, 0.0)	(30, 0.0)	(35, 0.0)	(40, 0.0)	(45, 0.0)	(50, 0.0)	(55, 0.0)	(60, 0.0)	(65, 0.0)	(70, 0.0)	(75, 0.0)	(80, 0.0)	(85, 0.0)	(90, 0.0)	(95, 0.0)	(100, 0.0)	(105, 0.0)	(110, 0.0)	(115, 0.0)	(120, 0.0)	(125, 0.00372203818811181)	(130, 0.015632560390069602)	(135, 0.016749171846503146)	(140, 0.016749171846503146)	(145, 0.01823798712174787)	(150, 0.02233222912867086)	(155, 0.02233222912867086)	(160, 0.02233222912867086)	(165, 0.02233222912867086)	(170, 0.02233222912867086)	(175, 0.02233222912867086)	(180, 0.02233222912867086)	(185, 0.02233222912867086)	(190, 0.024193248222726765)	(195, 0.024193248222726765)	(200, 0.024193248222726765)	(205, 0.024193248222726765)	(210, 0.024193248222726765)	(215, 0.024193248222726765)	(220, 0.024193248222726765)	(225, 0.024193248222726765)	(230, 0.024565452041537945)	(235, 0.10310045781069714)	(240, 0.1098001265492984)
SRR1542528_1 - polyg	(1, 0.0)	(2, 0.0)	(3, 0.0)	(4, 0.0)	(5, 0.0)	(6, 0.0)	(7, 0.0)	(8, 0.0)	(9, 0.0)	(10, 0.0)	(15, 0.0)	(20, 0.0)	(25, 0.0)	(30, 0.0)	(35, 0.0)	(40, 0.0)	(45, 0.0)	(50, 0.0)	(55, 0.0)	(60, 0.0)	(65, 0.0)	(70, 0.0)	(75, 0.0)	(80, 0.0)	(85, 0.0)	(90, 0.0)	(95, 0.0)	(100, 0.0)	(105, 0.0)	(110, 0.0)	(115, 0.0)	(120, 0.0)	(125, 0.017059994313335228)	(130, 0.05686664771111742)	(135, 0.05686664771111742)	(140, 0.05686664771111742)	(145, 0.06255331248222917)	(150, 0.08529997156667614)	(155, 0.08529997156667614)	(160, 0.08529997156667614)	(165, 0.08529997156667614)	(170, 0.08529997156667614)	(175, 0.08529997156667614)	(180, 0.08529997156667614)	(185, 0.08529997156667614)	(190, 0.08529997156667614)	(195, 0.08529997156667614)	(200, 0.08529997156667614)	(205, 0.08529997156667614)	(210, 0.08529997156667614)	(215, 0.08529997156667614)	(220, 0.08529997156667614)	(225, 0.08529997156667614)	(230, 0.08529997156667614)	(235, 0.13647995450668185)	(240, 0.1421666192777936)
SRR1542539_1 - polyg	(1, 0.0)	(2, 0.0)	(3, 0.0)	(4, 0.0)	(5, 0.0)	(6, 0.0)	(7, 0.0)	(8, 0.0)	(9, 0.0)	(10, 0.0)	(15, 0.0)	(20, 0.0)	(25, 0.0)	(30, 0.0)	(35, 0.0)	(40, 0.0)	(45, 0.0)	(50, 0.0)	(55, 0.0)	(60, 0.0)	(65, 0.0)	(70, 0.0)	(75, 0.0)	(80, 0.0)	(85, 0.0)	(90, 0.0)	(95, 0.0)	(100, 0.0)	(105, 0.0)	(110, 0.0)	(115, 0.0)	(120, 0.003103277060575968)	(125, 0.017999006951340615)	(130, 0.04344587884806356)	(135, 0.04344587884806356)	(140, 0.04344587884806356)	(145, 0.04530784508440914)	(150, 0.04965243296921549)	(155, 0.04965243296921549)	(160, 0.04965243296921549)	(165, 0.04965243296921549)	(170, 0.04965243296921549)	(175, 0.04965243296921549)	(180, 0.04965243296921549)	(185, 0.04965243296921549)	(190, 0.04965243296921549)	(195, 0.04965243296921549)	(200, 0.04965243296921549)	(205, 0.05275571002979146)	(210, 0.05275571002979146)	(215, 0.05275571002979146)	(220, 0.05275571002979146)	(225, 0.05275571002979146)	(230, 0.05461767626613704)	(235, 0.12785501489572987)	(240, 0.13344091360476662)
SRR1542544_1 - polyg	(1, 0.0)	(2, 0.0)	(3, 0.0)	(4, 0.0)	(5, 0.0)	(6, 0.0)	(7, 0.0)	(8, 0.0)	(9, 0.0)	(10, 0.0)	(15, 0.0)	(20, 0.0)	(25, 0.0)	(30, 0.0)	(35, 0.0)	(40, 0.0)	(45, 0.0)	(50, 0.0)	(55, 0.0)	(60, 0.0)	(65, 0.0)	(70, 0.0)	(75, 0.0)	(80, 0.0)	(85, 0.0)	(90, 0.0)	(95, 0.0)	(100, 0.0)	(105, 0.0)	(110, 0.0)	(115, 0.0)	(120, 0.0027456812721656566)	(125, 0.01807573504175724)	(130, 0.1407161651984899)	(135, 0.1430042329252946)	(140, 0.1430042329252946)	(145, 0.17915570300880906)	(150, 0.27342409335316326)	(155, 0.27342409335316326)	(160, 0.27342409335316326)	(165, 0.27342409335316326)	(170, 0.27342409335316326)	(175, 0.27342409335316326)	(180, 0.27342409335316326)	(185, 0.2773138084887313)	(190, 0.28349159135110397)	(195, 0.28372039812378447)	(200, 0.28372039812378447)	(205, 0.28372039812378447)	(210, 0.28372039812378447)	(215, 0.28372039812378447)	(220, 0.2846356252145063)	(225, 0.2848644319871868)	(230, 0.29172863516760095)	(235, 0.41757236014186017)	(240, 0.42786866491248143)
SRR1542544_2 - polya	(1, 0.0)	(2, 0.0)	(3, 0.0)	(4, 0.0)	(5, 0.0)	(6, 0.0)	(7, 0.0)	(8, 0.0)	(9, 0.0)	(10, 0.0)	(15, 0.0)	(20, 0.0)	(25, 0.0)	(30, 0.0)	(35, 0.0)	(40, 0.0)	(45, 0.0)	(50, 0.0)	(55, 0.0)	(60, 0.0)	(65, 0.0)	(70, 0.0)	(75, 0.0)	(80, 0.0)	(85, 0.0)	(90, 0.0)	(95, 0.0)	(100, 0.0)	(105, 0.0)	(110, 0.0)	(115, 0.0)	(120, 0.0)	(125, 0.0)	(130, 0.0)	(135, 0.0)	(140, 0.0)	(145, 0.0)	(150, 0.0)	(155, 0.0)	(160, 0.0)	(165, 0.0)	(170, 0.0)	(175, 0.0)	(180, 0.0)	(185, 0.0)	(190, 0.0)	(195, 0.0)	(200, 0.0)	(205, 0.0)	(210, 0.0)	(215, 0.0)	(220, 0.00022880677268047135)	(225, 0.0011440338634023568)	(230, 0.04438851390001144)	(235, 0.5644663082027227)	(240, 1.205811692026084)
SRR1542544_2 - polyg	(1, 0.0)	(2, 0.0)	(3, 0.0)	(4, 0.0)	(5, 0.0)	(6, 0.0)	(7, 0.0)	(8, 0.0)	(9, 0.0)	(10, 0.0)	(15, 0.0)	(20, 0.0)	(25, 0.0)	(30, 0.0)	(35, 0.0)	(40, 0.0)	(45, 0.0)	(50, 0.0)	(55, 0.0)	(60, 0.0)	(65, 0.0)	(70, 0.0)	(75, 0.0)	(80, 0.0)	(85, 0.0)	(90, 0.0)	(95, 0.0)	(100, 0.0)	(105, 0.0)	(110, 0.0)	(115, 0.0)	(120, 0.0)	(125, 0.0)	(130, 0.0)	(135, 0.0)	(140, 0.0)	(145, 0.0)	(150, 0.0)	(155, 0.0)	(160, 0.0)	(165, 0.0)	(170, 0.0)	(175, 0.0)	(180, 0.0)	(185, 0.0)	(190, 0.0)	(195, 0.0)	(200, 0.0)	(205, 0.0)	(210, 0.0)	(215, 0.0)	(220, 0.0)	(225, 0.0)	(230, 0.0)	(235, 0.45898638599702546)	(240, 3.143805056629676)
SRR1542545_1 - polyg	(1, 0.0)	(2, 0.0)	(3, 0.0)	(4, 0.0)	(5, 0.0)	(6, 0.0)	(7, 0.0)	(8, 0.0)	(9, 0.0)	(10, 0.0)	(15, 0.0)	(20, 0.0)	(25, 0.0)	(30, 0.0)	(35, 0.0)	(40, 0.0)	(45, 0.0)	(50, 0.0)	(55, 0.0)	(60, 0.0)	(65, 0.0)	(70, 0.0)	(75, 0.0)	(80, 0.0)	(85, 0.0)	(90, 0.0)	(95, 0.0)	(100, 0.0)	(105, 0.0)	(110, 0.0)	(115, 0.0)	(120, 0.005217261682939555)	(125, 0.055899232317209516)	(130, 0.22098829842736825)	(135, 0.227323544756652)	(140, 0.227323544756652)	(145, 0.2798688231348289)	(150, 0.4136543191473504)	(155, 0.4136543191473504)	(160, 0.4136543191473504)	(165, 0.4136543191473504)	(170, 0.4136543191473504)	(175, 0.4136543191473504)	(180, 0.4136543191473504)	(185, 0.4136543191473504)	(190, 0.4136543191473504)	(195, 0.4136543191473504)	(200, 0.4136543191473504)	(205, 0.4136543191473504)	(210, 0.4136543191473504)	(215, 0.4136543191473504)	(220, 0.415144965342476)	(225, 0.4155176268912574)	(230, 0.4158902884400388)	(235, 0.6040843705746441)	(240, 0.6130282477453977)
SRR1542548_1 - polyg	(1, 0.0)	(2, 0.0)	(3, 0.0)	(4, 0.0)	(5, 0.0)	(6, 0.0)	(7, 0.0)	(8, 0.0)	(9, 0.0)	(10, 0.0)	(15, 0.0)	(20, 0.0)	(25, 0.0)	(30, 0.0)	(35, 0.0)	(40, 0.0)	(45, 0.0)	(50, 0.0)	(55, 0.0)	(60, 0.0)	(65, 0.0)	(70, 0.0)	(75, 0.0)	(80, 0.0)	(85, 0.0)	(90, 0.0)	(95, 0.0)	(100, 0.0)	(105, 0.0)	(110, 0.0)	(115, 0.0)	(120, 0.0009846275031077305)	(125, 0.007138549397531046)	(130, 0.03421580573299364)	(135, 0.0369235313665399)	(140, 0.0369235313665399)	(145, 0.04923137515538654)	(150, 0.07138549397531047)	(155, 0.07138549397531047)	(160, 0.07138549397531047)	(165, 0.07138549397531047)	(170, 0.07138549397531047)	(175, 0.07138549397531047)	(180, 0.07138549397531047)	(185, 0.07138549397531047)	(190, 0.07187780772686433)	(195, 0.07261627835419512)	(200, 0.07261627835419512)	(205, 0.07261627835419512)	(210, 0.07261627835419512)	(215, 0.07261627835419512)	(220, 0.07261627835419512)	(225, 0.07261627835419512)	(230, 0.07286243522997206)	(235, 0.09969353468965772)	(240, 0.10338588782631171)
SRR1542569_1 - polyg	(1, 0.0)	(2, 0.0)	(3, 0.0)	(4, 0.0)	(5, 0.0)	(6, 0.0)	(7, 0.0)	(8, 0.0)	(9, 0.0)	(10, 0.0)	(15, 0.0)	(20, 0.0)	(25, 0.0)	(30, 0.0)	(35, 0.0)	(40, 0.0)	(45, 0.0)	(50, 0.0)	(55, 0.0)	(60, 0.0)	(65, 0.0)	(70, 0.0)	(75, 0.0)	(80, 0.0)	(85, 0.0)	(90, 0.000521750472836366)	(95, 0.001304376182090915)	(100, 0.001304376182090915)	(105, 0.001304376182090915)	(110, 0.001304376182090915)	(115, 0.001304376182090915)	(120, 0.01695689036718189)	(125, 0.039913911171981994)	(130, 0.10539359551294594)	(135, 0.10565447074936411)	(140, 0.10565447074936411)	(145, 0.10695884693145503)	(150, 0.11087197547772779)	(155, 0.11087197547772779)	(160, 0.11087197547772779)	(165, 0.11087197547772779)	(170, 0.11087197547772779)	(175, 0.11087197547772779)	(180, 0.11087197547772779)	(185, 0.1119154764234005)	(190, 0.11348072784190961)	(195, 0.11348072784190961)	(200, 0.11348072784190961)	(205, 0.11348072784190961)	(210, 0.11348072784190961)	(215, 0.11348072784190961)	(220, 0.11556772973325506)	(225, 0.11608948020609142)	(230, 0.11687210591534598)	(235, 0.2073958129524555)	(240, 0.2178308224091828)
SRR1542571_1 - polyg	(1, 0.0)	(2, 0.0)	(3, 0.0)	(4, 0.0)	(5, 0.0)	(6, 0.0)	(7, 0.0)	(8, 0.0)	(9, 0.0)	(10, 0.0)	(15, 0.0)	(20, 0.0)	(25, 0.0)	(30, 0.0)	(35, 0.0)	(40, 0.0)	(45, 0.0)	(50, 0.0)	(55, 0.0)	(60, 0.0)	(65, 0.0)	(70, 0.0)	(75, 0.0)	(80, 0.0)	(85, 0.0)	(90, 0.0)	(95, 0.0)	(100, 0.0)	(105, 0.0)	(110, 0.0)	(115, 0.0)	(120, 0.004504842705908852)	(125, 0.021523137372675628)	(130, 0.06757264058863278)	(135, 0.06757264058863278)	(140, 0.06757264058863278)	(145, 0.06957479290237005)	(150, 0.07257802137297595)	(155, 0.07257802137297595)	(160, 0.07257802137297595)	(165, 0.07257802137297595)	(170, 0.07257802137297595)	(175, 0.07257802137297595)	(180, 0.07257802137297595)	(185, 0.07257802137297595)	(190, 0.07257802137297595)	(195, 0.07257802137297595)	(200, 0.07257802137297595)	(205, 0.07257802137297595)	(210, 0.07257802137297595)	(215, 0.07257802137297595)	(220, 0.07257802137297595)	(225, 0.07257802137297595)	(230, 0.07357909752984458)	(235, 0.13764797156943714)	(240, 0.14265335235378032)
SRR1542572_1 - polyg	(1, 0.0)	(2, 0.0)	(3, 0.0)	(4, 0.0)	(5, 0.0)	(6, 0.0)	(7, 0.0)	(8, 0.0)	(9, 0.0)	(10, 0.0)	(15, 0.0)	(20, 0.0)	(25, 0.0)	(30, 0.0)	(35, 0.0)	(40, 0.0)	(45, 0.0)	(50, 0.0)	(55, 0.0)	(60, 0.0)	(65, 0.0)	(70, 0.0)	(75, 0.0)	(80, 0.0)	(85, 0.0)	(90, 0.0)	(95, 0.0)	(100, 0.0)	(105, 0.0)	(110, 0.0)	(115, 0.0)	(120, 0.0)	(125, 0.03737153534724384)	(130, 0.18685767673621925)	(135, 0.18685767673621925)	(140, 0.18685767673621925)	(145, 0.18685767673621925)	(150, 0.18685767673621925)	(155, 0.18685767673621925)	(160, 0.18685767673621925)	(165, 0.18685767673621925)	(170, 0.18685767673621925)	(175, 0.18685767673621925)	(180, 0.18685767673621925)	(185, 0.18685767673621925)	(190, 0.18685767673621925)	(195, 0.18685767673621925)	(200, 0.18685767673621925)	(205, 0.18685767673621925)	(210, 0.18685767673621925)	(215, 0.18685767673621925)	(220, 0.18685767673621925)	(225, 0.18685767673621925)	(230, 0.18685767673621925)	(235, 0.2802865151043289)	(240, 0.2802865151043289)
SRR1542573_1 - polyg	(1, 0.0)	(2, 0.0)	(3, 0.0)	(4, 0.0)	(5, 0.0)	(6, 0.0)	(7, 0.0)	(8, 0.0)	(9, 0.0)	(10, 0.0)	(15, 0.0)	(20, 0.0)	(25, 0.0)	(30, 0.0)	(35, 0.0)	(40, 0.0)	(45, 0.0)	(50, 0.0)	(55, 0.0)	(60, 0.0)	(65, 0.0)	(70, 0.0)	(75, 0.0)	(80, 0.0)	(85, 0.0)	(90, 0.0)	(95, 0.0)	(100, 0.0)	(105, 0.0)	(110, 0.0)	(115, 0.0)	(120, 0.0)	(125, 0.0)	(130, 0.15552099533437014)	(135, 0.15552099533437014)	(140, 0.15552099533437014)	(145, 0.15552099533437014)	(150, 0.15552099533437014)	(155, 0.15552099533437014)	(160, 0.15552099533437014)	(165, 0.15552099533437014)	(170, 0.15552099533437014)	(175, 0.15552099533437014)	(180, 0.15552099533437014)	(185, 0.15552099533437014)	(190, 0.15552099533437014)	(195, 0.15552099533437014)	(200, 0.15552099533437014)	(205, 0.15552099533437014)	(210, 0.15552099533437014)	(215, 0.15552099533437014)	(220, 0.15552099533437014)	(225, 0.15552099533437014)	(230, 0.15552099533437014)	(235, 0.27993779160186627)	(240, 0.3110419906687403)
SRR1542575_1 - polyg	(1, 0.0)	(2, 0.0)	(3, 0.0)	(4, 0.0)	(5, 0.0)	(6, 0.0)	(7, 0.0)	(8, 0.0)	(9, 0.0)	(10, 0.0)	(15, 0.0)	(20, 0.0)	(25, 0.0)	(30, 0.0)	(35, 0.0)	(40, 0.0)	(45, 0.0)	(50, 0.0)	(55, 0.0)	(60, 0.0)	(65, 0.0)	(70, 0.0)	(75, 0.0)	(80, 0.0)	(85, 0.0)	(90, 0.0)	(95, 0.0)	(100, 0.0)	(105, 0.0)	(110, 0.0)	(115, 0.0)	(120, 0.009779215406025502)	(125, 0.02181517282882612)	(130, 0.05566630308045285)	(135, 0.05641855041937789)	(140, 0.05641855041937789)	(145, 0.0624365291307782)	(150, 0.07898597058712904)	(155, 0.07898597058712904)	(160, 0.07898597058712904)	(165, 0.07898597058712904)	(170, 0.07898597058712904)	(175, 0.07898597058712904)	(180, 0.07898597058712904)	(185, 0.07898597058712904)	(190, 0.07898597058712904)	(195, 0.07898597058712904)	(200, 0.07898597058712904)	(205, 0.07898597058712904)	(210, 0.07898597058712904)	(215, 0.07898597058712904)	(220, 0.07898597058712904)	(225, 0.07898597058712904)	(230, 0.07973821792605408)	(235, 0.13615676834543194)	(240, 0.14292699439575732)
SRR1542576_1 - polyg	(1, 0.0)	(2, 0.0)	(3, 0.0)	(4, 0.0)	(5, 0.0)	(6, 0.0)	(7, 0.0)	(8, 0.0)	(9, 0.0)	(10, 0.0)	(15, 0.0)	(20, 0.0)	(25, 0.0)	(30, 0.0)	(35, 0.0)	(40, 0.0)	(45, 0.0)	(50, 0.0)	(55, 0.0)	(60, 0.0)	(65, 0.0)	(70, 0.0)	(75, 0.0)	(80, 0.0)	(85, 0.0)	(90, 0.0006192269982971258)	(95, 0.0020640899943237525)	(100, 0.0020640899943237525)	(105, 0.0020640899943237525)	(110, 0.0020640899943237525)	(115, 0.0020640899943237525)	(120, 0.005573042984674132)	(125, 0.027245987925073534)	(130, 0.12467103565715468)	(135, 0.12900562464523455)	(140, 0.12900562464523455)	(145, 0.16595283554362972)	(150, 0.2652355642706022)	(155, 0.2652355642706022)	(160, 0.2652355642706022)	(165, 0.2652355642706022)	(170, 0.2652355642706022)	(175, 0.2652355642706022)	(180, 0.2652355642706022)	(185, 0.27122142525414106)	(190, 0.28133546622632744)	(195, 0.2817482842251922)	(200, 0.2817482842251922)	(205, 0.2817482842251922)	(210, 0.2817482842251922)	(215, 0.282161102224057)	(220, 0.2842251922183808)	(225, 0.28484441921667786)	(230, 0.28711491821043394)	(235, 0.41880385984828933)	(240, 0.43242685381082613)
SRR1542576_2 - polya	(1, 0.0)	(2, 0.0)	(3, 0.0)	(4, 0.0)	(5, 0.0)	(6, 0.0)	(7, 0.0)	(8, 0.0)	(9, 0.0)	(10, 0.0)	(15, 0.0)	(20, 0.0)	(25, 0.0)	(30, 0.0)	(35, 0.0)	(40, 0.0)	(45, 0.0)	(50, 0.0)	(55, 0.0)	(60, 0.0)	(65, 0.0)	(70, 0.0)	(75, 0.0)	(80, 0.0)	(85, 0.0)	(90, 0.0)	(95, 0.0)	(100, 0.0)	(105, 0.001651271995459002)	(110, 0.007224314980133134)	(115, 0.007224314980133134)	(120, 0.007224314980133134)	(125, 0.007224314980133134)	(130, 0.007224314980133134)	(135, 0.007224314980133134)	(140, 0.007224314980133134)	(145, 0.007224314980133134)	(150, 0.007224314980133134)	(155, 0.007224314980133134)	(160, 0.007224314980133134)	(165, 0.007224314980133134)	(170, 0.007224314980133134)	(175, 0.007224314980133134)	(180, 0.00825635997729501)	(185, 0.00825635997729501)	(190, 0.00825635997729501)	(195, 0.00825635997729501)	(200, 0.00825635997729501)	(205, 0.00825635997729501)	(210, 0.00825635997729501)	(215, 0.00825635997729501)	(220, 0.00825635997729501)	(225, 0.00825635997729501)	(230, 0.1259094896537489)	(235, 2.03870168739357)	(240, 3.8681046493627123)
SRR1542576_2 - polyg	(1, 0.0)	(2, 0.0)	(3, 0.0)	(4, 0.0)	(5, 0.0)	(6, 0.0)	(7, 0.0)	(8, 0.0)	(9, 0.0)	(10, 0.0)	(15, 0.0)	(20, 0.0)	(25, 0.0)	(30, 0.0)	(35, 0.0)	(40, 0.0)	(45, 0.0)	(50, 0.0)	(55, 0.0)	(60, 0.0)	(65, 0.0)	(70, 0.0)	(75, 0.0)	(80, 0.0)	(85, 0.0)	(90, 0.0)	(95, 0.0)	(100, 0.0)	(105, 0.0)	(110, 0.0)	(115, 0.0)	(120, 0.0)	(125, 0.0)	(130, 0.0)	(135, 0.0)	(140, 0.0)	(145, 0.0)	(150, 0.0)	(155, 0.0)	(160, 0.0)	(165, 0.0)	(170, 0.0)	(175, 0.0)	(180, 0.0)	(185, 0.0)	(190, 0.0)	(195, 0.0)	(200, 0.0)	(205, 0.0)	(210, 0.0)	(215, 0.0)	(220, 0.0)	(225, 0.0)	(230, 0.0)	(235, 0.20682181743124)	(240, 1.2570308065431652)
SRR1542579_1 - polyg	(1, 0.0)	(2, 0.0)	(3, 0.0)	(4, 0.0)	(5, 0.0)	(6, 0.0)	(7, 0.0)	(8, 0.0)	(9, 0.0)	(10, 0.0)	(15, 0.0)	(20, 0.0)	(25, 0.0)	(30, 0.0)	(35, 0.0)	(40, 0.0)	(45, 0.0)	(50, 0.0)	(55, 0.0)	(60, 0.0)	(65, 0.0)	(70, 0.0)	(75, 0.0)	(80, 0.0)	(85, 0.0)	(90, 0.0)	(95, 0.0)	(100, 0.0)	(105, 0.0)	(110, 0.0)	(115, 0.0)	(120, 0.0)	(125, 0.015381234893430015)	(130, 0.03625576796308504)	(135, 0.03845308723357504)	(140, 0.03845308723357504)	(145, 0.03845308723357504)	(150, 0.03845308723357504)	(155, 0.03845308723357504)	(160, 0.03845308723357504)	(165, 0.03845308723357504)	(170, 0.03845308723357504)	(175, 0.03845308723357504)	(180, 0.03845308723357504)	(185, 0.03845308723357504)	(190, 0.043946385409800046)	(195, 0.043946385409800046)	(200, 0.043946385409800046)	(205, 0.043946385409800046)	(210, 0.043946385409800046)	(215, 0.043946385409800046)	(220, 0.043946385409800046)	(225, 0.043946385409800046)	(230, 0.043946385409800046)	(235, 0.12085255987695012)	(240, 0.13183915622940012)
SRR1542582_1 - polyg	(1, 0.0)	(2, 0.0)	(3, 0.0)	(4, 0.0)	(5, 0.0)	(6, 0.0)	(7, 0.0)	(8, 0.0)	(9, 0.0)	(10, 0.0)	(15, 0.0)	(20, 0.0)	(25, 0.0)	(30, 0.0)	(35, 0.0)	(40, 0.0)	(45, 0.0)	(50, 0.0)	(55, 0.0)	(60, 0.0)	(65, 0.0)	(70, 0.0)	(75, 0.0)	(80, 0.0)	(85, 0.0)	(90, 0.0)	(95, 0.0)	(100, 0.0)	(105, 0.0)	(110, 0.0)	(115, 0.0)	(120, 0.0018317534459861705)	(125, 0.008242890506937767)	(130, 0.025186609882309842)	(135, 0.025186609882309842)	(140, 0.025186609882309842)	(145, 0.026102486605302927)	(150, 0.029765993497275267)	(155, 0.029765993497275267)	(160, 0.029765993497275267)	(165, 0.029765993497275267)	(170, 0.029765993497275267)	(175, 0.029765993497275267)	(180, 0.029765993497275267)	(185, 0.029765993497275267)	(190, 0.029765993497275267)	(195, 0.029765993497275267)	(200, 0.029765993497275267)	(205, 0.029765993497275267)	(210, 0.029765993497275267)	(215, 0.029765993497275267)	(220, 0.029765993497275267)	(225, 0.029765993497275267)	(230, 0.029765993497275267)	(235, 0.09662499427577047)	(240, 0.10074643952923937)
SRR1542585_1 - polyg	(1, 0.0)	(2, 0.0)	(3, 0.0)	(4, 0.0)	(5, 0.0)	(6, 0.0)	(7, 0.0)	(8, 0.0)	(9, 0.0)	(10, 0.0)	(15, 0.0)	(20, 0.0)	(25, 0.0)	(30, 0.0)	(35, 0.0)	(40, 0.0)	(45, 0.0)	(50, 0.0)	(55, 0.0)	(60, 0.0)	(65, 0.0)	(70, 0.0)	(75, 0.0)	(80, 0.0)	(85, 0.0)	(90, 0.0)	(95, 0.0)	(100, 0.0)	(105, 0.0)	(110, 0.0)	(115, 0.0)	(120, 0.0035917697162501927)	(125, 0.02411616809482272)	(130, 0.06926984452768228)	(135, 0.06926984452768228)	(140, 0.06926984452768228)	(145, 0.06926984452768228)	(150, 0.06926984452768228)	(155, 0.06926984452768228)	(160, 0.06926984452768228)	(165, 0.06926984452768228)	(170, 0.06926984452768228)	(175, 0.06926984452768228)	(180, 0.06926984452768228)	(185, 0.06926984452768228)	(190, 0.06926984452768228)	(195, 0.06926984452768228)	(200, 0.06926984452768228)	(205, 0.06926984452768228)	(210, 0.06926984452768228)	(215, 0.06926984452768228)	(220, 0.06926984452768228)	(225, 0.06926984452768228)	(230, 0.0697829544871466)	(235, 0.13135614962286418)	(240, 0.14110523885268614)
SRR1542588_1 - polyg	(1, 0.0)	(2, 0.0)	(3, 0.0)	(4, 0.0)	(5, 0.0)	(6, 0.0)	(7, 0.0)	(8, 0.0)	(9, 0.0)	(10, 0.0)	(15, 0.0)	(20, 0.0)	(25, 0.0)	(30, 0.0)	(35, 0.0)	(40, 0.0)	(45, 0.0)	(50, 0.0)	(55, 0.0)	(60, 0.0)	(65, 0.0)	(70, 0.0)	(75, 0.0)	(80, 0.0)	(85, 0.0)	(90, 0.0)	(95, 0.0)	(100, 0.0)	(105, 0.0)	(110, 0.0)	(115, 0.0)	(120, 0.0255924655781338)	(125, 0.06449301325689717)	(130, 0.1740287659313098)	(135, 0.1740287659313098)	(140, 0.1740287659313098)	(145, 0.17812356042381122)	(150, 0.1893842452781901)	(155, 0.1893842452781901)	(160, 0.1893842452781901)	(165, 0.1893842452781901)	(170, 0.1893842452781901)	(175, 0.1893842452781901)	(180, 0.1893842452781901)	(185, 0.1893842452781901)	(190, 0.1893842452781901)	(195, 0.1893842452781901)	(200, 0.1893842452781901)	(205, 0.1893842452781901)	(210, 0.1893842452781901)	(215, 0.1893842452781901)	(220, 0.1893842452781901)	(225, 0.1893842452781901)	(230, 0.1893842452781901)	(235, 0.3275835594001126)	(240, 0.3378205456313661)
SRR1542589_1 - polyg	(1, 0.0)	(2, 0.0)	(3, 0.0)	(4, 0.0)	(5, 0.0)	(6, 0.0)	(7, 0.0)	(8, 0.0)	(9, 0.0)	(10, 0.0)	(15, 0.0)	(20, 0.0)	(25, 0.0)	(30, 0.0)	(35, 0.0)	(40, 0.0)	(45, 0.0)	(50, 0.0)	(55, 0.0)	(60, 0.0)	(65, 0.0)	(70, 0.0)	(75, 0.0)	(80, 0.0)	(85, 0.0)	(90, 0.0)	(95, 0.0)	(100, 0.0)	(105, 0.0)	(110, 0.0)	(115, 0.0)	(120, 0.007182986583207203)	(125, 0.018470536928247093)	(130, 0.1056925168671917)	(135, 0.10774479874810805)	(140, 0.10774479874810805)	(145, 0.1623868038275057)	(150, 0.2578179112901157)	(155, 0.2578179112901157)	(160, 0.2578179112901157)	(165, 0.2578179112901157)	(170, 0.2578179112901157)	(175, 0.2578179112901157)	(180, 0.2578179112901157)	(185, 0.26243554552217746)	(190, 0.27064467304584283)	(195, 0.27064467304584283)	(200, 0.27064467304584283)	(205, 0.27064467304584283)	(210, 0.27064467304584283)	(215, 0.27064467304584283)	(220, 0.27269695492675916)	(225, 0.2732100253969883)	(230, 0.27551884251301917)	(235, 0.41610015135578876)	(240, 0.4296965188168595)
SRR1542589_2 - polya	(1, 0.0)	(2, 0.0)	(3, 0.0)	(4, 0.0)	(5, 0.0)	(6, 0.0)	(7, 0.0)	(8, 0.0)	(9, 0.0)	(10, 0.0)	(15, 0.0)	(20, 0.0)	(25, 0.0)	(30, 0.0)	(35, 0.0)	(40, 0.0)	(45, 0.0)	(50, 0.0)	(55, 0.0)	(60, 0.0)	(65, 0.0)	(70, 0.0)	(75, 0.0)	(80, 0.0)	(85, 0.0)	(90, 0.0)	(95, 0.0)	(100, 0.0)	(105, 0.0)	(110, 0.0)	(115, 0.0)	(120, 0.0)	(125, 0.0)	(130, 0.0)	(135, 0.0)	(140, 0.0)	(145, 0.0)	(150, 0.0)	(155, 0.0)	(160, 0.0)	(165, 0.0)	(170, 0.0)	(175, 0.0)	(180, 0.0)	(185, 0.0)	(190, 0.0)	(195, 0.0)	(200, 0.0)	(205, 0.0)	(210, 0.0)	(215, 0.0)	(220, 0.0)	(225, 0.0)	(230, 0.07465175341833201)	(235, 1.2259818886124008)	(240, 2.1356558323285704)
SRR1542589_2 - polyg	(1, 0.0)	(2, 0.0)	(3, 0.0)	(4, 0.0)	(5, 0.0)	(6, 0.0)	(7, 0.0)	(8, 0.0)	(9, 0.0)	(10, 0.0)	(15, 0.0)	(20, 0.0)	(25, 0.0)	(30, 0.0)	(35, 0.0)	(40, 0.0)	(45, 0.0)	(50, 0.0)	(55, 0.0)	(60, 0.0)	(65, 0.0)	(70, 0.0)	(75, 0.0)	(80, 0.0)	(85, 0.0)	(90, 0.0)	(95, 0.0)	(100, 0.0)	(105, 0.0)	(110, 0.0)	(115, 0.0)	(120, 0.0)	(125, 0.0)	(130, 0.0)	(135, 0.0)	(140, 0.0)	(145, 0.0)	(150, 0.0)	(155, 0.0)	(160, 0.0)	(165, 0.0)	(170, 0.0)	(175, 0.0)	(180, 0.0)	(185, 0.0)	(190, 0.0)	(195, 0.0)	(200, 0.0)	(205, 0.0)	(210, 0.0)	(215, 0.0)	(220, 0.0)	(225, 0.0)	(230, 0.0)	(235, 0.29681126702752625)	(240, 1.812421436084246)
SRR1542590_1 - polyg	(1, 0.0)	(2, 0.0)	(3, 0.0)	(4, 0.0)	(5, 0.0)	(6, 0.0)	(7, 0.0)	(8, 0.0)	(9, 0.0)	(10, 0.0)	(15, 0.0)	(20, 0.0)	(25, 0.0)	(30, 0.0)	(35, 0.0)	(40, 0.0)	(45, 0.0)	(50, 0.0)	(55, 0.0)	(60, 0.0)	(65, 0.0)	(70, 0.0)	(75, 0.0)	(80, 0.0)	(85, 0.0)	(90, 0.0)	(95, 0.0)	(100, 0.0)	(105, 0.0)	(110, 0.0)	(115, 0.0)	(120, 0.004979087831109341)	(125, 0.01095399322844055)	(130, 0.04779924317864968)	(135, 0.049790878311093405)	(140, 0.049790878311093405)	(145, 0.09261103365863373)	(150, 0.21907986456881096)	(155, 0.21907986456881096)	(160, 0.21907986456881096)	(165, 0.21907986456881096)	(170, 0.21907986456881096)	(175, 0.21907986456881096)	(180, 0.21907986456881096)	(185, 0.2210714997012547)	(190, 0.226548496315475)	(195, 0.226548496315475)	(200, 0.226548496315475)	(205, 0.226548496315475)	(210, 0.226548496315475)	(215, 0.226548496315475)	(220, 0.226548496315475)	(225, 0.226548496315475)	(230, 0.22754431388169688)	(235, 0.3520215096594304)	(240, 0.3584943238398725)
SRR1542594_1 - polyg	(1, 0.0)	(2, 0.0)	(3, 0.0)	(4, 0.0)	(5, 0.0)	(6, 0.0)	(7, 0.0)	(8, 0.0)	(9, 0.0)	(10, 0.0)	(15, 0.0)	(20, 0.0)	(25, 0.0)	(30, 0.0)	(35, 0.0)	(40, 0.0)	(45, 0.0)	(50, 0.0)	(55, 0.0)	(60, 0.0)	(65, 0.0)	(70, 0.0)	(75, 0.0)	(80, 0.0)	(85, 0.0)	(90, 0.0)	(95, 0.0)	(100, 0.0)	(105, 0.0)	(110, 0.0)	(115, 0.0)	(120, 0.002090191775095365)	(125, 0.020901917750953646)	(130, 0.05225479437738413)	(135, 0.05225479437738413)	(140, 0.05225479437738413)	(145, 0.065841040915504)	(150, 0.0836076710038146)	(155, 0.0836076710038146)	(160, 0.0836076710038146)	(165, 0.0836076710038146)	(170, 0.0836076710038146)	(175, 0.0836076710038146)	(180, 0.0836076710038146)	(185, 0.08569786277890996)	(190, 0.08883315044155302)	(195, 0.08883315044155302)	(200, 0.08883315044155302)	(205, 0.08883315044155302)	(210, 0.08883315044155302)	(215, 0.08883315044155302)	(220, 0.09301353399174375)	(225, 0.09405862987929142)	(230, 0.09405862987929142)	(235, 0.154674191357057)	(240, 0.16198986256989079)
SRR1542601_1 - polyg	(1, 0.0)	(2, 0.0)	(3, 0.0)	(4, 0.0)	(5, 0.0)	(6, 0.0)	(7, 0.0)	(8, 0.0)	(9, 0.0)	(10, 0.0)	(15, 0.0)	(20, 0.0)	(25, 0.0)	(30, 0.0)	(35, 0.0)	(40, 0.0)	(45, 0.0)	(50, 0.0)	(55, 0.0)	(60, 0.0)	(65, 0.0)	(70, 0.0)	(75, 0.0)	(80, 0.0)	(85, 0.0)	(90, 0.0)	(95, 0.0)	(100, 0.0)	(105, 0.0)	(110, 0.0)	(115, 0.0)	(120, 0.0)	(125, 0.00102414419950329)	(130, 0.007681081496274675)	(135, 0.007681081496274675)	(140, 0.007681081496274675)	(145, 0.007681081496274675)	(150, 0.007681081496274675)	(155, 0.007681081496274675)	(160, 0.007681081496274675)	(165, 0.007681081496274675)	(170, 0.007681081496274675)	(175, 0.007681081496274675)	(180, 0.007681081496274675)	(185, 0.008705225695777965)	(190, 0.0102414419950329)	(195, 0.0102414419950329)	(200, 0.0102414419950329)	(205, 0.0102414419950329)	(210, 0.0102414419950329)	(215, 0.0102414419950329)	(220, 0.0102414419950329)	(225, 0.0102414419950329)	(230, 0.0102414419950329)	(235, 0.13825946693294416)	(240, 0.14850090892797707)
SRR1542635_1 - polyg	(1, 0.0)	(2, 0.0)	(3, 0.0)	(4, 0.0)	(5, 0.0)	(6, 0.0)	(7, 0.0)	(8, 0.0)	(9, 0.0)	(10, 0.0)	(15, 0.0)	(20, 0.0)	(25, 0.0)	(30, 0.0)	(35, 0.0)	(40, 0.0)	(45, 0.0)	(50, 0.0)	(55, 0.0)	(60, 0.0)	(65, 0.0)	(70, 0.0)	(75, 0.0)	(80, 0.0)	(85, 0.0)	(90, 0.0)	(95, 0.0)	(100, 0.0)	(105, 0.0)	(110, 0.0)	(115, 0.0005255827398628228)	(120, 0.019446561374924447)	(125, 0.03206054713163219)	(130, 0.05781410138491052)	(135, 0.05781410138491052)	(140, 0.05781410138491052)	(145, 0.06149318056395028)	(150, 0.06569784248285286)	(155, 0.06569784248285286)	(160, 0.06569784248285286)	(165, 0.06569784248285286)	(170, 0.06569784248285286)	(175, 0.06569784248285286)	(180, 0.06569784248285286)	(185, 0.06569784248285286)	(190, 0.06569784248285286)	(195, 0.06569784248285286)	(200, 0.06569784248285286)	(205, 0.06569784248285286)	(210, 0.06569784248285286)	(215, 0.06569784248285286)	(220, 0.06569784248285286)	(225, 0.06569784248285286)	(230, 0.06569784248285286)	(235, 0.12508869208735185)	(240, 0.13402359866501984)
SRR1542675_1 - polyg	(1, 0.0)	(2, 0.0)	(3, 0.0)	(4, 0.0)	(5, 0.0)	(6, 0.0)	(7, 0.0)	(8, 0.0)	(9, 0.0)	(10, 0.0)	(15, 0.0)	(20, 0.0)	(25, 0.0)	(30, 0.0)	(35, 0.0)	(40, 0.0)	(45, 0.0)	(50, 0.0)	(55, 0.0)	(60, 0.0)	(65, 0.0)	(70, 0.0)	(75, 0.0)	(80, 0.0)	(85, 0.0)	(90, 0.0)	(95, 0.0)	(100, 0.0)	(105, 0.0)	(110, 0.0)	(115, 0.0)	(120, 0.0)	(125, 0.0)	(130, 0.031201248049921998)	(135, 0.0390015600624025)	(140, 0.0390015600624025)	(145, 0.0390015600624025)	(150, 0.078003120124805)	(155, 0.078003120124805)	(160, 0.078003120124805)	(165, 0.078003120124805)	(170, 0.078003120124805)	(175, 0.078003120124805)	(180, 0.078003120124805)	(185, 0.078003120124805)	(190, 0.078003120124805)	(195, 0.078003120124805)	(200, 0.078003120124805)	(205, 0.078003120124805)	(210, 0.078003120124805)	(215, 0.078003120124805)	(220, 0.078003120124805)	(225, 0.078003120124805)	(230, 0.078003120124805)	(235, 0.14040561622464898)	(240, 0.15600624024961)
SRR1542679_1 - polyg	(1, 0.0)	(2, 0.0)	(3, 0.0)	(4, 0.0)	(5, 0.0)	(6, 0.0)	(7, 0.0)	(8, 0.0)	(9, 0.0)	(10, 0.0)	(15, 0.0)	(20, 0.0)	(25, 0.0)	(30, 0.0)	(35, 0.0)	(40, 0.0)	(45, 0.0)	(50, 0.0)	(55, 0.0)	(60, 0.0)	(65, 0.0)	(70, 0.0)	(75, 0.0)	(80, 0.0)	(85, 0.0)	(90, 0.0)	(95, 0.0)	(100, 0.0)	(105, 0.0)	(110, 0.0)	(115, 0.0)	(120, 0.005605322980786199)	(125, 0.025535360245803794)	(130, 0.12269429191276457)	(135, 0.12456273290635997)	(140, 0.12456273290635997)	(145, 0.1596479026749847)	(150, 0.26365778465179524)	(155, 0.26365778465179524)	(160, 0.26365778465179524)	(165, 0.26365778465179524)	(170, 0.26365778465179524)	(175, 0.26365778465179524)	(180, 0.26365778465179524)	(185, 0.2671870620841421)	(190, 0.27694447616180706)	(195, 0.27715208071665093)	(200, 0.27715208071665093)	(205, 0.27715208071665093)	(210, 0.27715208071665093)	(215, 0.27715208071665093)	(220, 0.2779824989360266)	(225, 0.2781901034908706)	(230, 0.2806813581489978)	(235, 0.42579694198490714)	(240, 0.43700758794647954)
SRR1542680_1 - polyg	(1, 0.0)	(2, 0.0)	(3, 0.0)	(4, 0.0)	(5, 0.0)	(6, 0.0)	(7, 0.0)	(8, 0.0)	(9, 0.0)	(10, 0.0)	(15, 0.0)	(20, 0.0)	(25, 0.0)	(30, 0.0)	(35, 0.0)	(40, 0.0)	(45, 0.0)	(50, 0.0)	(55, 0.0)	(60, 0.0)	(65, 0.0)	(70, 0.0)	(75, 0.0)	(80, 0.0)	(85, 0.0)	(90, 0.0)	(95, 0.0)	(100, 0.0)	(105, 0.0)	(110, 0.0)	(115, 0.0)	(120, 0.005096493612394673)	(125, 0.029219896711062787)	(130, 0.14338135362870347)	(135, 0.14609948355531394)	(140, 0.14609948355531394)	(145, 0.17803751019298722)	(150, 0.2684153302527861)	(155, 0.2684153302527861)	(160, 0.2684153302527861)	(165, 0.2684153302527861)	(170, 0.2684153302527861)	(175, 0.2684153302527861)	(180, 0.2684153302527861)	(185, 0.26909486273443867)	(190, 0.27011416145691763)	(195, 0.27011416145691763)	(200, 0.27011416145691763)	(205, 0.27011416145691763)	(210, 0.27011416145691763)	(215, 0.27011416145691763)	(220, 0.27419135634683334)	(225, 0.2752106550693123)	(230, 0.27622995379179127)	(235, 0.39786626800761077)	(240, 0.4077194889915738)
