Sample	0	1	2	3	4	5	6	7	8	9	10	11	12	13	14	15
SRR5515450_1	(1.0, 5.629055787514463)	(2.0, 1.6197997887217666)	(3.0, 1.1167563760752552)	(4.0, 0.9859650887871623)	(5.0, 1.056391166557674)	(6.0, 1.0262085617988832)	(7.0, 0.9507520499019065)	(8.0, 0.8451129332461391)	(9.0, 1.0865737713164645)	('>10', 18.667941043312037)	('>50', 16.89219779666985)	('>100', 30.615222093666684)	('>500', 19.50802354243171)	('>1k', 0.0)	('>5k', 0.0)	('>10k+', 0.0)
SRR5515450_2	(1.0, 10.558881231450275)	(2.0, 2.2435736204034407)	(3.0, 1.373308516524976)	(4.0, 1.0463302983047438)	(5.0, 1.0815433371899994)	(6.0, 1.237486795110418)	(7.0, 0.9155390110166507)	(8.0, 1.0463302983047438)	(9.0, 0.5432868856582322)	('>10', 17.80270637356004)	('>50', 11.42914633532874)	('>100', 28.889783188289147)	('>500', 21.83208410885859)	('>1k', 0.0)	('>5k', 0.0)	('>10k+', 0.0)
SRR5515451_1	(1.0, 6.158578692949965)	(2.0, 1.9963588423629859)	(3.0, 1.1488480130579448)	(4.0, 1.2806830309498398)	(5.0, 0.9416786992278235)	(6.0, 0.6780086634440329)	(7.0, 0.922845125243267)	(8.0, 0.6528972314646242)	(9.0, 1.0170129951660494)	('>10', 18.739406114633685)	('>50', 9.86879276790759)	('>100', 37.94337372088643)	('>500', 9.423064850273088)	('>1k', 9.22845125243267)	('>5k', 0.0)	('>10k+', 0.0)
SRR5515451_2	(1.0, 9.190784104463559)	(2.0, 2.4232531860129325)	(3.0, 1.6196873626718562)	(4.0, 1.2555715989704312)	(5.0, 1.0358465691506058)	(6.0, 0.7533429593822588)	(7.0, 0.9667901312072321)	(8.0, 0.6528972314646242)	(9.0, 1.0170129951660494)	('>10', 17.766338125431602)	('>50', 8.7387783288342)	('>100', 24.822650511645428)	('>500', 15.69464498713039)	('>1k', 14.06240190846883)	('>5k', 0.0)	('>10k+', 0.0)
SRR5515452_1	(1.0, 5.111786991089056)	(2.0, 1.5900965796915851)	(3.0, 0.99247638866656)	(4.0, 1.1952403820500506)	(5.0, 0.9337815484766022)	(6.0, 0.8644149191611973)	(7.0, 0.7843765007203457)	(8.0, 0.7683688170321754)	(9.0, 0.7203457659676645)	('>10', 17.30430606691212)	('>50', 12.678085481030896)	('>100', 37.073795421802465)	('>500', 13.435782508937624)	('>1k', 6.547142628461662)	('>5k', 0.0)	('>10k+', 0.0)
SRR5515452_2	(1.0, 9.834053679099302)	(2.0, 2.3691371858492074)	(3.0, 1.4086761645589883)	(4.0, 1.2165839603009443)	(5.0, 0.9337815484766022)	(6.0, 1.344645429806307)	(7.0, 0.8217277626594098)	(8.0, 0.640307347526813)	(9.0, 0.4802305106451097)	('>10', 14.913825302812016)	('>50', 13.05693399498426)	('>100', 24.17693826369991)	('>500', 16.215783576116536)	('>1k', 12.587375273464597)	('>5k', 0.0)	('>10k+', 0.0)
SRR5515453_1	(1.0, 5.154582158066479)	(2.0, 1.780874951606659)	(3.0, 1.0121121619379458)	(4.0, 0.9291521486643438)	(5.0, 0.8296001327360213)	(6.0, 0.663680106188817)	(7.0, 0.8517228029423152)	(8.0, 0.442453404125878)	(9.0, 0.7466401194624191)	('>10', 20.828493999225707)	('>50', 10.773740390465129)	('>100', 28.294895193849896)	('>500', 10.945191084563907)	('>1k', 16.746861346164483)	('>5k', 0.0)	('>10k+', 0.0)
SRR5515453_2	(1.0, 12.615452685139097)	(2.0, 2.367125712073447)	(3.0, 1.3439522150323544)	(4.0, 1.084010840108401)	(5.0, 0.9678668215253582)	(6.0, 1.3605442176870748)	(7.0, 0.6581494386372435)	(8.0, 0.7964161274265804)	(9.0, 0.6968641114982579)	('>10', 19.506664454399647)	('>50', 7.366849178695868)	('>100', 25.19772136496875)	('>500', 7.5936065483103805)	('>1k', 18.44477628449754)	('>5k', 0.0)	('>10k+', 0.0)
SRR5515454_1	(1.0, 4.833512352309345)	(2.0, 1.475739037033578)	(3.0, 0.9106617475365432)	(4.0, 1.0460934946060805)	(5.0, 0.6538084341288003)	(6.0, 0.9246719282678747)	(7.0, 0.7191892775416803)	(8.0, 0.4483257834026059)	(9.0, 0.3782748797459487)	('>10', 16.050997057862045)	('>50', 7.911082052958483)	('>100', 37.93956942044552)	('>500', 7.794330546864055)	('>1k', 18.913743987297433)	('>5k', 0.0)	('>10k+', 0.0)
SRR5515454_2	(1.0, 8.34072759538598)	(2.0, 1.8400037360481951)	(3.0, 1.1908653621631717)	(4.0, 1.064773735581189)	(5.0, 0.7472096390043431)	(6.0, 0.7845701209545604)	(7.0, 0.6864988558352403)	(8.0, 0.33624433755195443)	(9.0, 0.46233596413393735)	('>10', 13.0154578994069)	('>50', 10.358193620697707)	('>100', 29.183206463363376)	('>500', 5.286508195955728)	('>1k', 26.703404473917715)	('>5k', 0.0)	('>10k+', 0.0)
SRR5515455_1	(1.0, 5.412123155869146)	(2.0, 1.7479153303399615)	(3.0, 1.5635022450288645)	(4.0, 1.0262989095574084)	(5.0, 0.5612572161642078)	(6.0, 0.9140474663245671)	(7.0, 0.8418858242463116)	(8.0, 1.0262989095574084)	(9.0, 1.010262989095574)	('>10', 19.964720974983962)	('>50', 8.627325208466965)	('>100', 30.84509300833868)	('>500', 13.109364977549712)	('>1k', 13.34990378447723)	('>5k', 0.0)	('>10k+', 0.0)
SRR5515455_2	(1.0, 9.49326491340603)	(2.0, 2.148813341885824)	(3.0, 1.6597177677998718)	(4.0, 1.4111610006414368)	(5.0, 0.8017960230917255)	(6.0, 1.010262989095574)	(7.0, 0.9541372674791533)	(8.0, 0.7697241821680565)	(9.0, 0.6494547787042977)	('>10', 15.137908915971776)	('>50', 10.319114817190506)	('>100', 25.81783194355356)	('>500', 17.11834509300834)	('>1k', 12.708466966003847)	('>5k', 0.0)	('>10k+', 0.0)
SRR5515456_1	(1.0, 5.760095011876484)	(2.0, 2.341364099083814)	(3.0, 1.170682049541907)	(4.0, 1.1197828299966068)	(5.0, 1.3573125212080082)	(6.0, 0.8143875127248049)	(7.0, 1.72209026128266)	(8.0, 0.6786562606040041)	(9.0, 1.2215812690872072)	('>10', 19.418052256532068)	('>50', 17.153036986766203)	('>100', 25.279945707499152)	('>500', 12.207329487614524)	('>1k', 9.755683746182559)	('>5k', 0.0)	('>10k+', 0.0)
SRR5515456_2	(1.0, 9.297590770274857)	(2.0, 2.171700033932813)	(3.0, 1.3997285374957584)	(4.0, 1.3912453342382083)	(5.0, 0.8907363420427553)	(6.0, 0.7634882931795045)	(7.0, 1.1282660332541568)	(8.0, 0.8143875127248049)	(9.0, 0.5344418052256532)	('>10', 21.75941635561588)	('>50', 10.782151340346115)	('>100', 19.655581947743467)	('>500', 4.589412962334578)	('>1k', 24.82185273159145)	('>5k', 0.0)	('>10k+', 0.0)
SRR5515457_1	(1.0, 5.102880658436214)	(2.0, 1.728395061728395)	(3.0, 1.2345679012345678)	(4.0, 1.0608139003200732)	(5.0, 0.8687700045724738)	(6.0, 0.9053497942386831)	(7.0, 0.928212162780064)	(8.0, 1.2437128486511204)	(9.0, 0.8641975308641975)	('>10', 19.931412894375857)	('>50', 11.019661636945589)	('>100', 37.80521262002743)	('>500', 9.871970736168267)	('>1k', 7.4348422496570645)	('>5k', 0.0)	('>10k+', 0.0)
SRR5515457_2	(1.0, 8.85230909922268)	(2.0, 1.984453589391861)	(3.0, 1.1659807956104253)	(4.0, 1.1705532693187015)	(5.0, 0.9144947416552356)	(6.0, 0.9876543209876543)	(7.0, 0.8641975308641975)	(8.0, 0.7315957933241883)	(9.0, 0.7407407407407408)	('>10', 15.861911294010058)	('>50', 11.57750342935528)	('>100', 24.83310470964792)	('>500', 18.010973936899862)	('>1k', 12.304526748971194)	('>5k', 0.0)	('>10k+', 0.0)
SRR5515458_1	(1.0, 4.838205757643383)	(2.0, 1.4371792010711895)	(3.0, 0.9640705199732202)	(4.0, 0.8748047310868109)	(5.0, 0.758759205534479)	(6.0, 0.5623744699843785)	(7.0, 0.6873465744253515)	(8.0, 0.8212452577549654)	(9.0, 0.4820352599866101)	('>10', 14.394108457933497)	('>50', 11.113590716357956)	('>100', 36.34902923454586)	('>500', 12.385628207989289)	('>1k', 14.33162240571301)	('>5k', 0.0)	('>10k+', 0.0)
SRR5515458_2	(1.0, 9.448783753626424)	(2.0, 1.9192144610577995)	(3.0, 1.2050881499665254)	(4.0, 0.8033920999776836)	(5.0, 0.5802276277616604)	(6.0, 0.5623744699843785)	(7.0, 0.8435617049765677)	(8.0, 0.4641821022093283)	(9.0, 0.682883284981031)	('>10', 13.291675965186341)	('>50', 11.131443874135236)	('>100', 32.08658781521982)	('>500', 9.011381388083016)	('>1k', 17.969203302834188)	('>5k', 0.0)	('>10k+', 0.0)
SRR5515459_1	(1.0, 5.248248099001044)	(2.0, 1.7891754882958102)	(3.0, 0.8722230505442077)	(4.0, 1.103324884449083)	(5.0, 0.8573132548084091)	(6.0, 0.84985835694051)	(7.0, 1.0958699865811838)	(8.0, 0.9542269270910989)	(9.0, 0.7380348889220217)	('>10', 16.840614283584316)	('>50', 14.633964514686149)	('>100', 32.9506485761145)	('>500', 22.066497688981663)	('>1k', 0.0)	('>5k', 0.0)	('>10k+', 0.0)
SRR5515459_2	(1.0, 8.930967645743253)	(2.0, 1.9382734456537944)	(3.0, 1.632622633069927)	(4.0, 1.1927836588638736)	(5.0, 0.745489786789921)	(6.0, 0.8945877441479051)	(7.0, 0.7305799910541225)	(8.0, 0.7753093782615178)	(9.0, 0.7380348889220217)	('>10', 15.215446548382285)	('>50', 10.377217832115699)	('>100', 26.994185179663038)	('>500', 4.52512300581482)	('>1k', 25.309378261517818)	('>5k', 0.0)	('>10k+', 0.0)
SRR5515460_1	(1.0, 5.483042407087068)	(2.0, 1.9290244797400011)	(3.0, 1.320962415474131)	(4.0, 1.1112858415893485)	(5.0, 0.6290297216543481)	(6.0, 1.0378990407296744)	(7.0, 0.6971746081669026)	(8.0, 0.7967709807621743)	(9.0, 0.8963673533574461)	('>10', 20.695077842428056)	('>50', 11.76285579493631)	('>100', 43.94820988625046)	('>500', 4.046757875976306)	('>1k', 5.645541751847775)	('>5k', 0.0)	('>10k+', 0.0)
SRR5515460_2	(1.0, 9.655606227394244)	(2.0, 1.8556376788803273)	(3.0, 1.431042616763642)	(4.0, 0.9854798972584788)	(5.0, 1.33668815851549)	(6.0, 0.8177386381506526)	(7.0, 0.8439482098862505)	(8.0, 0.8387062955391309)	(9.0, 0.8020128951092939)	('>10', 19.971693662525556)	('>50', 11.312051161084028)	('>100', 32.67809403994339)	('>500', 5.152801803218535)	('>1k', 12.318498715730986)	('>5k', 0.0)	('>10k+', 0.0)
SRR5515461_1	(1.0, 6.142258114614071)	(2.0, 2.1587202981829474)	(3.0, 1.700574623388725)	(4.0, 1.5840969094579902)	(5.0, 1.785991613604597)	(6.0, 0.838639540301289)	(7.0, 1.03276906351918)	(8.0, 1.056064606305327)	(9.0, 0.9784127970181706)	('>10', 23.070352539214163)	('>50', 16.819381891598074)	('>100', 30.423978878707874)	('>500', 12.408759124087592)	('>1k', 0.0)	('>5k', 0.0)	('>10k+', 0.0)
SRR5515461_2	(1.0, 9.644354713464825)	(2.0, 1.9723559558937724)	(3.0, 1.5375058238856967)	(4.0, 1.9257648703214785)	(5.0, 1.0871253300201895)	(6.0, 1.2113682248796398)	(7.0, 0.9784127970181706)	(8.0, 1.4287932908836776)	(9.0, 1.0482994253766114)	('>10', 23.621680385152974)	('>50', 11.888492001863643)	('>100', 25.05047367603665)	('>500', 0.0)	('>1k', 18.60537350520267)	('>5k', 0.0)	('>10k+', 0.0)
SRR5515462_1	(1.0, 5.172921699169269)	(2.0, 1.5436281152418547)	(3.0, 1.3609850939727801)	(4.0, 0.9662404996170388)	(5.0, 0.7953808990750014)	(6.0, 0.9898073410711129)	(7.0, 0.7423555058033348)	(8.0, 0.612737877805927)	(9.0, 0.7423555058033348)	('>10', 14.611441701525955)	('>50', 10.552053261061687)	('>100', 38.46697696341248)	('>500', 9.515112237082425)	('>1k', 13.928003299357803)	('>5k', 0.0)	('>10k+', 0.0)
SRR5515462_2	(1.0, 9.762564072350203)	(2.0, 1.9442644199611145)	(3.0, 1.3609850939727801)	(4.0, 0.8719731338007424)	(5.0, 0.7659223472574088)	(6.0, 0.813056030165557)	(7.0, 0.6186295881694456)	(8.0, 0.8012726094385201)	(9.0, 0.7953808990750014)	('>10', 16.80315795675485)	('>50', 7.4058799269427915)	('>100', 20.061273787780593)	('>500', 16.968125846933365)	('>1k', 21.02751428739763)	('>5k', 0.0)	('>10k+', 0.0)
SRR5515463_1	(1.0, 4.7094017094017095)	(2.0, 1.7435897435897436)	(3.0, 1.1153846153846154)	(4.0, 0.6837606837606838)	(5.0, 0.7905982905982906)	(6.0, 0.6666666666666667)	(7.0, 0.9273504273504273)	(8.0, 0.6495726495726496)	(9.0, 0.4230769230769231)	('>10', 17.961538461538463)	('>50', 11.269230769230768)	('>100', 33.256410256410255)	('>500', 8.38034188034188)	('>1k', 17.423076923076923)	('>5k', 0.0)	('>10k+', 0.0)
SRR5515463_2	(1.0, 7.726495726495726)	(2.0, 2.068376068376068)	(3.0, 1.3205128205128205)	(4.0, 1.1794871794871795)	(5.0, 0.8760683760683761)	(6.0, 0.8717948717948718)	(7.0, 0.6282051282051282)	(8.0, 0.6495726495726496)	(9.0, 0.8846153846153846)	('>10', 15.162393162393162)	('>50', 12.2991452991453)	('>100', 21.722222222222225)	('>500', 9.786324786324787)	('>1k', 24.824786324786324)	('>5k', 0.0)	('>10k+', 0.0)
SRR5515464_1	(1.0, 4.843940008107013)	(2.0, 1.7024726388325904)	(3.0, 0.8715038508309687)	(4.0, 0.9458181326847723)	(5.0, 0.9795973517092285)	(6.0, 0.8107012565869477)	(7.0, 0.7566545061478178)	(8.0, 0.9728415079043373)	(9.0, 0.4256181597081476)	('>10', 16.227536819348735)	('>50', 16.646399135251993)	('>100', 24.672341575462774)	('>500', 16.06539656803135)	('>1k', 14.079178489393327)	('>5k', 0.0)	('>10k+', 0.0)
SRR5515464_2	(1.0, 8.478583975138495)	(2.0, 2.080799891906499)	(3.0, 1.114714227807053)	(4.0, 1.3241453857586813)	(5.0, 0.9795973517092285)	(6.0, 0.526955816781516)	(7.0, 0.6620726928793407)	(8.0, 0.8647480070260776)	(9.0, 0.9120389136603162)	('>10', 15.308742061883528)	('>50', 10.714768274557493)	('>100', 29.0433725172274)	('>500', 7.857046345088501)	('>1k', 20.13241453857587)	('>5k', 0.0)	('>10k+', 0.0)
SRR5515465_1	(1.0, 6.171648987463838)	(2.0, 2.875427369159288)	(3.0, 1.5253791531515735)	(4.0, 1.3675813097221003)	(5.0, 1.446480231436837)	(6.0, 1.3675813097221003)	(7.0, 0.7977557640045586)	(8.0, 0.9818532480056106)	(9.0, 1.4990795125799947)	('>10', 24.774261418427283)	('>50', 14.52616814236872)	('>100', 34.11063382133778)	('>500', 8.55614973262032)	('>1k', 0.0)	('>5k', 0.0)	('>10k+', 0.0)
SRR5515465_2	(1.0, 9.529236433768737)	(2.0, 2.9630928377312173)	(3.0, 1.5779784342947314)	(4.0, 1.227316560007013)	(5.0, 1.095818357149119)	(6.0, 1.3149820285789429)	(7.0, 0.92048742000526)	(8.0, 1.2623827474357852)	(9.0, 1.0256859822915754)	('>10', 22.854387656702023)	('>50', 16.647672481809416)	('>100', 21.17121066012098)	('>500', 5.978784956605593)	('>1k', 12.430963443499605)	('>5k', 0.0)	('>10k+', 0.0)
SRR5515466_1	(1.0, 4.931972789115646)	(2.0, 1.6903731189445474)	(3.0, 1.0667903525046383)	(4.0, 1.0307153164296021)	(5.0, 0.8503401360544218)	(6.0, 0.9894867037724181)	(7.0, 0.7575757575757576)	(8.0, 0.8245722531436817)	(9.0, 0.6029684601113172)	('>10', 16.821273964131105)	('>50', 9.606266749123892)	('>100', 33.353947639661925)	('>500', 3.6538857967429395)	('>1k', 23.819830962688105)	('>5k', 0.0)	('>10k+', 0.0)
SRR5515466_2	(1.0, 9.554730983302411)	(2.0, 2.2675736961451247)	(3.0, 1.391465677179963)	(4.0, 0.927643784786642)	(5.0, 1.1853226138940425)	(6.0, 1.0822510822510822)	(7.0, 0.9018759018759018)	(8.0, 0.7008864151721295)	(9.0, 0.7421150278293136)	('>10', 15.924551638837354)	('>50', 8.57555143269429)	('>100', 23.433312719027004)	('>500', 8.426097711811998)	('>1k', 24.886621315192745)	('>5k', 0.0)	('>10k+', 0.0)
SRR5515467_1	(1.0, 6.8693295628608455)	(2.0, 2.191587133262637)	(3.0, 1.4139271827500883)	(4.0, 1.1782726522917402)	(5.0, 1.6495817132084363)	(6.0, 1.5553199010250973)	(7.0, 0.8247908566042181)	(8.0, 1.0368799340167314)	(9.0, 1.0604453870625663)	('>10', 20.45481324378461)	('>50', 13.491221868740427)	('>100', 37.52798397549193)	('>500', 10.745846588900672)	('>1k', 0.0)	('>5k', 0.0)	('>10k+', 0.0)
SRR5515467_2	(1.0, 8.295039472133851)	(2.0, 2.9456816307293505)	(3.0, 1.6967126193001063)	(4.0, 1.4139271827500883)	(5.0, 1.6495817132084363)	(6.0, 1.7674089784376106)	(7.0, 0.9072699422646401)	(8.0, 1.4139271827500883)	(9.0, 0.9544008483563097)	('>10', 18.49888064098032)	('>50', 14.127489100977966)	('>100', 27.053140096618357)	('>500', 0.0)	('>1k', 19.27654059149287)	('>5k', 0.0)	('>10k+', 0.0)
SRR5515468_1	(1.0, 7.323195039125942)	(2.0, 2.805256164181308)	(3.0, 1.8160342536542153)	(4.0, 1.1221024656725234)	(5.0, 0.8858703676362026)	(6.0, 0.6201092573453417)	(7.0, 0.6201092573453417)	(8.0, 0.8268123431271224)	(9.0, 0.7972833308725823)	('>10', 16.80200797283331)	('>50', 10.910970028052562)	('>100', 41.355381662483396)	('>500', 14.114867857670161)	('>1k', 0.0)	('>5k', 0.0)	('>10k+', 0.0)
SRR5515468_2	(1.0, 9.316403366307396)	(2.0, 2.746198139672228)	(3.0, 2.126088882326886)	(4.0, 0.9449283921452828)	(5.0, 1.4764506127270043)	(6.0, 0.9744574043998228)	(7.0, 1.3435700575815739)	(8.0, 0.7086962941089621)	(9.0, 0.5315222205817215)	('>10', 17.008711058615088)	('>50', 11.206260150597963)	('>100', 37.07367488557507)	('>500', 14.543038535360992)	('>1k', 0.0)	('>5k', 0.0)	('>10k+', 0.0)
SRR5515469_1	(1.0, 6.606088141753748)	(2.0, 1.8355293048614267)	(3.0, 1.3630168105406633)	(4.0, 0.9450249886415265)	(5.0, 1.226715129486597)	(6.0, 0.43616537937301225)	(7.0, 0.7632894139027715)	(8.0, 0.6542480690595184)	(9.0, 0.4906860517946388)	('>10', 17.273966378918672)	('>50', 11.303952748750568)	('>100', 35.49295774647888)	('>500', 8.078146297137664)	('>1k', 13.530213539300318)	('>5k', 0.0)	('>10k+', 0.0)
SRR5515469_2	(1.0, 7.623807360290777)	(2.0, 2.14447978191731)	(3.0, 1.3630168105406633)	(4.0, 1.1994547932757837)	(5.0, 0.817810086324398)	(6.0, 0.817810086324398)	(7.0, 0.6360745115856429)	(8.0, 0.8723307587460245)	(9.0, 0.7360290776919581)	('>10', 12.71240345297592)	('>50', 7.451158564288959)	('>100', 38.90958655156747)	('>500', 0.0)	('>1k', 24.716038164470692)	('>5k', 0.0)	('>10k+', 0.0)
SRR5515470_1	(1.0, 6.131790310044045)	(2.0, 1.8827187149149323)	(3.0, 1.476811469038777)	(4.0, 0.725451247948873)	(5.0, 0.7340875723292167)	(6.0, 0.8809050867950601)	(7.0, 0.725451247948873)	(8.0, 0.9672683305984973)	(9.0, 0.23318075826928059)	('>10', 21.323084895068657)	('>50', 16.374471025131704)	('>100', 34.91665946972968)	('>500', 13.628119872182399)	('>1k', 0.0)	('>5k', 0.0)	('>10k+', 0.0)
SRR5515470_2	(1.0, 7.660419725364885)	(2.0, 2.1936263926073063)	(3.0, 1.3990845496156836)	(4.0, 0.9672683305984973)	(5.0, 0.6477243285257794)	(6.0, 0.725451247948873)	(7.0, 0.725451247948873)	(8.0, 0.6218153553847482)	(9.0, 0.6995422748078418)	('>10', 17.436738923913982)	('>50', 18.22264444252526)	('>100', 27.869418775369205)	('>500', 9.007686328698504)	('>1k', 11.82312807669056)	('>5k', 0.0)	('>10k+', 0.0)
SRR5515471_1	(1.0, 6.267864434463045)	(2.0, 2.286647611269906)	(3.0, 1.2249897917517354)	(4.0, 0.7349938750510413)	(5.0, 0.6635361371988567)	(6.0, 1.2249897917517354)	(7.0, 0.7145773785218457)	(8.0, 0.8166598611678236)	(9.0, 1.0106165781951817)	('>10', 19.548795426704775)	('>50', 20.988158432013066)	('>100', 34.30992241731319)	('>500', 10.208248264597795)	('>1k', 0.0)	('>5k', 0.0)	('>10k+', 0.0)
SRR5515471_2	(1.0, 7.064107799101674)	(2.0, 1.8374846876276032)	(3.0, 1.3781135157207023)	(4.0, 0.9391588403429971)	(5.0, 0.7656186198448346)	(6.0, 1.041241322988975)	(7.0, 1.2862392813393222)	(8.0, 0.8166598611678236)	(9.0, 1.1024908125765618)	('>10', 16.38423846467946)	('>50', 14.546753777051858)	('>100', 31.778276847692936)	('>500', 6.910984075132707)	('>1k', 14.148632094732545)	('>5k', 0.0)	('>10k+', 0.0)
SRR5515472_1	(1.0, 6.856718948707079)	(2.0, 2.755404832556168)	(3.0, 1.3035184400169564)	(4.0, 0.9749894022891056)	(5.0, 1.006782534972446)	(6.0, 0.6994489190334888)	(7.0, 0.741839762611276)	(8.0, 0.7630351844001695)	(9.0, 0.8584145824501908)	('>10', 16.500635862653667)	('>50', 18.53539635438745)	('>100', 37.14497668503603)	('>500', 11.858838490885969)	('>1k', 0.0)	('>5k', 0.0)	('>10k+', 0.0)
SRR5515472_2	(1.0, 8.361593895718524)	(2.0, 2.8189910979228485)	(3.0, 1.1763459092835948)	(4.0, 1.314116150911403)	(5.0, 1.430690970750318)	(6.0, 0.8902077151335311)	(7.0, 0.8160237388724036)	(8.0, 0.7630351844001695)	(9.0, 1.049173378550233)	('>10', 14.953370072064434)	('>50', 13.331920305214073)	('>100', 30.606189063162358)	('>500', 0.0)	('>1k', 22.488342518016108)	('>5k', 0.0)	('>10k+', 0.0)
SRR5515473_1	(1.0, 5.535418392709197)	(2.0, 1.5741507870753937)	(3.0, 0.9942004971002486)	(4.0, 0.9113504556752278)	(5.0, 1.2168599834299918)	(6.0, 0.8077879038939519)	(7.0, 0.7974316487158243)	(8.0, 0.4556752278376139)	(9.0, 0.9786661143330572)	('>10', 18.91052195526098)	('>50', 12.422328086164043)	('>100', 47.02257663628831)	('>500', 8.373032311516155)	('>1k', 0.0)	('>5k', 0.0)	('>10k+', 0.0)
SRR5515473_2	(1.0, 8.626760563380282)	(2.0, 1.8848384424192213)	(3.0, 1.2272162386081193)	(4.0, 1.0977630488815244)	(5.0, 0.6731565865782934)	(6.0, 0.9009942004971003)	(7.0, 1.1236536868268434)	(8.0, 0.4142502071251036)	(9.0, 0.2796188898094449)	('>10', 14.830157415078707)	('>50', 9.077257663628831)	('>100', 34.97307373653687)	('>500', 13.188690969345485)	('>1k', 11.702568351284176)	('>5k', 0.0)	('>10k+', 0.0)
SRR5515474_1	(1.0, 6.2494204914232725)	(2.0, 2.058414464534075)	(3.0, 0.9179415855354658)	(4.0, 0.8530366249420492)	(5.0, 0.6954102920723227)	(6.0, 0.8344923504867872)	(7.0, 0.8437644877144181)	(8.0, 0.44506258692628653)	(9.0, 1.0013908205841446)	('>10', 19.082058414464534)	('>50', 13.759851645804359)	('>100', 36.81038479369494)	('>500', 5.053314789058878)	('>1k', 11.39545665275846)	('>5k', 0.0)	('>10k+', 0.0)
SRR5515474_2	(1.0, 7.065368567454798)	(2.0, 2.0955030134445987)	(3.0, 1.196105702364395)	(4.0, 1.2610106629578117)	(5.0, 1.1590171534538711)	(6.0, 0.7232267037552156)	(7.0, 0.7788595271210014)	(8.0, 0.6675938803894298)	(9.0, 0.5006954102920723)	('>10', 15.373203523412146)	('>50', 9.967547519703292)	('>100', 42.07695873898934)	('>500', 0.0)	('>1k', 17.13490959666203)	('>5k', 0.0)	('>10k+', 0.0)
SRR5515475_1	(1.0, 6.865804725813643)	(2.0, 2.912765641254272)	(3.0, 1.7387427552385197)	(4.0, 1.2483281319661168)	(5.0, 1.2631891811561897)	(6.0, 1.069995541685243)	(7.0, 1.144300787635607)	(8.0, 0.5944419676029128)	(9.0, 1.069995541685243)	('>10', 17.580621191856142)	('>50', 14.23688512408976)	('>100', 29.51404369148462)	('>500', 20.76088571853173)	('>1k', 0.0)	('>5k', 0.0)	('>10k+', 0.0)
SRR5515475_2	(1.0, 8.738296923762817)	(2.0, 3.031654034774855)	(3.0, 1.6049933125278644)	(4.0, 0.8322187546440778)	(5.0, 0.8916629514043692)	(6.0, 1.069995541685243)	(7.0, 1.144300787635607)	(8.0, 0.9511071481646604)	(9.0, 0.5349977708426215)	('>10', 15.960766830138207)	('>50', 8.931490563233764)	('>100', 45.17758953782137)	('>500', 11.130925843364542)	('>1k', 0.0)	('>5k', 0.0)	('>10k+', 0.0)
SRR5515476_1	(1.0, 6.083358872203494)	(2.0, 2.359791602819491)	(3.0, 1.1492491572172847)	(4.0, 0.49034630707937477)	(5.0, 0.8044744100520994)	(6.0, 0.5976095617529881)	(7.0, 0.6435795280416794)	(8.0, 0.49034630707937477)	(9.0, 0.6205945448973338)	('>10', 16.281029727244867)	('>50', 10.10573092246399)	('>100', 42.0012258657677)	('>500', 18.372663193380326)	('>1k', 0.0)	('>5k', 0.0)	('>10k+', 0.0)
SRR5515476_2	(1.0, 8.24394728777199)	(2.0, 2.65093472264787)	(3.0, 1.425068954949433)	(4.0, 0.7048728164266013)	(5.0, 0.9960159362549801)	(6.0, 0.6435795280416794)	(7.0, 0.6435795280416794)	(8.0, 0.7355194606190621)	(9.0, 0.5516395954642966)	('>10', 15.254367146797426)	('>50', 9.477474716518541)	('>100', 28.18725099601594)	('>500', 30.485749310450505)	('>1k', 0.0)	('>5k', 0.0)	('>10k+', 0.0)
SRR5515477_1	(1.0, 7.541232638888889)	(2.0, 2.647569444444444)	(3.0, 1.2044270833333335)	(4.0, 1.3888888888888888)	(5.0, 1.46484375)	(6.0, 0.8463541666666666)	(7.0, 0.9114583333333334)	(8.0, 0.78125)	(9.0, 0.1953125)	('>10', 21.864149305555554)	('>50', 17.42621527777778)	('>100', 35.94835069444444)	('>500', 7.779947916666667)	('>1k', 0.0)	('>5k', 0.0)	('>10k+', 0.0)
SRR5515477_2	(1.0, 8.409288194444445)	(2.0, 2.842881944444444)	(3.0, 1.6276041666666667)	(4.0, 1.215277777777778)	(5.0, 0.9223090277777778)	(6.0, 0.9114583333333334)	(7.0, 0.8355034722222222)	(8.0, 0.8680555555555556)	(9.0, 1.5625)	('>10', 18.467881944444446)	('>50', 15.01736111111111)	('>100', 47.31987847222222)	('>500', 0.0)	('>1k', 0.0)	('>5k', 0.0)	('>10k+', 0.0)
SRR5515478_1	(1.0, 7.7603899435608)	(2.0, 3.258081067213956)	(3.0, 2.077988712160082)	(4.0, 1.6418676244227808)	(5.0, 1.3468445356593124)	(6.0, 1.3083632632119035)	(7.0, 1.1672652642380708)	(8.0, 1.3340174448435094)	(9.0, 1.038994356080041)	('>10', 28.360697793740382)	('>50', 20.90815802975885)	('>100', 29.797331965110313)	('>500', 0.0)	('>1k', 0.0)	('>5k', 0.0)	('>10k+', 0.0)
SRR5515478_2	(1.0, 10.543868650590046)	(2.0, 3.4633145202668034)	(3.0, 1.6931759876859929)	(4.0, 2.2575679835813234)	(5.0, 1.9240636223704464)	(6.0, 1.9240636223704464)	(7.0, 0.9876859928168292)	(8.0, 1.1287839917906617)	(9.0, 0.6926629040533607)	('>10', 26.706003078501794)	('>50', 15.469471523858388)	('>100', 33.209338122113905)	('>500', 0.0)	('>1k', 0.0)	('>5k', 0.0)	('>10k+', 0.0)
SRR5515479_1	(1.0, 6.980736219721534)	(2.0, 2.403204272363151)	(3.0, 1.4876978828914744)	(4.0, 1.7165744802593936)	(5.0, 1.3827961090978447)	(6.0, 1.2588212855235552)	(7.0, 1.0680907877169559)	(8.0, 0.9155063894716766)	(9.0, 1.2016021361815754)	('>10', 21.590692351707037)	('>50', 17.823765020026702)	('>100', 28.447453747854283)	('>500', 13.723059317184818)	('>1k', 0.0)	('>5k', 0.0)	('>10k+', 0.0)
SRR5515479_2	(1.0, 8.373068853709709)	(2.0, 1.9073049780659928)	(3.0, 2.1743276749952316)	(4.0, 1.2588212855235552)	(5.0, 1.1443829868395956)	(6.0, 1.0871638374976158)	(7.0, 0.9345794392523363)	(8.0, 0.9155063894716766)	(9.0, 1.0299446881556362)	('>10', 19.626168224299064)	('>50', 10.432958230020981)	('>100', 31.136753766927335)	('>500', 5.836353232881938)	('>1k', 14.142666412359336)	('>5k', 0.0)	('>10k+', 0.0)
SRR5515480_1	(1.0, 5.993080993080993)	(2.0, 1.7908017908017908)	(3.0, 1.2515262515262515)	(4.0, 0.8954008954008954)	(5.0, 0.8648758648758649)	(6.0, 0.5494505494505495)	(7.0, 0.4273504273504274)	(8.0, 0.6512006512006512)	(9.0, 0.9157509157509158)	('>10', 13.115588115588114)	('>50', 8.424908424908425)	('>100', 43.63044363044363)	('>500', 5.6878306878306875)	('>1k', 15.801790801790801)	('>5k', 0.0)	('>10k+', 0.0)
SRR5515480_2	(1.0, 6.715506715506716)	(2.0, 2.197802197802198)	(3.0, 1.7704517704517704)	(4.0, 0.9768009768009768)	(5.0, 0.8140008140008139)	(6.0, 0.9768009768009768)	(7.0, 0.7834757834757835)	(8.0, 0.6512006512006512)	(9.0, 0.9157509157509158)	('>10', 11.03988603988604)	('>50', 11.884411884411884)	('>100', 27.95075295075295)	('>500', 11.01953601953602)	('>1k', 22.3036223036223)	('>5k', 0.0)	('>10k+', 0.0)
SRR5515481_1	(1.0, 6.397257276241886)	(2.0, 1.9257422131446496)	(3.0, 1.2035888832154058)	(4.0, 0.9628711065723248)	(5.0, 1.0212269312130717)	(6.0, 0.612736158727843)	(7.0, 0.5106134656065359)	(8.0, 0.46684659712597565)	(9.0, 0.7878036326500838)	('>10', 17.1639069224597)	('>50', 12.736158727843023)	('>100', 42.51221825078416)	('>500', 13.699029834415347)	('>1k', 0.0)	('>5k', 0.0)	('>10k+', 0.0)
SRR5515481_2	(1.0, 7.440367641695237)	(2.0, 2.290466117149318)	(3.0, 1.5537238310598878)	(4.0, 1.1087606681741922)	(5.0, 0.69297541760887)	(6.0, 0.7002698956889635)	(7.0, 0.7659201984098037)	(8.0, 0.17506747392224087)	(9.0, 0.590852724487563)	('>10', 17.85688234006857)	('>50', 12.56109125392078)	('>100', 31.534028740243635)	('>500', 12.429790648479102)	('>1k', 10.299803049091839)	('>5k', 0.0)	('>10k+', 0.0)
SRR5515482_1	(1.0, 6.034798534798535)	(2.0, 2.0695970695970693)	(3.0, 1.4285714285714286)	(4.0, 1.0256410256410255)	(5.0, 1.098901098901099)	(6.0, 0.8791208791208791)	(7.0, 0.7692307692307693)	(8.0, 1.0256410256410255)	(9.0, 0.576923076923077)	('>10', 19.90842490842491)	('>50', 18.617216117216117)	('>100', 34.15750915750916)	('>500', 0.0)	('>1k', 12.408424908424909)	('>5k', 0.0)	('>10k+', 0.0)
SRR5515482_2	(1.0, 7.655677655677656)	(2.0, 2.3443223443223444)	(3.0, 1.456043956043956)	(4.0, 1.465201465201465)	(5.0, 0.9157509157509158)	(6.0, 1.2637362637362637)	(7.0, 1.0897435897435896)	(8.0, 0.9523809523809524)	(9.0, 0.8241758241758242)	('>10', 22.893772893772894)	('>50', 13.131868131868133)	('>100', 27.591575091575095)	('>500', 5.485347985347985)	('>1k', 12.930402930402932)	('>5k', 0.0)	('>10k+', 0.0)
SRR5515483_1	(1.0, 6.893608951261141)	(2.0, 2.351602503318794)	(3.0, 1.593021050635312)	(4.0, 0.9102977432201783)	(5.0, 0.6637587710980467)	(6.0, 0.6827233074151338)	(7.0, 1.194765787976484)	(8.0, 0.6827233074151338)	(9.0, 0.5120424805613503)	('>10', 16.081926796889817)	('>50', 13.322586762753652)	('>100', 45.13559643466717)	('>500', 9.975346102787787)	('>1k', 0.0)	('>5k', 0.0)	('>10k+', 0.0)
SRR5515483_2	(1.0, 8.790062582969846)	(2.0, 2.3136734306846196)	(3.0, 1.3085530058790062)	(4.0, 1.2516593969277452)	(5.0, 0.9008154750616347)	(6.0, 0.6827233074151338)	(7.0, 1.2611416650862886)	(8.0, 0.6827233074151338)	(9.0, 0.25602124028067513)	('>10', 20.197231177697706)	('>50', 8.600417219798976)	('>100', 34.49649156078134)	('>500', 19.258486630001897)	('>1k', 0.0)	('>5k', 0.0)	('>10k+', 0.0)
SRR5515484_1	(1.0, 5.203547387541404)	(2.0, 1.6454749439042633)	(3.0, 1.1219147344801794)	(4.0, 1.0257506143818784)	(5.0, 1.0684902233144566)	(6.0, 0.86547708088471)	(7.0, 0.5235602094240838)	(8.0, 0.9402713965167219)	(9.0, 0.9135591409338605)	('>10', 19.44652206432311)	('>50', 15.391601666844748)	('>100', 30.638957153542044)	('>500', 15.712148733839085)	('>1k', 5.502724650069451)	('>5k', 0.0)	('>10k+', 0.0)
SRR5515484_2	(1.0, 9.739288385511273)	(2.0, 2.275884175659793)	(3.0, 1.298215621327065)	(4.0, 1.132599636713324)	(5.0, 0.9082166898172882)	(6.0, 0.7693129607864088)	(7.0, 1.1593118922961856)	(8.0, 0.5983545250560958)	(9.0, 0.9135591409338605)	('>10', 18.703921359119562)	('>50', 14.632973608291483)	('>100', 23.196922748156855)	('>500', 14.729137728389786)	('>1k', 9.94230152794102)	('>5k', 0.0)	('>10k+', 0.0)
SRR5515485_1	(1.0, 7.2032537728780905)	(2.0, 2.483142459595419)	(3.0, 1.926576046237825)	(4.0, 1.3271968318527239)	(5.0, 1.1238360269720646)	(6.0, 0.5137536123300867)	(7.0, 1.1238360269720646)	(8.0, 0.9418816226051588)	(9.0, 0.6743016161832388)	('>10', 23.771807770523388)	('>50', 11.89125548539013)	('>100', 28.042384673017235)	('>500', 18.976774055442576)	('>1k', 0.0)	('>5k', 0.0)	('>10k+', 0.0)
SRR5515485_2	(1.0, 9.076313817831531)	(2.0, 2.6972064647329552)	(3.0, 1.7981376431553033)	(4.0, 1.4128224339077384)	(5.0, 1.444932034678369)	(6.0, 0.8348496200363908)	(7.0, 0.8990688215776517)	(8.0, 1.0275072246601733)	(9.0, 0.5779728138713475)	('>10', 19.886546077277107)	('>50', 15.819329979663921)	('>100', 14.106817938563632)	('>500', 30.418495130043883)	('>1k', 0.0)	('>5k', 0.0)	('>10k+', 0.0)
SRR5515486_1	(1.0, 7.319709176655531)	(2.0, 2.593829829043034)	(3.0, 1.6800943210846926)	(4.0, 1.296914914521517)	(5.0, 1.4246413833759088)	(6.0, 0.9432108469247396)	(7.0, 0.9628610729023385)	(8.0, 1.3362153664767145)	(9.0, 1.326390253487915)	('>10', 29.819217921006093)	('>50', 16.692866967970133)	('>100', 29.622715661230103)	('>500', 4.981332285321281)	('>1k', 0.0)	('>5k', 0.0)	('>10k+', 0.0)
SRR5515486_2	(1.0, 9.294556887404205)	(2.0, 2.8492827667518177)	(3.0, 1.9158970328158775)	(4.0, 1.4148162703871094)	(5.0, 1.031636863823934)	(6.0, 1.0611122027903321)	(7.0, 1.1691884456671253)	(8.0, 1.2576144625663195)	(9.0, 1.1495382196895265)	('>10', 21.015916683041855)	('>50', 8.764000786009039)	('>100', 49.07643937905286)	('>500', 0.0)	('>1k', 0.0)	('>5k', 0.0)	('>10k+', 0.0)
SRR5515487_1	(1.0, 6.092295884102466)	(2.0, 2.1107166842559724)	(3.0, 1.352777511273146)	(4.0, 1.496690012472417)	(5.0, 1.0553583421279862)	(6.0, 0.8059100067159166)	(7.0, 1.0745466756212223)	(8.0, 0.6140266717835556)	(9.0, 0.6044325050369375)	('>10', 19.15955099299626)	('>50', 12.616329271802742)	('>100', 35.48882279574019)	('>500', 5.7085292142377435)	('>1k', 11.820013431833445)	('>5k', 0.0)	('>10k+', 0.0)
SRR5515487_2	(1.0, 7.473855895615465)	(2.0, 2.398541686654514)	(3.0, 1.9859925165499375)	(4.0, 0.9594166746618057)	(5.0, 1.0553583421279862)	(6.0, 1.208865010073875)	(7.0, 0.6715916722632639)	(8.0, 1.2280533435671113)	(9.0, 0.4317375035978125)	('>10', 15.859157632159645)	('>50', 9.421471745178932)	('>100', 30.65336275544469)	('>500', 6.581598388179986)	('>1k', 20.070996833924973)	('>5k', 0.0)	('>10k+', 0.0)
SRR5515488_1	(1.0, 6.568818639022888)	(2.0, 2.2169762906702246)	(3.0, 2.032228266447706)	(4.0, 1.1084881453351123)	(5.0, 1.2316534948167916)	(6.0, 0.9853227958534333)	(7.0, 1.0776968079646925)	(8.0, 0.738992096890075)	(9.0, 1.1084881453351123)	('>10', 25.54654623832495)	('>50', 9.801909062916966)	('>100', 35.102124602278565)	('>500', 12.480755414143488)	('>1k', 0.0)	('>5k', 0.0)	('>10k+', 0.0)
SRR5515488_2	(1.0, 8.24181463614903)	(2.0, 2.7917479215847276)	(3.0, 1.6935235553730883)	(4.0, 1.724314892743508)	(5.0, 0.821102329877861)	(6.0, 1.1084881453351123)	(7.0, 1.0058503541003798)	(8.0, 0.6568818639022889)	(9.0, 0.8313661090013342)	('>10', 20.63019603818126)	('>50', 12.224160936056656)	('>100', 27.948270553217696)	('>500', 5.7271887508980805)	('>1k', 14.59509391357898)	('>5k', 0.0)	('>10k+', 0.0)
SRR5515489_1	(1.0, 6.402388455796981)	(2.0, 2.2723503068502238)	(3.0, 1.3932658815724002)	(4.0, 0.8956709238679715)	(5.0, 1.0366561618842263)	(6.0, 0.5971139492453142)	(7.0, 0.6966329407862001)	(8.0, 0.9288439210482666)	(9.0, 0.6717531929009787)	('>10', 20.583844750373196)	('>50', 10.623652346989552)	('>100', 35.35412174489965)	('>500', 18.54370542378504)	('>1k', 0.0)	('>5k', 0.0)	('>10k+', 0.0)
SRR5515489_2	(1.0, 7.737601592303865)	(2.0, 2.6040802786531763)	(3.0, 1.8908608392768287)	(4.0, 1.2605738928512191)	(5.0, 0.829324929507381)	(6.0, 1.3932658815724002)	(7.0, 0.4644219605241333)	(8.0, 0.7961519323270858)	(9.0, 0.8210316802123072)	('>10', 14.911262232542711)	('>50', 11.444684027201859)	('>100', 37.86697628130702)	('>500', 17.97976447172002)	('>1k', 0.0)	('>5k', 0.0)	('>10k+', 0.0)
SRR5515490_1	(1.0, 6.911238021488724)	(2.0, 2.4779788984609428)	(3.0, 1.655212467331333)	(4.0, 1.1228341883651147)	(5.0, 0.7743684057690446)	(6.0, 0.6388539347594618)	(7.0, 0.8130868260574969)	(8.0, 0.6194947246152357)	(9.0, 0.08711644564901752)	('>10', 19.610879876101055)	('>50', 15.903591133481754)	('>100', 40.944729455038235)	('>500', 8.440615622882586)	('>1k', 0.0)	('>5k', 0.0)	('>10k+', 0.0)
SRR5515490_2	(1.0, 9.17626560836318)	(2.0, 2.6909302100474304)	(3.0, 1.8584841738457072)	(4.0, 1.316426289807376)	(5.0, 0.8711644564901752)	(6.0, 0.5807763043267834)	(7.0, 1.016358532571871)	(8.0, 0.3871842028845223)	(9.0, 0.8711644564901752)	('>10', 17.63624044138999)	('>50', 15.777756267544286)	('>100', 34.130287484270646)	('>500', 13.686961571967865)	('>1k', 0.0)	('>5k', 0.0)	('>10k+', 0.0)
SRR5515491_1	(1.0, 6.775277993276442)	(2.0, 2.6377036462373935)	(3.0, 1.9394879751745537)	(4.0, 0.9309542280837859)	(5.0, 0.517196793379881)	(6.0, 0.5430566330488751)	(7.0, 1.0861132660977502)	(8.0, 0.6206361520558572)	(9.0, 0.23273855702094648)	('>10', 15.490043961727437)	('>50', 10.421515386604604)	('>100', 28.200155159038015)	('>500', 7.046806309800879)	('>1k', 23.558313938453583)	('>5k', 0.0)	('>10k+', 0.0)
SRR5515491_2	(1.0, 7.706232221360228)	(2.0, 2.1980863718644947)	(3.0, 1.2024825446082235)	(4.0, 1.8101887768295837)	(5.0, 0.3878975950349108)	(6.0, 0.6982156710628394)	(7.0, 1.4481510214636668)	(8.0, 0.7240755107318334)	(9.0, 0.46547711404189296)	('>10', 15.528833721230928)	('>50', 11.261960175846909)	('>100', 21.450737005430568)	('>500', 6.86578743211792)	('>1k', 28.251874838376)	('>5k', 0.0)	('>10k+', 0.0)
SRR5515492_1	(1.0, 6.180973895582329)	(2.0, 2.0582329317269075)	(3.0, 1.5436746987951806)	(4.0, 1.3052208835341366)	(5.0, 1.443273092369478)	(6.0, 1.167168674698795)	(7.0, 0.7906626506024096)	(8.0, 1.2048192771084338)	(9.0, 0.8471385542168675)	('>10', 22.050702811244978)	('>50', 17.59538152610442)	('>100', 22.094628514056225)	('>500', 11.539909638554217)	('>1k', 10.178212851405624)	('>5k', 0.0)	('>10k+', 0.0)
SRR5515492_2	(1.0, 8.803965863453815)	(2.0, 2.522590361445783)	(3.0, 1.901355421686747)	(4.0, 1.4558232931726909)	(5.0, 1.443273092369478)	(6.0, 1.4683734939759037)	(7.0, 1.2299196787148594)	(8.0, 0.9036144578313252)	(9.0, 1.016566265060241)	('>10', 19.214357429718877)	('>50', 8.904367469879517)	('>100', 30.308734939759034)	('>500', 0.0)	('>1k', 20.827058232931726)	('>5k', 0.0)	('>10k+', 0.0)
SRR5515493_1	(1.0, 6.076037266361901)	(2.0, 1.6665702216306928)	(3.0, 1.1110468144204617)	(4.0, 1.0416063885191829)	(5.0, 1.157340431687981)	(6.0, 0.972165962617904)	(7.0, 1.1747005381633007)	(8.0, 1.342514900758058)	(9.0, 0.6249638331115097)	('>10', 20.965221920027776)	('>50', 14.119553266593368)	('>100', 37.86817892483074)	('>500', 11.880099531277125)	('>1k', 0.0)	('>5k', 0.0)	('>10k+', 0.0)
SRR5515493_2	(1.0, 9.623285689485563)	(2.0, 2.5345755453966787)	(3.0, 1.4235287309762166)	(4.0, 0.7869914935478272)	(5.0, 0.7812047913893871)	(6.0, 0.8332851108153464)	(7.0, 1.0531797928360627)	(8.0, 0.972165962617904)	(9.0, 0.677044152537469)	('>10', 20.7221804293733)	('>50', 9.860540477981598)	('>100', 27.862970892888146)	('>500', 14.310514437821887)	('>1k', 8.55853249233262)	('>5k', 0.0)	('>10k+', 0.0)
SRR5515494_1	(1.0, 4.667189601075751)	(2.0, 1.411922904527118)	(3.0, 0.7900044822949349)	(4.0, 0.44822949350067237)	(5.0, 0.8404303003137606)	(6.0, 0.7395786642761094)	(7.0, 0.3529807261317795)	(8.0, 0.5378753922008068)	(9.0, 0.8068130883012102)	('>10', 14.130434782608695)	('>50', 7.7095472882115645)	('>100', 30.88301210219632)	('>500', 19.83415508740475)	('>1k', 16.847826086956523)	('>5k', 0.0)	('>10k+', 0.0)
SRR5515494_2	(1.0, 7.771178843567907)	(2.0, 1.8377409233527566)	(3.0, 1.3614970865082923)	(4.0, 0.8292245629762438)	(5.0, 0.47624383684446436)	(6.0, 0.5714926042133572)	(7.0, 0.6667413715822501)	(8.0, 0.49305244285073957)	(9.0, 0.45383236216943074)	('>10', 14.130434782608695)	('>50', 7.126848946660689)	('>100', 27.20192738682205)	('>500', 11.228148812191842)	('>1k', 25.851636037651275)	('>5k', 0.0)	('>10k+', 0.0)
SRR5515495_1	(1.0, 4.41526841384904)	(2.0, 1.5207583514979468)	(3.0, 1.0949460130785218)	(4.0, 0.5880265625792062)	(5.0, 0.5322654230242815)	(6.0, 0.3953971713894662)	(7.0, 0.4967810614893294)	(8.0, 0.40553556039945254)	(9.0, 0.31935925381456887)	('>10', 9.29690272215745)	('>50', 7.380747199270036)	('>100', 37.40051705783951)	('>500', 22.83672124499417)	('>1k', 13.316773964617024)	('>5k', 0.0)	('>10k+', 0.0)
SRR5515495_2	(1.0, 6.726821108125919)	(2.0, 1.743802909717646)	(3.0, 0.8516246768388503)	(4.0, 0.8516246768388503)	(5.0, 0.5829573680742131)	(6.0, 0.5474730065392609)	(7.0, 0.4258123384194252)	(8.0, 0.5271962285192883)	(9.0, 0.3649820043595073)	('>10', 8.151264764028996)	('>50', 5.358138591777767)	('>100', 22.03071931870026)	('>500', 25.244588634865924)	('>1k', 0.0)	('>5k', 26.592994373194102)	('>10k+', 0.0)
SRR5515496_1	(1.0, 5.246709537832802)	(2.0, 1.7549131558386923)	(3.0, 1.3342147965622935)	(4.0, 0.9856361560189915)	(5.0, 0.8714466013582547)	(6.0, 0.7211971873309694)	(7.0, 0.8834665544804375)	(8.0, 0.5288779373760443)	(9.0, 0.9736162028968086)	('>10', 21.167137448163952)	('>50', 14.3458140513252)	('>100', 36.198088827453574)	('>500', 7.812969529418836)	('>1k', 7.1759120139431465)	('>5k', 0.0)	('>10k+', 0.0)
SRR5515496_2	(1.0, 8.918805216659655)	(2.0, 2.079451890137628)	(3.0, 1.4964841637117616)	(4.0, 0.9856361560189915)	(5.0, 1.1418955466073684)	(6.0, 0.613017609231324)	(7.0, 0.9676062263357174)	(8.0, 0.8173568123084319)	(9.0, 0.9736162028968086)	('>10', 18.210228980106976)	('>50', 8.888755333854197)	('>100', 31.011479055231682)	('>500', 12.807260051685798)	('>1k', 11.088406755213654)	('>5k', 0.0)	('>10k+', 0.0)
