Sample	0	1	2	3	4	5	6	7	8	9	10	11	12	13	14	15	16	17	18	19	20	21	22	23	24	25	26	27	28	29	30	31	32	33	34	35	36	37	38	39	40	41	42	43	44	45	46	47	48	49
SRR1174540	(20, 104.0)	(40, 375.0)	(60, 213.0)	(80, 135.0)	(100, 185.0)	(120, 149.0)	(140, 128.0)	(160, 91.0)	(180, 94.0)	(200, 89.0)	(220, 126.0)	(240, 140.0)	(260, 75.0)	(280, 91.0)	(300, 211.0)	(320, 203.0)	(340, 166.0)	(360, 172.0)	(380, 119.0)	(400, 123.0)	(420, 254.0)	(440, 407.0)	(460, 1388.0)	(480, 2336.0)	(500, 5952.0)	(520, 4081.0)	(540, 8.0)	(560, 4.0)	(580, 4.0)	(600, 0.0)	(620, 2.0)																			
SRR1174541	(20, 121.0)	(40, 583.0)	(60, 623.0)	(80, 279.0)	(100, 360.0)	(120, 250.0)	(140, 195.0)	(160, 169.0)	(180, 115.0)	(200, 116.0)	(220, 159.0)	(240, 260.0)	(260, 118.0)	(280, 122.0)	(300, 271.0)	(320, 317.0)	(340, 202.0)	(360, 220.0)	(380, 215.0)	(400, 190.0)	(420, 362.0)	(440, 552.0)	(460, 931.0)	(480, 3124.0)	(500, 4698.0)	(520, 7304.0)	(540, 24.0)	(560, 23.0)	(580, 10.0)	(600, 3.0)																				
SRR1174544	(20, 144.0)	(40, 579.0)	(60, 287.0)	(80, 183.0)	(100, 359.0)	(120, 209.0)	(140, 224.0)	(160, 123.0)	(180, 98.0)	(200, 96.0)	(220, 149.0)	(240, 194.0)	(260, 128.0)	(280, 120.0)	(300, 361.0)	(320, 339.0)	(340, 250.0)	(360, 189.0)	(380, 201.0)	(400, 154.0)	(420, 315.0)	(440, 537.0)	(460, 1706.0)	(480, 1910.0)	(500, 5951.0)	(520, 6816.0)	(540, 11.0)	(560, 11.0)	(580, 5.0)	(600, 3.0)	(620, 1.0)	(640, 2.0)	(660, 1.0)																	
SRR1174547	(20, 55.0)	(40, 177.0)	(60, 200.0)	(80, 76.0)	(100, 129.0)	(120, 83.0)	(140, 61.0)	(160, 52.0)	(180, 34.0)	(200, 44.0)	(220, 53.0)	(240, 105.0)	(260, 46.0)	(280, 54.0)	(300, 113.0)	(320, 129.0)	(340, 74.0)	(360, 81.0)	(380, 86.0)	(400, 55.0)	(420, 164.0)	(440, 220.0)	(460, 283.0)	(480, 528.0)	(500, 2326.0)	(520, 2832.0)	(540, 9.0)	(560, 2.0)	(580, 1.0)	(600, 3.0)	(620, 1.0)	(640, 0.0)	(660, 0.0)	(680, 2.0)																
SRR1174550	(50, 1.0)	(60, 0.0)	(70, 0.0)	(80, 0.0)	(90, 0.0)	(100, 0.0)	(110, 0.0)	(120, 0.0)	(130, 0.0)	(140, 0.0)	(150, 0.0)	(160, 0.0)	(170, 0.0)	(180, 0.0)	(190, 0.0)	(200, 0.0)	(210, 0.0)	(220, 0.0)	(230, 1.0)	(240, 0.0)	(250, 0.0)	(260, 0.0)	(270, 0.0)	(280, 0.0)	(290, 0.0)	(300, 0.0)	(310, 0.0)	(320, 0.0)	(330, 0.0)	(340, 0.0)	(350, 0.0)	(360, 0.0)	(370, 0.0)	(380, 0.0)	(390, 0.0)	(400, 0.0)	(410, 0.0)	(420, 0.0)	(430, 1.0)	(440, 0.0)	(450, 0.0)	(460, 0.0)	(470, 0.0)	(480, 1.0)	(490, 0.0)	(500, 0.0)	(510, 3.0)			
SRR1174551	(20, 241.0)	(40, 535.0)	(60, 216.0)	(80, 162.0)	(100, 176.0)	(120, 181.0)	(140, 138.0)	(160, 125.0)	(180, 127.0)	(200, 147.0)	(220, 172.0)	(240, 225.0)	(260, 127.0)	(280, 146.0)	(300, 264.0)	(320, 169.0)	(340, 169.0)	(360, 153.0)	(380, 162.0)	(400, 178.0)	(420, 302.0)	(440, 361.0)	(460, 966.0)	(480, 3944.0)	(500, 8407.0)	(520, 2179.0)	(540, 24.0)	(560, 4.0)	(580, 6.0)	(600, 6.0)	(620, 1.0)	(640, 1.0)	(660, 1.0)	(680, 1.0)	(700, 0.0)	(720, 0.0)	(740, 0.0)	(760, 0.0)	(780, 1.0)											
SRR1174552	(20, 118.0)	(40, 239.0)	(60, 204.0)	(80, 120.0)	(100, 130.0)	(120, 177.0)	(140, 119.0)	(160, 87.0)	(180, 92.0)	(200, 92.0)	(220, 118.0)	(240, 156.0)	(260, 86.0)	(280, 99.0)	(300, 155.0)	(320, 162.0)	(340, 220.0)	(360, 193.0)	(380, 178.0)	(400, 204.0)	(420, 364.0)	(440, 394.0)	(460, 1298.0)	(480, 2916.0)	(500, 9503.0)	(520, 3393.0)	(540, 8.0)	(560, 3.0)	(580, 4.0)	(600, 2.0)	(620, 1.0)	(640, 0.0)	(660, 0.0)	(680, 0.0)	(700, 0.0)	(720, 1.0)														
SRR1174553	(20, 71.0)	(40, 330.0)	(60, 167.0)	(80, 110.0)	(100, 149.0)	(120, 123.0)	(140, 128.0)	(160, 92.0)	(180, 63.0)	(200, 76.0)	(220, 84.0)	(240, 124.0)	(260, 69.0)	(280, 76.0)	(300, 123.0)	(320, 141.0)	(340, 124.0)	(360, 124.0)	(380, 111.0)	(400, 121.0)	(420, 198.0)	(440, 232.0)	(460, 700.0)	(480, 1223.0)	(500, 4541.0)	(520, 2986.0)	(540, 12.0)	(560, 3.0)	(580, 7.0)	(600, 0.0)	(620, 1.0)	(640, 0.0)	(660, 0.0)	(680, 0.0)	(700, 0.0)	(720, 1.0)														
SRR1174554	(20, 605.0)	(40, 1466.0)	(60, 752.0)	(80, 244.0)	(100, 340.0)	(120, 300.0)	(140, 254.0)	(160, 205.0)	(180, 141.0)	(200, 179.0)	(220, 216.0)	(240, 365.0)	(260, 244.0)	(280, 163.0)	(300, 353.0)	(320, 293.0)	(340, 246.0)	(360, 230.0)	(380, 210.0)	(400, 203.0)	(420, 431.0)	(440, 457.0)	(460, 1047.0)	(480, 2493.0)	(500, 9022.0)	(520, 3668.0)	(540, 21.0)	(560, 10.0)	(580, 5.0)	(600, 0.0)	(620, 2.0)	(640, 2.0)	(660, 1.0)	(680, 0.0)	(700, 0.0)	(720, 1.0)	(740, 1.0)	(760, 1.0)												
SRR1174555	(20, 108.0)	(40, 306.0)	(60, 250.0)	(80, 148.0)	(100, 137.0)	(120, 324.0)	(140, 178.0)	(160, 132.0)	(180, 110.0)	(200, 125.0)	(220, 129.0)	(240, 232.0)	(260, 70.0)	(280, 70.0)	(300, 94.0)	(320, 122.0)	(340, 133.0)	(360, 128.0)	(380, 117.0)	(400, 118.0)	(420, 214.0)	(440, 318.0)	(460, 1245.0)	(480, 6213.0)	(500, 3507.0)	(520, 2576.0)	(540, 8.0)	(560, 4.0)	(580, 7.0)	(600, 2.0)	(620, 4.0)	(640, 0.0)	(660, 1.0)	(680, 0.0)	(700, 2.0)	(720, 0.0)	(740, 1.0)													
SRR1174557	(20, 49.0)	(40, 123.0)	(60, 95.0)	(80, 72.0)	(100, 85.0)	(120, 82.0)	(140, 83.0)	(160, 58.0)	(180, 53.0)	(200, 44.0)	(220, 58.0)	(240, 90.0)	(260, 60.0)	(280, 59.0)	(300, 97.0)	(320, 121.0)	(340, 110.0)	(360, 104.0)	(380, 78.0)	(400, 91.0)	(420, 174.0)	(440, 219.0)	(460, 831.0)	(480, 1397.0)	(500, 3596.0)	(520, 3029.0)	(540, 6.0)	(560, 1.0)	(580, 2.0)	(600, 0.0)	(620, 0.0)	(640, 0.0)	(660, 1.0)	(680, 0.0)	(700, 0.0)	(720, 0.0)	(740, 0.0)	(760, 0.0)	(780, 0.0)	(800, 0.0)	(820, 0.0)	(840, 0.0)	(860, 0.0)	(880, 0.0)	(900, 1.0)					
SRR1174558	(20, 151.0)	(40, 447.0)	(60, 229.0)	(80, 151.0)	(100, 292.0)	(120, 195.0)	(140, 188.0)	(160, 108.0)	(180, 98.0)	(200, 121.0)	(220, 139.0)	(240, 189.0)	(260, 146.0)	(280, 112.0)	(300, 265.0)	(320, 205.0)	(340, 183.0)	(360, 183.0)	(380, 212.0)	(400, 117.0)	(420, 211.0)	(440, 440.0)	(460, 1340.0)	(480, 2479.0)	(500, 5569.0)	(520, 4353.0)	(540, 29.0)	(560, 4.0)	(580, 3.0)	(600, 2.0)	(620, 2.0)	(640, 1.0)	(660, 1.0)	(680, 1.0)																
SRR1174562	(20, 169.0)	(40, 472.0)	(60, 309.0)	(80, 183.0)	(100, 154.0)	(120, 219.0)	(140, 203.0)	(160, 146.0)	(180, 140.0)	(200, 152.0)	(220, 166.0)	(240, 197.0)	(260, 143.0)	(280, 127.0)	(300, 216.0)	(320, 154.0)	(340, 164.0)	(360, 202.0)	(380, 176.0)	(400, 161.0)	(420, 308.0)	(440, 398.0)	(460, 1552.0)	(480, 3926.0)	(500, 9532.0)	(520, 4779.0)	(540, 25.0)	(560, 7.0)	(580, 3.0)	(600, 2.0)	(620, 1.0)	(640, 0.0)	(660, 0.0)	(680, 2.0)	(700, 0.0)	(720, 0.0)	(740, 1.0)	(760, 0.0)	(780, 0.0)	(800, 0.0)	(820, 1.0)									
SRR1174563	(20, 170.0)	(40, 515.0)	(60, 284.0)	(80, 122.0)	(100, 152.0)	(120, 158.0)	(140, 117.0)	(160, 100.0)	(180, 117.0)	(200, 130.0)	(220, 171.0)	(240, 178.0)	(260, 146.0)	(280, 132.0)	(300, 232.0)	(320, 139.0)	(340, 188.0)	(360, 157.0)	(380, 169.0)	(400, 173.0)	(420, 273.0)	(440, 361.0)	(460, 1119.0)	(480, 2873.0)	(500, 6991.0)	(520, 3203.0)	(540, 10.0)	(560, 8.0)	(580, 6.0)	(600, 6.0)	(620, 1.0)	(640, 0.0)	(660, 2.0)	(680, 0.0)	(700, 1.0)	(720, 1.0)	(740, 0.0)	(760, 0.0)	(780, 0.0)	(800, 0.0)	(820, 0.0)	(840, 1.0)								
SRR1174565	(20, 246.0)	(40, 994.0)	(60, 426.0)	(80, 203.0)	(100, 213.0)	(120, 308.0)	(140, 232.0)	(160, 219.0)	(180, 134.0)	(200, 167.0)	(220, 192.0)	(240, 389.0)	(260, 156.0)	(280, 137.0)	(300, 239.0)	(320, 264.0)	(340, 229.0)	(360, 259.0)	(380, 223.0)	(400, 224.0)	(420, 420.0)	(440, 664.0)	(460, 1213.0)	(480, 5135.0)	(500, 6135.0)	(520, 5565.0)	(540, 19.0)	(560, 9.0)	(580, 6.0)	(600, 1.0)	(620, 3.0)	(640, 1.0)	(660, 1.0)	(680, 1.0)																
SRR1174566	(20, 173.0)	(40, 842.0)	(60, 689.0)	(80, 265.0)	(100, 432.0)	(120, 306.0)	(140, 257.0)	(160, 208.0)	(180, 159.0)	(200, 143.0)	(220, 187.0)	(240, 280.0)	(260, 163.0)	(280, 178.0)	(300, 471.0)	(320, 468.0)	(340, 277.0)	(360, 294.0)	(380, 304.0)	(400, 223.0)	(420, 582.0)	(440, 808.0)	(460, 2456.0)	(480, 3009.0)	(500, 8927.0)	(520, 9123.0)	(540, 27.0)	(560, 35.0)	(580, 29.0)	(600, 8.0)	(620, 1.0)	(640, 6.0)	(660, 4.0)	(680, 2.0)	(700, 0.0)	(720, 0.0)	(740, 1.0)													
SRR1174567	(20, 376.0)	(40, 1272.0)	(60, 432.0)	(80, 197.0)	(100, 289.0)	(120, 263.0)	(140, 248.0)	(160, 166.0)	(180, 145.0)	(200, 216.0)	(220, 226.0)	(240, 382.0)	(260, 172.0)	(280, 170.0)	(300, 285.0)	(320, 224.0)	(340, 232.0)	(360, 273.0)	(380, 221.0)	(400, 197.0)	(420, 365.0)	(440, 533.0)	(460, 1502.0)	(480, 4147.0)	(500, 5814.0)	(520, 5048.0)	(540, 23.0)	(560, 9.0)	(580, 4.0)	(600, 1.0)	(620, 2.0)	(640, 0.0)	(660, 1.0)	(680, 1.0)	(700, 2.0)															
SRR1174570	(20, 309.0)	(40, 576.0)	(60, 401.0)	(80, 301.0)	(100, 217.0)	(120, 393.0)	(140, 274.0)	(160, 239.0)	(180, 183.0)	(200, 238.0)	(220, 239.0)	(240, 268.0)	(260, 167.0)	(280, 151.0)	(300, 242.0)	(320, 221.0)	(340, 257.0)	(360, 250.0)	(380, 187.0)	(400, 237.0)	(420, 482.0)	(440, 605.0)	(460, 2829.0)	(480, 6575.0)	(500, 10986.0)	(520, 3501.0)	(540, 23.0)	(560, 5.0)	(580, 3.0)	(600, 3.0)	(620, 2.0)	(640, 1.0)	(660, 1.0)	(680, 1.0)	(700, 2.0)	(720, 2.0)	(740, 1.0)	(760, 0.0)	(780, 0.0)	(800, 1.0)	(820, 0.0)	(840, 0.0)	(860, 0.0)	(880, 0.0)	(900, 0.0)	(920, 0.0)	(940, 1.0)			
SRR1174571	(20, 239.0)	(40, 940.0)	(60, 604.0)	(80, 281.0)	(100, 496.0)	(120, 361.0)	(140, 306.0)	(160, 228.0)	(180, 171.0)	(200, 202.0)	(220, 239.0)	(240, 397.0)	(260, 171.0)	(280, 191.0)	(300, 441.0)	(320, 407.0)	(340, 332.0)	(360, 353.0)	(380, 314.0)	(400, 287.0)	(420, 564.0)	(440, 678.0)	(460, 1149.0)	(480, 2160.0)	(500, 10952.0)	(520, 7416.0)	(540, 32.0)	(560, 16.0)	(580, 16.0)	(600, 8.0)	(620, 6.0)	(640, 3.0)	(660, 3.0)	(680, 3.0)	(700, 1.0)	(720, 0.0)	(740, 1.0)	(760, 0.0)	(780, 0.0)	(800, 0.0)	(820, 1.0)									
SRR1174574	(20, 122.0)	(40, 326.0)	(60, 196.0)	(80, 75.0)	(100, 95.0)	(120, 100.0)	(140, 104.0)	(160, 67.0)	(180, 78.0)	(200, 85.0)	(220, 87.0)	(240, 136.0)	(260, 45.0)	(280, 64.0)	(300, 97.0)	(320, 91.0)	(340, 141.0)	(360, 154.0)	(380, 104.0)	(400, 117.0)	(420, 212.0)	(440, 345.0)	(460, 808.0)	(480, 2731.0)	(500, 3393.0)	(520, 2859.0)	(540, 3.0)	(560, 4.0)	(580, 1.0)	(600, 0.0)	(620, 0.0)	(640, 1.0)																		
SRR1174575	(20, 237.0)	(40, 586.0)	(60, 278.0)	(80, 140.0)	(100, 128.0)	(120, 175.0)	(140, 125.0)	(160, 116.0)	(180, 125.0)	(200, 179.0)	(220, 171.0)	(240, 217.0)	(260, 153.0)	(280, 170.0)	(300, 235.0)	(320, 189.0)	(340, 196.0)	(360, 273.0)	(380, 188.0)	(400, 268.0)	(420, 369.0)	(440, 454.0)	(460, 1485.0)	(480, 4094.0)	(500, 6900.0)	(520, 2137.0)	(540, 23.0)	(560, 4.0)	(580, 2.0)	(600, 1.0)	(620, 2.0)	(640, 3.0)	(660, 1.0)	(680, 0.0)	(700, 0.0)	(720, 0.0)	(740, 1.0)													
SRR1174576	(20, 89.0)	(40, 159.0)	(60, 122.0)	(80, 63.0)	(100, 58.0)	(120, 125.0)	(140, 119.0)	(160, 120.0)	(180, 104.0)	(200, 107.0)	(220, 99.0)	(240, 119.0)	(260, 73.0)	(280, 84.0)	(300, 134.0)	(320, 155.0)	(340, 193.0)	(360, 191.0)	(380, 146.0)	(400, 236.0)	(420, 401.0)	(440, 530.0)	(460, 1922.0)	(480, 3597.0)	(500, 7779.0)	(520, 1918.0)	(540, 2.0)	(560, 0.0)	(580, 2.0)	(600, 0.0)	(620, 0.0)	(640, 0.0)	(660, 0.0)	(680, 0.0)	(700, 0.0)	(720, 0.0)	(740, 0.0)	(760, 0.0)	(780, 1.0)											
SRR1174577	(20, 484.0)	(40, 2013.0)	(60, 1053.0)	(80, 580.0)	(100, 687.0)	(120, 605.0)	(140, 488.0)	(160, 333.0)	(180, 267.0)	(200, 362.0)	(220, 418.0)	(240, 525.0)	(260, 327.0)	(280, 297.0)	(300, 540.0)	(320, 486.0)	(340, 324.0)	(360, 467.0)	(380, 361.0)	(400, 308.0)	(420, 697.0)	(440, 814.0)	(460, 2007.0)	(480, 5310.0)	(500, 9875.0)	(520, 10425.0)	(540, 60.0)	(560, 33.0)	(580, 18.0)	(600, 12.0)	(620, 2.0)	(640, 2.0)	(660, 2.0)	(680, 0.0)	(700, 1.0)	(720, 4.0)	(740, 1.0)													
SRR1174581	(20, 145.0)	(40, 275.0)	(60, 226.0)	(80, 161.0)	(100, 133.0)	(120, 271.0)	(140, 227.0)	(160, 193.0)	(180, 153.0)	(200, 162.0)	(220, 180.0)	(240, 283.0)	(260, 117.0)	(280, 124.0)	(300, 138.0)	(320, 192.0)	(340, 238.0)	(360, 278.0)	(380, 191.0)	(400, 246.0)	(420, 444.0)	(440, 501.0)	(460, 2445.0)	(480, 9434.0)	(500, 9687.0)	(520, 3282.0)	(540, 11.0)	(560, 7.0)	(580, 1.0)	(600, 3.0)	(620, 4.0)	(640, 4.0)	(660, 2.0)	(680, 2.0)	(700, 1.0)	(720, 1.0)	(740, 0.0)	(760, 2.0)												
SRR1174582	(20, 255.0)	(40, 369.0)	(60, 310.0)	(80, 176.0)	(100, 174.0)	(120, 332.0)	(140, 200.0)	(160, 230.0)	(180, 170.0)	(200, 220.0)	(220, 206.0)	(240, 196.0)	(260, 132.0)	(280, 158.0)	(300, 167.0)	(320, 181.0)	(340, 222.0)	(360, 240.0)	(380, 194.0)	(400, 272.0)	(420, 483.0)	(440, 528.0)	(460, 3281.0)	(480, 5967.0)	(500, 10649.0)	(520, 2659.0)	(540, 15.0)	(560, 6.0)	(580, 5.0)	(600, 4.0)	(620, 2.0)	(640, 1.0)	(660, 1.0)	(680, 2.0)																
SRR1174584	(20, 174.0)	(40, 510.0)	(60, 391.0)	(80, 190.0)	(100, 213.0)	(120, 365.0)	(140, 282.0)	(160, 169.0)	(180, 148.0)	(200, 178.0)	(220, 197.0)	(240, 196.0)	(260, 121.0)	(280, 108.0)	(300, 194.0)	(320, 200.0)	(340, 199.0)	(360, 227.0)	(380, 208.0)	(400, 216.0)	(420, 377.0)	(440, 481.0)	(460, 1591.0)	(480, 5080.0)	(500, 7231.0)	(520, 5177.0)	(540, 19.0)	(560, 15.0)	(580, 8.0)	(600, 2.0)	(620, 1.0)	(640, 0.0)	(660, 3.0)	(680, 2.0)	(700, 0.0)	(720, 1.0)														
SRR1174585	(20, 333.0)	(40, 676.0)	(60, 302.0)	(80, 157.0)	(100, 155.0)	(120, 208.0)	(140, 164.0)	(160, 143.0)	(180, 133.0)	(200, 170.0)	(220, 149.0)	(240, 238.0)	(260, 126.0)	(280, 160.0)	(300, 203.0)	(320, 178.0)	(340, 163.0)	(360, 184.0)	(380, 157.0)	(400, 225.0)	(420, 343.0)	(440, 365.0)	(460, 922.0)	(480, 2629.0)	(500, 5068.0)	(520, 1818.0)	(540, 14.0)	(560, 4.0)	(580, 5.0)	(600, 0.0)	(620, 0.0)	(640, 2.0)	(660, 0.0)	(680, 0.0)	(700, 0.0)	(720, 0.0)	(740, 1.0)													
SRR1174587	(20, 181.0)	(40, 409.0)	(60, 213.0)	(80, 118.0)	(100, 112.0)	(120, 131.0)	(140, 128.0)	(160, 121.0)	(180, 104.0)	(200, 169.0)	(220, 133.0)	(240, 147.0)	(260, 94.0)	(280, 112.0)	(300, 160.0)	(320, 160.0)	(340, 158.0)	(360, 168.0)	(380, 165.0)	(400, 190.0)	(420, 287.0)	(440, 409.0)	(460, 1106.0)	(480, 2707.0)	(500, 6020.0)	(520, 1874.0)	(540, 13.0)	(560, 5.0)	(580, 2.0)	(600, 0.0)	(620, 0.0)	(640, 1.0)	(660, 2.0)	(680, 0.0)	(700, 0.0)	(720, 0.0)	(740, 1.0)													
SRR1174588	(20, 125.0)	(40, 218.0)	(60, 160.0)	(80, 105.0)	(100, 97.0)	(120, 144.0)	(140, 105.0)	(160, 93.0)	(180, 87.0)	(200, 98.0)	(220, 108.0)	(240, 156.0)	(260, 77.0)	(280, 85.0)	(300, 105.0)	(320, 128.0)	(340, 167.0)	(360, 159.0)	(380, 112.0)	(400, 144.0)	(420, 255.0)	(440, 414.0)	(460, 1840.0)	(480, 4995.0)	(500, 4676.0)	(520, 2125.0)	(540, 6.0)	(560, 0.0)	(580, 0.0)	(600, 1.0)	(620, 0.0)	(640, 0.0)	(660, 0.0)	(680, 0.0)	(700, 0.0)	(720, 1.0)														
SRR1174589	(20, 186.0)	(40, 484.0)	(60, 386.0)	(80, 308.0)	(100, 220.0)	(120, 404.0)	(140, 284.0)	(160, 289.0)	(180, 204.0)	(200, 286.0)	(220, 292.0)	(240, 730.0)	(260, 173.0)	(280, 198.0)	(300, 230.0)	(320, 256.0)	(340, 278.0)	(360, 283.0)	(380, 269.0)	(400, 321.0)	(420, 462.0)	(440, 811.0)	(460, 3528.0)	(480, 21612.0)	(500, 7841.0)	(520, 3596.0)	(540, 18.0)	(560, 10.0)	(580, 2.0)	(600, 7.0)	(620, 9.0)	(640, 5.0)	(660, 2.0)	(680, 1.0)	(700, 1.0)	(720, 6.0)	(740, 2.0)	(760, 1.0)												
SRR5368774	(99, 59834267.0)																																																	
SRR5368775	(0, 161.0)	(50, 1796.0)	(100, 1324.0)	(150, 1097.0)	(200, 1061.0)	(250, 1085.0)	(300, 1221.0)	(350, 1370.0)	(400, 1660.0)	(450, 2185.0)	(500, 2931.0)	(550, 3963.0)	(600, 5448.0)	(650, 6907.0)	(700, 8685.0)	(750, 11149.0)	(800, 12891.0)	(850, 14724.0)	(900, 16168.0)	(950, 11608.0)	(1000, 3683.0)	(1050, 519.0)	(1100, 23.0)	(1150, 2.0)																										
SRR5368776	(20, 355.0)	(40, 724.0)	(60, 662.0)	(80, 515.0)	(100, 498.0)	(120, 492.0)	(140, 547.0)	(160, 537.0)	(180, 566.0)	(200, 618.0)	(220, 659.0)	(240, 649.0)	(260, 741.0)	(280, 851.0)	(300, 1006.0)	(320, 1316.0)	(340, 1573.0)	(360, 2122.0)	(380, 2742.0)	(400, 3685.0)	(420, 5185.0)	(440, 8651.0)	(460, 14204.0)	(480, 16505.0)	(500, 10992.0)	(520, 4791.0)	(540, 1617.0)	(560, 370.0)	(580, 69.0)	(600, 16.0)	(620, 8.0)	(640, 1.0)	(660, 0.0)	(680, 0.0)	(700, 0.0)	(720, 1.0)	(740, 0.0)	(760, 0.0)	(780, 0.0)	(800, 0.0)	(820, 0.0)	(840, 0.0)	(860, 1.0)							
SRR5368777	(20, 50.0)	(40, 124.0)	(60, 96.0)	(80, 77.0)	(100, 68.0)	(120, 63.0)	(140, 68.0)	(160, 55.0)	(180, 56.0)	(200, 56.0)	(220, 68.0)	(240, 73.0)	(260, 78.0)	(280, 68.0)	(300, 97.0)	(320, 118.0)	(340, 156.0)	(360, 195.0)	(380, 321.0)	(400, 404.0)	(420, 578.0)	(440, 890.0)	(460, 1321.0)	(480, 1522.0)	(500, 1000.0)	(520, 465.0)	(540, 127.0)	(560, 28.0)	(580, 6.0)	(600, 0.0)	(620, 0.0)	(640, 2.0)	(660, 0.0)	(680, 0.0)	(700, 0.0)	(720, 1.0)														
SRR5368778	(99, 56273346.0)																																																	
SRR5368779	(0, 467.0)	(50, 1921.0)	(100, 1294.0)	(150, 1186.0)	(200, 1119.0)	(250, 1149.0)	(300, 1261.0)	(350, 1462.0)	(400, 1714.0)	(450, 2146.0)	(500, 2824.0)	(550, 3710.0)	(600, 5221.0)	(650, 7231.0)	(700, 9880.0)	(750, 13399.0)	(800, 15922.0)	(850, 17244.0)	(900, 17658.0)	(950, 12910.0)	(1000, 4100.0)	(1050, 502.0)	(1100, 30.0)	(1150, 2.0)																										
SRR5368780	(99, 76071698.0)																																																	
SRR5368781	(0, 371.0)	(50, 1974.0)	(100, 1353.0)	(150, 1192.0)	(200, 1063.0)	(250, 1064.0)	(300, 1207.0)	(350, 1364.0)	(400, 1484.0)	(450, 1824.0)	(500, 2386.0)	(550, 3269.0)	(600, 4444.0)	(650, 6452.0)	(700, 9422.0)	(750, 14011.0)	(800, 17080.0)	(850, 18035.0)	(900, 17589.0)	(950, 12010.0)	(1000, 3779.0)	(1050, 501.0)	(1100, 30.0)	(1150, 2.0)																										
SRR5368861	(99, 94813936.0)																																																	
SRR5368862	(0, 465.0)	(50, 2785.0)	(100, 1953.0)	(150, 1698.0)	(200, 1449.0)	(250, 1483.0)	(300, 1636.0)	(350, 1798.0)	(400, 2088.0)	(450, 2518.0)	(500, 3299.0)	(550, 4451.0)	(600, 6038.0)	(650, 9084.0)	(700, 13428.0)	(750, 19127.0)	(800, 23284.0)	(850, 25043.0)	(900, 24090.0)	(950, 17014.0)	(1000, 5931.0)	(1050, 769.0)	(1100, 41.0)	(1150, 3.0)	(1200, 0.0)	(1250, 0.0)	(1300, 0.0)	(1350, 0.0)	(1400, 0.0)	(1450, 1.0)																				
SRR5368863	(20, 376.0)	(40, 893.0)	(60, 785.0)	(80, 649.0)	(100, 588.0)	(120, 465.0)	(140, 505.0)	(160, 562.0)	(180, 503.0)	(200, 555.0)	(220, 575.0)	(240, 607.0)	(260, 716.0)	(280, 817.0)	(300, 907.0)	(320, 1078.0)	(340, 1349.0)	(360, 1730.0)	(380, 2148.0)	(400, 2934.0)	(420, 3945.0)	(440, 6349.0)	(460, 10118.0)	(480, 12822.0)	(500, 15147.0)	(520, 15842.0)	(540, 7633.0)	(560, 2328.0)	(580, 1101.0)	(600, 474.0)	(620, 101.0)	(640, 10.0)	(660, 3.0)	(680, 2.0)	(700, 3.0)	(720, 1.0)	(740, 1.0)													
SRR5368865	(0, 570.0)	(50, 2632.0)	(100, 1693.0)	(150, 1549.0)	(200, 1430.0)	(250, 1527.0)	(300, 1837.0)	(350, 1921.0)	(400, 2254.0)	(450, 2905.0)	(500, 3987.0)	(550, 5397.0)	(600, 7330.0)	(650, 9553.0)	(700, 11867.0)	(750, 14855.0)	(800, 16891.0)	(850, 18845.0)	(900, 19138.0)	(950, 12394.0)	(1000, 3445.0)	(1050, 408.0)	(1100, 14.0)																											
SRR5368866	(20, 604.0)	(40, 1369.0)	(60, 1229.0)	(80, 1051.0)	(100, 1021.0)	(120, 966.0)	(140, 945.0)	(160, 969.0)	(180, 978.0)	(200, 1037.0)	(220, 1161.0)	(240, 1213.0)	(260, 1358.0)	(280, 1519.0)	(300, 1709.0)	(320, 2150.0)	(340, 2717.0)	(360, 3628.0)	(380, 4711.0)	(400, 6123.0)	(420, 7969.0)	(440, 11975.0)	(460, 18459.0)	(480, 23583.0)	(500, 20119.0)	(520, 10549.0)	(540, 4162.0)	(560, 1277.0)	(580, 350.0)	(600, 73.0)	(620, 22.0)	(640, 5.0)	(660, 1.0)	(680, 1.0)	(700, 0.0)	(720, 0.0)	(740, 2.0)	(760, 2.0)	(780, 0.0)	(800, 1.0)	(820, 0.0)	(840, 0.0)	(860, 1.0)	(880, 1.0)						
SRR5368867	(99, 53354708.0)																																																	
SRR5368868	(0, 613.0)	(50, 2353.0)	(100, 1725.0)	(150, 1343.0)	(200, 1316.0)	(250, 1318.0)	(300, 1578.0)	(350, 1704.0)	(400, 2173.0)	(450, 2833.0)	(500, 3899.0)	(550, 5440.0)	(600, 7017.0)	(650, 8902.0)	(700, 10740.0)	(750, 13005.0)	(800, 14370.0)	(850, 15476.0)	(900, 14758.0)	(950, 9555.0)	(1000, 3091.0)	(1050, 362.0)	(1100, 21.0)	(1150, 2.0)																										
SRR5368869	(0, 929.0)	(50, 2345.0)	(100, 1736.0)	(150, 1764.0)	(200, 1967.0)	(250, 2392.0)	(300, 3477.0)	(350, 6681.0)	(400, 16467.0)	(450, 49066.0)	(500, 23526.0)	(550, 2142.0)	(600, 92.0)	(650, 5.0)	(700, 0.0)	(750, 0.0)	(800, 1.0)	(850, 1.0)	(900, 0.0)	(950, 0.0)	(1000, 0.0)	(1050, 0.0)	(1100, 0.0)	(1150, 1.0)																										
SRR5368870	(20, 219.0)	(40, 480.0)	(60, 395.0)	(80, 369.0)	(100, 345.0)	(120, 285.0)	(140, 296.0)	(160, 329.0)	(180, 282.0)	(200, 319.0)	(220, 336.0)	(240, 381.0)	(260, 387.0)	(280, 449.0)	(300, 542.0)	(320, 694.0)	(340, 871.0)	(360, 1168.0)	(380, 1444.0)	(400, 2002.0)	(420, 2843.0)	(440, 4909.0)	(460, 8059.0)	(480, 10133.0)	(500, 8625.0)	(520, 5041.0)	(540, 1651.0)	(560, 436.0)	(580, 109.0)	(600, 19.0)	(620, 3.0)	(640, 1.0)	(660, 0.0)	(680, 0.0)	(700, 0.0)	(720, 0.0)	(740, 0.0)	(760, 1.0)	(780, 0.0)	(800, 0.0)	(820, 0.0)	(840, 0.0)	(860, 0.0)	(880, 0.0)	(900, 0.0)	(920, 0.0)	(940, 0.0)	(960, 0.0)	(980, 0.0)	(1000, 1.0)
SRR5368872	(0, 856.0)	(50, 2489.0)	(100, 1672.0)	(150, 1455.0)	(200, 1302.0)	(250, 1382.0)	(300, 1519.0)	(350, 1805.0)	(400, 2091.0)	(450, 2482.0)	(500, 3268.0)	(550, 4398.0)	(600, 6178.0)	(650, 8764.0)	(700, 12011.0)	(750, 16616.0)	(800, 19291.0)	(850, 19866.0)	(900, 18983.0)	(950, 12010.0)	(1000, 3298.0)	(1050, 335.0)	(1100, 15.0)	(1150, 1.0)																										
SRR5368873	(100, 31766771.0)																																																	
SRR5368874	(0, 1024.0)	(50, 3693.0)	(100, 2447.0)	(150, 2116.0)	(200, 1875.0)	(250, 1857.0)	(300, 2213.0)	(350, 2291.0)	(400, 2557.0)	(450, 3145.0)	(500, 4023.0)	(550, 5411.0)	(600, 7707.0)	(650, 11158.0)	(700, 16027.0)	(750, 23480.0)	(800, 27739.0)	(850, 28658.0)	(900, 27267.0)	(950, 17534.0)	(1000, 4944.0)	(1050, 604.0)	(1100, 26.0)	(1150, 4.0)	(1200, 0.0)	(1250, 0.0)	(1300, 1.0)	(1350, 0.0)	(1400, 1.0)	(1450, 0.0)	(1500, 0.0)	(1550, 0.0)	(1600, 1.0)	(1650, 0.0)	(1700, 0.0)	(1750, 1.0)														
SRR5368875	(20, 40.0)	(40, 92.0)	(60, 65.0)	(80, 53.0)	(100, 45.0)	(120, 42.0)	(140, 35.0)	(160, 53.0)	(180, 30.0)	(200, 53.0)	(220, 54.0)	(240, 55.0)	(260, 61.0)	(280, 76.0)	(300, 96.0)	(320, 117.0)	(340, 137.0)	(360, 174.0)	(380, 232.0)	(400, 311.0)	(420, 478.0)	(440, 775.0)	(460, 1278.0)	(480, 1660.0)	(500, 1026.0)	(520, 430.0)	(540, 159.0)	(560, 40.0)	(580, 9.0)	(600, 3.0)	(620, 3.0)																			
SRR5368876	(100, 98863825.0)																																																	
SRR5368877	(0, 378.0)	(50, 2151.0)	(100, 1572.0)	(150, 1336.0)	(200, 1333.0)	(250, 1319.0)	(300, 1417.0)	(350, 1525.0)	(400, 1745.0)	(450, 2382.0)	(500, 3035.0)	(550, 4327.0)	(600, 5840.0)	(650, 7557.0)	(700, 9731.0)	(750, 12571.0)	(800, 15091.0)	(850, 17270.0)	(900, 18847.0)	(950, 12569.0)	(1000, 3232.0)	(1050, 334.0)	(1100, 11.0)	(1150, 0.0)	(1200, 0.0)	(1250, 0.0)	(1300, 0.0)	(1350, 0.0)	(1400, 1.0)																					
SRR5368879	(100, 50817082.0)																																																	
SRR5368881	(20, 233.0)	(40, 700.0)	(60, 703.0)	(80, 458.0)	(100, 287.0)	(120, 229.0)	(140, 206.0)	(160, 196.0)	(180, 237.0)	(200, 234.0)	(220, 215.0)	(240, 250.0)	(260, 255.0)	(280, 296.0)	(300, 327.0)	(320, 431.0)	(340, 569.0)	(360, 706.0)	(380, 954.0)	(400, 1219.0)	(420, 1879.0)	(440, 3355.0)	(460, 6380.0)	(480, 8238.0)	(500, 5765.0)	(520, 1842.0)	(540, 562.0)	(560, 226.0)	(580, 49.0)	(600, 4.0)	(620, 5.0)	(640, 0.0)	(660, 2.0)	(680, 0.0)	(700, 1.0)	(720, 0.0)	(740, 0.0)	(760, 0.0)	(780, 0.0)	(800, 0.0)	(820, 0.0)	(840, 0.0)	(860, 0.0)	(880, 0.0)	(900, 0.0)	(920, 0.0)	(940, 0.0)	(960, 1.0)		
SRR5368885	(100, 30805872.0)																																																	
SRR5368886	(0, 418.0)	(50, 1831.0)	(100, 1206.0)	(150, 1092.0)	(200, 924.0)	(250, 961.0)	(300, 1068.0)	(350, 1208.0)	(400, 1388.0)	(450, 1578.0)	(500, 2073.0)	(550, 2926.0)	(600, 3984.0)	(650, 5677.0)	(700, 8712.0)	(750, 12252.0)	(800, 15453.0)	(850, 16689.0)	(900, 16222.0)	(950, 10511.0)	(1000, 3061.0)	(1050, 316.0)	(1100, 6.0)																											
SRR5368887	(20, 436.0)	(40, 942.0)	(60, 860.0)	(80, 735.0)	(100, 605.0)	(120, 587.0)	(140, 599.0)	(160, 597.0)	(180, 697.0)	(200, 644.0)	(220, 759.0)	(240, 813.0)	(260, 982.0)	(280, 1148.0)	(300, 1261.0)	(320, 1540.0)	(340, 2026.0)	(360, 2551.0)	(380, 3565.0)	(400, 4683.0)	(420, 6701.0)	(440, 10936.0)	(460, 18421.0)	(480, 23827.0)	(500, 21128.0)	(520, 12645.0)	(540, 4776.0)	(560, 1207.0)	(580, 260.0)	(600, 71.0)	(620, 14.0)	(640, 6.0)	(660, 1.0)	(680, 0.0)	(700, 1.0)	(720, 0.0)	(740, 1.0)	(760, 0.0)	(780, 1.0)	(800, 0.0)	(820, 0.0)	(840, 1.0)								
SRR5368888	(100, 28524067.0)																																																	
SRR5368890	(20, 514.0)	(40, 1116.0)	(60, 979.0)	(80, 915.0)	(100, 834.0)	(120, 762.0)	(140, 730.0)	(160, 726.0)	(180, 700.0)	(200, 781.0)	(220, 784.0)	(240, 913.0)	(260, 985.0)	(280, 1175.0)	(300, 1372.0)	(320, 1729.0)	(340, 2095.0)	(360, 2632.0)	(380, 3615.0)	(400, 4538.0)	(420, 6301.0)	(440, 10458.0)	(460, 17539.0)	(480, 21536.0)	(500, 16012.0)	(520, 7678.0)	(540, 2755.0)	(560, 871.0)	(580, 340.0)	(600, 121.0)	(620, 32.0)	(640, 4.0)	(660, 1.0)	(680, 2.0)	(700, 1.0)															
SRR5368891	(99, 70736963.0)																																																	
SRR5368892	(0, 917.0)	(50, 3674.0)	(100, 2487.0)	(150, 2127.0)	(200, 2000.0)	(250, 1970.0)	(300, 2210.0)	(350, 2487.0)	(400, 2942.0)	(450, 3764.0)	(500, 5120.0)	(550, 7097.0)	(600, 9432.0)	(650, 12302.0)	(700, 15891.0)	(750, 20299.0)	(800, 22755.0)	(850, 24395.0)	(900, 23495.0)	(950, 14370.0)	(1000, 3946.0)	(1050, 430.0)	(1100, 25.0)	(1150, 4.0)																										
SRR5368893	(20, 181.0)	(40, 439.0)	(60, 354.0)	(80, 318.0)	(100, 255.0)	(120, 238.0)	(140, 299.0)	(160, 246.0)	(180, 247.0)	(200, 317.0)	(220, 313.0)	(240, 319.0)	(260, 379.0)	(280, 440.0)	(300, 554.0)	(320, 679.0)	(340, 851.0)	(360, 1094.0)	(380, 1506.0)	(400, 2063.0)	(420, 2951.0)	(440, 5117.0)	(460, 8760.0)	(480, 9928.0)	(500, 6856.0)	(520, 3614.0)	(540, 1347.0)	(560, 334.0)	(580, 76.0)	(600, 18.0)	(620, 9.0)	(640, 0.0)	(660, 2.0)	(680, 0.0)	(700, 2.0)	(720, 1.0)														
SRR5368894	(100, 87035803.0)																																																	
SRR5368898	(20, 372.0)	(40, 844.0)	(60, 750.0)	(80, 681.0)	(100, 554.0)	(120, 506.0)	(140, 545.0)	(160, 572.0)	(180, 555.0)	(200, 603.0)	(220, 640.0)	(240, 839.0)	(260, 880.0)	(280, 1053.0)	(300, 1283.0)	(320, 1543.0)	(340, 1868.0)	(360, 2623.0)	(380, 3358.0)	(400, 4268.0)	(420, 6202.0)	(440, 10819.0)	(460, 17633.0)	(480, 21006.0)	(500, 14805.0)	(520, 6416.0)	(540, 2041.0)	(560, 599.0)	(580, 146.0)	(600, 35.0)	(620, 7.0)	(640, 5.0)	(660, 1.0)	(680, 1.0)	(700, 1.0)	(720, 1.0)	(740, 0.0)	(760, 1.0)	(780, 1.0)											
SRR5368900	(0, 351.0)	(50, 1947.0)	(100, 1360.0)	(150, 1176.0)	(200, 1096.0)	(250, 1149.0)	(300, 1284.0)	(350, 1532.0)	(400, 1749.0)	(450, 2131.0)	(500, 2846.0)	(550, 3786.0)	(600, 5326.0)	(650, 6721.0)	(700, 8523.0)	(750, 11103.0)	(800, 13003.0)	(850, 14955.0)	(900, 16449.0)	(950, 10948.0)	(1000, 2996.0)	(1050, 302.0)	(1100, 16.0)	(1150, 1.0)																										
SRR5368901	(20, 262.0)	(40, 620.0)	(60, 591.0)	(80, 533.0)	(100, 460.0)	(120, 402.0)	(140, 395.0)	(160, 378.0)	(180, 339.0)	(200, 329.0)	(220, 401.0)	(240, 408.0)	(260, 448.0)	(280, 521.0)	(300, 606.0)	(320, 679.0)	(340, 931.0)	(360, 1235.0)	(380, 1536.0)	(400, 2018.0)	(420, 2782.0)	(440, 4381.0)	(460, 7342.0)	(480, 8928.0)	(500, 6813.0)	(520, 3212.0)	(540, 1023.0)	(560, 264.0)	(580, 63.0)	(600, 19.0)	(620, 6.0)	(640, 1.0)	(660, 0.0)	(680, 1.0)	(700, 0.0)	(720, 1.0)	(740, 0.0)	(760, 0.0)	(780, 1.0)	(800, 0.0)	(820, 0.0)	(840, 1.0)								
SRR5368903	(0, 346.0)	(50, 2080.0)	(100, 1394.0)	(150, 1126.0)	(200, 1184.0)	(250, 1166.0)	(300, 1337.0)	(350, 1429.0)	(400, 1847.0)	(450, 2226.0)	(500, 3088.0)	(550, 4302.0)	(600, 5903.0)	(650, 7809.0)	(700, 9866.0)	(750, 13011.0)	(800, 14342.0)	(850, 15062.0)	(900, 13738.0)	(950, 8791.0)	(1000, 2654.0)	(1050, 362.0)	(1100, 16.0)	(1150, 1.0)	(1200, 1.0)																									
SRR5368904	(20, 158.0)	(40, 402.0)	(60, 311.0)	(80, 263.0)	(100, 282.0)	(120, 212.0)	(140, 239.0)	(160, 224.0)	(180, 237.0)	(200, 264.0)	(220, 263.0)	(240, 299.0)	(260, 348.0)	(280, 397.0)	(300, 476.0)	(320, 612.0)	(340, 754.0)	(360, 1029.0)	(380, 1289.0)	(400, 1717.0)	(420, 2465.0)	(440, 3873.0)	(460, 6387.0)	(480, 7795.0)	(500, 6016.0)	(520, 3196.0)	(540, 1394.0)	(560, 633.0)	(580, 258.0)	(600, 105.0)	(620, 43.0)	(640, 8.0)	(660, 1.0)	(680, 1.0)	(700, 1.0)	(720, 3.0)														
SRR5368905	(99, 72877732.0)																																																	
SRR5368906	(0, 321.0)	(50, 1074.0)	(100, 789.0)	(150, 660.0)	(200, 606.0)	(250, 608.0)	(300, 740.0)	(350, 813.0)	(400, 931.0)	(450, 1171.0)	(500, 1532.0)	(550, 2030.0)	(600, 2847.0)	(650, 3949.0)	(700, 5428.0)	(750, 7461.0)	(800, 8956.0)	(850, 9419.0)	(900, 9395.0)	(950, 6385.0)	(1000, 1922.0)	(1050, 269.0)	(1100, 21.0)																											
