Sample	0	1	2	3	4	5	6	7	8	9	10	11	12	13	14	15
SRR1174540	(1.0, 4.040172166427547)	(2.0, 1.6298421807747492)	(3.0, 1.1018651362984218)	(4.0, 0.5738880918220948)	(5.0, 0.5738880918220948)	(6.0, 0.48206599713055953)	(7.0, 0.32137733142037306)	(8.0, 0.22955523672883787)	(9.0, 0.7747489239598279)	('>10', 6.324246771879484)	('>50', 5.038737446197991)	('>100', 14.186513629842182)	('>500', 21.124820659971306)	('>1k', 43.59827833572453)	('>5k', 0.0)	('>10k+', 0.0)
SRR1174541	(1.0, 3.335462675670743)	(2.0, 1.2684796495710895)	(3.0, 0.6981200949078299)	(4.0, 0.7300602299689725)	(5.0, 0.5703595546632597)	(6.0, 0.19164081036685526)	(7.0, 0.44716189085599567)	(8.0, 0.4380361379813835)	(9.0, 0.1642635517430188)	('>10', 5.657966782259536)	('>50', 1.934659609417777)	('>100', 15.431648110969153)	('>500', 9.728052564336558)	('>1k', 16.522175579485307)	('>5k', 42.88191275780252)	('>10k+', 0.0)
SRR1174544	(1.0, 3.10306612486147)	(2.0, 1.2837089028444773)	(3.0, 0.7342076099002586)	(4.0, 0.5356483191725157)	(5.0, 0.3463243442925748)	(6.0, 0.24935352789065388)	(7.0, 0.3232360546730698)	(8.0, 0.4802364240857037)	(9.0, 0.2077946065755449)	('>10', 6.423162172146288)	('>50', 2.890653860362024)	('>100', 8.099371998522349)	('>500', 6.57554488363502)	('>1k', 32.29589951976358)	('>5k', 36.451791651274476)	('>10k+', 0.0)
SRR1174547	(1.0, 4.6422381777667745)	(2.0, 1.5102748205001237)	(3.0, 1.0769992572418916)	(4.0, 0.594206486754147)	(5.0, 0.5570685813320129)	(6.0, 0.6684822975984155)	(7.0, 0.08665511265164644)	(8.0, 0.8913097301312206)	(9.0, 0.0)	('>10', 5.867789056697202)	('>50', 6.164892300074277)	('>100', 18.544194107452338)	('>500', 8.343649418172815)	('>1k', 51.05224065362714)	('>5k', 0.0)	('>10k+', 0.0)
SRR1174550	(1.0, 28.57142857142857)	(2.0, 28.57142857142857)	(3.0, 42.857142857142854)	(4.0, 0.0)	(5.0, 0.0)	(6.0, 0.0)	(7.0, 0.0)	(8.0, 0.0)	(9.0, 0.0)	('>10', 0.0)	('>50', 0.0)	('>100', 0.0)	('>500', 0.0)	('>1k', 0.0)	('>5k', 0.0)	('>10k+', 0.0)
SRR1174551	(1.0, 5.630214317829845)	(2.0, 2.098216515961433)	(3.0, 1.0940700404656043)	(4.0, 0.6794224908827496)	(5.0, 0.6244692011789978)	(6.0, 0.47959234650547033)	(7.0, 0.20982165159614327)	(8.0, 0.5595244042563821)	(9.0, 0.6744267372733177)	('>10', 7.034021082080232)	('>50', 7.65849028325923)	('>100', 24.014587600539542)	('>500', 9.566868162062248)	('>1k', 39.67627516610881)	('>5k', 0.0)	('>10k+', 0.0)
SRR1174552	(1.0, 3.450758302937224)	(2.0, 1.1422537915146862)	(3.0, 0.6479170666154732)	(4.0, 0.5375311960069111)	(5.0, 0.3839508542906508)	(6.0, 0.4319447110769822)	(7.0, 0.43674409675561526)	(8.0, 0.42234593971971585)	(9.0, 0.30236129775388754)	('>10', 7.002303705125744)	('>50', 4.165866769053562)	('>100', 29.343444039162986)	('>500', 11.33134958725283)	('>1k', 40.40122864273373)	('>5k', 0.0)	('>10k+', 0.0)
SRR1174553	(1.0, 4.4435418359057675)	(2.0, 1.4947197400487409)	(3.0, 0.8042242079610074)	(4.0, 0.8773354995938262)	(5.0, 0.6092607636068237)	(6.0, 0.7798537774167343)	(7.0, 0.511779041429732)	(8.0, 0.45491470349309504)	(9.0, 0.511779041429732)	('>10', 7.798537774167344)	('>50', 6.450040617384241)	('>100', 17.319252640129974)	('>500', 11.99025182778229)	('>1k', 45.95450852965069)	('>5k', 0.0)	('>10k+', 0.0)
SRR1174554	(1.0, 4.708121302387158)	(2.0, 1.5307600016548757)	(3.0, 1.2908030284224898)	(4.0, 0.6950477845351868)	(5.0, 0.5998924330809648)	(6.0, 0.546108973563361)	(7.0, 0.4633651896901245)	(8.0, 0.49646270323941916)	(9.0, 0.33511232468660795)	('>10', 7.484175251334244)	('>50', 3.049108435728766)	('>100', 23.88399321500972)	('>500', 11.546895039510156)	('>1k', 18.344296884696536)	('>5k', 25.025857432460384)	('>10k+', 0.0)
SRR1174555	(1.0, 4.2549465942917175)	(2.0, 1.4708457362983716)	(3.0, 0.8579933461740501)	(4.0, 0.7470962470086967)	(5.0, 0.6420358372730987)	(6.0, 0.4202416389423919)	(7.0, 0.6945660421408977)	(8.0, 0.5603221852565226)	(9.0, 0.4202416389423919)	('>10', 9.443763497344307)	('>50', 6.05848362808615)	('>100', 14.41078620206619)	('>500', 0.0)	('>1k', 21.02959201540886)	('>5k', 38.98908539076636)	('>10k+', 0.0)
SRR1174557	(1.0, 4.011408593246848)	(2.0, 1.5824822890790322)	(3.0, 1.1592602815346398)	(4.0, 0.6256325328917104)	(5.0, 0.6440334897414666)	(6.0, 0.9384487993375654)	(7.0, 0.38642009384487996)	(8.0, 0.294415309596099)	(9.0, 0.3312172232956114)	('>10', 8.381635845063943)	('>50', 7.700800441622964)	('>100', 20.65507406385132)	('>500', 12.282638697212255)	('>1k', 41.00653233968166)	('>5k', 0.0)	('>10k+', 0.0)
SRR1174558	(1.0, 3.9469338324342176)	(2.0, 1.453264339975779)	(3.0, 0.8587471099856876)	(4.0, 0.6825938566552902)	(5.0, 0.3027634041616206)	(6.0, 0.3302873499944952)	(7.0, 0.9248045799845866)	(8.0, 0.484421446658593)	(9.0, 0.5449741274909171)	('>10', 4.574479797423759)	('>50', 4.211163712429814)	('>100', 20.962237146317296)	('>500', 11.752724870637454)	('>1k', 16.618958493889686)	('>5k', 32.3516459319608)	('>10k+', 0.0)
SRR1174562	(1.0, 4.936449364493645)	(2.0, 1.7712177121771218)	(3.0, 1.1316113161131611)	(4.0, 0.6724067240672407)	(5.0, 0.4920049200492005)	(6.0, 0.39360393603936034)	(7.0, 0.34440344403444034)	(8.0, 0.26240262402624026)	(9.0, 0.5535055350553505)	('>10', 7.9335793357933575)	('>50', 4.329643296432964)	('>100', 20.627306273062732)	('>500', 2.3698236982369827)	('>1k', 54.182041820418206)	('>5k', 0.0)	('>10k+', 0.0)
SRR1174563	(1.0, 5.530805172226448)	(2.0, 1.9776159947843093)	(3.0, 0.9779419754427903)	(4.0, 0.7823535803542323)	(5.0, 0.8421167010757362)	(6.0, 0.5215690535694882)	(7.0, 0.608497229164403)	(8.0, 0.3042486145822015)	(9.0, 0.6356622840378138)	('>10', 9.936977072693686)	('>50', 6.3946539172009125)	('>100', 22.65022275344996)	('>500', 31.142018906878192)	('>1k', 17.695316744539824)	('>5k', 0.0)	('>10k+', 0.0)
SRR1174565	(1.0, 3.6910707759775856)	(2.0, 1.3724773622446906)	(3.0, 0.840540869777074)	(4.0, 0.7309051041539774)	(5.0, 0.5684817476753157)	(6.0, 0.6090875867949811)	(7.0, 0.3695131359889552)	(8.0, 0.2923620416615909)	(9.0, 0.5116335729077841)	('>10', 6.915174402079019)	('>50', 5.217850326877005)	('>100', 11.061030576196858)	('>500', 6.894871482519187)	('>1k', 35.76156251268932)	('>5k', 25.163438502456653)	('>10k+', 0.0)
SRR1174566	(1.0, 3.2517471359734498)	(2.0, 1.116890576634649)	(3.0, 0.7371477805788684)	(4.0, 0.3574049845230877)	(5.0, 0.5105785493186967)	(6.0, 0.49781408558572937)	(7.0, 0.1340268691961579)	(8.0, 0.22976034719341354)	(9.0, 0.17232026039506015)	('>10', 4.891980725659764)	('>50', 3.047515716245971)	('>100', 5.511057216708683)	('>500', 6.024826881960622)	('>1k', 32.16006637521141)	('>5k', 0.0)	('>10k+', 41.356862494814436)
SRR1174567	(1.0, 4.117245498762693)	(2.0, 1.663964502090622)	(3.0, 0.9087806126802628)	(4.0, 0.6826521034217937)	(5.0, 0.6399863469579316)	(6.0, 0.4095912620530762)	(7.0, 0.44799044287055206)	(8.0, 0.5119890775663453)	(9.0, 0.1919959040873795)	('>10', 6.1822681116136184)	('>50', 7.598771226213841)	('>100', 17.51429302841539)	('>500', 13.866370850755183)	('>1k', 45.264101032511306)	('>5k', 0.0)	('>10k+', 0.0)
SRR1174570	(1.0, 5.14255613353526)	(2.0, 1.5144531507210113)	(3.0, 1.0074405741752814)	(4.0, 0.6321195759531179)	(5.0, 0.5103048660038191)	(6.0, 0.49384341871337334)	(7.0, 0.276552314479489)	(8.0, 0.39507473497069867)	(9.0, 0.23704484098241918)	('>10', 6.479225653519458)	('>50', 6.482517942977546)	('>100', 21.370250872456705)	('>500', 11.401198393362746)	('>1k', 44.057417528149074)	('>5k', 0.0)	('>10k+', 0.0)
SRR1174571	(1.0, 3.667122693449898)	(2.0, 1.2546297841102472)	(3.0, 0.6706930494844673)	(4.0, 0.6673562681437486)	(5.0, 0.40041376088624914)	(6.0, 0.4604758250191865)	(7.0, 0.2802896326203744)	(8.0, 0.24024825653174947)	(9.0, 0.27027928859821815)	('>10', 4.871700757449364)	('>50', 2.0788147752677766)	('>100', 11.698755380559913)	('>500', 9.636624511995729)	('>1k', 24.46861757149054)	('>5k', 0.0)	('>10k+', 39.333978444392535)
SRR1174574	(1.0, 4.762281465073966)	(2.0, 1.3606518471639901)	(3.0, 1.4476702792500593)	(4.0, 0.9809350526065975)	(5.0, 0.632861324262321)	(6.0, 0.617039791155763)	(7.0, 0.38762756111067165)	(8.0, 0.5062890594098568)	(9.0, 0.2847875959180444)	('>10', 8.954987738311843)	('>50', 5.252748991377264)	('>100', 17.372043351000713)	('>500', 5.078712127205126)	('>1k', 52.36136381615378)	('>5k', 0.0)	('>10k+', 0.0)
SRR1174575	(1.0, 6.058598726114649)	(2.0, 2.1197452229299363)	(3.0, 1.1617834394904458)	(4.0, 0.7745222929936305)	(5.0, 0.6369426751592357)	(6.0, 0.5503184713375796)	(7.0, 0.5707006369426751)	(8.0, 0.5707006369426751)	(9.0, 0.5503184713375796)	('>10', 10.03312101910828)	('>50', 11.098089171974522)	('>100', 22.777070063694268)	('>500', 15.913375796178345)	('>1k', 27.18471337579618)	('>5k', 0.0)	('>10k+', 0.0)
SRR1174576	(1.0, 3.812741312741313)	(2.0, 1.2333762333762333)	(3.0, 0.6917631917631918)	(4.0, 0.6649506649506649)	(5.0, 0.5630630630630631)	(6.0, 0.19305019305019305)	(7.0, 0.487987987987988)	(8.0, 0.3861003861003861)	(9.0, 0.28957528957528955)	('>10', 7.652295152295152)	('>50', 7.957957957957958)	('>100', 25.981338481338483)	('>500', 18.75804375804376)	('>1k', 31.32775632775633)	('>5k', 0.0)	('>10k+', 0.0)
SRR1174577	(1.0, 4.389369961182442)	(2.0, 1.4531701005275206)	(3.0, 0.8360704687966557)	(4.0, 0.5175674330645964)	(5.0, 0.43545336916492483)	(6.0, 0.5673335323977307)	(7.0, 0.34836269533193986)	(8.0, 0.2786901562655519)	(9.0, 0.29113168109883547)	('>10', 6.865233403005873)	('>50', 5.914700905743008)	('>100', 15.220961481039117)	('>500', 7.206131183437842)	('>1k', 25.851000298596595)	('>5k', 0.0)	('>10k+', 29.824823330347368)
SRR1174581	(1.0, 3.7763741432603144)	(2.0, 1.3842225507324284)	(3.0, 0.6853917484209111)	(4.0, 0.5106840478430319)	(5.0, 0.5543609729875016)	(6.0, 0.3023787125386373)	(7.0, 0.3292568203198495)	(8.0, 0.21502486224969763)	(9.0, 0.27214084128477356)	('>10', 7.210052412310174)	('>50', 5.315145813734714)	('>100', 18.471979572638087)	('>500', 7.999596828383282)	('>1k', 24.479236661739012)	('>5k', 28.494154011557587)	('>10k+', 0.0)
SRR1174582	(1.0, 4.559574392116256)	(2.0, 1.3496625843539116)	(3.0, 0.9211982718606062)	(4.0, 0.5570036062412969)	(5.0, 0.6069911093655157)	(6.0, 0.492733959367301)	(7.0, 0.34991252186953264)	(8.0, 0.3999000249937516)	(9.0, 0.19280894062198736)	('>10', 7.658799585817831)	('>50', 6.5305102295854605)	('>100', 27.350305280822653)	('>500', 9.508337201413934)	('>1k', 39.522262291569966)	('>5k', 0.0)	('>10k+', 0.0)
SRR1174584	(1.0, 4.776497507559043)	(2.0, 1.4791206995178556)	(3.0, 0.6128953174797744)	(4.0, 0.7027866307101414)	(5.0, 0.6537550053117595)	(6.0, 0.49031625398381956)	(7.0, 0.4290267222358421)	(8.0, 0.42494075345264365)	(9.0, 0.2941897523902917)	('>10', 7.399689466372476)	('>50', 4.453705973686361)	('>100', 20.070278663071015)	('>500', 7.416033341505271)	('>1k', 29.468006864427554)	('>5k', 21.32875704829615)	('>10k+', 0.0)
SRR1174585	(1.0, 6.443650535888275)	(2.0, 2.104579408898993)	(3.0, 1.383566092887301)	(4.0, 1.1172458590451446)	(5.0, 0.7469957778499512)	(6.0, 0.46768431308866515)	(7.0, 0.5001623903864891)	(8.0, 1.195193244559922)	(9.0, 0.23384215654433257)	('>10', 14.004546930821697)	('>50', 9.93179603767457)	('>100', 17.73303020461189)	('>500', 10.54238389087366)	('>1k', 33.595323156869114)	('>5k', 0.0)	('>10k+', 0.0)
SRR1174587	(1.0, 5.858974358974359)	(2.0, 2.166666666666667)	(3.0, 1.2115384615384615)	(4.0, 0.8205128205128205)	(5.0, 0.6730769230769231)	(6.0, 0.6153846153846154)	(7.0, 0.3141025641025641)	(8.0, 0.41025641025641024)	(9.0, 0.5192307692307693)	('>10', 11.076923076923077)	('>50', 5.480769230769231)	('>100', 25.33974358974359)	('>500', 20.73717948717949)	('>1k', 24.775641025641026)	('>5k', 0.0)	('>10k+', 0.0)
SRR1174588	(1.0, 4.8790658882402)	(2.0, 1.7872036220660075)	(3.0, 1.0187060645776242)	(4.0, 0.5719051590611224)	(5.0, 0.5659478136542356)	(6.0, 0.8578577385916836)	(7.0, 0.4170141784820684)	(8.0, 0.3336113427856547)	(9.0, 0.482544977957822)	('>10', 8.036458953890147)	('>50', 5.2960800667222685)	('>100', 29.911831287978075)	('>500', 9.484093887763613)	('>1k', 36.357679018229476)	('>5k', 0.0)	('>10k+', 0.0)
SRR1174589	(1.0, 3.1480850096601882)	(2.0, 1.0501193317422435)	(3.0, 0.6205250596658711)	(4.0, 0.4000454597113308)	(5.0, 0.37504261847937265)	(6.0, 0.25912035458574834)	(7.0, 0.27048528241845665)	(8.0, 0.12728719172633254)	(9.0, 0.2250255710876236)	('>10', 5.6733719740879645)	('>50', 3.609501079668144)	('>100', 16.997386066598477)	('>500', 6.112058188430503)	('>1k', 9.396522332083192)	('>5k', 0.0)	('>10k+', 51.73542448005455)
SRR5368774	(1.0, 10.691875749793954)	(2.0, 2.8845557963750985)	(3.0, 1.7049453275424873)	(4.0, 1.2678514822138582)	(5.0, 1.051288694776952)	(6.0, 0.8684681686278615)	(7.0, 0.7201095086784465)	(8.0, 0.653318851486256)	(9.0, 0.6248463415274476)	('>10', 10.896160145960485)	('>50', 5.816402018211812)	('>100', 16.804824658706686)	('>500', 8.865685093527622)	('>1k', 23.57903145304379)	('>5k', 8.261615014340421)	('>10k+', 5.3090216951869)
SRR5368775	(1.0, 98.96719586785355)	(2.0, 1.0089302483307063)	(3.0, 0.02387388381574515)	(4.0, 0.0)	(5.0, 0.0)	(6.0, 0.0)	(7.0, 0.0)	(8.0, 0.0)	(9.0, 0.0)	('>10', 0.0)	('>50', 0.0)	('>100', 0.0)	('>500', 0.0)	('>1k', 0.0)	('>5k', 0.0)	('>10k+', 0.0)
SRR5368776	(1.0, 95.90724038958076)	(2.0, 3.910218688827775)	(3.0, 0.17293350466560184)	(4.0, 0.00960741692586677)	(5.0, 0.0)	(6.0, 0.0)	(7.0, 0.0)	(8.0, 0.0)	(9.0, 0.0)	('>10', 0.0)	('>50', 0.0)	('>100', 0.0)	('>500', 0.0)	('>1k', 0.0)	('>5k', 0.0)	('>10k+', 0.0)
SRR5368777	(1.0, 98.10472603571863)	(2.0, 1.8223788118090147)	(3.0, 0.07289515247236059)	(4.0, 0.0)	(5.0, 0.0)	(6.0, 0.0)	(7.0, 0.0)	(8.0, 0.0)	(9.0, 0.0)	('>10', 0.0)	('>50', 0.0)	('>100', 0.0)	('>500', 0.0)	('>1k', 0.0)	('>5k', 0.0)	('>10k+', 0.0)
SRR5368778	(1.0, 16.770042522504706)	(2.0, 10.421366455892269)	(3.0, 5.866458702610144)	(4.0, 3.437977251617033)	(5.0, 2.0987633224554822)	(6.0, 1.5138973334294223)	(7.0, 1.2741659241422714)	(8.0, 0.9985618250566172)	(9.0, 0.874370115852637)	('>10', 11.28824313525581)	('>50', 4.369711190531005)	('>100', 10.67527328238669)	('>500', 4.899312911511263)	('>1k', 12.231707481273734)	('>5k', 5.188879472169642)	('>10k+', 8.091269073311128)
SRR5368779	(1.0, 96.35625118381425)	(2.0, 3.631895808488269)	(3.0, 0.011853007697482213)	(4.0, 0.0)	(5.0, 0.0)	(6.0, 0.0)	(7.0, 0.0)	(8.0, 0.0)	(9.0, 0.0)	('>10', 0.0)	('>50', 0.0)	('>100', 0.0)	('>500', 0.0)	('>1k', 0.0)	('>5k', 0.0)	('>10k+', 0.0)
SRR5368780	(1.0, 21.35104193865014)	(2.0, 3.907169538625622)	(3.0, 1.7146391470175857)	(4.0, 1.1629264700441704)	(5.0, 0.9349487185218558)	(6.0, 0.7619622877718725)	(7.0, 0.660540641631023)	(8.0, 0.5848027172764443)	(9.0, 0.5436785842126926)	('>10', 9.049035970885337)	('>50', 4.519555110098752)	('>100', 12.4649341272358)	('>500', 6.694136771780449)	('>1k', 17.740312478349512)	('>5k', 6.742760641878211)	('>10k+', 11.16755485602039)
SRR5368781	(1.0, 99.82359286981163)	(2.0, 0.17340987473514252)	(3.0, 0.002997255453229594)	(4.0, 0.0)	(5.0, 0.0)	(6.0, 0.0)	(7.0, 0.0)	(8.0, 0.0)	(9.0, 0.0)	('>10', 0.0)	('>50', 0.0)	('>100', 0.0)	('>500', 0.0)	('>1k', 0.0)	('>5k', 0.0)	('>10k+', 0.0)
SRR5368861	(1.0, 13.337667900140266)	(2.0, 3.3686727589599648)	(3.0, 1.608137484213932)	(4.0, 1.1898900750125663)	(5.0, 0.9255884917467726)	(6.0, 0.7874059837121244)	(7.0, 0.6732913405963419)	(8.0, 0.6014353198127572)	(9.0, 0.5288765021156554)	('>10', 9.14782960291677)	('>50', 4.634871843739298)	('>100', 12.735195873312735)	('>500', 6.905443644425395)	('>1k', 20.419852166423354)	('>5k', 9.246368044178066)	('>10k+', 13.889472968693905)
SRR5368862	(1.0, 99.76558088129606)	(2.0, 0.2279852997399307)	(3.0, 0.006433818964014118)	(4.0, 0.0)	(5.0, 0.0)	(6.0, 0.0)	(7.0, 0.0)	(8.0, 0.0)	(9.0, 0.0)	('>10', 0.0)	('>50', 0.0)	('>100', 0.0)	('>500', 0.0)	('>1k', 0.0)	('>5k', 0.0)	('>10k+', 0.0)
SRR5368863	(1.0, 88.80915643296485)	(2.0, 10.020925366193909)	(3.0, 1.0557798397835598)	(4.0, 0.09300162752848175)	(5.0, 0.021136733529200397)	(6.0, 0.0)	(7.0, 0.0)	(8.0, 0.0)	(9.0, 0.0)	('>10', 0.0)	('>50', 0.0)	('>100', 0.0)	('>500', 0.0)	('>1k', 0.0)	('>5k', 0.0)	('>10k+', 0.0)
SRR5368865	(1.0, 98.55604815268563)	(2.0, 1.421653290488411)	(3.0, 0.01833008328977033)	(4.0, 0.003968473536181586)	(5.0, 0.0)	(6.0, 0.0)	(7.0, 0.0)	(8.0, 0.0)	(9.0, 0.0)	('>10', 0.0)	('>50', 0.0)	('>100', 0.0)	('>500', 0.0)	('>1k', 0.0)	('>5k', 0.0)	('>10k+', 0.0)
SRR5368866	(1.0, 97.86952933110007)	(2.0, 2.0481228725763514)	(3.0, 0.07839363167038982)	(4.0, 0.003954164653189773)	(5.0, 0.0)	(6.0, 0.0)	(7.0, 0.0)	(8.0, 0.0)	(9.0, 0.0)	('>10', 0.0)	('>50', 0.0)	('>100', 0.0)	('>500', 0.0)	('>1k', 0.0)	('>5k', 0.0)	('>10k+', 0.0)
SRR5368867	(1.0, 15.869015484746846)	(2.0, 12.082058483244069)	(3.0, 8.997475556400177)	(4.0, 5.899956333037711)	(5.0, 3.815226299920771)	(6.0, 2.453128222761228)	(7.0, 1.7074529976375097)	(8.0, 1.2915803952204545)	(9.0, 1.034644971047735)	('>10', 11.279536967292708)	('>50', 4.1952969840829315)	('>100', 10.062120383246846)	('>500', 4.201733048322284)	('>1k', 10.394721252641158)	('>5k', 3.5880602077738772)	('>10k+', 3.1279924126236605)
SRR5368868	(1.0, 99.72648267936522)	(2.0, 0.2735173206347664)	(3.0, 0.0)	(4.0, 0.0)	(5.0, 0.0)	(6.0, 0.0)	(7.0, 0.0)	(8.0, 0.0)	(9.0, 0.0)	('>10', 0.0)	('>50', 0.0)	('>100', 0.0)	('>500', 0.0)	('>1k', 0.0)	('>5k', 0.0)	('>10k+', 0.0)
SRR5368869	(1.0, 96.88076815266034)	(2.0, 2.9980712971547887)	(3.0, 0.12116055018487465)	(4.0, 0.0)	(5.0, 0.0)	(6.0, 0.0)	(7.0, 0.0)	(8.0, 0.0)	(9.0, 0.0)	('>10', 0.0)	('>50', 0.0)	('>100', 0.0)	('>500', 0.0)	('>1k', 0.0)	('>5k', 0.0)	('>10k+', 0.0)
SRR5368870	(1.0, 93.21466007786763)	(2.0, 5.963611859838275)	(3.0, 0.6907008086253369)	(4.0, 0.11230907457322552)	(5.0, 0.018718179095537586)	(6.0, 0.0)	(7.0, 0.0)	(8.0, 0.0)	(9.0, 0.0)	('>10', 0.0)	('>50', 0.0)	('>100', 0.0)	('>500', 0.0)	('>1k', 0.0)	('>5k', 0.0)	('>10k+', 0.0)
SRR5368872	(1.0, 95.4060983610802)	(2.0, 4.584899331395624)	(3.0, 0.009002307524179506)	(4.0, 0.0)	(5.0, 0.0)	(6.0, 0.0)	(7.0, 0.0)	(8.0, 0.0)	(9.0, 0.0)	('>10', 0.0)	('>50', 0.0)	('>100', 0.0)	('>500', 0.0)	('>1k', 0.0)	('>5k', 0.0)	('>10k+', 0.0)
SRR5368873	(1.0, 20.638292180661537)	(2.0, 4.487003210590674)	(3.0, 2.315324197477982)	(4.0, 1.6504890846553402)	(5.0, 1.3480638526342463)	(6.0, 1.095213602588535)	(7.0, 0.935991987060945)	(8.0, 0.8476451371805663)	(9.0, 0.7664739103795833)	('>10', 12.164637044196809)	('>50', 5.360422727306631)	('>100', 13.761979889143456)	('>500', 8.250519600322182)	('>1k', 20.80605282397151)	('>5k', 4.145047554681214)	('>10k+', 1.4268431971488171)
SRR5368874	(1.0, 99.75836789266577)	(2.0, 0.2245988421332717)	(3.0, 0.01703326520096275)	(4.0, 0.0)	(5.0, 0.0)	(6.0, 0.0)	(7.0, 0.0)	(8.0, 0.0)	(9.0, 0.0)	('>10', 0.0)	('>50', 0.0)	('>100', 0.0)	('>500', 0.0)	('>1k', 0.0)	('>5k', 0.0)	('>10k+', 0.0)
SRR5368875	(1.0, 98.69825566258787)	(2.0, 1.3017443374121322)	(3.0, 0.0)	(4.0, 0.0)	(5.0, 0.0)	(6.0, 0.0)	(7.0, 0.0)	(8.0, 0.0)	(9.0, 0.0)	('>10', 0.0)	('>50', 0.0)	('>100', 0.0)	('>500', 0.0)	('>1k', 0.0)	('>5k', 0.0)	('>10k+', 0.0)
SRR5368876	(1.0, 9.811678246483082)	(2.0, 2.781042804995245)	(3.0, 1.591050047237354)	(4.0, 1.093747343906409)	(5.0, 0.9099421629177958)	(6.0, 0.759726602576448)	(7.0, 0.7122270979383909)	(8.0, 0.5807353277338005)	(9.0, 0.5165102291714952)	('>10', 9.393762506517177)	('>50', 4.684445340014367)	('>100', 14.128837036981764)	('>500', 7.663482967939131)	('>1k', 22.90895022621744)	('>5k', 10.664646906970669)	('>10k+', 11.799215152399285)
SRR5368877	(1.0, 98.7546158247859)	(2.0, 1.2213471411231007)	(3.0, 0.024037034090997528)	(4.0, 0.0)	(5.0, 0.0)	(6.0, 0.0)	(7.0, 0.0)	(8.0, 0.0)	(9.0, 0.0)	('>10', 0.0)	('>50', 0.0)	('>100', 0.0)	('>500', 0.0)	('>1k', 0.0)	('>5k', 0.0)	('>10k+', 0.0)
SRR5368879	(1.0, 22.463233049164753)	(2.0, 6.871360016575756)	(3.0, 2.959327725391772)	(4.0, 1.909186700685558)	(5.0, 1.3937258744813699)	(6.0, 1.0992852720698725)	(7.0, 0.8619716411602952)	(8.0, 0.8212383777688567)	(9.0, 0.6851142732041119)	('>10', 10.58123193776932)	('>50', 4.8220845665299255)	('>100', 13.69944630459005)	('>500', 6.659589647019902)	('>1k', 15.208404582706917)	('>5k', 4.893645380966773)	('>10k+', 5.071154649914896)
SRR5368881	(1.0, 93.3079375371481)	(2.0, 6.365159128978225)	(3.0, 0.31609661209272166)	(4.0, 0.01080672178094775)	(5.0, 0.0)	(6.0, 0.0)	(7.0, 0.0)	(8.0, 0.0)	(9.0, 0.0)	('>10', 0.0)	('>50', 0.0)	('>100', 0.0)	('>500', 0.0)	('>1k', 0.0)	('>5k', 0.0)	('>10k+', 0.0)
SRR5368885	(1.0, 16.818129595623258)	(2.0, 4.475117744463477)	(3.0, 2.3956365369598656)	(4.0, 1.6649164938215448)	(5.0, 1.332149830319798)	(6.0, 1.1241587512769633)	(7.0, 0.9260612292562429)	(8.0, 0.7736115229476891)	(9.0, 0.7048017448665982)	('>10', 11.809919311478184)	('>50', 5.838691590734788)	('>100', 17.586568023300416)	('>500', 9.52673661438124)	('>1k', 20.655277033534265)	('>5k', 3.444447716103066)	('>10k+', 0.9237762609327599)
SRR5368886	(1.0, 99.73442742274595)	(2.0, 0.2595806621999677)	(3.0, 0.00599191505408561)	(4.0, 0.0)	(5.0, 0.0)	(6.0, 0.0)	(7.0, 0.0)	(8.0, 0.0)	(9.0, 0.0)	('>10', 0.0)	('>50', 0.0)	('>100', 0.0)	('>500', 0.0)	('>1k', 0.0)	('>5k', 0.0)	('>10k+', 0.0)
SRR5368887	(1.0, 95.61343052050005)	(2.0, 4.1829374257956005)	(3.0, 0.19190897492548117)	(4.0, 0.011723078778874452)	(5.0, 0.0)	(6.0, 0.0)	(7.0, 0.0)	(8.0, 0.0)	(9.0, 0.0)	('>10', 0.0)	('>50', 0.0)	('>100', 0.0)	('>500', 0.0)	('>1k', 0.0)	('>5k', 0.0)	('>10k+', 0.0)
SRR5368888	(1.0, 16.73473538754699)	(2.0, 4.301021661570655)	(3.0, 2.3431997047599276)	(4.0, 1.666960007061887)	(5.0, 1.264195924121294)	(6.0, 1.025204637924287)	(7.0, 0.914562112198626)	(8.0, 0.8026453656627802)	(9.0, 0.7098129297911303)	('>10', 11.201602446474762)	('>50', 5.6709671490371285)	('>100', 17.87208684989903)	('>500', 10.12799477399519)	('>1k', 21.884275141944055)	('>5k', 2.7286271683083103)	('>10k+', 0.7521087397039009)
SRR5368890	(1.0, 94.83280535117157)	(2.0, 4.776717247740601)	(3.0, 0.3272133548228713)	(4.0, 0.05839758116765324)	(5.0, 0.0048664650973044375)	(6.0, 0.0)	(7.0, 0.0)	(8.0, 0.0)	(9.0, 0.0)	('>10', 0.0)	('>50', 0.0)	('>100', 0.0)	('>500', 0.0)	('>1k', 0.0)	('>5k', 0.0)	('>10k+', 0.0)
SRR5368891	(1.0, 23.57806173322892)	(2.0, 6.982925849616571)	(3.0, 3.5055567806106103)	(4.0, 2.447005891378696)	(5.0, 1.8501824568829293)	(6.0, 1.6161078138740057)	(7.0, 1.3125844835578526)	(8.0, 1.1162955716453193)	(9.0, 1.0184646242537545)	('>10', 15.847237139302011)	('>50', 6.240918526436432)	('>100', 13.276251619256488)	('>500', 5.399262504293914)	('>1k', 9.394918763913084)	('>5k', 2.744967233121522)	('>10k+', 3.669259008627624)
SRR5368892	(1.0, 98.14877084899916)	(2.0, 1.8208946235428767)	(3.0, 0.02620196724336463)	(4.0, 0.0041325602146006024)	(5.0, 0.0)	(6.0, 0.0)	(7.0, 0.0)	(8.0, 0.0)	(9.0, 0.0)	('>10', 0.0)	('>50', 0.0)	('>100', 0.0)	('>500', 0.0)	('>1k', 0.0)	('>5k', 0.0)	('>10k+', 0.0)
SRR5368893	(1.0, 97.0722653521464)	(2.0, 2.7062087133534236)	(3.0, 0.19757718482447564)	(4.0, 0.023948749675694013)	(5.0, 0.0)	(6.0, 0.0)	(7.0, 0.0)	(8.0, 0.0)	(9.0, 0.0)	('>10', 0.0)	('>50', 0.0)	('>100', 0.0)	('>500', 0.0)	('>1k', 0.0)	('>5k', 0.0)	('>10k+', 0.0)
SRR5368894	(1.0, 17.12761746378411)	(2.0, 11.89489748822276)	(3.0, 6.9801826938329326)	(4.0, 3.823197370213959)	(5.0, 2.345634316576031)	(6.0, 1.6593949331350741)	(7.0, 1.333305742824959)	(8.0, 1.037401432797141)	(9.0, 0.8371363243101051)	('>10', 11.587673682987809)	('>50', 4.547871183116693)	('>100', 11.870181258954968)	('>500', 5.333300001529113)	('>1k', 11.46349630586864)	('>5k', 3.6991927702465524)	('>10k+', 4.459517031599519)
SRR5368898	(1.0, 95.8434896674596)	(2.0, 3.986177596350572)	(3.0, 0.16152242224897947)	(4.0, 0.003915695084823745)	(5.0, 0.004894618856029681)	(6.0, 0.0)	(7.0, 0.0)	(8.0, 0.0)	(9.0, 0.0)	('>10', 0.0)	('>50', 0.0)	('>100', 0.0)	('>500', 0.0)	('>1k', 0.0)	('>5k', 0.0)	('>10k+', 0.0)
SRR5368900	(1.0, 98.8409956612442)	(2.0, 1.1411100674769372)	(3.0, 0.0178942712788775)	(4.0, 0.0)	(5.0, 0.0)	(6.0, 0.0)	(7.0, 0.0)	(8.0, 0.0)	(9.0, 0.0)	('>10', 0.0)	('>50', 0.0)	('>100', 0.0)	('>500', 0.0)	('>1k', 0.0)	('>5k', 0.0)	('>10k+', 0.0)
SRR5368901	(1.0, 98.25161694137283)	(2.0, 1.6774462758189026)	(3.0, 0.06259127894846651)	(4.0, 0.008345503859795536)	(5.0, 0.0)	(6.0, 0.0)	(7.0, 0.0)	(8.0, 0.0)	(9.0, 0.0)	('>10', 0.0)	('>50', 0.0)	('>100', 0.0)	('>500', 0.0)	('>1k', 0.0)	('>5k', 0.0)	('>10k+', 0.0)
SRR5368903	(1.0, 99.67232299716477)	(2.0, 0.3216870195823728)	(3.0, 0.005989983252867002)	(4.0, 0.0)	(5.0, 0.0)	(6.0, 0.0)	(7.0, 0.0)	(8.0, 0.0)	(9.0, 0.0)	('>10', 0.0)	('>50', 0.0)	('>100', 0.0)	('>500', 0.0)	('>1k', 0.0)	('>5k', 0.0)	('>10k+', 0.0)
SRR5368904	(1.0, 96.08389941604099)	(2.0, 3.6133953044929092)	(3.0, 0.23596710761530212)	(4.0, 0.06673817185079252)	(5.0, 0.0)	(6.0, 0.0)	(7.0, 0.0)	(8.0, 0.0)	(9.0, 0.0)	('>10', 0.0)	('>50', 0.0)	('>100', 0.0)	('>500', 0.0)	('>1k', 0.0)	('>5k', 0.0)	('>10k+', 0.0)
SRR5368905	(1.0, 11.987317582632697)	(2.0, 8.622928606618716)	(3.0, 6.549033737868139)	(4.0, 4.561825285323449)	(5.0, 3.0704405776446873)	(6.0, 2.2860371790260197)	(7.0, 1.8218335685572078)	(8.0, 1.544427506511136)	(9.0, 1.3401900623084133)	('>10', 18.975367933085348)	('>50', 6.882026573901894)	('>100', 10.884819909926016)	('>500', 3.305649956470786)	('>1k', 7.894421851238135)	('>5k', 3.984663063839627)	('>10k+', 6.289016605047497)
SRR5368906	(1.0, 96.91505636668796)	(2.0, 3.0626643100093576)	(3.0, 0.022279323302686886)	(4.0, 0.0)	(5.0, 0.0)	(6.0, 0.0)	(7.0, 0.0)	(8.0, 0.0)	(9.0, 0.0)	('>10', 0.0)	('>50', 0.0)	('>100', 0.0)	('>500', 0.0)	('>1k', 0.0)	('>5k', 0.0)	('>10k+', 0.0)
