Sample	0	1	2	3	4	5	6	7	8	9	10	11	12	13	14	15
SRR525049	(1.0, 0.9288489558037882)	(2.0, 0.5099562894609033)	(3.0, 0.30961631860126276)	(4.0, 0.19426906265177268)	(5.0, 0.1821272462360369)	(6.0, 0.2185526954832443)	(7.0, 0.1699854298203011)	(8.0, 0.09713453132588634)	(9.0, 0.10927634774162215)	('>10', 4.516755706653716)	('>50', 3.502914035939777)	('>100', 28.005099562894607)	('>500', 6.708353569694027)	('>1k', 13.36206896551724)	('>5k', 41.18504128217582)	('>10k+', 0.0)
SRR525050	(1.0, 1.1437285550895921)	(2.0, 0.6208812156200643)	(3.0, 0.4411524426774141)	(4.0, 0.3267795871684549)	(5.0, 0.21785305811230327)	(6.0, 0.16338979358422745)	(7.0, 0.15249714067861228)	(8.0, 0.13071183486738194)	(9.0, 0.14705081422580468)	('>10', 3.0227111813082077)	('>50', 3.970371984096727)	('>100', 16.295408746800284)	('>500', 19.209193399052342)	('>1k', 25.287293720385602)	('>5k', 28.870976526332985)	('>10k+', 0.0)
SRR525051	(1.0, 1.0272893426608685)	(2.0, 0.579819751685889)	(3.0, 0.2647003214218189)	(4.0, 0.22688598979013047)	(5.0, 0.09453582907922103)	(6.0, 0.07562866326337682)	(7.0, 0.04411672023696981)	(8.0, 0.10083821768450242)	(9.0, 0.05672149744753262)	('>10', 2.8738892040083193)	('>50', 4.216297976933258)	('>100', 16.701329803995716)	('>500', 9.819121447028424)	('>1k', 31.801852902249955)	('>5k', 32.116972332514024)	('>10k+', 0.0)
SRR525052	(1.0, 1.0863005431502715)	(2.0, 0.48280024140012073)	(3.0, 0.22631261315630657)	(4.0, 0.30175015087507545)	(5.0, 0.30175015087507545)	(6.0, 0.18105009052504525)	(7.0, 0.2112251056125528)	(8.0, 0.12070006035003018)	(9.0, 0.13578756789378393)	('>10', 7.2872661436330715)	('>50', 7.543753771876887)	('>100', 22.389861194930596)	('>500', 0.0)	('>1k', 59.731442365721186)	('>5k', 0.0)	('>10k+', 0.0)
SRR525053	(1.0, 0.7593563550894956)	(2.0, 0.34954498885072016)	(3.0, 0.30735852467908154)	(4.0, 0.3615982643283312)	(5.0, 0.301331886940276)	(6.0, 0.1807991321641656)	(7.0, 0.25311878502983187)	(8.0, 0.19285240764177664)	(9.0, 0.10847947929849937)	('>10', 4.845416741999639)	('>50', 3.1941180015669257)	('>100', 18.170312782498645)	('>500', 17.374796600976318)	('>1k', 7.093352618574097)	('>5k', 46.507563430362204)	('>10k+', 0.0)
SRR525056	(1.0, 0.8855382037934542)	(2.0, 0.38293543947825043)	(3.0, 0.28720157960868786)	(4.0, 0.23933464967390655)	(5.0, 0.2692514808831448)	(6.0, 0.14360078980434393)	(7.0, 0.2931849458505355)	(8.0, 0.23933464967390655)	(9.0, 0.10770059235325795)	('>10', 4.81660982468737)	('>50', 3.5062526177227307)	('>100', 24.3283671393526)	('>500', 12.487285346736074)	('>1k', 6.755220487046013)	('>5k', 45.258182253335725)	('>10k+', 0.0)
SRR525057	(1.0, 1.1517730496453902)	(2.0, 0.5787234042553191)	(3.0, 0.32340425531914896)	(4.0, 0.36312056737588655)	(5.0, 0.22695035460992907)	(6.0, 0.20425531914893616)	(7.0, 0.23829787234042554)	(8.0, 0.04539007092198582)	(9.0, 0.15319148936170213)	('>10', 5.242553191489361)	('>50', 5.605673758865248)	('>100', 22.7177304964539)	('>500', 4.54468085106383)	('>1k', 19.279432624113475)	('>5k', 39.32482269503546)	('>10k+', 0.0)
SRR525058	(1.0, 1.1133527609654037)	(2.0, 0.5678846297541658)	(3.0, 0.5379959650302623)	(4.0, 0.2988866472390346)	(5.0, 0.1494433236195173)	(6.0, 0.17933198834342076)	(7.0, 0.2092206530673242)	(8.0, 0.3586639766868415)	(9.0, 0.26899798251513113)	('>10', 6.754838227602182)	('>50', 7.248001195546588)	('>100', 34.19263244414556)	('>500', 19.031607262945528)	('>1k', 29.08914294253904)	('>5k', 0.0)	('>10k+', 0.0)
SRR525059	(1.0, 0.6972500977453407)	(2.0, 0.31278509057734916)	(3.0, 0.31278509057734916)	(4.0, 0.33885051479212824)	(5.0, 0.19549068161084324)	(6.0, 0.23458881793301184)	(7.0, 0.22807246187931707)	(8.0, 0.05213084842955819)	(9.0, 0.23458881793301184)	('>10', 4.958946956861722)	('>50', 4.150918806203571)	('>100', 32.692558321386684)	('>500', 9.605108823146097)	('>1k', 0.0)	('>5k', 45.985924670924014)	('>10k+', 0.0)
SRR525060	(1.0, 0.8838809796909789)	(2.0, 0.43181971526887525)	(3.0, 0.384589433911342)	(4.0, 0.3508535186559611)	(5.0, 0.16867957627690439)	(6.0, 0.24289858983874232)	(7.0, 0.09446056271506646)	(8.0, 0.21590985763443762)	(9.0, 0.36434788475811347)	('>10', 5.229066864584036)	('>50', 3.2251534984144117)	('>100', 30.85486809257135)	('>500', 4.378921800148438)	('>1k', 10.066797112205654)	('>5k', 43.107752513325686)	('>10k+', 0.0)
SRR525061	(1.0, 0.8336353751359188)	(2.0, 0.3624501631025734)	(3.0, 0.3080826386371874)	(4.0, 0.1691434094478676)	(5.0, 0.30204180258547786)	(6.0, 0.25371511417180137)	(7.0, 0.21142926180983448)	(8.0, 0.24163344206838225)	(9.0, 0.27183762232693004)	('>10', 3.2499697958197413)	('>50', 3.3103781563368373)	('>100', 26.362208529660503)	('>500', 10.438564697354114)	('>1k', 0.0)	('>5k', 53.68490999154283)	('>10k+', 0.0)
SRR525062	(1.0, 1.1366962630500537)	(2.0, 0.4878524734120402)	(3.0, 0.2780759098448629)	(4.0, 0.39028197872963216)	(5.0, 0.14635574202361204)	(6.0, 0.17562689042833446)	(7.0, 0.23904771197189972)	(8.0, 0.15611279149185286)	(9.0, 0.08781344521416723)	('>10', 2.897843692067519)	('>50', 3.8491560152209976)	('>100', 25.2756366474778)	('>500', 17.533417894428723)	('>1k', 13.367157771489902)	('>5k', 33.9789247731486)	('>10k+', 0.0)
SRR525063	(1.0, 0.9987871869872298)	(2.0, 0.6278090889634016)	(3.0, 0.3424413212527645)	(4.0, 0.25683099093957334)	(5.0, 0.21402582578297782)	(6.0, 0.21402582578297782)	(7.0, 0.14981807804808447)	(8.0, 0.17122066062638225)	(9.0, 0.19262324320468005)	('>10', 5.207961760719127)	('>50', 3.895270029250196)	('>100', 28.137261896268818)	('>500', 4.615823642719555)	('>1k', 9.559820218306342)	('>5k', 45.416280231147894)	('>10k+', 0.0)
SRR525064	(1.0, 0.9391389193804122)	(2.0, 0.5854372484449323)	(3.0, 0.5854372484449323)	(4.0, 0.4878643737041103)	(5.0, 0.24393218685205514)	(6.0, 0.14635931211123307)	(7.0, 0.0853762653982193)	(8.0, 0.09757287474082205)	(9.0, 0.5488474204171241)	('>10', 5.903158921819735)	('>50', 5.26893523600439)	('>100', 38.51689230393951)	('>500', 6.525185998292475)	('>1k', 40.065861690450056)	('>5k', 0.0)	('>10k+', 0.0)
SRR525066	(1.0, 0.7880521131236098)	(2.0, 0.3813155386081983)	(3.0, 0.3813155386081983)	(4.0, 0.1525262154432793)	(5.0, 0.2542103590721322)	(6.0, 0.1525262154432793)	(7.0, 0.17794725135049252)	(8.0, 0.20336828725770578)	(9.0, 0.11439466158245949)	('>10', 3.5017476962186214)	('>50', 3.870352716873213)	('>100', 22.859866539561487)	('>500', 21.684143628852876)	('>1k', 0.0)	('>5k', 45.47823323800445)	('>10k+', 0.0)
SRR525067	(1.0, 0.8298465829846583)	(2.0, 0.41841004184100417)	(3.0, 0.2719665271966527)	(4.0, 0.2510460251046025)	(5.0, 0.3138075313807531)	(6.0, 0.20920502092050208)	(7.0, 0.3905160390516039)	(8.0, 0.16736401673640167)	(9.0, 0.12552301255230125)	('>10', 3.9958158995815904)	('>50', 2.928870292887029)	('>100', 17.217573221757323)	('>500', 10.571827057182706)	('>1k', 8.688981868898187)	('>5k', 53.61924686192469)	('>10k+', 0.0)
SRR525068	(1.0, 1.095037170986538)	(2.0, 0.5224030540486236)	(3.0, 0.19590114526823388)	(4.0, 0.3214788024914607)	(5.0, 0.276270845891099)	(6.0, 0.1506931886678722)	(7.0, 0.35161744022503516)	(8.0, 0.08036970062286518)	(9.0, 0.09041591320072333)	('>10', 4.917621056861563)	('>50', 2.8430781595338557)	('>100', 23.025919228450874)	('>500', 10.95539481615431)	('>1k', 26.597347799879444)	('>5k', 28.5764516777175)	('>10k+', 0.0)
SRR525069	(1.0, 0.46479492494190067)	(2.0, 0.25909176559261354)	(3.0, 0.17194271716600715)	(4.0, 0.12247974373469003)	(5.0, 0.11776898436027887)	(6.0, 0.0423968343697004)	(7.0, 0.06595063124175617)	(8.0, 0.10049619998743796)	(9.0, 0.09892594686263426)	('>10', 1.5050876201243641)	('>50', 0.953928773318259)	('>100', 5.458984988380127)	('>500', 1.8874442560140696)	('>1k', 29.753156208780858)	('>5k', 0.0)	('>10k+', 58.99755040512531)
SRR525070	(1.0, 0.7480916030534351)	(2.0, 0.549618320610687)	(3.0, 0.32061068702290074)	(4.0, 0.24427480916030536)	(5.0, 0.22900763358778628)	(6.0, 0.183206106870229)	(7.0, 0.1068702290076336)	(8.0, 0.24427480916030536)	(9.0, 0.2748091603053435)	('>10', 6.458015267175572)	('>50', 5.114503816793893)	('>100', 14.80916030534351)	('>500', 0.0)	('>1k', 70.71755725190839)	('>5k', 0.0)	('>10k+', 0.0)
SRR525071	(1.0, 0.6732201370271075)	(2.0, 0.4051236222817992)	(3.0, 0.2680965147453083)	(4.0, 0.28596961572832885)	(5.0, 0.20851951146857312)	(6.0, 0.10723860589812334)	(7.0, 0.12511170688114387)	(8.0, 0.28596961572832885)	(9.0, 0.05361930294906167)	('>10', 1.8945487042001787)	('>50', 6.583258862079237)	('>100', 14.655942806076855)	('>500', 9.466785820673222)	('>1k', 8.370568960381293)	('>5k', 56.61602621388144)	('>10k+', 0.0)
SRR525072	(1.0, 0.808811791624541)	(2.0, 0.3299100728994839)	(3.0, 0.33523120310754007)	(4.0, 0.23412972915447242)	(5.0, 0.3724791145639334)	(6.0, 0.15963390624168572)	(7.0, 0.2607353801947534)	(8.0, 0.12770712499334858)	(9.0, 0.04789017187250572)	('>10', 4.240940775820784)	('>50', 4.054701218538818)	('>100', 25.97243654552227)	('>500', 8.247751822487096)	('>1k', 5.613792369499282)	('>5k', 49.19384877347949)	('>10k+', 0.0)
SRR525074	(1.0, 1.0034308481204117)	(2.0, 0.3615302320433836)	(3.0, 0.3320175600398421)	(4.0, 0.23610137602833214)	(5.0, 0.12911794001549415)	(6.0, 0.13280702401593686)	(7.0, 0.051647176006197656)	(8.0, 0.23610137602833214)	(9.0, 0.2988158040358579)	('>10', 4.275648356513078)	('>50', 4.117017744494042)	('>100', 19.961633526395396)	('>500', 11.288597041354631)	('>1k', 9.606374737152764)	('>5k', 0.0)	('>10k+', 47.9691592577563)
SRR525075	(1.0, 1.0954502300445483)	(2.0, 0.5112101073541225)	(3.0, 0.28481705981158256)	(4.0, 0.4966041042868619)	(5.0, 0.4016650843496677)	(6.0, 0.043818009201781936)	(7.0, 0.25560505367706127)	(8.0, 0.11684802453808514)	(9.0, 0.39436208281603735)	('>10', 7.514788578105601)	('>50', 5.937340246841452)	('>100', 26.918863652961367)	('>500', 11.611772438472212)	('>1k', 44.416855327539615)	('>5k', 0.0)	('>10k+', 0.0)
SRR525076	(1.0, 0.80245456691055)	(2.0, 0.48776650145543227)	(3.0, 0.259617654000472)	(4.0, 0.22028164581858234)	(5.0, 0.35402407363700733)	(6.0, 0.14160962945480293)	(7.0, 0.3854928801825191)	(8.0, 0.18881283927307055)	(9.0, 0.14160962945480293)	('>10', 3.0918102430965306)	('>50', 4.791125796554166)	('>100', 27.582408937141057)	('>500', 15.891747305483438)	('>1k', 0.0)	('>5k', 45.661238297537565)	('>10k+', 0.0)
SRR525077	(1.0, 0.7470779612001446)	(2.0, 0.4217375587420171)	(3.0, 0.19881913483552233)	(4.0, 0.21689360163875165)	(5.0, 0.3012411133871551)	(6.0, 0.14459573442583443)	(7.0, 0.21086877937100856)	(8.0, 0.24099289070972407)	(9.0, 0.0)	('>10', 3.7534642728039525)	('>50', 3.9101096517652727)	('>100', 23.032895529581875)	('>500', 14.911435112664176)	('>1k', 6.181467646704422)	('>5k', 45.72840101217014)	('>10k+', 0.0)
SRR525078	(1.0, 1.2675233644859811)	(2.0, 0.46728971962616817)	(3.0, 0.24532710280373832)	(4.0, 0.397196261682243)	(5.0, 0.17523364485981308)	(6.0, 0.24532710280373832)	(7.0, 0.20443925233644858)	(8.0, 0.04672897196261683)	(9.0, 0.052570093457943924)	('>10', 4.608644859813084)	('>50', 5.695093457943925)	('>100', 22.476635514018692)	('>500', 23.125)	('>1k', 40.992990654205606)	('>5k', 0.0)	('>10k+', 0.0)
SRR525079	(1.0, 1.1737943585077344)	(2.0, 0.41856232939035487)	(3.0, 0.4640582347588717)	(4.0, 0.14558689717925388)	(5.0, 0.22747952684258416)	(6.0, 0.1637852593266606)	(7.0, 0.12738853503184713)	(8.0, 0.1091901728844404)	(9.0, 0.0818926296633303)	('>10', 3.0118289353958145)	('>50', 1.8061874431301184)	('>100', 28.9171974522293)	('>500', 14.044585987261145)	('>1k', 49.30846223839854)	('>5k', 0.0)	('>10k+', 0.0)
SRR525080	(1.0, 1.2268704746580852)	(2.0, 0.5765620809868598)	(3.0, 0.4022526146419952)	(4.0, 0.2413515687851971)	(5.0, 0.4357736658621615)	(6.0, 0.16090104585679807)	(7.0, 0.1407884151246983)	(8.0, 0.10726736390453205)	(9.0, 0.18101367658889783)	('>10', 4.478412443014213)	('>50', 2.829176722982033)	('>100', 16.6130329847144)	('>500', 17.41753821399839)	('>1k', 55.18905872888173)	('>5k', 0.0)	('>10k+', 0.0)
SRR525081	(1.0, 1.099873577749684)	(2.0, 0.4804045512010114)	(3.0, 0.49304677623261695)	(4.0, 0.2528445006321113)	(5.0, 0.18963337547408343)	(6.0, 0.07585335018963338)	(7.0, 0.08849557522123894)	(8.0, 0.202275600505689)	(9.0, 0.11378002528445005)	('>10', 7.193426042983566)	('>50', 9.570164348925411)	('>100', 43.742098609355246)	('>500', 19.29203539823009)	('>1k', 17.20606826801517)	('>5k', 0.0)	('>10k+', 0.0)
SRR525082	(1.0, 1.0707128542799884)	(2.0, 0.45805897509304316)	(3.0, 0.3263670197537933)	(4.0, 0.2519324363011738)	(5.0, 0.2004008016032064)	(6.0, 0.10306326939593473)	(7.0, 0.24048096192384769)	(8.0, 0.04580589750930432)	(9.0, 0.10306326939593473)	('>10', 6.3670197537933015)	('>50', 2.7483538505582596)	('>100', 18.831949613512737)	('>500', 34.77812768393931)	('>1k', 34.47466361294016)	('>5k', 0.0)	('>10k+', 0.0)
SRR525083	(1.0, 0.9252210575628037)	(2.0, 0.33963810973824443)	(3.0, 0.2810798149557885)	(4.0, 0.3513497686947356)	(5.0, 0.2635123265210517)	(6.0, 0.10540493060842068)	(7.0, 0.12297241904315745)	(8.0, 0.14053990747789424)	(9.0, 0.158107395912631)	('>10', 6.008081044679979)	('>50', 2.8869239327750775)	('>100', 23.7863793406336)	('>500', 19.728289512209404)	('>1k', 0.0)	('>5k', 44.90250043918721)	('>10k+', 0.0)
SRR525084	(1.0, 1.2907551755929931)	(2.0, 0.5615623166540944)	(3.0, 0.4148855921548906)	(4.0, 0.3184980303411281)	(5.0, 0.14667672449920377)	(6.0, 0.17601206939904449)	(7.0, 0.117341379599363)	(8.0, 0.234682759198726)	(9.0, 0.1131506160422429)	('>10', 4.362584862962032)	('>50', 3.7716872014080964)	('>100', 14.009722571452517)	('>500', 14.131254714609002)	('>1k', 60.35118598608666)	('>5k', 0.0)	('>10k+', 0.0)
SRR525085	(1.0, 1.1015490533562824)	(2.0, 0.5783132530120482)	(3.0, 0.2891566265060241)	(4.0, 0.3304647160068847)	(5.0, 0.2753872633390706)	(6.0, 0.24784853700516352)	(7.0, 0.14457831325301204)	(8.0, 0.11015490533562823)	(9.0, 0.24784853700516352)	('>10', 5.975903614457832)	('>50', 5.845094664371773)	('>100', 32.49569707401033)	('>500', 24.76419965576592)	('>1k', 27.59380378657487)	('>5k', 0.0)	('>10k+', 0.0)
SRR525086	(1.0, 0.6657677397606607)	(2.0, 0.4045171077026799)	(3.0, 0.27810551154559243)	(4.0, 0.16854879487611663)	(5.0, 0.2949603910332041)	(6.0, 0.05056463846283499)	(7.0, 0.17697623461992246)	(8.0, 0.2696780718017866)	(9.0, 0.151693915388505)	('>10', 3.4889600539356143)	('>50', 6.404854205292432)	('>100', 19.43367604921625)	('>500', 16.568346536322267)	('>1k', 8.545423900219113)	('>5k', 43.097926849823025)	('>10k+', 0.0)
SRR525087	(1.0, 0.8925673482635508)	(2.0, 0.42194092827004215)	(3.0, 0.2921129503407984)	(4.0, 0.3029319485015688)	(5.0, 0.16228497241155468)	(6.0, 0.12982797792924375)	(7.0, 0.0378664935626961)	(8.0, 0.0865519852861625)	(9.0, 0.24342745861733206)	('>10', 4.051714811208482)	('>50', 3.364708427999567)	('>100', 23.239208049334632)	('>500', 17.67824299469869)	('>1k', 7.703126690468462)	('>5k', 41.393486963107215)	('>10k+', 0.0)
SRR525088	(1.0, 0.8822425228381929)	(2.0, 0.48804905518708547)	(3.0, 0.31910899762232514)	(4.0, 0.25028156676260793)	(5.0, 0.21899637091728194)	(6.0, 0.3003378801151295)	(7.0, 0.04379927418345639)	(8.0, 0.15016894005756476)	(9.0, 0.16894005756476035)	('>10', 3.660367913903141)	('>50', 2.21499186584908)	('>100', 25.353522713052186)	('>500', 11.581779501939682)	('>1k', 10.117632336378426)	('>5k', 44.24978100362908)	('>10k+', 0.0)
SRR525089	(1.0, 1.2283564500045328)	(2.0, 0.47139878524159184)	(3.0, 0.3263530051672559)	(4.0, 0.2538301151300879)	(5.0, 0.2946242407759949)	(6.0, 0.21756867011150394)	(7.0, 0.06345752878252198)	(8.0, 0.10878433505575197)	(9.0, 0.20397062822953496)	('>10', 3.4221738736288643)	('>50', 3.458435318647448)	('>100', 24.66684797389176)	('>500', 9.468769830477743)	('>1k', 24.422083220016315)	('>5k', 31.39334602483909)	('>10k+', 0.0)
SRR525090	(1.0, 1.1449921658430757)	(2.0, 0.602627455706882)	(3.0, 0.3796552970953357)	(4.0, 0.2169458840544775)	(5.0, 0.2410509822827528)	(6.0, 0.1446305893696517)	(7.0, 0.25310353139689046)	(8.0, 0.1446305893696517)	(9.0, 0.16270941304085815)	('>10', 5.333252983005906)	('>50', 3.1878992406894056)	('>100', 40.641195612872124)	('>500', 12.980595395926239)	('>1k', 34.56671085934675)	('>5k', 0.0)	('>10k+', 0.0)
SRR525091	(1.0, 0.7768529528339279)	(2.0, 0.4280618311533888)	(3.0, 0.40428061831153395)	(4.0, 0.2219579865239794)	(5.0, 0.11890606420927466)	(6.0, 0.23781212841854932)	(7.0, 0.05548949663099485)	(8.0, 0.12683313515655964)	(9.0, 0.1426872770511296)	('>10', 6.856916369401506)	('>50', 5.60443915973048)	('>100', 27.76852952833928)	('>500', 5.921521997621879)	('>1k', 0.0)	('>5k', 51.33571145461752)	('>10k+', 0.0)
SRR525092	(1.0, 0.9096077316657191)	(2.0, 0.3284694586570653)	(3.0, 0.32215273829827556)	(4.0, 0.15160128861095318)	(5.0, 0.3474196197334344)	(6.0, 0.15160128861095318)	(7.0, 0.0)	(8.0, 0.20213505148127092)	(9.0, 0.11370096645821488)	('>10', 4.23220264038911)	('>50', 3.6636978080980356)	('>100', 29.871770576716568)	('>500', 13.517781567809994)	('>1k', 10.567873160255195)	('>5k', 35.61998610321521)	('>10k+', 0.0)
SRR525093	(1.0, 0.9345794392523363)	(2.0, 0.3560302625723186)	(3.0, 0.22887659736791915)	(4.0, 0.22887659736791915)	(5.0, 0.0)	(6.0, 0.15258439824527942)	(7.0, 0.1780151312861593)	(8.0, 0.15258439824527942)	(9.0, 0.0)	('>10', 3.0707610146862483)	('>50', 3.5603026257231862)	('>100', 28.355267340581094)	('>500', 15.309301290609703)	('>1k', 47.47282090406256)	('>5k', 0.0)	('>10k+', 0.0)
SRR525094	(1.0, 1.2070121659162756)	(2.0, 0.45023469681003925)	(3.0, 0.4167065810901427)	(4.0, 0.26822492575917234)	(5.0, 0.11974327042820194)	(6.0, 0.34486061883322155)	(7.0, 0.10058434715968963)	(8.0, 0.07663569307404924)	(9.0, 0.08621515470830539)	('>10', 4.693936200785516)	('>50', 2.303860523038605)	('>100', 20.543155474662324)	('>500', 14.862534725548423)	('>1k', 54.52629562218604)	('>5k', 0.0)	('>10k+', 0.0)
SRR525095	(1.0, 0.7578072480596468)	(2.0, 0.39112632157917254)	(3.0, 0.22000855588828455)	(4.0, 0.29334474118437937)	(5.0, 0.1222269754934914)	(6.0, 0.11000427794414228)	(7.0, 0.085558882845444)	(8.0, 0.04889079019739657)	(9.0, 0.11000427794414228)	('>10', 3.0495630385626105)	('>50', 2.7562182973782314)	('>100', 15.577828026645479)	('>500', 14.477785247204059)	('>1k', 61.999633319073524)	('>5k', 0.0)	('>10k+', 0.0)
SRR527031	(1.0, 0.8648901355773725)	(2.0, 0.42075736325385693)	(3.0, 0.3856942496493688)	(4.0, 0.2805049088359046)	(5.0, 0.3506311360448808)	(6.0, 0.2805049088359046)	(7.0, 0.16362786348761105)	(8.0, 0.18700327255726976)	(9.0, 0.10518934081346423)	('>10', 6.159420289855073)	('>50', 9.1164095371669)	('>100', 41.841982234689105)	('>500', 12.447405329593268)	('>1k', 27.395979429640015)	('>5k', 0.0)	('>10k+', 0.0)
SRR527032	(1.0, 1.0557888422315536)	(2.0, 0.4559088182363527)	(3.0, 0.3059388122375525)	(4.0, 0.2639472105578884)	(5.0, 0.029994001199760045)	(6.0, 0.10797840431913618)	(7.0, 0.08398320335932813)	(8.0, 0.19196160767846432)	(9.0, 0.2699460107978404)	('>10', 3.329334133173365)	('>50', 2.7414517096580684)	('>100', 25.998800239952008)	('>500', 19.13617276544691)	('>1k', 46.02879424115177)	('>5k', 0.0)	('>10k+', 0.0)
SRR527033	(1.0, 0.8727933335966195)	(2.0, 0.34753761699774893)	(3.0, 0.34358832589550176)	(4.0, 0.18956597290786303)	(5.0, 0.25670392164606454)	(6.0, 0.18956597290786303)	(7.0, 0.1105801508629201)	(8.0, 0.09478298645393152)	(9.0, 0.03554361992022432)	('>10', 4.640417045140397)	('>50', 2.8750839224359224)	('>100', 17.79945499782789)	('>500', 24.04328423048063)	('>1k', 10.714426760396508)	('>5k', 37.486671142529914)	('>10k+', 0.0)
SRR527034	(1.0, 1.2176123319121024)	(2.0, 0.5165628074778615)	(3.0, 0.45506723515906855)	(4.0, 0.1639881928501148)	(5.0, 0.2049852410626435)	(6.0, 0.19678583142013775)	(7.0, 0.14348966874385044)	(8.0, 0.13119055428009183)	(9.0, 0.22138406034765498)	('>10', 4.653164972122007)	('>50', 5.337815677271236)	('>100', 13.139553952115449)	('>500', 12.180223023942276)	('>1k', 37.31141357822237)	('>5k', 24.126762873073137)	('>10k+', 0.0)
SRR527035	(1.0, 1.2)	(2.0, 0.5377049180327869)	(3.0, 0.4131147540983607)	(4.0, 0.36721311475409835)	(5.0, 0.19672131147540983)	(6.0, 0.39344262295081966)	(7.0, 0.4131147540983607)	(8.0, 0.15737704918032785)	(9.0, 0.05901639344262295)	('>10', 6.6491803278688515)	('>50', 4.052459016393443)	('>100', 35.71147540983606)	('>500', 19.167213114754098)	('>1k', 30.681967213114753)	('>5k', 0.0)	('>10k+', 0.0)
SRR527036	(1.0, 1.109669981265312)	(2.0, 0.3746937599077677)	(3.0, 0.5188067444876783)	(4.0, 0.4611615506557141)	(5.0, 0.14411298457991065)	(6.0, 0.25940337224383914)	(7.0, 0.5043954460296872)	(8.0, 0.11529038766392853)	(9.0, 0.38910505836575876)	('>10', 10.28966709900562)	('>50', 4.409857328145266)	('>100', 42.787145121775474)	('>500', 9.007061536244414)	('>1k', 29.629629629629626)	('>5k', 0.0)	('>10k+', 0.0)
SRR527037	(1.0, 0.8891559026734756)	(2.0, 0.5046560528687294)	(3.0, 0.23430459597476722)	(4.0, 0.31240612796635625)	(5.0, 0.24031240612796637)	(6.0, 0.2523280264343647)	(7.0, 0.3364373685791529)	(8.0, 0.09612496245118654)	(9.0, 0.054070291378792434)	('>10', 3.820967257434665)	('>50', 5.533193151096425)	('>100', 25.37699008711325)	('>500', 26.127966356263144)	('>1k', 36.22108741363773)	('>5k', 0.0)	('>10k+', 0.0)
SRR527038	(1.0, 1.0866302455424146)	(2.0, 0.4082367773308519)	(3.0, 0.43225070540913724)	(4.0, 0.3602089211742811)	(5.0, 0.21012187068499727)	(6.0, 0.3962298132917092)	(7.0, 0.25214624482199677)	(8.0, 0.24013928078285407)	(9.0, 0.43225070540913724)	('>10', 3.9262772407996636)	('>50', 3.8242180464669504)	('>100', 21.876688479318005)	('>500', 20.80206519781473)	('>1k', 9.053250885513597)	('>5k', 36.69928558563967)	('>10k+', 0.0)
SRR527039	(1.0, 1.3762848909724312)	(2.0, 0.48169971184035093)	(3.0, 0.3483721130273967)	(4.0, 0.24084985592017547)	(5.0, 0.3440712227431078)	(6.0, 0.2064427336458647)	(7.0, 0.27095608791019743)	(8.0, 0.1720356113715539)	(9.0, 0.07741602511719926)	('>10', 5.436325319341104)	('>50', 5.870715238054277)	('>100', 22.58827577308503)	('>500', 21.72809771622726)	('>1k', 40.858457700744054)	('>5k', 0.0)	('>10k+', 0.0)
SRR527040	(1.0, 1.2802476083286438)	(2.0, 0.5346088913899831)	(3.0, 0.5064715813168261)	(4.0, 0.28137310073157007)	(5.0, 0.24620146314012378)	(6.0, 0.21102982554867755)	(7.0, 0.24620146314012378)	(8.0, 0.3376477208778841)	(9.0, 0.3798536859876196)	('>10', 7.878446820483961)	('>50', 6.619302194710186)	('>100', 32.5267304445695)	('>500', 13.984243106359031)	('>1k', 34.96764209341587)	('>5k', 0.0)	('>10k+', 0.0)
SRR527041	(1.0, 0.851063829787234)	(2.0, 1.0981468771448182)	(3.0, 0.49416609471516815)	(4.0, 0.27453671928620454)	(5.0, 0.41180507892930684)	(6.0, 0.6588881262868909)	(7.0, 0.3843514070006863)	(8.0, 0.6588881262868909)	(9.0, 0.0)	('>10', 10.95401509951956)	('>50', 5.092656142759093)	('>100', 33.93273850377488)	('>500', 8.52436513383665)	('>1k', 36.66437886067261)	('>5k', 0.0)	('>10k+', 0.0)
SRR527042	(1.0, 1.0037641154328731)	(2.0, 0.6587202007528231)	(3.0, 0.3528858218318695)	(4.0, 0.2509410288582183)	(5.0, 0.3136762860727729)	(6.0, 0.18820577164366373)	(7.0, 0.21957340025094102)	(8.0, 0.06273525721455457)	(9.0, 0.0705771643663739)	('>10', 8.414366373902132)	('>50', 6.869510664993726)	('>100', 28.152446675031367)	('>500', 34.645545796737764)	('>1k', 18.797051442910917)	('>5k', 0.0)	('>10k+', 0.0)
SRR527045	(1.0, 1.0518148116216917)	(2.0, 0.3879644796965256)	(3.0, 0.32330373308043797)	(4.0, 0.18967152340719026)	(5.0, 0.17242865764290025)	(6.0, 0.2069143891714803)	(7.0, 0.4224502112251056)	(8.0, 0.0689714630571601)	(9.0, 0.11638934390895767)	('>10', 5.832399344771101)	('>50', 2.3364083110612985)	('>100', 24.364169324941805)	('>500', 23.90292266574705)	('>1k', 19.018880938011897)	('>5k', 21.6053108026554)	('>10k+', 0.0)
SRR527047	(1.0, 1.138643387735184)	(2.0, 0.498834246055414)	(3.0, 0.3578593504310579)	(4.0, 0.17350756384536137)	(5.0, 0.24399501165753945)	(6.0, 0.26026134576804205)	(7.0, 0.3415930163205552)	(8.0, 0.13013067288402103)	(9.0, 0.3415930163205552)	('>10', 6.132407959659492)	('>50', 5.0588299083663175)	('>100', 20.37087241771946)	('>500', 23.88440058558803)	('>1k', 41.06707151764898)	('>5k', 0.0)	('>10k+', 0.0)
SRR527049	(1.0, 1.0965383788432597)	(2.0, 0.4730165555794453)	(3.0, 0.3225112878950763)	(4.0, 0.48735039059700425)	(5.0, 0.21500752526338424)	(6.0, 0.5160180606321221)	(7.0, 0.2508421128072816)	(8.0, 0.5160180606321221)	(9.0, 0.19350677273704578)	('>10', 8.270622805131513)	('>50', 8.700637855658282)	('>100', 24.91220526051745)	('>500', 30.194223464487923)	('>1k', 23.85150146921809)	('>5k', 0.0)	('>10k+', 0.0)
SRR527056	(1.0, 1.128215942640236)	(2.0, 0.6326444538169549)	(3.0, 0.5061155630535639)	(4.0, 0.25305778152678193)	(5.0, 0.42176296921130324)	(6.0, 0.3795866722901729)	(7.0, 0.2952340784479123)	(8.0, 0.25305778152678193)	(9.0, 0.2846900042176297)	('>10', 9.690004217629692)	('>50', 14.181779839730071)	('>100', 29.881906368620836)	('>500', 16.111345423871786)	('>1k', 25.98059890341628)	('>5k', 0.0)	('>10k+', 0.0)
SRR527058	(1.0, 1.0296722763507529)	(2.0, 0.39858281665190437)	(3.0, 0.33215234720992026)	(4.0, 0.354295837023915)	(5.0, 0.22143489813994688)	(6.0, 0.16607617360496013)	(7.0, 0.2712577502214349)	(8.0, 0.22143489813994688)	(9.0, 0.19929140832595219)	('>10', 6.388396811337467)	('>50', 8.536315323294952)	('>100', 20.394154118689105)	('>500', 16.364038972542073)	('>1k', 45.12289636846767)	('>5k', 0.0)	('>10k+', 0.0)
SRR531179	(1.0, 1.2768455555011986)	(2.0, 0.4109387994716501)	(3.0, 0.42561518516706615)	(4.0, 0.21525365686610246)	(5.0, 0.1712244997798542)	(6.0, 0.11741108556332862)	(7.0, 0.20546939973582504)	(8.0, 0.19568514260554767)	(9.0, 0.04402915708624823)	('>10', 4.275720365931217)	('>50', 3.757154738026516)	('>100', 30.24803091825253)	('>500', 15.028618952106063)	('>1k', 8.081796389609119)	('>5k', 35.546206154297735)	('>10k+', 0.0)
SRR531180	(1.0, 1.0146512136453094)	(2.0, 0.4723376339383337)	(3.0, 0.14432538814782417)	(4.0, 0.17493986442160508)	(5.0, 0.15307238136890444)	(6.0, 0.2099278373059261)	(7.0, 0.21430133391646622)	(8.0, 0.2099278373059261)	(9.0, 0.23616881696916686)	('>10', 3.6387491799693854)	('>50', 3.490050295211021)	('>100', 27.5530286464028)	('>500', 19.584517821998688)	('>1k', 7.544281653181718)	('>5k', 35.359720096216925)	('>10k+', 0.0)
SRR531181	(1.0, 1.075850462796009)	(2.0, 0.5649717514124294)	(3.0, 0.3606202668589975)	(4.0, 0.40870296910686377)	(5.0, 0.27046520014424813)	(6.0, 0.0721240533717995)	(7.0, 0.08414472893376608)	(8.0, 0.144248106743599)	(9.0, 0.10818608005769925)	('>10', 4.261329486717154)	('>50', 2.993148214929679)	('>100', 31.127539367712465)	('>500', 14.743358576752014)	('>1k', 7.957687222021878)	('>5k', 35.8276235124414)	('>10k+', 0.0)
SRR531182	(1.0, 1.0060975609756098)	(2.0, 0.46747967479674796)	(3.0, 0.3048780487804878)	(4.0, 0.2845528455284553)	(5.0, 0.3048780487804878)	(6.0, 0.06097560975609756)	(7.0, 0.2845528455284553)	(8.0, 0.16260162601626016)	(9.0, 0.09146341463414635)	('>10', 6.341463414634147)	('>50', 9.390243902439025)	('>100', 36.73780487804878)	('>500', 8.323170731707318)	('>1k', 36.239837398373986)	('>5k', 0.0)	('>10k+', 0.0)
SRR531183	(1.0, 1.0625)	(2.0, 0.4861111111111111)	(3.0, 0.35416666666666663)	(4.0, 0.33333333333333337)	(5.0, 0.1388888888888889)	(6.0, 0.20833333333333334)	(7.0, 0.0)	(8.0, 0.2777777777777778)	(9.0, 0.3125)	('>10', 4.770833333333333)	('>50', 3.722222222222222)	('>100', 34.11805555555556)	('>500', 12.784722222222221)	('>1k', 41.43055555555556)	('>5k', 0.0)	('>10k+', 0.0)
SRR531184	(1.0, 1.2270167456084735)	(2.0, 0.47738037519113863)	(3.0, 0.3020922686756424)	(4.0, 0.2834445977697385)	(5.0, 0.1491813672472308)	(6.0, 0.22377205087084623)	(7.0, 0.23496065341438854)	(8.0, 0.05967254689889233)	(9.0, 0.16782903815313466)	('>10', 3.0321112892999666)	('>50', 3.24096520344609)	('>100', 20.952523029873568)	('>500', 16.864953567299445)	('>1k', 15.787118188938202)	('>5k', 36.99697907731324)	('>10k+', 0.0)
SRR531185	(1.0, 1.0610079575596816)	(2.0, 0.41881893061566383)	(3.0, 0.2827027781655731)	(4.0, 0.2931732514309647)	(5.0, 0.19195867653217924)	(6.0, 0.16752757224626555)	(7.0, 0.14658662571548234)	(8.0, 0.19544883428730978)	(9.0, 0.21987993857322352)	('>10', 3.0364372469635628)	('>50', 2.680441155940249)	('>100', 20.35110987016613)	('>500', 22.61971241100098)	('>1k', 11.011447717436829)	('>5k', 0.0)	('>10k+', 37.323747033365905)
SRR531186	(1.0, 1.0465603051304713)	(2.0, 0.4930461881947998)	(3.0, 0.32094516024001113)	(4.0, 0.22326619842783385)	(5.0, 0.18605516535652822)	(6.0, 0.19535792362435464)	(7.0, 0.2604772314991395)	(8.0, 0.14884413228522256)	(9.0, 0.12558723661565654)	('>10', 3.6373784827201265)	('>50', 3.5583050374436023)	('>100', 30.982836410995862)	('>500', 13.702962928508303)	('>1k', 7.460812130796782)	('>5k', 37.65756546816131)	('>10k+', 0.0)
SRR531187	(1.0, 0.9326776326945905)	(2.0, 0.32219772765813126)	(3.0, 0.35611327793793457)	(4.0, 0.23740885195862302)	(5.0, 0.381549940647787)	(6.0, 0.1526199762591148)	(7.0, 0.17805663896896728)	(8.0, 0.2034933016788197)	(9.0, 0.0)	('>10', 5.884347973545871)	('>50', 4.722740376462608)	('>100', 41.62285908088859)	('>500', 0.0)	('>1k', 45.00593522129896)	('>5k', 0.0)	('>10k+', 0.0)
SRR531188	(1.0, 1.1624476308491178)	(2.0, 0.601876438307665)	(3.0, 0.3009382191538325)	(4.0, 0.3068389685490057)	(5.0, 0.23602997580692747)	(6.0, 0.14161798548415647)	(7.0, 0.2891367203634862)	(8.0, 0.047205995161385496)	(9.0, 0.10621348911311736)	('>10', 3.953502094766035)	('>50', 3.953502094766035)	('>100', 34.295155484746566)	('>500', 11.058004366554552)	('>1k', 7.676874963120316)	('>5k', 35.87065557325781)	('>10k+', 0.0)
SRR531189	(1.0, 1.0408298697216303)	(2.0, 0.3841989451992595)	(3.0, 0.3143445915266669)	(4.0, 0.18162131954874086)	(5.0, 0.17463588418148163)	(6.0, 0.2305193671195557)	(7.0, 0.17114316649785197)	(8.0, 0.08382522440711117)	(9.0, 0.2200412140686668)	('>10', 3.814047710523558)	('>50', 2.1759631169012605)	('>100', 17.295937969333938)	('>500', 18.197059131710382)	('>1k', 6.021445286577485)	('>5k', 0.0)	('>10k+', 49.69438720268241)
SRR531190	(1.0, 0.8475685581517114)	(2.0, 0.3599712023038157)	(3.0, 0.23561751423522484)	(4.0, 0.23561751423522484)	(5.0, 0.17998560115190784)	(6.0, 0.21598272138228944)	(7.0, 0.09162903331369854)	(8.0, 0.1570783428234832)	(9.0, 0.26506970351462794)	('>10', 3.7077033837293016)	('>50', 2.9648537207932457)	('>100', 19.08174618757772)	('>500', 16.13325479416192)	('>1k', 5.874075528503174)	('>5k', 0.0)	('>10k+', 49.64984619412265)
SRR531191	(1.0, 0.9003677558439362)	(2.0, 0.4649786532527371)	(3.0, 0.13949359597582112)	(4.0, 0.2536247199560384)	(5.0, 0.21135393329669866)	(6.0, 0.2536247199560384)	(7.0, 0.2663059559538403)	(8.0, 0.20289977596483072)	(9.0, 0.07608741598681151)	('>10', 4.269349452593313)	('>50', 1.775373039692269)	('>100', 23.09675783066323)	('>500', 12.26698228854039)	('>1k', 5.985543390962506)	('>5k', 0.0)	('>10k+', 49.83725747136154)
SRR531192	(1.0, 0.7872210333231427)	(2.0, 0.36686028737389176)	(3.0, 0.20635891164781411)	(4.0, 0.2751452155304189)	(5.0, 0.45857535921736475)	(6.0, 0.32100275145215534)	(7.0, 0.21400183430143688)	(8.0, 0.12228676245796392)	(9.0, 0.20635891164781411)	('>10', 4.98318557016203)	('>50', 4.0966065423417914)	('>100', 32.283705288902475)	('>500', 6.137266890859064)	('>1k', 0.0)	('>5k', 49.54142464078263)	('>10k+', 0.0)
SRR531193	(1.0, 0.8208594881699662)	(2.0, 0.5150490906164494)	(3.0, 0.17704812489940447)	(4.0, 0.3219056816352809)	(5.0, 0.26825473469606737)	(6.0, 0.35409624979880894)	(7.0, 0.26288964000214604)	(8.0, 0.17168303020548314)	(9.0, 0.1931434089811685)	('>10', 3.9809002628896404)	('>50', 2.848865282472236)	('>100', 31.187295455764797)	('>500', 3.5570577820698537)	('>1k', 5.842588121680348)	('>5k', 49.49836364611836)	('>10k+', 0.0)
SRR531194	(1.0, 1.1619718309859155)	(2.0, 0.6455399061032864)	(3.0, 0.28169014084507044)	(4.0, 0.3051643192488263)	(5.0, 0.3814553990610329)	(6.0, 0.21126760563380279)	(7.0, 0.16431924882629106)	(8.0, 0.42253521126760557)	(9.0, 0.2640845070422535)	('>10', 4.160798122065728)	('>50', 2.7112676056338025)	('>100', 32.65845070422535)	('>500', 9.330985915492958)	('>1k', 0.0)	('>5k', 47.30046948356807)	('>10k+', 0.0)
SRR531195	(1.0, 0.8557912082070909)	(2.0, 0.5315473342901185)	(3.0, 0.35082124063147824)	(4.0, 0.2551427204592569)	(5.0, 0.23919630043055334)	(6.0, 0.12757136022962845)	(7.0, 0.2232498804018498)	(8.0, 0.12757136022962845)	(9.0, 0.143517780258332)	('>10', 5.517461329931431)	('>50', 2.445117737734545)	('>100', 32.81241694572902)	('>500', 3.1201828522829955)	('>1k', 6.479562004996545)	('>5k', 46.77084994418753)	('>10k+', 0.0)
SRR531196	(1.0, 1.0815250872749675)	(2.0, 0.49284687521390924)	(3.0, 0.2258881511397084)	(4.0, 0.27380381956328287)	(5.0, 0.4107057293449244)	(6.0, 0.24642343760695462)	(7.0, 0.287494010541447)	(8.0, 0.16428229173796977)	(9.0, 0.061605859401738655)	('>10', 5.037990279964406)	('>50', 2.8338695324799783)	('>100', 31.610650968581012)	('>500', 10.247107947155863)	('>1k', 0.0)	('>5k', 47.025806009993836)	('>10k+', 0.0)
SRR531197	(1.0, 1.079913606911447)	(2.0, 0.38649539615778106)	(3.0, 0.37512788450608164)	(4.0, 0.40923041946117994)	(5.0, 0.22735023303398885)	(6.0, 0.20461520973058997)	(7.0, 0.1591451631237922)	(8.0, 0.27282027964078664)	(9.0, 0.10230760486529498)	('>10', 6.820506991019666)	('>50', 6.809139479367967)	('>100', 29.930658178924634)	('>500', 6.1384562919176995)	('>1k', 47.084233261339094)	('>5k', 0.0)	('>10k+', 0.0)
SRR531198	(1.0, 1.088699468309562)	(2.0, 0.45573466115283995)	(3.0, 0.45573466115283995)	(4.0, 0.3713393535319436)	(5.0, 0.3797788842940332)	(6.0, 0.20254873829015108)	(7.0, 0.3544602920077644)	(8.0, 0.06751624609671703)	(9.0, 0.15191155371761328)	('>10', 5.831715756603932)	('>50', 3.8146679044645118)	('>100', 33.84251835597941)	('>500', 5.907671533462739)	('>1k', 0.0)	('>5k', 47.07570259093594)	('>10k+', 0.0)
SRR531227	(1.0, 1.101261195393895)	(2.0, 0.4386766587461159)	(3.0, 0.37013343081703526)	(4.0, 0.27417291171632246)	(5.0, 0.2056296837872418)	(6.0, 0.21933832937305794)	(7.0, 0.1599341985011881)	(8.0, 0.07311277645768598)	(9.0, 0.16450374702979345)	('>10', 3.842990312557119)	('>50', 3.993785414001097)	('>100', 23.62456589288978)	('>500', 22.189727654907696)	('>1k', 7.590020106013526)	('>5k', 35.752147687808446)	('>10k+', 0.0)
SRR531228	(1.0, 1.1004503622478952)	(2.0, 0.5326023105541413)	(3.0, 0.2467201879772861)	(4.0, 0.3602897983160368)	(5.0, 0.15664773839827686)	(6.0, 0.35245741139612297)	(7.0, 0.19189347953788916)	(8.0, 0.18797728607793224)	(9.0, 0.0352457411396123)	('>10', 3.5402388878010576)	('>50', 3.1603681221852358)	('>100', 23.540238887801056)	('>500', 22.52986097513217)	('>1k', 7.307616996279616)	('>5k', 36.75739181515567)	('>10k+', 0.0)
SRR531229	(1.0, 0.7799161881111284)	(2.0, 0.40353872419680276)	(3.0, 0.17460810181592426)	(4.0, 0.3259351233897253)	(5.0, 0.25221170262300174)	(6.0, 0.23281080242123234)	(7.0, 0.16296756169486265)	(8.0, 0.06208288064566196)	(9.0, 0.0698432407263697)	('>10', 3.9539034611205963)	('>50', 1.8469656992084433)	('>100', 25.422939624398573)	('>500', 10.542449169641472)	('>1k', 5.482694397020022)	('>5k', 0.0)	('>10k+', 50.287133322986186)
SRR531230	(1.0, 1.122342797680987)	(2.0, 0.5500222982012785)	(3.0, 0.31217481789802287)	(4.0, 0.2378474803032555)	(5.0, 0.3344730191764531)	(6.0, 0.17838561022744165)	(7.0, 0.15608740894901144)	(8.0, 0.17838561022744165)	(9.0, 0.13378920767058122)	('>10', 5.2698082354690055)	('>50', 5.247510034190575)	('>100', 29.061988999554032)	('>500', 10.197710718002082)	('>1k', 0.0)	('>5k', 47.019473762449834)	('>10k+', 0.0)
