Sample	fastqc-percent_duplicates	fastqc-percent_gc	fastqc-avg_sequence_length	fastqc-median_sequence_length	fastqc-percent_fails	fastqc-total_sequences
SRR525049	98.13016027197669	53.0	477.3727537639631	509	40.0	0.016472
SRR525050	97.87048635695224	53.0	457.09103534665866	504	40.0	0.018361
SRR525051	98.17230730446839	53.0	402.7548055713115	429	30.0	0.015867
SRR525052	97.82739891369945	52.0	461.04088714544355	489	40.0	0.006627999999999999
SRR525053	98.35472789730609	53.0	451.05110588802506	489	30.0	0.016593
SRR525056	98.24089032489678	53.0	476.79815113983125	509	40.0	0.016713
SRR525057	97.80425531914894	53.0	459.09409929078015	509	40.0	0.017625
SRR525058	97.61637898826869	54.0	399.8224986923709	424	30.0	0.013382999999999999
SRR525059	98.3709109865763	53.0	453.48168903948914	494	40.0	0.015345999999999999
SRR525060	98.07030564739222	53.0	448.87015046218204	494	40.0	0.014820999999999999
SRR525061	98.30856590552132	52.0	472.67464057025495	509	40.0	0.016554
SRR525062	97.98029076007415	53.0	457.8793296907015	509	40.0	0.020498
SRR525063	97.94535207248342	53.0	405.55785831490334	434	50.0	0.014017
SRR525064	97.73143066227588	53.0	460.7140504939627	489	40.0	0.008199
SRR525066	98.39847473784556	52.0	445.05716555449635	489	40.0	0.015735
SRR525067	98.27754532775454	52.0	476.64539748953973	509	40.0	0.014339999999999999
SRR525068	97.97568816556158	54.0	461.5623116335142	504	40.0	0.019908
SRR525069	99.13793103448276	53.0	395.52407983166887	429	40.0	0.12736799999999998
SRR525070	98.2442748091603	52.0	460.3137404580153	504	40.0	0.006549999999999999
SRR525071	98.5820673220137	53.0	440.279654453381	489	30.0	0.016784999999999998
SRR525072	98.3238439844623	53.0	479.2036130474113	509	30.0	0.018793
SRR525074	98.17759250378131	53.0	458.1489652119379	509	40.0	0.027107
SRR525075	97.70685751844007	54.0	403.90097129920395	434	30.0	0.013692999999999999
SRR525076	98.23774683345134	53.0	463.32794430021244	504	40.0	0.012711
SRR525077	98.40944692131582	53.0	452.7959392697915	494	40.0	0.016597999999999998
SRR525078	97.77453271028037	54.0	479.0438668224299	509	30.0	0.01712
SRR525079	98.0027297543221	54.0	461.2450864422202	509	30.0	0.02198
SRR525080	97.8010190399571	53.0	404.1357602574417	434	30.0	0.014915999999999999
SRR525081	97.67383059418458	53.0	466.95461441213655	494	30.0	0.00791
SRR525082	98.0017177211566	53.0	450.5574291440023	489	40.0	0.017464999999999998
SRR525083	98.1495578848744	54.0	479.66285061779	509	40.0	0.017077
SRR525084	97.73698767915513	55.0	460.3384670186908	504	40.0	0.023861999999999998
SRR525085	97.75559380378658	54.0	403.2764888123924	424	30.0	0.014525
SRR525086	98.51677060509017	53.0	460.34173268161135	494	40.0	0.011866
SRR525087	98.2527317970356	53.0	441.27182732878936	484	40.0	0.018486
SRR525088	98.21674383681642	52.0	477.3583406332124	509	40.0	0.015982
SRR525089	97.87870546641284	53.0	456.1026425528057	504	40.0	0.022062
SRR525090	97.7582258647704	54.0	404.89035193443414	434	30.0	0.016593999999999998
SRR525091	98.20848196591359	53.0	459.0124058660325	494	40.0	0.012615
SRR525092	98.25658518097404	52.0	447.09361379571726	484	30.0	0.015830999999999998
SRR525093	98.33428698582236	53.0	475.0957149214826	509	40.0	0.015729
SRR525094	97.9020979020979	52.0	453.13217262189863	489	40.0	0.020878
SRR525095	98.54549899162745	51.0	402.37221169712154	424	40.0	0.016363
SRR527031	97.9312762973352	53.0	461.95418419822346	494	40.0	0.008556
SRR527032	98.09838032393522	53.0	449.0030293941212	484	30.0	0.01667
SRR527033	98.3491963192607	54.0	474.2804194147151	509	40.0	0.025321
SRR527034	97.83125614955723	54.0	458.04575270580517	489	30.0	0.024392
SRR527035	97.6327868852459	54.0	406.0264262295082	434	30.0	0.01525
SRR527036	97.50684536676755	53.0	464.694336359706	489	40.0	0.006939
SRR527037	98.13757885250826	54.0	451.9008711324722	494	30.0	0.016645
SRR527038	97.86876388305217	52.0	472.06576814552443	509	40.0	0.016656999999999998
SRR527039	97.59150144079824	53.0	458.10565136983354	509	30.0	0.023250999999999997
SRR527040	97.43247045582443	53.0	406.28629712999435	434	30.0	0.014216
SRR527041	97.26835964310226	54.0	463.4433768016472	494	40.0	0.007285
SRR527042	97.6866373902133	53.0	453.0743412797992	494	40.0	0.012752
SRR527045	97.99982757134235	53.0	474.72889904302093	509	40.0	0.023198
SRR527047	97.78235644960148	53.0	464.95871062191617	504	40.0	0.018442999999999998
SRR527049	97.53458037697986	53.0	412.245287751738	434	30.0	0.013953
SRR527056	97.24799662589625	54.0	462.16596372838467	484	30.0	0.009484
SRR527058	97.88529672276351	53.0	449.23870682019486	489	30.0	0.018064
SRR531179	97.8376791742087	53.0	458.44662687735433	504	30.0	0.020440999999999997
SRR531180	98.15001093374153	53.0	398.3368467089438	424	30.0	0.022865
SRR531181	97.89037143887487	53.0	400.7529150138238	424	30.0	0.016638
SRR531182	97.83536585365853	53.0	463.854674796748	494	30.0	0.00984
SRR531183	97.90972222222223	53.0	446.67083333333335	484	30.0	0.0144
SRR531184	97.93383806362586	53.0	452.013873867154	509	30.0	0.026813
SRR531185	98.12927544325004	53.0	393.3841093117409	424	30.0	0.028652
SRR531186	98.05572352202428	53.0	395.9842550816317	429	30.0	0.021499
SRR531187	98.01594030863151	53.0	458.6016618619637	494	30.0	0.011793999999999999
SRR531188	97.81672272378592	53.0	440.4522039298991	484	30.0	0.016947
SRR531189	98.19077223987985	53.0	454.4911983514373	504	40.0	0.028631
SRR531190	98.40303684796126	53.0	394.17029910334446	424	40.0	0.030558
SRR531191	98.2584435896352	53.0	395.24764340364374	424	40.0	0.023656999999999997
SRR531192	98.23448486701315	53.0	458.8991898501987	489	40.0	0.013084
SRR531193	98.23488384569988	53.0	440.11956113525406	489	40.0	0.018639
SRR531194	97.7406103286385	53.0	458.9273767605634	504	40.0	0.01704
SRR531195	98.12363790995587	53.0	400.2513421570191	424	40.0	0.018813
SRR531196	97.90540078034088	53.0	401.4299746731467	424	40.0	0.014608999999999999
SRR531197	97.7264976696601	53.0	463.09452085938386	489	40.0	0.008797
SRR531198	97.78040340957043	53.0	446.19963710017726	484	40.0	0.011849
SRR531227	98.00310729299945	53.0	470.1649150063974	509	30.0	0.021884
SRR531228	97.99882514196202	53.0	463.7640297630703	509	30.0	0.025535
SRR531229	98.44792798385845	53.0	469.45700760515285	509	40.0	0.025772
SRR531230	97.79991080719489	53.0	474.63880630295824	504	40.0	0.013453999999999999
