Sample	0	1	2	3	4	5	6	7	8	9	10	11	12	13	14	15	16	17	18	19	20	21	22	23	24	25	26	27	28	29	30	31	32	33	34	35	36	37	38	39	40	41	42	43	44	45	46	47	48	49	50	51	52	53
SRR2944979	(1, 0.0)	(2, 0.0)	(3, 0.0)	(4, 0.0)	(5, 0.0)	(6, 0.0)	(7, 0.0)	(8, 0.0)	(9, 0.0)	(10, 0.0)	(20, 0.0)	(30, 0.0)	(40, 0.0)	(50, 0.0)	(60, 0.0)	(70, 0.0)	(80, 0.0)	(90, 0.0)	(100, 0.0)	(110, 0.0)	(120, 0.0)	(130, 0.0)	(140, 0.0)	(150, 0.0)	(160, 0.0)	(170, 0.0)	(180, 0.0)	(190, 0.0)	(200, 0.0)	(210, 0.0)	(220, 0.0)	(230, 0.0)	(240, 0.0)	(250, 0.0)	(260, 0.0)	(270, 0.0)	(280, 0.0)	(290, 0.0)	(300, 0.0)	(310, 0.0)	(320, 0.0)	(330, 0.0)	(340, 0.0)	(350, 0.0)	(360, 0.0)	(370, 0.0)	(380, 0.0)	(390, 0.0)	(400, 0.0)	(410, 0.0)	(420, 0.0)	(430, 0.0)	(440, 0.0)	(450, 0.0)
SRR2944980	(1, 0.0)	(2, 0.0)	(3, 0.0)	(4, 0.0)	(5, 0.0)	(6, 0.0)	(7, 0.0)	(8, 0.0)	(9, 0.0)	(10, 0.0)	(20, 0.0)	(30, 0.0)	(40, 0.0)	(50, 0.0)	(60, 0.0)	(70, 0.0)	(80, 0.0)	(90, 0.0)	(100, 0.0)	(110, 0.0)	(120, 0.0)	(130, 0.0)	(140, 0.0)	(150, 0.0)	(160, 0.0)	(170, 0.0)	(180, 0.0)	(190, 0.0)	(200, 0.0)	(210, 0.0)	(220, 0.0)	(230, 0.0)	(240, 0.0)	(250, 0.0)	(260, 0.0)	(270, 0.0)	(280, 0.0)	(290, 0.0)	(300, 0.0)	(310, 0.0)	(320, 0.0)	(330, 0.0)	(340, 0.0)	(350, 0.0)	(360, 0.0)	(370, 0.0)	(380, 0.0)	(390, 0.0)	(400, 0.0)	(410, 0.0)	(420, 0.0)	(430, 0.0)	(440, 0.0)	(450, 0.0)
SRR2944981	(1, 0.0)	(2, 0.0)	(3, 0.0)	(4, 0.0)	(5, 0.0)	(6, 0.0)	(7, 0.0)	(8, 0.0)	(9, 0.0)	(10, 0.0)	(20, 0.0)	(30, 0.0)	(40, 0.0)	(50, 0.0)	(60, 0.0)	(70, 0.0)	(80, 0.0)	(90, 0.0)	(100, 0.0)	(110, 0.0)	(120, 0.0)	(130, 0.0)	(140, 0.0)	(150, 0.0)	(160, 0.0)	(170, 0.0)	(180, 0.0)	(190, 0.0)	(200, 0.0)	(210, 0.0)	(220, 0.0)	(230, 0.0)	(240, 0.0)	(250, 0.0)	(260, 0.0)	(270, 0.0)	(280, 0.0)	(290, 0.0)	(300, 0.0)	(310, 0.0)	(320, 0.0)	(330, 0.0)	(340, 0.0)	(350, 0.0)	(360, 0.0)	(370, 0.0)	(380, 0.0)	(390, 0.0)	(400, 0.0)	(410, 0.0)	(420, 0.0)	(430, 0.0)	(440, 0.0)	(450, 0.0)
SRR2944982	(1, 0.0)	(2, 0.0)	(3, 0.0)	(4, 0.0)	(5, 0.0)	(6, 0.0)	(7, 0.0)	(8, 0.0)	(9, 0.0)	(10, 0.0)	(20, 0.0)	(30, 0.0)	(40, 0.0)	(50, 0.0)	(60, 0.0)	(70, 0.0)	(80, 0.0)	(90, 0.0)	(100, 0.0)	(110, 0.0)	(120, 0.0)	(130, 0.0)	(140, 0.0)	(150, 0.0)	(160, 0.0)	(170, 0.0)	(180, 0.0)	(190, 0.0)	(200, 0.0)	(210, 0.0)	(220, 0.0)	(230, 0.0)	(240, 0.0)	(250, 0.0)	(260, 0.0)	(270, 0.0)	(280, 0.0)	(290, 0.0)	(300, 0.0)	(310, 0.0)	(320, 0.0)	(330, 0.0)	(340, 0.0)	(350, 0.0)	(360, 0.0)	(370, 0.0)	(380, 0.0)	(390, 0.0)	(400, 0.0)					
SRR2944983	(1, 0.0)	(2, 0.0)	(3, 0.0)	(4, 0.0)	(5, 0.0)	(6, 0.0)	(7, 0.0)	(8, 0.0)	(9, 0.0)	(10, 0.0)	(20, 0.0)	(30, 0.0)	(40, 0.0)	(50, 0.0)	(60, 0.0)	(70, 0.0)	(80, 0.0)	(90, 0.0)	(100, 0.0)	(110, 0.0)	(120, 0.0)	(130, 0.0)	(140, 0.0)	(150, 0.0)	(160, 0.0)	(170, 0.0)	(180, 0.0)	(190, 0.0)	(200, 0.0)	(210, 0.0)	(220, 0.0)	(230, 0.0)	(240, 0.0)	(250, 0.0)	(260, 0.0)	(270, 0.0)	(280, 0.0)	(290, 0.0)	(300, 0.0)	(310, 0.0)	(320, 0.0)	(330, 0.0)	(340, 0.0)	(350, 0.0)	(360, 0.0)	(370, 0.0)	(380, 0.0)	(390, 0.0)	(400, 0.0)	(410, 0.0)	(420, 0.0)	(430, 0.0)	(440, 0.0)	(450, 0.0)
SRR2944984	(1, 0.0)	(2, 0.0)	(3, 0.0)	(4, 0.0)	(5, 0.0)	(6, 0.0)	(7, 0.0)	(8, 0.0)	(9, 0.0)	(10, 0.0)	(20, 0.0)	(30, 0.0)	(40, 0.0)	(50, 0.0)	(60, 0.0)	(70, 0.0)	(80, 0.0)	(90, 0.0)	(100, 0.0)	(110, 0.0)	(120, 0.0)	(130, 0.0)	(140, 0.0)	(150, 0.0)	(160, 0.0)	(170, 0.0)	(180, 0.0)	(190, 0.0)	(200, 0.0)	(210, 0.0)	(220, 0.0)	(230, 0.0)	(240, 0.0)	(250, 0.0)	(260, 0.0)	(270, 0.0)	(280, 0.0)	(290, 0.0)	(300, 0.0)	(310, 0.0)	(320, 0.0)	(330, 0.0)	(340, 0.0)	(350, 0.0)	(360, 0.0)	(370, 0.0)	(380, 0.0)	(390, 0.0)	(400, 0.0)	(410, 0.0)	(420, 0.0)	(430, 0.0)	(440, 0.0)	(450, 0.0)
SRR2944985	(1, 0.0)	(2, 0.0)	(3, 0.0)	(4, 0.0)	(5, 0.0)	(6, 0.0)	(7, 0.0)	(8, 0.0)	(9, 0.0)	(10, 0.0)	(20, 0.0)	(30, 0.0)	(40, 0.0)	(50, 0.0)	(60, 0.0)	(70, 0.0)	(80, 0.0)	(90, 0.0)	(100, 0.0)	(110, 0.0)	(120, 0.0)	(130, 0.0)	(140, 0.0)	(150, 0.0)	(160, 0.0)	(170, 0.0)	(180, 0.0)	(190, 0.0)	(200, 0.0)	(210, 0.0)	(220, 0.0)	(230, 0.0)	(240, 0.0)	(250, 0.0)	(260, 0.0)	(270, 0.0)	(280, 0.0)	(290, 0.0)	(300, 0.0)	(310, 0.0)	(320, 0.0)	(330, 0.0)	(340, 0.0)	(350, 0.0)	(360, 0.0)	(370, 0.0)	(380, 0.0)	(390, 0.0)	(400, 0.0)	(410, 0.0)	(420, 0.0)	(430, 0.0)	(440, 0.0)	(450, 0.0)
SRR2944986	(1, 0.0)	(2, 0.0)	(3, 0.0)	(4, 0.0)	(5, 0.0)	(6, 0.0)	(7, 0.0)	(8, 0.0)	(9, 0.0)	(10, 0.0)	(20, 0.0)	(30, 0.0)	(40, 0.0)	(50, 0.0)	(60, 0.0)	(70, 0.0)	(80, 0.0)	(90, 0.0)	(100, 0.0)	(110, 0.0)	(120, 0.0)	(130, 0.0)	(140, 0.0)	(150, 0.0)	(160, 0.0)	(170, 0.0)	(180, 0.0)	(190, 0.0)	(200, 0.0)	(210, 0.0)	(220, 0.0)	(230, 0.0)	(240, 0.0)	(250, 0.0)	(260, 0.0)	(270, 0.0)	(280, 0.0)	(290, 0.0)	(300, 0.0)	(310, 0.0)	(320, 0.0)	(330, 0.0)	(340, 0.0)	(350, 0.0)	(360, 0.0)	(370, 0.0)	(380, 0.0)	(390, 0.0)	(400, 0.0)	(410, 0.0)	(420, 0.0)	(430, 0.0)	(440, 0.0)	(450, 0.0)
SRR2944987	(1, 0.0)	(2, 0.0)	(3, 0.0)	(4, 0.0)	(5, 0.0)	(6, 0.0)	(7, 0.0)	(8, 0.0)	(9, 0.0)	(10, 0.0)	(20, 0.0)	(30, 0.0)	(40, 0.0)	(50, 0.0)	(60, 0.0)	(70, 0.0)	(80, 0.0)	(90, 0.0)	(100, 0.0)	(110, 0.0)	(120, 0.0)	(130, 0.0)	(140, 0.0)	(150, 0.0)	(160, 0.0)	(170, 0.0)	(180, 0.0)	(190, 0.0)	(200, 0.0)	(210, 0.0)	(220, 0.0)	(230, 0.0)	(240, 0.0)	(250, 0.0)	(260, 0.0)	(270, 0.0)	(280, 0.0)	(290, 0.0)	(300, 0.0)	(310, 0.0)	(320, 0.0)	(330, 0.0)	(340, 0.0)	(350, 0.0)	(360, 0.0)	(370, 0.0)	(380, 0.0)	(390, 0.0)	(400, 0.0)	(410, 0.0)	(420, 0.0)	(430, 0.0)	(440, 0.0)	(450, 0.0)
SRR2944988	(1, 0.0)	(2, 0.0)	(3, 0.0)	(4, 0.0)	(5, 0.0)	(6, 0.0)	(7, 0.0)	(8, 0.0)	(9, 0.0)	(10, 0.0)	(20, 0.0)	(30, 0.0)	(40, 0.0)	(50, 0.0)	(60, 0.0)	(70, 0.0)	(80, 0.0)	(90, 0.0)	(100, 0.0)	(110, 0.0)	(120, 0.0)	(130, 0.0)	(140, 0.0)	(150, 0.0)	(160, 0.0)	(170, 0.0)	(180, 0.0)	(190, 0.0)	(200, 0.0)	(210, 0.0)	(220, 0.0)	(230, 0.0)	(240, 0.0)	(250, 0.0)	(260, 0.0)	(270, 0.0)	(280, 0.0)	(290, 0.0)	(300, 0.0)	(310, 0.0)	(320, 0.0)	(330, 0.0)	(340, 0.0)	(350, 0.0)	(360, 0.0)	(370, 0.0)	(380, 0.0)	(390, 0.0)	(400, 0.0)	(410, 0.0)	(420, 0.0)	(430, 0.0)	(440, 0.0)	(450, 0.0)
SRR2944989	(1, 0.0)	(2, 0.0)	(3, 0.0)	(4, 0.0)	(5, 0.0)	(6, 0.0)	(7, 0.0)	(8, 0.0)	(9, 0.0)	(10, 0.0)	(20, 0.0)	(30, 0.0)	(40, 0.0)	(50, 0.0)	(60, 0.0)	(70, 0.0)	(80, 0.0)	(90, 0.0)	(100, 0.0)	(110, 0.0)	(120, 0.0)	(130, 0.0)	(140, 0.0)	(150, 0.0)	(160, 0.0)	(170, 0.0)	(180, 0.0)	(190, 0.0)	(200, 0.0)	(210, 0.0)	(220, 0.0)	(230, 0.0)	(240, 0.0)	(250, 0.0)	(260, 0.0)	(270, 0.0)	(280, 0.0)	(290, 0.0)	(300, 0.0)	(310, 0.0)	(320, 0.0)	(330, 0.0)	(340, 0.0)	(350, 0.0)	(360, 0.0)	(370, 0.0)	(380, 0.0)	(390, 0.0)	(400, 0.0)	(410, 0.0)	(420, 0.0)	(430, 0.0)	(440, 0.0)	(450, 0.0)
SRR2944990	(1, 0.0)	(2, 0.0)	(3, 0.0)	(4, 0.0)	(5, 0.0)	(6, 0.0)	(7, 0.0)	(8, 0.0)	(9, 0.0)	(10, 0.0)	(20, 0.0)	(30, 0.0)	(40, 0.0)	(50, 0.0)	(60, 0.0)	(70, 0.0)	(80, 0.0)	(90, 0.0)	(100, 0.0)	(110, 0.0)	(120, 0.0)	(130, 0.0)	(140, 0.0)	(150, 0.0)	(160, 0.0)	(170, 0.0)	(180, 0.0)	(190, 0.0)	(200, 0.0)	(210, 0.0)	(220, 0.0)	(230, 0.0)	(240, 0.0)	(250, 0.0)	(260, 0.0)	(270, 0.0)	(280, 0.0)	(290, 0.0)	(300, 0.0)	(310, 0.0)	(320, 0.0)	(330, 0.0)	(340, 0.0)	(350, 0.0)	(360, 0.0)	(370, 0.0)	(380, 0.0)	(390, 0.0)	(400, 0.0)	(410, 0.0)	(420, 0.0)	(430, 0.0)	(440, 0.0)	(450, 0.0)
SRR2944991	(1, 0.0)	(2, 0.0)	(3, 0.0)	(4, 0.0)	(5, 0.0)	(6, 0.0)	(7, 0.0)	(8, 0.0)	(9, 0.0)	(10, 0.0)	(20, 0.0)	(30, 0.0)	(40, 0.0)	(50, 0.0)	(60, 0.0)	(70, 0.0)	(80, 0.0)	(90, 0.0)	(100, 0.0)	(110, 0.0)	(120, 0.0)	(130, 0.0)	(140, 0.0)	(150, 0.0)	(160, 0.0)	(170, 0.0)	(180, 0.0)	(190, 0.0)	(200, 0.0)	(210, 0.0)	(220, 0.0)	(230, 0.0)	(240, 0.0)	(250, 0.0)	(260, 0.0)	(270, 0.0)	(280, 0.0)	(290, 0.0)	(300, 0.0)	(310, 0.0)	(320, 0.0)	(330, 0.0)	(340, 0.0)	(350, 0.0)	(360, 0.0)	(370, 0.0)	(380, 0.0)	(390, 0.0)	(400, 0.0)	(410, 0.0)	(420, 0.0)	(430, 0.0)	(440, 0.0)	(450, 0.0)
SRR2944992	(1, 0.0)	(2, 0.0)	(3, 0.0)	(4, 0.0)	(5, 0.0)	(6, 0.0)	(7, 0.0)	(8, 0.0)	(9, 0.0)	(10, 0.0)	(20, 0.0)	(30, 0.0)	(40, 0.0)	(50, 0.0)	(60, 0.0)	(70, 0.0)	(80, 0.0)	(90, 0.0)	(100, 0.0)	(110, 0.0)	(120, 0.0)	(130, 0.0)	(140, 0.0)	(150, 0.0)	(160, 0.0)	(170, 0.0)	(180, 0.0)	(190, 0.0)	(200, 0.0)	(210, 0.0)	(220, 0.0)	(230, 0.0)	(240, 0.0)	(250, 0.0)	(260, 0.0)	(270, 0.0)	(280, 0.0)	(290, 0.0)	(300, 0.0)	(310, 0.0)	(320, 0.0)	(330, 0.0)	(340, 0.0)	(350, 0.0)	(360, 0.0)	(370, 0.0)	(380, 0.0)	(390, 0.0)	(400, 0.0)	(410, 0.0)	(420, 0.0)	(430, 0.0)	(440, 0.0)	(450, 0.0)
SRR2944993	(1, 0.0)	(2, 0.0)	(3, 0.0)	(4, 0.0)	(5, 0.0)	(6, 0.0)	(7, 0.0)	(8, 0.0)	(9, 0.0)	(10, 0.0)	(20, 0.0)	(30, 0.0)	(40, 0.0)	(50, 0.0)	(60, 0.0)	(70, 0.0)	(80, 0.0)	(90, 0.0)	(100, 0.0)	(110, 0.0)	(120, 0.0)	(130, 0.0)	(140, 0.0)	(150, 0.0)	(160, 0.0)	(170, 0.0)	(180, 0.0)	(190, 0.0)	(200, 0.0)	(210, 0.0)	(220, 0.0)	(230, 0.0)	(240, 0.0)	(250, 0.0)	(260, 0.0)	(270, 0.0)	(280, 0.0)	(290, 0.0)	(300, 0.0)	(310, 0.0)	(320, 0.0)	(330, 0.0)	(340, 0.0)	(350, 0.0)	(360, 0.0)	(370, 0.0)	(380, 0.0)	(390, 0.0)	(400, 0.0)	(410, 0.0)	(420, 0.0)	(430, 0.0)	(440, 0.0)	(450, 0.0)
SRR2944994	(1, 0.0)	(2, 0.0)	(3, 0.0)	(4, 0.0)	(5, 0.0)	(6, 0.0)	(7, 0.0)	(8, 0.0)	(9, 0.0)	(10, 0.0)	(20, 0.0)	(30, 0.0)	(40, 0.0)	(50, 0.0)	(60, 0.0)	(70, 0.0)	(80, 0.0)	(90, 0.0)	(100, 0.0)	(110, 0.0)	(120, 0.0)	(130, 0.0)	(140, 0.0)	(150, 0.0)	(160, 0.0)	(170, 0.0)	(180, 0.0)	(190, 0.0)	(200, 0.0)	(210, 0.0)	(220, 0.0)	(230, 0.0)	(240, 0.0)	(250, 0.0)	(260, 0.0)	(270, 0.0)	(280, 0.0)	(290, 0.0)	(300, 0.0)	(310, 0.0)	(320, 0.0)	(330, 0.0)	(340, 0.0)	(350, 0.0)	(360, 0.0)	(370, 0.0)	(380, 0.0)	(390, 0.0)	(400, 0.0)	(410, 0.0)	(420, 0.0)	(430, 0.0)	(440, 0.0)	(450, 0.0)
SRR2944995	(1, 0.0)	(2, 0.0)	(3, 0.0)	(4, 0.0)	(5, 0.0)	(6, 0.0)	(7, 0.0)	(8, 0.0)	(9, 0.0)	(10, 0.0)	(20, 0.0)	(30, 0.0)	(40, 0.0)	(50, 0.0)	(60, 0.0)	(70, 0.0)	(80, 0.0)	(90, 0.0)	(100, 0.0)	(110, 0.0)	(120, 0.0)	(130, 0.0)	(140, 0.0)	(150, 0.0)	(160, 0.0)	(170, 0.0)	(180, 0.0)	(190, 0.0)	(200, 0.0)	(210, 0.0)	(220, 0.0)	(230, 0.0)	(240, 0.0)	(250, 0.0)	(260, 0.0)	(270, 0.0)	(280, 0.0)	(290, 0.0)	(300, 0.0)	(310, 0.0)	(320, 0.0)	(330, 0.0)	(340, 0.0)	(350, 0.0)	(360, 0.0)	(370, 0.0)	(380, 0.0)	(390, 0.0)	(400, 0.0)	(410, 0.0)	(420, 0.0)	(430, 0.0)	(440, 0.0)	(450, 0.0)
SRR2944996	(1, 0.0)	(2, 0.0)	(3, 0.0)	(4, 0.0)	(5, 0.0)	(6, 0.0)	(7, 0.0)	(8, 0.0)	(9, 0.0)	(10, 0.0)	(20, 0.0)	(30, 0.0)	(40, 0.0)	(50, 0.0)	(60, 0.0)	(70, 0.0)	(80, 0.0)	(90, 0.0)	(100, 0.0)	(110, 0.0)	(120, 0.0)	(130, 0.0)	(140, 0.0)	(150, 0.0)	(160, 0.0)	(170, 0.0)	(180, 0.0)	(190, 0.0)	(200, 0.0)	(210, 0.0)	(220, 0.0)	(230, 0.0)	(240, 0.0)	(250, 0.0)	(260, 0.0)	(270, 0.0)	(280, 0.0)	(290, 0.0)	(300, 0.0)	(310, 0.0)	(320, 0.0)	(330, 0.0)	(340, 0.0)	(350, 0.0)	(360, 0.0)	(370, 0.0)	(380, 0.0)	(390, 0.0)	(400, 0.0)	(410, 0.0)	(420, 0.0)	(430, 0.0)	(440, 0.0)	(450, 0.0)
SRR2944997	(1, 0.0)	(2, 0.0)	(3, 0.0)	(4, 0.0)	(5, 0.0)	(6, 0.0)	(7, 0.0)	(8, 0.0)	(9, 0.0)	(10, 0.0)	(20, 0.0)	(30, 0.0)	(40, 0.0)	(50, 0.0)	(60, 0.0)	(70, 0.0)	(80, 0.0)	(90, 0.0)	(100, 0.0)	(110, 0.0)	(120, 0.0)	(130, 0.0)	(140, 0.0)	(150, 0.0)	(160, 0.0)	(170, 0.0)	(180, 0.0)	(190, 0.0)	(200, 0.0)	(210, 0.0)	(220, 0.0)	(230, 0.0)	(240, 0.0)	(250, 0.0)	(260, 0.0)	(270, 0.0)	(280, 0.0)	(290, 0.0)	(300, 0.0)	(310, 0.0)	(320, 0.0)	(330, 0.0)	(340, 0.0)	(350, 0.0)	(360, 0.0)	(370, 0.0)	(380, 0.0)	(390, 0.0)	(400, 0.0)	(410, 0.0)	(420, 0.0)	(430, 0.0)	(440, 0.0)	(450, 0.0)
SRR2944998	(1, 0.0)	(2, 0.0)	(3, 0.0)	(4, 0.0)	(5, 0.0)	(6, 0.0)	(7, 0.0)	(8, 0.0)	(9, 0.0)	(10, 0.0)	(20, 0.0)	(30, 0.0)	(40, 0.0)	(50, 0.0)	(60, 0.0)	(70, 0.0)	(80, 0.0)	(90, 0.0)	(100, 0.0)	(110, 0.0)	(120, 0.0)	(130, 0.0)	(140, 0.0)	(150, 0.0)	(160, 0.0)	(170, 0.0)	(180, 0.0)	(190, 0.0)	(200, 0.0)	(210, 0.0)	(220, 0.0)	(230, 0.0)	(240, 0.0)	(250, 0.0)	(260, 0.0)	(270, 0.0)	(280, 0.0)	(290, 0.0)	(300, 0.0)	(310, 0.0)	(320, 0.0)	(330, 0.0)	(340, 0.0)	(350, 0.0)	(360, 0.0)	(370, 0.0)	(380, 0.0)	(390, 0.0)	(400, 0.0)	(410, 0.0)	(420, 0.0)	(430, 0.0)	(440, 0.0)	(450, 0.0)
SRR2944999	(1, 0.0)	(2, 0.0)	(3, 0.0)	(4, 0.0)	(5, 0.0)	(6, 0.0)	(7, 0.0)	(8, 0.0)	(9, 0.0)	(10, 0.0)	(20, 0.0)	(30, 0.0)	(40, 0.0)	(50, 0.0)	(60, 0.0)	(70, 0.0)	(80, 0.0)	(90, 0.0)	(100, 0.0)	(110, 0.0)	(120, 0.0)	(130, 0.0)	(140, 0.0)	(150, 0.0)	(160, 0.0)	(170, 0.0)	(180, 0.0)	(190, 0.0)	(200, 0.0)	(210, 0.0)	(220, 0.0)	(230, 0.0)	(240, 0.0)	(250, 0.0)	(260, 0.0)	(270, 0.0)	(280, 0.0)	(290, 0.0)	(300, 0.0)	(310, 0.0)	(320, 0.0)	(330, 0.0)	(340, 0.0)	(350, 0.0)	(360, 0.0)	(370, 0.0)	(380, 0.0)	(390, 0.0)	(400, 0.0)	(410, 0.0)	(420, 0.0)	(430, 0.0)	(440, 0.0)	(450, 0.0)
SRR2945000	(1, 0.0)	(2, 0.0)	(3, 0.0)	(4, 0.0)	(5, 0.0)	(6, 0.0)	(7, 0.0)	(8, 0.0)	(9, 0.0)	(10, 0.0)	(20, 0.0)	(30, 0.0)	(40, 0.0)	(50, 0.0)	(60, 0.0)	(70, 0.0)	(80, 0.0)	(90, 0.0)	(100, 0.0)	(110, 0.0)	(120, 0.0)	(130, 0.0)	(140, 0.0)	(150, 0.0)	(160, 0.0)	(170, 0.0)	(180, 0.0)	(190, 0.0)	(200, 0.0)	(210, 0.0)	(220, 0.0)	(230, 0.0)	(240, 0.0)	(250, 0.0)	(260, 0.0)	(270, 0.0)	(280, 0.0)	(290, 0.0)	(300, 0.0)	(310, 0.0)	(320, 0.0)	(330, 0.0)	(340, 0.0)	(350, 0.0)	(360, 0.0)	(370, 0.0)	(380, 0.0)	(390, 0.0)	(400, 0.0)	(410, 0.0)	(420, 0.0)	(430, 0.0)	(440, 0.0)	(450, 0.0)
SRR2945001	(1, 0.0)	(2, 0.0)	(3, 0.0)	(4, 0.0)	(5, 0.0)	(6, 0.0)	(7, 0.0)	(8, 0.0)	(9, 0.0)	(10, 0.0)	(20, 0.0)	(30, 0.0)	(40, 0.0)	(50, 0.0)	(60, 0.0)	(70, 0.0)	(80, 0.0)	(90, 0.0)	(100, 0.0)	(110, 0.0)	(120, 0.0)	(130, 0.0)	(140, 0.0)	(150, 0.0)	(160, 0.0)	(170, 0.0)	(180, 0.0)	(190, 0.0)	(200, 0.0)	(210, 0.0)	(220, 0.0)	(230, 0.0)	(240, 0.0)	(250, 0.0)	(260, 0.0)	(270, 0.0)	(280, 0.0)	(290, 0.0)	(300, 0.0)	(310, 0.0)	(320, 0.0)	(330, 0.0)	(340, 0.0)	(350, 0.0)	(360, 0.0)	(370, 0.0)	(380, 0.0)	(390, 0.0)	(400, 0.0)	(410, 0.0)	(420, 0.0)	(430, 0.0)	(440, 0.0)	(450, 0.0)
SRR2945002	(1, 0.0)	(2, 0.0)	(3, 0.0)	(4, 0.0)	(5, 0.0)	(6, 0.0)	(7, 0.0)	(8, 0.0)	(9, 0.0)	(10, 0.0)	(20, 0.0)	(30, 0.0)	(40, 0.0)	(50, 0.0)	(60, 0.0)	(70, 0.0)	(80, 0.0)	(90, 0.0)	(100, 0.0)	(110, 0.0)	(120, 0.0)	(130, 0.0)	(140, 0.0)	(150, 0.0)	(160, 0.0)	(170, 0.0)	(180, 0.0)	(190, 0.0)	(200, 0.0)	(210, 0.0)	(220, 0.0)	(230, 0.0)	(240, 0.0)	(250, 0.0)	(260, 0.0)	(270, 0.0)	(280, 0.0)	(290, 0.0)	(300, 0.0)	(310, 0.0)	(320, 0.0)	(330, 0.0)	(340, 0.0)	(350, 0.0)	(360, 0.0)	(370, 0.0)	(380, 0.0)	(390, 0.0)	(400, 0.0)	(410, 0.0)	(420, 0.0)	(430, 0.0)	(440, 0.0)	(450, 0.0)
