Sample	0	1	2	3	4	5	6	7	8	9	10	11	12	13	14	15	16	17	18	19	20	21	22	23	24	25	26	27	28	29	30	31	32	33	34	35	36	37	38	39	40	41
SRR2944979	(250, 1.0)	(255, 0.0)	(260, 0.0)	(265, 0.0)	(270, 5.0)	(275, 1.0)	(280, 17.0)	(285, 22.0)	(290, 563.0)	(295, 33.0)	(300, 3954.0)	(305, 192.0)	(310, 1006.0)	(315, 1270.0)	(320, 111.0)	(325, 136.0)	(330, 340.0)	(335, 12940.0)	(340, 91.0)	(345, 3161.0)	(350, 2.0)	(355, 0.0)	(360, 0.0)	(365, 0.0)	(370, 1.0)	(375, 0.0)	(380, 0.0)	(385, 0.0)	(390, 3.0)	(395, 0.0)	(400, 0.0)	(405, 0.0)	(410, 0.0)	(415, 0.0)	(420, 0.0)	(425, 0.0)	(430, 0.0)	(435, 0.0)	(440, 0.0)	(445, 0.0)	(450, 1.0)	(455, 1.0)
SRR2944980	(250, 2.0)	(255, 1.0)	(260, 0.0)	(265, 0.0)	(270, 2.0)	(275, 1.0)	(280, 16.0)	(285, 11.0)	(290, 215.0)	(295, 22.0)	(300, 547.0)	(305, 79.0)	(310, 371.0)	(315, 947.0)	(320, 331.0)	(325, 304.0)	(330, 756.0)	(335, 26810.0)	(340, 2396.0)	(345, 9886.0)	(350, 12.0)	(355, 4.0)	(360, 2.0)	(365, 0.0)	(370, 1.0)	(375, 1.0)	(380, 1.0)	(385, 3.0)	(390, 6.0)	(395, 0.0)	(400, 0.0)	(405, 1.0)	(410, 1.0)	(415, 0.0)	(420, 0.0)	(425, 0.0)	(430, 0.0)	(435, 0.0)	(440, 0.0)	(445, 0.0)	(450, 3.0)	(455, 6.0)
SRR2944981	(270, 1.0)	(275, 0.0)	(280, 1.0)	(285, 0.0)	(290, 11.0)	(295, 3.0)	(300, 14.0)	(305, 9.0)	(310, 105.0)	(315, 950.0)	(320, 102.0)	(325, 119.0)	(330, 235.0)	(335, 14434.0)	(340, 67.0)	(345, 7005.0)	(350, 2.0)	(355, 0.0)	(360, 1.0)	(365, 0.0)	(370, 0.0)	(375, 1.0)	(380, 0.0)	(385, 0.0)	(390, 1.0)	(395, 1.0)	(400, 0.0)	(405, 0.0)	(410, 0.0)	(415, 0.0)	(420, 0.0)	(425, 0.0)	(430, 0.0)	(435, 0.0)	(440, 0.0)	(445, 0.0)	(450, 1.0)					
SRR2944982	(265, 1.0)	(270, 4.0)	(275, 7.0)	(280, 14.0)	(285, 7.0)	(290, 713.0)	(295, 9.0)	(300, 420.0)	(305, 45.0)	(310, 613.0)	(315, 1153.0)	(320, 240.0)	(325, 173.0)	(330, 292.0)	(335, 14861.0)	(340, 37.0)	(345, 1232.0)	(350, 2.0)	(355, 1.0)	(360, 1.0)	(365, 0.0)	(370, 0.0)	(375, 0.0)	(380, 0.0)	(385, 0.0)	(390, 1.0)	(395, 0.0)	(400, 0.0)	(405, 1.0)													
SRR2944983	(250, 1.0)	(255, 1.0)	(260, 2.0)	(265, 1.0)	(270, 2.0)	(275, 1.0)	(280, 2.0)	(285, 36.0)	(290, 164.0)	(295, 9.0)	(300, 58.0)	(305, 1049.0)	(310, 481.0)	(315, 8680.0)	(320, 496.0)	(325, 156.0)	(330, 223.0)	(335, 9913.0)	(340, 36.0)	(345, 2470.0)	(350, 1.0)	(355, 2.0)	(360, 0.0)	(365, 0.0)	(370, 0.0)	(375, 0.0)	(380, 1.0)	(385, 0.0)	(390, 0.0)	(395, 0.0)	(400, 0.0)	(405, 1.0)	(410, 0.0)	(415, 0.0)	(420, 0.0)	(425, 0.0)	(430, 0.0)	(435, 0.0)	(440, 0.0)	(445, 0.0)	(450, 0.0)	(455, 2.0)
SRR2944984	(260, 1.0)	(265, 0.0)	(270, 10.0)	(275, 19.0)	(280, 29.0)	(285, 40.0)	(290, 6190.0)	(295, 24.0)	(300, 558.0)	(305, 698.0)	(310, 954.0)	(315, 447.0)	(320, 22350.0)	(325, 104.0)	(330, 271.0)	(335, 2561.0)	(340, 41.0)	(345, 804.0)	(350, 0.0)	(355, 1.0)	(360, 1.0)	(365, 0.0)	(370, 0.0)	(375, 1.0)	(380, 2.0)	(385, 0.0)	(390, 0.0)	(395, 1.0)	(400, 0.0)	(405, 0.0)	(410, 0.0)	(415, 0.0)	(420, 0.0)	(425, 0.0)	(430, 0.0)	(435, 0.0)	(440, 0.0)	(445, 0.0)	(450, 4.0)	(455, 9.0)		
SRR2944985	(250, 2.0)	(255, 4.0)	(260, 0.0)	(265, 2.0)	(270, 3.0)	(275, 3.0)	(280, 3.0)	(285, 28.0)	(290, 70.0)	(295, 26.0)	(300, 42.0)	(305, 61.0)	(310, 297.0)	(315, 10245.0)	(320, 147.0)	(325, 185.0)	(330, 249.0)	(335, 12638.0)	(340, 52.0)	(345, 4463.0)	(350, 3.0)	(355, 1.0)	(360, 1.0)	(365, 0.0)	(370, 0.0)	(375, 0.0)	(380, 0.0)	(385, 0.0)	(390, 0.0)	(395, 0.0)	(400, 0.0)	(405, 1.0)	(410, 0.0)	(415, 0.0)	(420, 0.0)	(425, 0.0)	(430, 0.0)	(435, 0.0)	(440, 0.0)	(445, 0.0)	(450, 1.0)	(455, 2.0)
SRR2944986	(250, 2.0)	(255, 1.0)	(260, 0.0)	(265, 2.0)	(270, 11.0)	(275, 27.0)	(280, 39.0)	(285, 77.0)	(290, 7162.0)	(295, 75.0)	(300, 1600.0)	(305, 4489.0)	(310, 3248.0)	(315, 13217.0)	(320, 256.0)	(325, 81.0)	(330, 134.0)	(335, 1343.0)	(340, 29.0)	(345, 898.0)	(350, 3.0)	(355, 0.0)	(360, 1.0)	(365, 0.0)	(370, 0.0)	(375, 0.0)	(380, 1.0)	(385, 0.0)	(390, 1.0)	(395, 0.0)	(400, 0.0)	(405, 0.0)	(410, 0.0)	(415, 0.0)	(420, 0.0)	(425, 0.0)	(430, 0.0)	(435, 0.0)	(440, 0.0)	(445, 0.0)	(450, 3.0)	(455, 4.0)
SRR2944987	(255, 1.0)	(260, 0.0)	(265, 1.0)	(270, 0.0)	(275, 9.0)	(280, 4.0)	(285, 12.0)	(290, 657.0)	(295, 8.0)	(300, 143.0)	(305, 49.0)	(310, 467.0)	(315, 147.0)	(320, 403.0)	(325, 192.0)	(330, 399.0)	(335, 19812.0)	(340, 45.0)	(345, 1669.0)	(350, 3.0)	(355, 0.0)	(360, 1.0)	(365, 0.0)	(370, 1.0)	(375, 0.0)	(380, 1.0)	(385, 1.0)	(390, 0.0)	(395, 0.0)	(400, 0.0)	(405, 0.0)	(410, 0.0)	(415, 0.0)	(420, 1.0)	(425, 0.0)	(430, 0.0)	(435, 0.0)	(440, 0.0)	(445, 0.0)	(450, 1.0)		
SRR2944988	(250, 1.0)	(255, 0.0)	(260, 2.0)	(265, 0.0)	(270, 1.0)	(275, 4.0)	(280, 7.0)	(285, 16.0)	(290, 642.0)	(295, 10.0)	(300, 1212.0)	(305, 89.0)	(310, 737.0)	(315, 129.0)	(320, 1299.0)	(325, 162.0)	(330, 478.0)	(335, 11012.0)	(340, 64.0)	(345, 2719.0)	(350, 4.0)	(355, 1.0)	(360, 0.0)	(365, 0.0)	(370, 0.0)	(375, 0.0)	(380, 0.0)	(385, 0.0)	(390, 2.0)	(395, 0.0)	(400, 0.0)	(405, 0.0)	(410, 0.0)	(415, 0.0)	(420, 0.0)	(425, 0.0)	(430, 0.0)	(435, 0.0)	(440, 0.0)	(445, 0.0)	(450, 1.0)	(455, 1.0)
SRR2944989	(260, 1.0)	(265, 6.0)	(270, 12.0)	(275, 18.0)	(280, 23.0)	(285, 36.0)	(290, 3088.0)	(295, 23.0)	(300, 356.0)	(305, 182.0)	(310, 1856.0)	(315, 162.0)	(320, 2634.0)	(325, 109.0)	(330, 274.0)	(335, 9878.0)	(340, 46.0)	(345, 1182.0)	(350, 0.0)	(355, 1.0)	(360, 0.0)	(365, 1.0)	(370, 1.0)	(375, 0.0)	(380, 0.0)	(385, 0.0)	(390, 1.0)	(395, 0.0)	(400, 0.0)	(405, 0.0)	(410, 0.0)	(415, 0.0)	(420, 0.0)	(425, 0.0)	(430, 0.0)	(435, 0.0)	(440, 0.0)	(445, 0.0)	(450, 3.0)	(455, 2.0)		
SRR2944990	(250, 3.0)	(255, 5.0)	(260, 4.0)	(265, 3.0)	(270, 3.0)	(275, 6.0)	(280, 9.0)	(285, 15.0)	(290, 568.0)	(295, 30.0)	(300, 113.0)	(305, 1838.0)	(310, 3707.0)	(315, 886.0)	(320, 5679.0)	(325, 420.0)	(330, 2764.0)	(335, 3831.0)	(340, 25.0)	(345, 448.0)	(350, 5.0)	(355, 3.0)	(360, 1.0)	(365, 0.0)	(370, 0.0)	(375, 2.0)	(380, 1.0)	(385, 0.0)	(390, 0.0)	(395, 0.0)	(400, 0.0)	(405, 1.0)	(410, 2.0)	(415, 2.0)	(420, 0.0)	(425, 0.0)	(430, 0.0)	(435, 0.0)	(440, 0.0)	(445, 0.0)	(450, 7.0)	(455, 67.0)
SRR2944991	(260, 2.0)	(265, 0.0)	(270, 1.0)	(275, 3.0)	(280, 4.0)	(285, 9.0)	(290, 441.0)	(295, 4.0)	(300, 131.0)	(305, 29.0)	(310, 201.0)	(315, 244.0)	(320, 204.0)	(325, 173.0)	(330, 324.0)	(335, 21243.0)	(340, 138.0)	(345, 4131.0)	(350, 5.0)	(355, 1.0)	(360, 0.0)	(365, 0.0)	(370, 0.0)	(375, 0.0)	(380, 0.0)	(385, 0.0)	(390, 2.0)	(395, 1.0)	(400, 0.0)	(405, 0.0)	(410, 0.0)	(415, 0.0)	(420, 0.0)	(425, 0.0)	(430, 0.0)	(435, 0.0)	(440, 0.0)	(445, 0.0)	(450, 1.0)	(455, 1.0)		
SRR2944992	(250, 3.0)	(255, 8.0)	(260, 9.0)	(265, 7.0)	(270, 11.0)	(275, 14.0)	(280, 19.0)	(285, 45.0)	(290, 1018.0)	(295, 113.0)	(300, 536.0)	(305, 12194.0)	(310, 13498.0)	(315, 1012.0)	(320, 18686.0)	(325, 598.0)	(330, 2395.0)	(335, 14848.0)	(340, 113.0)	(345, 4602.0)	(350, 6.0)	(355, 14.0)	(360, 1.0)	(365, 0.0)	(370, 2.0)	(375, 2.0)	(380, 2.0)	(385, 0.0)	(390, 0.0)	(395, 0.0)	(400, 1.0)	(405, 2.0)	(410, 1.0)	(415, 0.0)	(420, 0.0)	(425, 0.0)	(430, 0.0)	(435, 0.0)	(440, 0.0)	(445, 0.0)	(450, 11.0)	(455, 30.0)
SRR2944993	(250, 6.0)	(255, 4.0)	(260, 8.0)	(265, 3.0)	(270, 13.0)	(275, 47.0)	(280, 77.0)	(285, 81.0)	(290, 10448.0)	(295, 86.0)	(300, 1757.0)	(305, 10332.0)	(310, 5769.0)	(315, 786.0)	(320, 1396.0)	(325, 503.0)	(330, 4215.0)	(335, 3608.0)	(340, 51.0)	(345, 463.0)	(350, 2.0)	(355, 5.0)	(360, 1.0)	(365, 2.0)	(370, 0.0)	(375, 1.0)	(380, 0.0)	(385, 0.0)	(390, 0.0)	(395, 2.0)	(400, 0.0)	(405, 2.0)	(410, 1.0)	(415, 2.0)	(420, 0.0)	(425, 0.0)	(430, 0.0)	(435, 0.0)	(440, 0.0)	(445, 0.0)	(450, 6.0)	(455, 36.0)
SRR2944994	(250, 2.0)	(255, 6.0)	(260, 12.0)	(265, 8.0)	(270, 12.0)	(275, 14.0)	(280, 24.0)	(285, 27.0)	(290, 1992.0)	(295, 107.0)	(300, 465.0)	(305, 8990.0)	(310, 4008.0)	(315, 951.0)	(320, 11251.0)	(325, 1060.0)	(330, 9911.0)	(335, 2907.0)	(340, 34.0)	(345, 45.0)	(350, 2.0)	(355, 4.0)	(360, 1.0)	(365, 1.0)	(370, 0.0)	(375, 2.0)	(380, 1.0)	(385, 1.0)	(390, 1.0)	(395, 1.0)	(400, 0.0)	(405, 2.0)	(410, 1.0)	(415, 1.0)	(420, 0.0)	(425, 0.0)	(430, 0.0)	(435, 0.0)	(440, 0.0)	(445, 0.0)	(450, 11.0)	(455, 76.0)
SRR2944995	(250, 1.0)	(255, 1.0)	(260, 2.0)	(265, 2.0)	(270, 10.0)	(275, 20.0)	(280, 21.0)	(285, 32.0)	(290, 3113.0)	(295, 23.0)	(300, 820.0)	(305, 601.0)	(310, 2398.0)	(315, 477.0)	(320, 14498.0)	(325, 133.0)	(330, 603.0)	(335, 4491.0)	(340, 20.0)	(345, 527.0)	(350, 1.0)	(355, 2.0)	(360, 0.0)	(365, 0.0)	(370, 1.0)	(375, 3.0)	(380, 0.0)	(385, 0.0)	(390, 1.0)	(395, 0.0)	(400, 1.0)	(405, 1.0)	(410, 0.0)	(415, 0.0)	(420, 0.0)	(425, 0.0)	(430, 0.0)	(435, 0.0)	(440, 0.0)	(445, 0.0)	(450, 12.0)	(455, 10.0)
SRR2944996	(295, 1.0)	(300, 0.0)	(305, 0.0)	(310, 2.0)	(315, 16.0)	(320, 33.0)	(325, 35.0)	(330, 65.0)	(335, 5483.0)	(340, 20.0)	(345, 1362.0)	(350, 0.0)	(355, 0.0)	(360, 1.0)	(365, 0.0)	(370, 0.0)	(375, 0.0)	(380, 1.0)	(385, 0.0)	(390, 3.0)	(395, 0.0)	(400, 0.0)	(405, 0.0)	(410, 0.0)	(415, 0.0)	(420, 0.0)	(425, 0.0)	(430, 0.0)	(435, 0.0)	(440, 0.0)	(445, 0.0)	(450, 1.0)										
SRR2944997	(250, 3.0)	(255, 3.0)	(260, 1.0)	(265, 6.0)	(270, 8.0)	(275, 24.0)	(280, 30.0)	(285, 40.0)	(290, 3300.0)	(295, 33.0)	(300, 2394.0)	(305, 358.0)	(310, 678.0)	(315, 3186.0)	(320, 4943.0)	(325, 665.0)	(330, 316.0)	(335, 7588.0)	(340, 5510.0)	(345, 913.0)	(350, 2.0)	(355, 1.0)	(360, 3.0)	(365, 1.0)	(370, 1.0)	(375, 0.0)	(380, 0.0)	(385, 0.0)	(390, 1.0)	(395, 0.0)	(400, 0.0)	(405, 1.0)	(410, 0.0)	(415, 0.0)	(420, 0.0)	(425, 0.0)	(430, 0.0)	(435, 0.0)	(440, 0.0)	(445, 0.0)	(450, 3.0)	(455, 12.0)
SRR2944998	(250, 1.0)	(255, 1.0)	(260, 2.0)	(265, 3.0)	(270, 14.0)	(275, 47.0)	(280, 80.0)	(285, 99.0)	(290, 10972.0)	(295, 11.0)	(300, 768.0)	(305, 155.0)	(310, 1310.0)	(315, 197.0)	(320, 368.0)	(325, 136.0)	(330, 360.0)	(335, 14162.0)	(340, 42.0)	(345, 1047.0)	(350, 0.0)	(355, 0.0)	(360, 0.0)	(365, 0.0)	(370, 0.0)	(375, 0.0)	(380, 0.0)	(385, 0.0)	(390, 2.0)	(395, 0.0)	(400, 0.0)	(405, 0.0)	(410, 0.0)	(415, 0.0)	(420, 0.0)	(425, 0.0)	(430, 0.0)	(435, 0.0)	(440, 0.0)	(445, 0.0)	(450, 2.0)	(455, 6.0)
SRR2944999	(255, 4.0)	(260, 2.0)	(265, 1.0)	(270, 21.0)	(275, 49.0)	(280, 77.0)	(285, 91.0)	(290, 6826.0)	(295, 49.0)	(300, 1599.0)	(305, 137.0)	(310, 1916.0)	(315, 690.0)	(320, 406.0)	(325, 198.0)	(330, 577.0)	(335, 14287.0)	(340, 100.0)	(345, 3162.0)	(350, 2.0)	(355, 0.0)	(360, 0.0)	(365, 1.0)	(370, 1.0)	(375, 0.0)	(380, 2.0)	(385, 0.0)	(390, 1.0)	(395, 0.0)	(400, 0.0)	(405, 1.0)	(410, 0.0)	(415, 0.0)	(420, 0.0)	(425, 0.0)	(430, 0.0)	(435, 0.0)	(440, 0.0)	(445, 0.0)	(450, 3.0)	(455, 7.0)	
SRR2945000	(250, 1.0)	(255, 1.0)	(260, 4.0)	(265, 2.0)	(270, 8.0)	(275, 28.0)	(280, 45.0)	(285, 85.0)	(290, 3461.0)	(295, 100.0)	(300, 14223.0)	(305, 163.0)	(310, 1049.0)	(315, 1554.0)	(320, 210.0)	(325, 171.0)	(330, 564.0)	(335, 14823.0)	(340, 74.0)	(345, 1016.0)	(350, 1.0)	(355, 0.0)	(360, 0.0)	(365, 0.0)	(370, 0.0)	(375, 1.0)	(380, 0.0)	(385, 0.0)	(390, 0.0)	(395, 0.0)	(400, 0.0)	(405, 0.0)	(410, 1.0)	(415, 0.0)	(420, 0.0)	(425, 0.0)	(430, 0.0)	(435, 0.0)	(440, 0.0)	(445, 0.0)	(450, 1.0)	(455, 1.0)
SRR2945001	(255, 1.0)	(260, 0.0)	(265, 1.0)	(270, 0.0)	(275, 8.0)	(280, 6.0)	(285, 8.0)	(290, 325.0)	(295, 5.0)	(300, 72.0)	(305, 67.0)	(310, 1526.0)	(315, 645.0)	(320, 712.0)	(325, 269.0)	(330, 1443.0)	(335, 18364.0)	(340, 116.0)	(345, 7284.0)	(350, 9.0)	(355, 6.0)	(360, 1.0)	(365, 1.0)	(370, 1.0)	(375, 0.0)	(380, 0.0)	(385, 0.0)	(390, 0.0)	(395, 0.0)	(400, 0.0)	(405, 0.0)	(410, 0.0)	(415, 0.0)	(420, 0.0)	(425, 0.0)	(430, 0.0)	(435, 0.0)	(440, 0.0)	(445, 0.0)	(450, 6.0)	(455, 5.0)	
SRR2945002	(250, 1.0)	(255, 2.0)	(260, 1.0)	(265, 3.0)	(270, 7.0)	(275, 5.0)	(280, 20.0)	(285, 40.0)	(290, 1494.0)	(295, 12.0)	(300, 145.0)	(305, 80.0)	(310, 763.0)	(315, 978.0)	(320, 471.0)	(325, 271.0)	(330, 742.0)	(335, 25822.0)	(340, 80.0)	(345, 1877.0)	(350, 2.0)	(355, 4.0)	(360, 2.0)	(365, 0.0)	(370, 1.0)	(375, 0.0)	(380, 1.0)	(385, 0.0)	(390, 0.0)	(395, 0.0)	(400, 0.0)	(405, 0.0)	(410, 0.0)	(415, 0.0)	(420, 0.0)	(425, 0.0)	(430, 0.0)	(435, 0.0)	(440, 0.0)	(445, 0.0)	(450, 3.0)	(455, 3.0)
