Sample	0	1	2	3	4	5	6	7	8	9	10	11	12	13	14	15	16	17	18	19	20	21	22	23	24	25
SRR5515450_1	(17.0, 4.0)	(18.0, 10.0)	(19.0, 28.0)	(20.0, 59.0)	(21.0, 71.0)	(22.0, 89.0)	(23.0, 122.0)	(24.0, 137.0)	(25.0, 157.0)	(26.0, 221.0)	(27.0, 280.0)	(28.0, 328.0)	(29.0, 370.0)	(30.0, 510.0)	(31.0, 667.0)	(32.0, 896.0)	(33.0, 1444.0)	(34.0, 2420.0)	(35.0, 4347.0)	(36.0, 6303.0)	(37.0, 1416.0)					
SRR5515450_2	(12.0, 2.0)	(13.0, 25.0)	(14.0, 15.0)	(15.0, 26.0)	(16.0, 79.0)	(17.0, 121.0)	(18.0, 247.0)	(19.0, 316.0)	(20.0, 429.0)	(21.0, 483.0)	(22.0, 650.0)	(23.0, 745.0)	(24.0, 893.0)	(25.0, 1050.0)	(26.0, 1281.0)	(27.0, 1534.0)	(28.0, 1909.0)	(29.0, 2181.0)	(30.0, 2526.0)	(31.0, 2436.0)	(32.0, 1761.0)	(33.0, 946.0)	(34.0, 201.0)	(35.0, 23.0)		
SRR5515451_1	(16.0, 1.0)	(17.0, 3.0)	(18.0, 8.0)	(19.0, 20.0)	(20.0, 35.0)	(21.0, 51.0)	(22.0, 79.0)	(23.0, 96.0)	(24.0, 122.0)	(25.0, 145.0)	(26.0, 149.0)	(27.0, 200.0)	(28.0, 258.0)	(29.0, 309.0)	(30.0, 386.0)	(31.0, 505.0)	(32.0, 780.0)	(33.0, 1121.0)	(34.0, 1917.0)	(35.0, 3340.0)	(36.0, 5218.0)	(37.0, 1186.0)				
SRR5515451_2	(12.0, 4.0)	(13.0, 9.0)	(14.0, 22.0)	(15.0, 25.0)	(16.0, 46.0)	(17.0, 65.0)	(18.0, 147.0)	(19.0, 209.0)	(20.0, 286.0)	(21.0, 329.0)	(22.0, 416.0)	(23.0, 483.0)	(24.0, 631.0)	(25.0, 740.0)	(26.0, 896.0)	(27.0, 1146.0)	(28.0, 1442.0)	(29.0, 1661.0)	(30.0, 2018.0)	(31.0, 2136.0)	(32.0, 1844.0)	(33.0, 1065.0)	(34.0, 277.0)	(35.0, 32.0)		
SRR5515452_1	(17.0, 1.0)	(18.0, 3.0)	(19.0, 10.0)	(20.0, 15.0)	(21.0, 38.0)	(22.0, 66.0)	(23.0, 96.0)	(24.0, 108.0)	(25.0, 166.0)	(26.0, 170.0)	(27.0, 231.0)	(28.0, 302.0)	(29.0, 353.0)	(30.0, 494.0)	(31.0, 586.0)	(32.0, 910.0)	(33.0, 1418.0)	(34.0, 2312.0)	(35.0, 4021.0)	(36.0, 6041.0)	(37.0, 1400.0)					
SRR5515452_2	(12.0, 2.0)	(13.0, 6.0)	(14.0, 6.0)	(15.0, 17.0)	(16.0, 45.0)	(17.0, 116.0)	(18.0, 194.0)	(19.0, 292.0)	(20.0, 428.0)	(21.0, 512.0)	(22.0, 593.0)	(23.0, 747.0)	(24.0, 886.0)	(25.0, 1074.0)	(26.0, 1234.0)	(27.0, 1536.0)	(28.0, 1779.0)	(29.0, 2107.0)	(30.0, 2360.0)	(31.0, 2237.0)	(32.0, 1630.0)	(33.0, 779.0)	(34.0, 152.0)	(35.0, 9.0)		
SRR5515453_1	(14.0, 1.0)	(15.0, 1.0)	(16.0, 0.0)	(17.0, 1.0)	(18.0, 4.0)	(19.0, 18.0)	(20.0, 42.0)	(21.0, 57.0)	(22.0, 86.0)	(23.0, 96.0)	(24.0, 120.0)	(25.0, 137.0)	(26.0, 196.0)	(27.0, 229.0)	(28.0, 275.0)	(29.0, 366.0)	(30.0, 469.0)	(31.0, 654.0)	(32.0, 894.0)	(33.0, 1363.0)	(34.0, 2221.0)	(35.0, 3993.0)	(36.0, 5601.0)	(37.0, 1257.0)		
SRR5515453_2	(12.0, 2.0)	(13.0, 6.0)	(14.0, 10.0)	(15.0, 30.0)	(16.0, 70.0)	(17.0, 166.0)	(18.0, 331.0)	(19.0, 441.0)	(20.0, 447.0)	(21.0, 584.0)	(22.0, 725.0)	(23.0, 802.0)	(24.0, 928.0)	(25.0, 1108.0)	(26.0, 1237.0)	(27.0, 1428.0)	(28.0, 1833.0)	(29.0, 2075.0)	(30.0, 2148.0)	(31.0, 1876.0)	(32.0, 1250.0)	(33.0, 508.0)	(34.0, 69.0)	(35.0, 7.0)		
SRR5515454_1	(17.0, 3.0)	(18.0, 3.0)	(19.0, 21.0)	(20.0, 22.0)	(21.0, 55.0)	(22.0, 80.0)	(23.0, 114.0)	(24.0, 128.0)	(25.0, 174.0)	(26.0, 195.0)	(27.0, 270.0)	(28.0, 274.0)	(29.0, 363.0)	(30.0, 489.0)	(31.0, 660.0)	(32.0, 983.0)	(33.0, 1402.0)	(34.0, 2247.0)	(35.0, 4501.0)	(36.0, 7357.0)	(37.0, 2072.0)					
SRR5515454_2	(12.0, 1.0)	(13.0, 11.0)	(14.0, 11.0)	(15.0, 33.0)	(16.0, 49.0)	(17.0, 123.0)	(18.0, 195.0)	(19.0, 290.0)	(20.0, 398.0)	(21.0, 478.0)	(22.0, 579.0)	(23.0, 657.0)	(24.0, 858.0)	(25.0, 989.0)	(26.0, 1199.0)	(27.0, 1521.0)	(28.0, 1848.0)	(29.0, 2138.0)	(30.0, 2640.0)	(31.0, 2800.0)	(32.0, 2481.0)	(33.0, 1555.0)	(34.0, 503.0)	(35.0, 55.0)	(36.0, 1.0)	
SRR5515455_1	(18.0, 4.0)	(19.0, 11.0)	(20.0, 15.0)	(21.0, 22.0)	(22.0, 36.0)	(23.0, 69.0)	(24.0, 94.0)	(25.0, 82.0)	(26.0, 106.0)	(27.0, 136.0)	(28.0, 171.0)	(29.0, 233.0)	(30.0, 288.0)	(31.0, 389.0)	(32.0, 548.0)	(33.0, 871.0)	(34.0, 1474.0)	(35.0, 2595.0)	(36.0, 4252.0)	(37.0, 1076.0)						
SRR5515455_2	(12.0, 2.0)	(13.0, 3.0)	(14.0, 14.0)	(15.0, 12.0)	(16.0, 43.0)	(17.0, 62.0)	(18.0, 123.0)	(19.0, 175.0)	(20.0, 249.0)	(21.0, 303.0)	(22.0, 391.0)	(23.0, 440.0)	(24.0, 574.0)	(25.0, 664.0)	(26.0, 766.0)	(27.0, 970.0)	(28.0, 1184.0)	(29.0, 1336.0)	(30.0, 1508.0)	(31.0, 1616.0)	(32.0, 1263.0)	(33.0, 616.0)	(34.0, 156.0)	(35.0, 2.0)		
SRR5515456_1	(17.0, 1.0)	(18.0, 6.0)	(19.0, 10.0)	(20.0, 16.0)	(21.0, 23.0)	(22.0, 48.0)	(23.0, 56.0)	(24.0, 71.0)	(25.0, 95.0)	(26.0, 114.0)	(27.0, 144.0)	(28.0, 173.0)	(29.0, 210.0)	(30.0, 313.0)	(31.0, 392.0)	(32.0, 498.0)	(33.0, 793.0)	(34.0, 1363.0)	(35.0, 2359.0)	(36.0, 3987.0)	(37.0, 1116.0)					
SRR5515456_2	(12.0, 3.0)	(13.0, 6.0)	(14.0, 9.0)	(15.0, 16.0)	(16.0, 26.0)	(17.0, 45.0)	(18.0, 89.0)	(19.0, 128.0)	(20.0, 162.0)	(21.0, 244.0)	(22.0, 309.0)	(23.0, 383.0)	(24.0, 457.0)	(25.0, 516.0)	(26.0, 611.0)	(27.0, 786.0)	(28.0, 998.0)	(29.0, 1176.0)	(30.0, 1331.0)	(31.0, 1611.0)	(32.0, 1544.0)	(33.0, 981.0)	(34.0, 318.0)	(35.0, 39.0)		
SRR5515457_1	(16.0, 3.0)	(17.0, 1.0)	(18.0, 10.0)	(19.0, 14.0)	(20.0, 27.0)	(21.0, 50.0)	(22.0, 64.0)	(23.0, 80.0)	(24.0, 122.0)	(25.0, 156.0)	(26.0, 208.0)	(27.0, 272.0)	(28.0, 279.0)	(29.0, 397.0)	(30.0, 488.0)	(31.0, 685.0)	(32.0, 953.0)	(33.0, 1510.0)	(34.0, 2575.0)	(35.0, 4733.0)	(36.0, 7459.0)	(37.0, 1784.0)				
SRR5515457_2	(11.0, 2.0)	(12.0, 2.0)	(13.0, 10.0)	(14.0, 9.0)	(15.0, 19.0)	(16.0, 42.0)	(17.0, 102.0)	(18.0, 211.0)	(19.0, 305.0)	(20.0, 412.0)	(21.0, 537.0)	(22.0, 650.0)	(23.0, 790.0)	(24.0, 931.0)	(25.0, 1264.0)	(26.0, 1387.0)	(27.0, 1769.0)	(28.0, 2114.0)	(29.0, 2517.0)	(30.0, 2838.0)	(31.0, 2825.0)	(32.0, 2018.0)	(33.0, 913.0)	(34.0, 193.0)	(35.0, 10.0)	
SRR5515458_1	(17.0, 1.0)	(18.0, 5.0)	(19.0, 12.0)	(20.0, 28.0)	(21.0, 51.0)	(22.0, 85.0)	(23.0, 91.0)	(24.0, 146.0)	(25.0, 182.0)	(26.0, 216.0)	(27.0, 241.0)	(28.0, 344.0)	(29.0, 406.0)	(30.0, 533.0)	(31.0, 764.0)	(32.0, 978.0)	(33.0, 1598.0)	(34.0, 2680.0)	(35.0, 4792.0)	(36.0, 7421.0)	(37.0, 1831.0)					
SRR5515458_2	(12.0, 3.0)	(13.0, 8.0)	(14.0, 11.0)	(15.0, 20.0)	(16.0, 54.0)	(17.0, 122.0)	(18.0, 206.0)	(19.0, 330.0)	(20.0, 463.0)	(21.0, 590.0)	(22.0, 699.0)	(23.0, 809.0)	(24.0, 1055.0)	(25.0, 1202.0)	(26.0, 1475.0)	(27.0, 1780.0)	(28.0, 2135.0)	(29.0, 2496.0)	(30.0, 2857.0)	(31.0, 2785.0)	(32.0, 2091.0)	(33.0, 986.0)	(34.0, 214.0)	(35.0, 14.0)		
SRR5515459_1	(18.0, 5.0)	(19.0, 11.0)	(20.0, 20.0)	(21.0, 22.0)	(22.0, 27.0)	(23.0, 56.0)	(24.0, 66.0)	(25.0, 91.0)	(26.0, 100.0)	(27.0, 151.0)	(28.0, 162.0)	(29.0, 211.0)	(30.0, 316.0)	(31.0, 450.0)	(32.0, 589.0)	(33.0, 946.0)	(34.0, 1543.0)	(35.0, 2848.0)	(36.0, 4574.0)	(37.0, 1226.0)						
SRR5515459_2	(13.0, 3.0)	(14.0, 4.0)	(15.0, 12.0)	(16.0, 40.0)	(17.0, 53.0)	(18.0, 110.0)	(19.0, 153.0)	(20.0, 232.0)	(21.0, 309.0)	(22.0, 373.0)	(23.0, 494.0)	(24.0, 557.0)	(25.0, 653.0)	(26.0, 798.0)	(27.0, 1001.0)	(28.0, 1211.0)	(29.0, 1472.0)	(30.0, 1673.0)	(31.0, 1821.0)	(32.0, 1451.0)	(33.0, 784.0)	(34.0, 198.0)	(35.0, 12.0)			
SRR5515460_1	(17.0, 1.0)	(18.0, 2.0)	(19.0, 13.0)	(20.0, 27.0)	(21.0, 58.0)	(22.0, 72.0)	(23.0, 102.0)	(24.0, 142.0)	(25.0, 152.0)	(26.0, 193.0)	(27.0, 249.0)	(28.0, 279.0)	(29.0, 381.0)	(30.0, 426.0)	(31.0, 590.0)	(32.0, 873.0)	(33.0, 1376.0)	(34.0, 2249.0)	(35.0, 3995.0)	(36.0, 6329.0)	(37.0, 1568.0)					
SRR5515460_2	(12.0, 3.0)	(13.0, 10.0)	(14.0, 14.0)	(15.0, 17.0)	(16.0, 56.0)	(17.0, 117.0)	(18.0, 197.0)	(19.0, 289.0)	(20.0, 345.0)	(21.0, 472.0)	(22.0, 569.0)	(23.0, 637.0)	(24.0, 802.0)	(25.0, 1003.0)	(26.0, 1232.0)	(27.0, 1437.0)	(28.0, 1710.0)	(29.0, 2109.0)	(30.0, 2402.0)	(31.0, 2500.0)	(32.0, 1938.0)	(33.0, 994.0)	(34.0, 207.0)	(35.0, 16.0)	(36.0, 1.0)	
SRR5515461_1	(15.0, 1.0)	(16.0, 0.0)	(17.0, 1.0)	(18.0, 3.0)	(19.0, 16.0)	(20.0, 13.0)	(21.0, 25.0)	(22.0, 43.0)	(23.0, 69.0)	(24.0, 91.0)	(25.0, 85.0)	(26.0, 107.0)	(27.0, 128.0)	(28.0, 176.0)	(29.0, 247.0)	(30.0, 329.0)	(31.0, 393.0)	(32.0, 582.0)	(33.0, 862.0)	(34.0, 1427.0)	(35.0, 2692.0)	(36.0, 4355.0)	(37.0, 1233.0)			
SRR5515461_2	(12.0, 1.0)	(13.0, 5.0)	(14.0, 10.0)	(15.0, 19.0)	(16.0, 20.0)	(17.0, 83.0)	(18.0, 129.0)	(19.0, 147.0)	(20.0, 252.0)	(21.0, 282.0)	(22.0, 357.0)	(23.0, 436.0)	(24.0, 553.0)	(25.0, 659.0)	(26.0, 748.0)	(27.0, 927.0)	(28.0, 1126.0)	(29.0, 1300.0)	(30.0, 1490.0)	(31.0, 1801.0)	(32.0, 1414.0)	(33.0, 827.0)	(34.0, 272.0)	(35.0, 20.0)		
SRR5515462_1	(16.0, 1.0)	(17.0, 2.0)	(18.0, 5.0)	(19.0, 19.0)	(20.0, 25.0)	(21.0, 55.0)	(22.0, 56.0)	(23.0, 85.0)	(24.0, 107.0)	(25.0, 142.0)	(26.0, 180.0)	(27.0, 202.0)	(28.0, 246.0)	(29.0, 302.0)	(30.0, 405.0)	(31.0, 527.0)	(32.0, 766.0)	(33.0, 1125.0)	(34.0, 1950.0)	(35.0, 3567.0)	(36.0, 5646.0)	(37.0, 1560.0)				
SRR5515462_2	(12.0, 4.0)	(13.0, 15.0)	(14.0, 21.0)	(15.0, 22.0)	(16.0, 60.0)	(17.0, 106.0)	(18.0, 206.0)	(19.0, 300.0)	(20.0, 349.0)	(21.0, 425.0)	(22.0, 512.0)	(23.0, 584.0)	(24.0, 716.0)	(25.0, 806.0)	(26.0, 988.0)	(27.0, 1115.0)	(28.0, 1467.0)	(29.0, 1751.0)	(30.0, 1981.0)	(31.0, 2125.0)	(32.0, 1879.0)	(33.0, 1130.0)	(34.0, 372.0)	(35.0, 39.0)		
SRR5515463_1	(15.0, 2.0)	(16.0, 1.0)	(17.0, 2.0)	(18.0, 15.0)	(19.0, 21.0)	(20.0, 38.0)	(21.0, 52.0)	(22.0, 82.0)	(23.0, 119.0)	(24.0, 157.0)	(25.0, 177.0)	(26.0, 245.0)	(27.0, 282.0)	(28.0, 363.0)	(29.0, 436.0)	(30.0, 578.0)	(31.0, 764.0)	(32.0, 1098.0)	(33.0, 1723.0)	(34.0, 2876.0)	(35.0, 5063.0)	(36.0, 7550.0)	(37.0, 1756.0)			
SRR5515463_2	(12.0, 3.0)	(13.0, 6.0)	(14.0, 7.0)	(15.0, 10.0)	(16.0, 37.0)	(17.0, 94.0)	(18.0, 154.0)	(19.0, 235.0)	(20.0, 386.0)	(21.0, 468.0)	(22.0, 587.0)	(23.0, 770.0)	(24.0, 944.0)	(25.0, 1061.0)	(26.0, 1314.0)	(27.0, 1625.0)	(28.0, 1970.0)	(29.0, 2428.0)	(30.0, 2975.0)	(31.0, 3165.0)	(32.0, 2915.0)	(33.0, 1700.0)	(34.0, 494.0)	(35.0, 51.0)	(36.0, 1.0)	
SRR5515464_1	(16.0, 1.0)	(17.0, 2.0)	(18.0, 3.0)	(19.0, 9.0)	(20.0, 14.0)	(21.0, 33.0)	(22.0, 38.0)	(23.0, 78.0)	(24.0, 74.0)	(25.0, 97.0)	(26.0, 146.0)	(27.0, 173.0)	(28.0, 202.0)	(29.0, 262.0)	(30.0, 355.0)	(31.0, 441.0)	(32.0, 632.0)	(33.0, 1047.0)	(34.0, 1783.0)	(35.0, 3139.0)	(36.0, 4975.0)	(37.0, 1298.0)				
SRR5515464_2	(12.0, 1.0)	(13.0, 4.0)	(14.0, 9.0)	(15.0, 7.0)	(16.0, 25.0)	(17.0, 62.0)	(18.0, 141.0)	(19.0, 189.0)	(20.0, 231.0)	(21.0, 338.0)	(22.0, 405.0)	(23.0, 503.0)	(24.0, 598.0)	(25.0, 675.0)	(26.0, 862.0)	(27.0, 1028.0)	(28.0, 1232.0)	(29.0, 1519.0)	(30.0, 1807.0)	(31.0, 1902.0)	(32.0, 1791.0)	(33.0, 1118.0)	(34.0, 334.0)	(35.0, 21.0)		
SRR5515465_1	(17.0, 4.0)	(18.0, 7.0)	(19.0, 9.0)	(20.0, 23.0)	(21.0, 34.0)	(22.0, 40.0)	(23.0, 56.0)	(24.0, 79.0)	(25.0, 88.0)	(26.0, 102.0)	(27.0, 142.0)	(28.0, 172.0)	(29.0, 202.0)	(30.0, 285.0)	(31.0, 344.0)	(32.0, 578.0)	(33.0, 802.0)	(34.0, 1286.0)	(35.0, 2405.0)	(36.0, 3814.0)	(37.0, 935.0)					
SRR5515465_2	(14.0, 3.0)	(15.0, 11.0)	(16.0, 25.0)	(17.0, 64.0)	(18.0, 98.0)	(19.0, 137.0)	(20.0, 171.0)	(21.0, 209.0)	(22.0, 298.0)	(23.0, 317.0)	(24.0, 414.0)	(25.0, 519.0)	(26.0, 618.0)	(27.0, 793.0)	(28.0, 929.0)	(29.0, 1153.0)	(30.0, 1429.0)	(31.0, 1528.0)	(32.0, 1475.0)	(33.0, 925.0)	(34.0, 266.0)	(35.0, 25.0)				
SRR5515466_1	(14.0, 1.0)	(15.0, 0.0)	(16.0, 0.0)	(17.0, 2.0)	(18.0, 6.0)	(19.0, 15.0)	(20.0, 33.0)	(21.0, 51.0)	(22.0, 77.0)	(23.0, 91.0)	(24.0, 124.0)	(25.0, 143.0)	(26.0, 202.0)	(27.0, 250.0)	(28.0, 299.0)	(29.0, 392.0)	(30.0, 463.0)	(31.0, 636.0)	(32.0, 975.0)	(33.0, 1465.0)	(34.0, 2345.0)	(35.0, 4184.0)	(36.0, 6310.0)	(37.0, 1340.0)		
SRR5515466_2	(12.0, 2.0)	(13.0, 5.0)	(14.0, 5.0)	(15.0, 18.0)	(16.0, 68.0)	(17.0, 107.0)	(18.0, 192.0)	(19.0, 314.0)	(20.0, 406.0)	(21.0, 533.0)	(22.0, 665.0)	(23.0, 767.0)	(24.0, 902.0)	(25.0, 1058.0)	(26.0, 1388.0)	(27.0, 1593.0)	(28.0, 1943.0)	(29.0, 2151.0)	(30.0, 2435.0)	(31.0, 2383.0)	(32.0, 1623.0)	(33.0, 702.0)	(34.0, 138.0)	(35.0, 6.0)		
SRR5515467_1	(16.0, 1.0)	(17.0, 0.0)	(18.0, 7.0)	(19.0, 17.0)	(20.0, 25.0)	(21.0, 42.0)	(22.0, 66.0)	(23.0, 66.0)	(24.0, 88.0)	(25.0, 111.0)	(26.0, 130.0)	(27.0, 182.0)	(28.0, 217.0)	(29.0, 226.0)	(30.0, 302.0)	(31.0, 330.0)	(32.0, 471.0)	(33.0, 613.0)	(34.0, 898.0)	(35.0, 1572.0)	(36.0, 2505.0)	(37.0, 618.0)				
SRR5515467_2	(12.0, 2.0)	(13.0, 8.0)	(14.0, 12.0)	(15.0, 16.0)	(16.0, 27.0)	(17.0, 60.0)	(18.0, 75.0)	(19.0, 107.0)	(20.0, 146.0)	(21.0, 209.0)	(22.0, 222.0)	(23.0, 233.0)	(24.0, 271.0)	(25.0, 314.0)	(26.0, 367.0)	(27.0, 451.0)	(28.0, 554.0)	(29.0, 707.0)	(30.0, 894.0)	(31.0, 1115.0)	(32.0, 1104.0)	(33.0, 955.0)	(34.0, 502.0)	(35.0, 130.0)	(36.0, 6.0)	
SRR5515468_1	(17.0, 3.0)	(18.0, 5.0)	(19.0, 9.0)	(20.0, 16.0)	(21.0, 21.0)	(22.0, 38.0)	(23.0, 56.0)	(24.0, 64.0)	(25.0, 92.0)	(26.0, 106.0)	(27.0, 142.0)	(28.0, 158.0)	(29.0, 201.0)	(30.0, 220.0)	(31.0, 274.0)	(32.0, 339.0)	(33.0, 535.0)	(34.0, 723.0)	(35.0, 1184.0)	(36.0, 2041.0)	(37.0, 546.0)					
SRR5515468_2	(13.0, 9.0)	(14.0, 6.0)	(15.0, 10.0)	(16.0, 16.0)	(17.0, 30.0)	(18.0, 76.0)	(19.0, 82.0)	(20.0, 115.0)	(21.0, 159.0)	(22.0, 191.0)	(23.0, 224.0)	(24.0, 256.0)	(25.0, 287.0)	(26.0, 317.0)	(27.0, 407.0)	(28.0, 476.0)	(29.0, 576.0)	(30.0, 749.0)	(31.0, 846.0)	(32.0, 917.0)	(33.0, 665.0)	(34.0, 297.0)	(35.0, 59.0)	(36.0, 3.0)		
SRR5515469_1	(17.0, 4.0)	(18.0, 10.0)	(19.0, 13.0)	(20.0, 32.0)	(21.0, 35.0)	(22.0, 67.0)	(23.0, 85.0)	(24.0, 107.0)	(25.0, 145.0)	(26.0, 172.0)	(27.0, 208.0)	(28.0, 268.0)	(29.0, 307.0)	(30.0, 394.0)	(31.0, 497.0)	(32.0, 608.0)	(33.0, 766.0)	(34.0, 1097.0)	(35.0, 1936.0)	(36.0, 3366.0)	(37.0, 888.0)					
SRR5515469_2	(13.0, 9.0)	(14.0, 5.0)	(15.0, 15.0)	(16.0, 21.0)	(17.0, 57.0)	(18.0, 108.0)	(19.0, 160.0)	(20.0, 203.0)	(21.0, 261.0)	(22.0, 317.0)	(23.0, 365.0)	(24.0, 419.0)	(25.0, 492.0)	(26.0, 557.0)	(27.0, 652.0)	(28.0, 782.0)	(29.0, 982.0)	(30.0, 1240.0)	(31.0, 1479.0)	(32.0, 1468.0)	(33.0, 984.0)	(34.0, 357.0)	(35.0, 71.0)	(36.0, 1.0)		
SRR5515470_1	(17.0, 2.0)	(18.0, 6.0)	(19.0, 17.0)	(20.0, 29.0)	(21.0, 39.0)	(22.0, 62.0)	(23.0, 95.0)	(24.0, 122.0)	(25.0, 145.0)	(26.0, 167.0)	(27.0, 207.0)	(28.0, 250.0)	(29.0, 302.0)	(30.0, 424.0)	(31.0, 479.0)	(32.0, 660.0)	(33.0, 833.0)	(34.0, 1272.0)	(35.0, 2139.0)	(36.0, 3499.0)	(37.0, 830.0)					
SRR5515470_2	(12.0, 3.0)	(13.0, 5.0)	(14.0, 9.0)	(15.0, 16.0)	(16.0, 28.0)	(17.0, 57.0)	(18.0, 89.0)	(19.0, 133.0)	(20.0, 191.0)	(21.0, 215.0)	(22.0, 276.0)	(23.0, 328.0)	(24.0, 391.0)	(25.0, 485.0)	(26.0, 496.0)	(27.0, 660.0)	(28.0, 823.0)	(29.0, 1005.0)	(30.0, 1300.0)	(31.0, 1497.0)	(32.0, 1520.0)	(33.0, 1232.0)	(34.0, 656.0)	(35.0, 160.0)	(36.0, 4.0)	
SRR5515471_1	(17.0, 3.0)	(18.0, 8.0)	(19.0, 21.0)	(20.0, 23.0)	(21.0, 40.0)	(22.0, 40.0)	(23.0, 75.0)	(24.0, 86.0)	(25.0, 110.0)	(26.0, 150.0)	(27.0, 203.0)	(28.0, 191.0)	(29.0, 275.0)	(30.0, 356.0)	(31.0, 428.0)	(32.0, 518.0)	(33.0, 710.0)	(34.0, 1011.0)	(35.0, 1828.0)	(36.0, 3033.0)	(37.0, 687.0)					
SRR5515471_2	(11.0, 1.0)	(12.0, 1.0)	(13.0, 6.0)	(14.0, 5.0)	(15.0, 17.0)	(16.0, 24.0)	(17.0, 50.0)	(18.0, 72.0)	(19.0, 105.0)	(20.0, 152.0)	(21.0, 186.0)	(22.0, 257.0)	(23.0, 278.0)	(24.0, 319.0)	(25.0, 360.0)	(26.0, 451.0)	(27.0, 539.0)	(28.0, 660.0)	(29.0, 792.0)	(30.0, 992.0)	(31.0, 1264.0)	(32.0, 1338.0)	(33.0, 1142.0)	(34.0, 639.0)	(35.0, 139.0)	(36.0, 7.0)
SRR5515472_1	(16.0, 1.0)	(17.0, 3.0)	(18.0, 3.0)	(19.0, 12.0)	(20.0, 23.0)	(21.0, 35.0)	(22.0, 58.0)	(23.0, 63.0)	(24.0, 81.0)	(25.0, 105.0)	(26.0, 122.0)	(27.0, 172.0)	(28.0, 206.0)	(29.0, 233.0)	(30.0, 319.0)	(31.0, 391.0)	(32.0, 493.0)	(33.0, 687.0)	(34.0, 990.0)	(35.0, 1657.0)	(36.0, 3013.0)	(37.0, 769.0)				
SRR5515472_2	(12.0, 3.0)	(13.0, 2.0)	(14.0, 12.0)	(15.0, 10.0)	(16.0, 31.0)	(17.0, 60.0)	(18.0, 79.0)	(19.0, 150.0)	(20.0, 188.0)	(21.0, 236.0)	(22.0, 236.0)	(23.0, 295.0)	(24.0, 301.0)	(25.0, 385.0)	(26.0, 446.0)	(27.0, 569.0)	(28.0, 662.0)	(29.0, 809.0)	(30.0, 1059.0)	(31.0, 1270.0)	(32.0, 1256.0)	(33.0, 876.0)	(34.0, 428.0)	(35.0, 73.0)		
SRR5515473_1	(18.0, 5.0)	(19.0, 22.0)	(20.0, 39.0)	(21.0, 62.0)	(22.0, 76.0)	(23.0, 87.0)	(24.0, 121.0)	(25.0, 153.0)	(26.0, 166.0)	(27.0, 219.0)	(28.0, 286.0)	(29.0, 338.0)	(30.0, 444.0)	(31.0, 572.0)	(32.0, 860.0)	(33.0, 1348.0)	(34.0, 2214.0)	(35.0, 4068.0)	(36.0, 6509.0)	(37.0, 1723.0)						
SRR5515473_2	(12.0, 2.0)	(13.0, 15.0)	(14.0, 15.0)	(15.0, 14.0)	(16.0, 57.0)	(17.0, 97.0)	(18.0, 192.0)	(19.0, 250.0)	(20.0, 354.0)	(21.0, 438.0)	(22.0, 478.0)	(23.0, 627.0)	(24.0, 771.0)	(25.0, 920.0)	(26.0, 1115.0)	(27.0, 1372.0)	(28.0, 1631.0)	(29.0, 2057.0)	(30.0, 2478.0)	(31.0, 2696.0)	(32.0, 2157.0)	(33.0, 1196.0)	(34.0, 346.0)	(35.0, 33.0)	(36.0, 1.0)	
SRR5515474_1	(15.0, 1.0)	(16.0, 0.0)	(17.0, 5.0)	(18.0, 14.0)	(19.0, 22.0)	(20.0, 37.0)	(21.0, 42.0)	(22.0, 60.0)	(23.0, 88.0)	(24.0, 105.0)	(25.0, 127.0)	(26.0, 169.0)	(27.0, 188.0)	(28.0, 235.0)	(29.0, 265.0)	(30.0, 363.0)	(31.0, 450.0)	(32.0, 597.0)	(33.0, 794.0)	(34.0, 1172.0)	(35.0, 2004.0)	(36.0, 3281.0)	(37.0, 766.0)			
SRR5515474_2	(12.0, 4.0)	(13.0, 21.0)	(14.0, 15.0)	(15.0, 22.0)	(16.0, 33.0)	(17.0, 50.0)	(18.0, 82.0)	(19.0, 131.0)	(20.0, 166.0)	(21.0, 222.0)	(22.0, 255.0)	(23.0, 307.0)	(24.0, 344.0)	(25.0, 384.0)	(26.0, 515.0)	(27.0, 580.0)	(28.0, 724.0)	(29.0, 886.0)	(30.0, 1170.0)	(31.0, 1385.0)	(32.0, 1458.0)	(33.0, 1194.0)	(34.0, 672.0)	(35.0, 157.0)	(36.0, 8.0)	
SRR5515475_1	(17.0, 2.0)	(18.0, 7.0)	(19.0, 6.0)	(20.0, 12.0)	(21.0, 23.0)	(22.0, 32.0)	(23.0, 42.0)	(24.0, 67.0)	(25.0, 73.0)	(26.0, 111.0)	(27.0, 140.0)	(28.0, 162.0)	(29.0, 162.0)	(30.0, 217.0)	(31.0, 287.0)	(32.0, 385.0)	(33.0, 488.0)	(34.0, 720.0)	(35.0, 1223.0)	(36.0, 2012.0)	(37.0, 558.0)					
SRR5515475_2	(12.0, 3.0)	(13.0, 7.0)	(14.0, 7.0)	(15.0, 8.0)	(16.0, 18.0)	(17.0, 35.0)	(18.0, 59.0)	(19.0, 70.0)	(20.0, 107.0)	(21.0, 134.0)	(22.0, 159.0)	(23.0, 212.0)	(24.0, 219.0)	(25.0, 261.0)	(26.0, 329.0)	(27.0, 372.0)	(28.0, 460.0)	(29.0, 581.0)	(30.0, 748.0)	(31.0, 865.0)	(32.0, 963.0)	(33.0, 671.0)	(34.0, 358.0)	(35.0, 81.0)	(36.0, 2.0)	
SRR5515476_1	(16.0, 1.0)	(17.0, 3.0)	(18.0, 12.0)	(19.0, 31.0)	(20.0, 49.0)	(21.0, 59.0)	(22.0, 78.0)	(23.0, 108.0)	(24.0, 141.0)	(25.0, 159.0)	(26.0, 232.0)	(27.0, 254.0)	(28.0, 303.0)	(29.0, 359.0)	(30.0, 478.0)	(31.0, 571.0)	(32.0, 734.0)	(33.0, 949.0)	(34.0, 1390.0)	(35.0, 2384.0)	(36.0, 3876.0)	(37.0, 881.0)				
SRR5515476_2	(12.0, 9.0)	(13.0, 24.0)	(14.0, 25.0)	(15.0, 18.0)	(16.0, 42.0)	(17.0, 102.0)	(18.0, 134.0)	(19.0, 200.0)	(20.0, 273.0)	(21.0, 307.0)	(22.0, 322.0)	(23.0, 382.0)	(24.0, 481.0)	(25.0, 594.0)	(26.0, 652.0)	(27.0, 835.0)	(28.0, 939.0)	(29.0, 1229.0)	(30.0, 1565.0)	(31.0, 1656.0)	(32.0, 1580.0)	(33.0, 1094.0)	(34.0, 483.0)	(35.0, 98.0)	(36.0, 8.0)	
SRR5515477_1	(17.0, 6.0)	(18.0, 12.0)	(19.0, 25.0)	(20.0, 42.0)	(21.0, 29.0)	(22.0, 54.0)	(23.0, 68.0)	(24.0, 106.0)	(25.0, 118.0)	(26.0, 150.0)	(27.0, 166.0)	(28.0, 203.0)	(29.0, 247.0)	(30.0, 326.0)	(31.0, 368.0)	(32.0, 529.0)	(33.0, 623.0)	(34.0, 976.0)	(35.0, 1800.0)	(36.0, 2767.0)	(37.0, 601.0)					
SRR5515477_2	(12.0, 7.0)	(13.0, 17.0)	(14.0, 11.0)	(15.0, 19.0)	(16.0, 27.0)	(17.0, 45.0)	(18.0, 77.0)	(19.0, 122.0)	(20.0, 140.0)	(21.0, 212.0)	(22.0, 249.0)	(23.0, 247.0)	(24.0, 320.0)	(25.0, 385.0)	(26.0, 467.0)	(27.0, 496.0)	(28.0, 613.0)	(29.0, 863.0)	(30.0, 1064.0)	(31.0, 1220.0)	(32.0, 1267.0)	(33.0, 891.0)	(34.0, 392.0)	(35.0, 62.0)	(36.0, 3.0)	
SRR5515478_1	(17.0, 3.0)	(18.0, 6.0)	(19.0, 26.0)	(20.0, 36.0)	(21.0, 42.0)	(22.0, 58.0)	(23.0, 79.0)	(24.0, 76.0)	(25.0, 96.0)	(26.0, 135.0)	(27.0, 146.0)	(28.0, 189.0)	(29.0, 194.0)	(30.0, 265.0)	(31.0, 338.0)	(32.0, 430.0)	(33.0, 546.0)	(34.0, 840.0)	(35.0, 1503.0)	(36.0, 2312.0)	(37.0, 476.0)					
SRR5515478_2	(12.0, 8.0)	(13.0, 25.0)	(14.0, 12.0)	(15.0, 21.0)	(16.0, 26.0)	(17.0, 40.0)	(18.0, 92.0)	(19.0, 128.0)	(20.0, 153.0)	(21.0, 185.0)	(22.0, 244.0)	(23.0, 234.0)	(24.0, 263.0)	(25.0, 329.0)	(26.0, 371.0)	(27.0, 452.0)	(28.0, 545.0)	(29.0, 687.0)	(30.0, 947.0)	(31.0, 1058.0)	(32.0, 991.0)	(33.0, 661.0)	(34.0, 274.0)	(35.0, 49.0)	(36.0, 1.0)	
SRR5515479_1	(16.0, 1.0)	(17.0, 2.0)	(18.0, 12.0)	(19.0, 19.0)	(20.0, 33.0)	(21.0, 49.0)	(22.0, 72.0)	(23.0, 92.0)	(24.0, 120.0)	(25.0, 136.0)	(26.0, 162.0)	(27.0, 199.0)	(28.0, 237.0)	(29.0, 278.0)	(30.0, 368.0)	(31.0, 454.0)	(32.0, 527.0)	(33.0, 701.0)	(34.0, 1081.0)	(35.0, 1979.0)	(36.0, 3270.0)	(37.0, 694.0)				
SRR5515479_2	(12.0, 10.0)	(13.0, 14.0)	(14.0, 14.0)	(15.0, 12.0)	(16.0, 22.0)	(17.0, 49.0)	(18.0, 110.0)	(19.0, 160.0)	(20.0, 203.0)	(21.0, 253.0)	(22.0, 257.0)	(23.0, 351.0)	(24.0, 399.0)	(25.0, 412.0)	(26.0, 478.0)	(27.0, 568.0)	(28.0, 711.0)	(29.0, 845.0)	(30.0, 1165.0)	(31.0, 1410.0)	(32.0, 1425.0)	(33.0, 1035.0)	(34.0, 474.0)	(35.0, 103.0)	(36.0, 6.0)	
SRR5515480_1	(17.0, 3.0)	(18.0, 6.0)	(19.0, 22.0)	(20.0, 22.0)	(21.0, 41.0)	(22.0, 52.0)	(23.0, 55.0)	(24.0, 102.0)	(25.0, 117.0)	(26.0, 135.0)	(27.0, 199.0)	(28.0, 219.0)	(29.0, 298.0)	(30.0, 323.0)	(31.0, 400.0)	(32.0, 501.0)	(33.0, 688.0)	(34.0, 1007.0)	(35.0, 1787.0)	(36.0, 3101.0)	(37.0, 750.0)					
SRR5515480_2	(11.0, 1.0)	(12.0, 6.0)	(13.0, 17.0)	(14.0, 6.0)	(15.0, 18.0)	(16.0, 28.0)	(17.0, 39.0)	(18.0, 90.0)	(19.0, 109.0)	(20.0, 156.0)	(21.0, 208.0)	(22.0, 249.0)	(23.0, 292.0)	(24.0, 316.0)	(25.0, 407.0)	(26.0, 465.0)	(27.0, 479.0)	(28.0, 577.0)	(29.0, 770.0)	(30.0, 1031.0)	(31.0, 1240.0)	(32.0, 1388.0)	(33.0, 1163.0)	(34.0, 600.0)	(35.0, 157.0)	(36.0, 16.0)
SRR5515481_1	(17.0, 4.0)	(18.0, 22.0)	(19.0, 28.0)	(20.0, 34.0)	(21.0, 56.0)	(22.0, 89.0)	(23.0, 107.0)	(24.0, 124.0)	(25.0, 169.0)	(26.0, 223.0)	(27.0, 266.0)	(28.0, 307.0)	(29.0, 378.0)	(30.0, 437.0)	(31.0, 630.0)	(32.0, 710.0)	(33.0, 970.0)	(34.0, 1401.0)	(35.0, 2469.0)	(36.0, 4282.0)	(37.0, 1003.0)					
SRR5515481_2	(11.0, 1.0)	(12.0, 12.0)	(13.0, 22.0)	(14.0, 25.0)	(15.0, 21.0)	(16.0, 38.0)	(17.0, 78.0)	(18.0, 116.0)	(19.0, 198.0)	(20.0, 259.0)	(21.0, 311.0)	(22.0, 367.0)	(23.0, 405.0)	(24.0, 489.0)	(25.0, 547.0)	(26.0, 660.0)	(27.0, 789.0)	(28.0, 915.0)	(29.0, 1234.0)	(30.0, 1573.0)	(31.0, 1836.0)	(32.0, 1761.0)	(33.0, 1348.0)	(34.0, 562.0)	(35.0, 135.0)	(36.0, 7.0)
SRR5515482_1	(16.0, 2.0)	(17.0, 5.0)	(18.0, 10.0)	(19.0, 17.0)	(20.0, 30.0)	(21.0, 36.0)	(22.0, 76.0)	(23.0, 87.0)	(24.0, 115.0)	(25.0, 158.0)	(26.0, 169.0)	(27.0, 233.0)	(28.0, 263.0)	(29.0, 287.0)	(30.0, 410.0)	(31.0, 459.0)	(32.0, 602.0)	(33.0, 785.0)	(34.0, 1141.0)	(35.0, 2085.0)	(36.0, 3175.0)	(37.0, 775.0)				
SRR5515482_2	(11.0, 2.0)	(12.0, 6.0)	(13.0, 21.0)	(14.0, 13.0)	(15.0, 17.0)	(16.0, 27.0)	(17.0, 53.0)	(18.0, 96.0)	(19.0, 126.0)	(20.0, 195.0)	(21.0, 232.0)	(22.0, 255.0)	(23.0, 332.0)	(24.0, 409.0)	(25.0, 449.0)	(26.0, 514.0)	(27.0, 625.0)	(28.0, 806.0)	(29.0, 971.0)	(30.0, 1300.0)	(31.0, 1460.0)	(32.0, 1435.0)	(33.0, 1060.0)	(34.0, 446.0)	(35.0, 69.0)	(36.0, 1.0)
SRR5515483_1	(17.0, 1.0)	(18.0, 12.0)	(19.0, 18.0)	(20.0, 35.0)	(21.0, 50.0)	(22.0, 66.0)	(23.0, 90.0)	(24.0, 107.0)	(25.0, 130.0)	(26.0, 148.0)	(27.0, 181.0)	(28.0, 220.0)	(29.0, 298.0)	(30.0, 363.0)	(31.0, 449.0)	(32.0, 547.0)	(33.0, 733.0)	(34.0, 1069.0)	(35.0, 1892.0)	(36.0, 3303.0)	(37.0, 834.0)					
SRR5515483_2	(11.0, 1.0)	(12.0, 2.0)	(13.0, 20.0)	(14.0, 21.0)	(15.0, 23.0)	(16.0, 30.0)	(17.0, 51.0)	(18.0, 77.0)	(19.0, 112.0)	(20.0, 178.0)	(21.0, 194.0)	(22.0, 251.0)	(23.0, 286.0)	(24.0, 374.0)	(25.0, 406.0)	(26.0, 457.0)	(27.0, 556.0)	(28.0, 726.0)	(29.0, 880.0)	(30.0, 1123.0)	(31.0, 1401.0)	(32.0, 1425.0)	(33.0, 1176.0)	(34.0, 638.0)	(35.0, 130.0)	(36.0, 8.0)
SRR5515484_1	(18.0, 7.0)	(19.0, 16.0)	(20.0, 31.0)	(21.0, 68.0)	(22.0, 77.0)	(23.0, 102.0)	(24.0, 113.0)	(25.0, 159.0)	(26.0, 188.0)	(27.0, 232.0)	(28.0, 312.0)	(29.0, 353.0)	(30.0, 468.0)	(31.0, 627.0)	(32.0, 879.0)	(33.0, 1402.0)	(34.0, 2225.0)	(35.0, 4007.0)	(36.0, 6004.0)	(37.0, 1448.0)						
SRR5515484_2	(12.0, 2.0)	(13.0, 15.0)	(14.0, 27.0)	(15.0, 45.0)	(16.0, 74.0)	(17.0, 112.0)	(18.0, 176.0)	(19.0, 267.0)	(20.0, 356.0)	(21.0, 417.0)	(22.0, 515.0)	(23.0, 652.0)	(24.0, 772.0)	(25.0, 896.0)	(26.0, 1137.0)	(27.0, 1330.0)	(28.0, 1567.0)	(29.0, 1863.0)	(30.0, 2271.0)	(31.0, 2445.0)	(32.0, 2077.0)	(33.0, 1257.0)	(34.0, 414.0)	(35.0, 31.0)		
SRR5515485_1	(16.0, 1.0)	(17.0, 0.0)	(18.0, 12.0)	(19.0, 7.0)	(20.0, 36.0)	(21.0, 53.0)	(22.0, 61.0)	(23.0, 68.0)	(24.0, 76.0)	(25.0, 111.0)	(26.0, 164.0)	(27.0, 162.0)	(28.0, 219.0)	(29.0, 235.0)	(30.0, 314.0)	(31.0, 392.0)	(32.0, 492.0)	(33.0, 639.0)	(34.0, 979.0)	(35.0, 1575.0)	(36.0, 2968.0)	(37.0, 779.0)				
SRR5515485_2	(12.0, 4.0)	(13.0, 18.0)	(14.0, 18.0)	(15.0, 22.0)	(16.0, 28.0)	(17.0, 37.0)	(18.0, 87.0)	(19.0, 121.0)	(20.0, 151.0)	(21.0, 201.0)	(22.0, 215.0)	(23.0, 275.0)	(24.0, 327.0)	(25.0, 351.0)	(26.0, 452.0)	(27.0, 508.0)	(28.0, 579.0)	(29.0, 767.0)	(30.0, 986.0)	(31.0, 1247.0)	(32.0, 1322.0)	(33.0, 1031.0)	(34.0, 486.0)	(35.0, 105.0)	(36.0, 5.0)	
SRR5515486_1	(17.0, 1.0)	(18.0, 7.0)	(19.0, 23.0)	(20.0, 39.0)	(21.0, 43.0)	(22.0, 73.0)	(23.0, 102.0)	(24.0, 114.0)	(25.0, 142.0)	(26.0, 184.0)	(27.0, 171.0)	(28.0, 245.0)	(29.0, 314.0)	(30.0, 397.0)	(31.0, 436.0)	(32.0, 586.0)	(33.0, 677.0)	(34.0, 1081.0)	(35.0, 1924.0)	(36.0, 2999.0)	(37.0, 620.0)					
SRR5515486_2	(12.0, 11.0)	(13.0, 8.0)	(14.0, 14.0)	(15.0, 20.0)	(16.0, 31.0)	(17.0, 81.0)	(18.0, 135.0)	(19.0, 188.0)	(20.0, 236.0)	(21.0, 252.0)	(22.0, 290.0)	(23.0, 362.0)	(24.0, 407.0)	(25.0, 476.0)	(26.0, 554.0)	(27.0, 646.0)	(28.0, 796.0)	(29.0, 1028.0)	(30.0, 1189.0)	(31.0, 1293.0)	(32.0, 1190.0)	(33.0, 722.0)	(34.0, 221.0)	(35.0, 27.0)	(36.0, 1.0)	
SRR5515487_1	(16.0, 1.0)	(17.0, 2.0)	(18.0, 7.0)	(19.0, 19.0)	(20.0, 25.0)	(21.0, 43.0)	(22.0, 70.0)	(23.0, 95.0)	(24.0, 100.0)	(25.0, 118.0)	(26.0, 170.0)	(27.0, 203.0)	(28.0, 233.0)	(29.0, 276.0)	(30.0, 352.0)	(31.0, 432.0)	(32.0, 555.0)	(33.0, 734.0)	(34.0, 1127.0)	(35.0, 1935.0)	(36.0, 3140.0)	(37.0, 786.0)				
SRR5515487_2	(12.0, 1.0)	(13.0, 9.0)	(14.0, 15.0)	(15.0, 15.0)	(16.0, 28.0)	(17.0, 49.0)	(18.0, 97.0)	(19.0, 101.0)	(20.0, 173.0)	(21.0, 187.0)	(22.0, 259.0)	(23.0, 310.0)	(24.0, 387.0)	(25.0, 397.0)	(26.0, 478.0)	(27.0, 530.0)	(28.0, 691.0)	(29.0, 904.0)	(30.0, 1090.0)	(31.0, 1303.0)	(32.0, 1417.0)	(33.0, 1186.0)	(34.0, 655.0)	(35.0, 136.0)	(36.0, 5.0)	
SRR5515488_1	(17.0, 3.0)	(18.0, 4.0)	(19.0, 9.0)	(20.0, 33.0)	(21.0, 43.0)	(22.0, 60.0)	(23.0, 71.0)	(24.0, 65.0)	(25.0, 150.0)	(26.0, 149.0)	(27.0, 208.0)	(28.0, 210.0)	(29.0, 272.0)	(30.0, 337.0)	(31.0, 414.0)	(32.0, 544.0)	(33.0, 756.0)	(34.0, 1037.0)	(35.0, 1821.0)	(36.0, 2925.0)	(37.0, 632.0)					
SRR5515488_2	(12.0, 1.0)	(13.0, 4.0)	(14.0, 5.0)	(15.0, 22.0)	(16.0, 28.0)	(17.0, 53.0)	(18.0, 97.0)	(19.0, 143.0)	(20.0, 171.0)	(21.0, 200.0)	(22.0, 253.0)	(23.0, 299.0)	(24.0, 370.0)	(25.0, 432.0)	(26.0, 464.0)	(27.0, 575.0)	(28.0, 699.0)	(29.0, 850.0)	(30.0, 1101.0)	(31.0, 1238.0)	(32.0, 1231.0)	(33.0, 951.0)	(34.0, 442.0)	(35.0, 106.0)	(36.0, 8.0)	
SRR5515489_1	(18.0, 9.0)	(19.0, 14.0)	(20.0, 36.0)	(21.0, 47.0)	(22.0, 73.0)	(23.0, 92.0)	(24.0, 143.0)	(25.0, 172.0)	(26.0, 211.0)	(27.0, 226.0)	(28.0, 288.0)	(29.0, 355.0)	(30.0, 421.0)	(31.0, 495.0)	(32.0, 646.0)	(33.0, 835.0)	(34.0, 1294.0)	(35.0, 2165.0)	(36.0, 3687.0)	(37.0, 849.0)						
SRR5515489_2	(12.0, 2.0)	(13.0, 8.0)	(14.0, 5.0)	(15.0, 13.0)	(16.0, 31.0)	(17.0, 64.0)	(18.0, 107.0)	(19.0, 164.0)	(20.0, 238.0)	(21.0, 256.0)	(22.0, 329.0)	(23.0, 377.0)	(24.0, 459.0)	(25.0, 503.0)	(26.0, 599.0)	(27.0, 661.0)	(28.0, 881.0)	(29.0, 1126.0)	(30.0, 1440.0)	(31.0, 1619.0)	(32.0, 1517.0)	(33.0, 1106.0)	(34.0, 472.0)	(35.0, 77.0)	(36.0, 4.0)	
SRR5515490_1	(17.0, 3.0)	(18.0, 6.0)	(19.0, 21.0)	(20.0, 24.0)	(21.0, 38.0)	(22.0, 69.0)	(23.0, 73.0)	(24.0, 104.0)	(25.0, 159.0)	(26.0, 180.0)	(27.0, 220.0)	(28.0, 273.0)	(29.0, 297.0)	(30.0, 388.0)	(31.0, 480.0)	(32.0, 561.0)	(33.0, 750.0)	(34.0, 1181.0)	(35.0, 1844.0)	(36.0, 3029.0)	(37.0, 631.0)					
SRR5515490_2	(12.0, 3.0)	(13.0, 3.0)	(14.0, 16.0)	(15.0, 23.0)	(16.0, 35.0)	(17.0, 62.0)	(18.0, 93.0)	(19.0, 186.0)	(20.0, 194.0)	(21.0, 259.0)	(22.0, 319.0)	(23.0, 391.0)	(24.0, 409.0)	(25.0, 462.0)	(26.0, 549.0)	(27.0, 599.0)	(28.0, 826.0)	(29.0, 1000.0)	(30.0, 1201.0)	(31.0, 1337.0)	(32.0, 1232.0)	(33.0, 797.0)	(34.0, 283.0)	(35.0, 51.0)	(36.0, 1.0)	
SRR5515491_1	(17.0, 3.0)	(18.0, 5.0)	(19.0, 11.0)	(20.0, 24.0)	(21.0, 33.0)	(22.0, 30.0)	(23.0, 51.0)	(24.0, 72.0)	(25.0, 83.0)	(26.0, 119.0)	(27.0, 155.0)	(28.0, 168.0)	(29.0, 206.0)	(30.0, 269.0)	(31.0, 335.0)	(32.0, 401.0)	(33.0, 536.0)	(34.0, 824.0)	(35.0, 1361.0)	(36.0, 2441.0)	(37.0, 607.0)					
SRR5515491_2	(12.0, 2.0)	(13.0, 5.0)	(14.0, 4.0)	(15.0, 11.0)	(16.0, 17.0)	(17.0, 34.0)	(18.0, 59.0)	(19.0, 105.0)	(20.0, 136.0)	(21.0, 176.0)	(22.0, 197.0)	(23.0, 245.0)	(24.0, 264.0)	(25.0, 303.0)	(26.0, 366.0)	(27.0, 387.0)	(28.0, 512.0)	(29.0, 636.0)	(30.0, 805.0)	(31.0, 948.0)	(32.0, 1033.0)	(33.0, 873.0)	(34.0, 479.0)	(35.0, 130.0)	(36.0, 7.0)	
SRR5515492_1	(18.0, 4.0)	(19.0, 7.0)	(20.0, 26.0)	(21.0, 44.0)	(22.0, 58.0)	(23.0, 93.0)	(24.0, 107.0)	(25.0, 127.0)	(26.0, 149.0)	(27.0, 201.0)	(28.0, 250.0)	(29.0, 281.0)	(30.0, 375.0)	(31.0, 459.0)	(32.0, 715.0)	(33.0, 989.0)	(34.0, 1853.0)	(35.0, 3166.0)	(36.0, 5427.0)	(37.0, 1605.0)						
SRR5515492_2	(13.0, 10.0)	(14.0, 16.0)	(15.0, 20.0)	(16.0, 41.0)	(17.0, 69.0)	(18.0, 130.0)	(19.0, 184.0)	(20.0, 271.0)	(21.0, 320.0)	(22.0, 401.0)	(23.0, 471.0)	(24.0, 557.0)	(25.0, 725.0)	(26.0, 849.0)	(27.0, 986.0)	(28.0, 1225.0)	(29.0, 1492.0)	(30.0, 1967.0)	(31.0, 2148.0)	(32.0, 2083.0)	(33.0, 1382.0)	(34.0, 535.0)	(35.0, 54.0)			
SRR5515493_1	(15.0, 1.0)	(16.0, 0.0)	(17.0, 1.0)	(18.0, 6.0)	(19.0, 14.0)	(20.0, 32.0)	(21.0, 54.0)	(22.0, 86.0)	(23.0, 101.0)	(24.0, 115.0)	(25.0, 164.0)	(26.0, 178.0)	(27.0, 215.0)	(28.0, 255.0)	(29.0, 357.0)	(30.0, 370.0)	(31.0, 537.0)	(32.0, 736.0)	(33.0, 1153.0)	(34.0, 1970.0)	(35.0, 3602.0)	(36.0, 5755.0)	(37.0, 1579.0)			
SRR5515493_2	(12.0, 3.0)	(13.0, 9.0)	(14.0, 15.0)	(15.0, 15.0)	(16.0, 37.0)	(17.0, 112.0)	(18.0, 164.0)	(19.0, 231.0)	(20.0, 327.0)	(21.0, 415.0)	(22.0, 449.0)	(23.0, 539.0)	(24.0, 600.0)	(25.0, 835.0)	(26.0, 987.0)	(27.0, 1229.0)	(28.0, 1454.0)	(29.0, 1787.0)	(30.0, 2052.0)	(31.0, 2256.0)	(32.0, 2051.0)	(33.0, 1273.0)	(34.0, 394.0)	(35.0, 47.0)		
SRR5515494_1	(17.0, 2.0)	(18.0, 4.0)	(19.0, 15.0)	(20.0, 30.0)	(21.0, 38.0)	(22.0, 72.0)	(23.0, 75.0)	(24.0, 103.0)	(25.0, 124.0)	(26.0, 153.0)	(27.0, 224.0)	(28.0, 257.0)	(29.0, 367.0)	(30.0, 418.0)	(31.0, 557.0)	(32.0, 795.0)	(33.0, 1246.0)	(34.0, 2017.0)	(35.0, 3592.0)	(36.0, 5899.0)	(37.0, 1860.0)					
SRR5515494_2	(12.0, 1.0)	(13.0, 3.0)	(14.0, 13.0)	(15.0, 20.0)	(16.0, 49.0)	(17.0, 82.0)	(18.0, 123.0)	(19.0, 206.0)	(20.0, 291.0)	(21.0, 378.0)	(22.0, 426.0)	(23.0, 577.0)	(24.0, 650.0)	(25.0, 800.0)	(26.0, 952.0)	(27.0, 1171.0)	(28.0, 1441.0)	(29.0, 1714.0)	(30.0, 2061.0)	(31.0, 2358.0)	(32.0, 2370.0)	(33.0, 1526.0)	(34.0, 563.0)	(35.0, 73.0)		
SRR5515495_1	(15.0, 1.0)	(16.0, 0.0)	(17.0, 0.0)	(18.0, 5.0)	(19.0, 13.0)	(20.0, 23.0)	(21.0, 49.0)	(22.0, 48.0)	(23.0, 87.0)	(24.0, 114.0)	(25.0, 145.0)	(26.0, 183.0)	(27.0, 190.0)	(28.0, 242.0)	(29.0, 305.0)	(30.0, 466.0)	(31.0, 574.0)	(32.0, 876.0)	(33.0, 1262.0)	(34.0, 2247.0)	(35.0, 4051.0)	(36.0, 6867.0)	(37.0, 1979.0)			
SRR5515495_2	(12.0, 1.0)	(13.0, 5.0)	(14.0, 7.0)	(15.0, 18.0)	(16.0, 36.0)	(17.0, 69.0)	(18.0, 114.0)	(19.0, 217.0)	(20.0, 302.0)	(21.0, 389.0)	(22.0, 478.0)	(23.0, 660.0)	(24.0, 733.0)	(25.0, 844.0)	(26.0, 1050.0)	(27.0, 1334.0)	(28.0, 1553.0)	(29.0, 1920.0)	(30.0, 2368.0)	(31.0, 2627.0)	(32.0, 2580.0)	(33.0, 1755.0)	(34.0, 605.0)	(35.0, 60.0)	(36.0, 2.0)	
SRR5515496_1	(16.0, 2.0)	(17.0, 1.0)	(18.0, 5.0)	(19.0, 11.0)	(20.0, 21.0)	(21.0, 38.0)	(22.0, 61.0)	(23.0, 73.0)	(24.0, 115.0)	(25.0, 129.0)	(26.0, 162.0)	(27.0, 214.0)	(28.0, 236.0)	(29.0, 308.0)	(30.0, 408.0)	(31.0, 552.0)	(32.0, 748.0)	(33.0, 1172.0)	(34.0, 1873.0)	(35.0, 3522.0)	(36.0, 5491.0)	(37.0, 1497.0)				
SRR5515496_2	(13.0, 2.0)	(14.0, 3.0)	(15.0, 9.0)	(16.0, 32.0)	(17.0, 85.0)	(18.0, 142.0)	(19.0, 204.0)	(20.0, 271.0)	(21.0, 381.0)	(22.0, 487.0)	(23.0, 582.0)	(24.0, 657.0)	(25.0, 793.0)	(26.0, 930.0)	(27.0, 1193.0)	(28.0, 1429.0)	(29.0, 1730.0)	(30.0, 2036.0)	(31.0, 2228.0)	(32.0, 1889.0)	(33.0, 1179.0)	(34.0, 346.0)	(35.0, 30.0)	(36.0, 1.0)		
