Sample	0	1	2	3	4	5	6	7	8	9	10	11	12	13	14	15	16	17	18	19	20	21	22	23	24	25	26	27	28	29	30	31	32	33	34	35	36	37	38	39	40	41	42	43	44	45	46	47	48	49	50	51	52	53	54	55	56	57	58	59	60	61	62	63	64	65	66	67	68	69	70	71	72	73	74	75	76	77	78	79	80	81	82	83	84	85	86	87	88	89	90	91	92	93	94	95	96	97	98	99	100
SRR1653571_1	(0.0, 0.0)	(1.0, 0.0)	(2.0, 0.0)	(3.0, 0.0)	(4.0, 0.0)	(5.0, 0.0)	(6.0, 0.0)	(7.0, 0.0)	(8.0, 0.0)	(9.0, 0.0)	(10.0, 0.0)	(11.0, 0.0)	(12.0, 0.0)	(13.0, 0.0)	(14.0, 0.0)	(15.0, 0.0)	(16.0, 0.0)	(17.0, 0.0)	(18.0, 0.0)	(19.0, 0.0)	(20.0, 0.0)	(21.0, 0.0)	(22.0, 0.0)	(23.0, 0.0)	(24.0, 0.0)	(25.0, 0.0)	(26.0, 0.0)	(27.0, 0.0)	(28.0, 0.0)	(29.0, 0.0)	(30.0, 0.0)	(31.0, 0.0)	(32.0, 0.0)	(33.0, 0.0)	(34.0, 0.0)	(35.0, 0.0)	(36.0, 0.0)	(37.0, 0.0)	(38.0, 0.3333333333333333)	(39.0, 0.6666666666666666)	(40.0, 0.3333333333333333)	(41.0, 0.0)	(42.0, 0.0)	(43.0, 5.999999999999998)	(44.0, 29.99999999999996)	(45.0, 81.66666666666659)	(46.0, 238.0000000000024)	(47.0, 1041.0000000000425)	(48.0, 757.0000000000161)	(49.0, 1830.999999999863)	(50.0, 4100.333333334074)	(51.0, 4378.333333333821)	(52.0, 3617.000000000527)	(53.0, 2826.6666666668343)	(54.0, 3224.0000000003483)	(55.0, 1915.6666666665103)	(56.0, 1261.3333333333258)	(57.0, 1279.666666666655)	(58.0, 747.000000000015)	(59.0, 469.6666666666574)	(60.0, 374.99999999999613)	(61.0, 179.33333333333405)	(62.0, 157.33333333333343)	(63.0, 11.66666666666667)	(64.0, 6.999999999999997)	(65.0, 5.666666666666665)	(66.0, 15.000000000000009)	(67.0, 26.333333333333307)	(68.0, 26.99999999999997)	(69.0, 23.333333333333318)	(70.0, 8.999999999999998)	(71.0, 4.333333333333333)	(72.0, 2.333333333333333)	(73.0, 0.3333333333333333)	(74.0, 0.3333333333333333)	(75.0, 0.0)	(76.0, 0.0)	(77.0, 0.0)	(78.0, 0.0)	(79.0, 0.0)	(80.0, 0.0)	(81.0, 0.0)	(82.0, 0.0)	(83.0, 0.0)	(84.0, 0.0)	(85.0, 0.0)	(86.0, 0.0)	(87.0, 0.0)	(88.0, 0.0)	(89.0, 0.0)	(90.0, 0.0)	(91.0, 0.0)	(92.0, 0.0)	(93.0, 0.0)	(94.0, 0.0)	(95.0, 0.0)	(96.0, 0.0)	(97.0, 0.0)	(98.0, 0.0)	(99.0, 0.0)	(100.0, 0.0)
SRR1653571_2	(0.0, 0.0)	(1.0, 0.0)	(2.0, 0.0)	(3.0, 0.0)	(4.0, 0.0)	(5.0, 0.0)	(6.0, 0.0)	(7.0, 0.0)	(8.0, 0.0)	(9.0, 0.0)	(10.0, 0.0)	(11.0, 0.0)	(12.0, 0.0)	(13.0, 0.0)	(14.0, 0.0)	(15.0, 0.0)	(16.0, 0.0)	(17.0, 0.0)	(18.0, 0.0)	(19.0, 0.0)	(20.0, 0.0)	(21.0, 0.0)	(22.0, 0.0)	(23.0, 0.0)	(24.0, 0.0)	(25.0, 0.0)	(26.0, 0.0)	(27.0, 0.0)	(28.0, 0.0)	(29.0, 0.0)	(30.0, 0.0)	(31.0, 0.0)	(32.0, 0.0)	(33.0, 0.0)	(34.0, 0.0)	(35.0, 0.0)	(36.0, 0.0)	(37.0, 0.0)	(38.0, 0.3333333333333333)	(39.0, 0.6666666666666666)	(40.0, 0.6666666666666666)	(41.0, 2.6666666666666665)	(42.0, 5.333333333333332)	(43.0, 18.000000000000004)	(44.0, 54.33333333333344)	(45.0, 74.00000000000003)	(46.0, 108.6666666666662)	(47.0, 229.66666666666882)	(48.0, 1034.3333333333774)	(49.0, 2056.666666666484)	(50.0, 2576.0000000000537)	(51.0, 3399.000000000428)	(52.0, 3552.6666666671645)	(53.0, 3284.333333333709)	(54.0, 2933.666666666883)	(55.0, 3066.6666666669435)	(56.0, 1893.6666666665153)	(57.0, 844.3333333333594)	(58.0, 688.0000000000083)	(59.0, 432.6666666666595)	(60.0, 813.6666666666893)	(61.0, 622.3333333333342)	(62.0, 498.6666666666558)	(63.0, 174.3333333333339)	(64.0, 43.6666666666667)	(65.0, 61.33333333333349)	(66.0, 164.00000000000028)	(67.0, 47.33333333333339)	(68.0, 22.33333333333332)	(69.0, 13.33333333333334)	(70.0, 4.666666666666666)	(71.0, 2.333333333333333)	(72.0, 7.666666666666663)	(73.0, 5.666666666666665)	(74.0, 2.333333333333333)	(75.0, 1.9999999999999998)	(76.0, 0.3333333333333333)	(77.0, 0.6666666666666666)	(78.0, 0.3333333333333333)	(79.0, 0.3333333333333333)	(80.0, 0.6666666666666666)	(81.0, 0.0)	(82.0, 0.0)	(83.0, 0.0)	(84.0, 0.0)	(85.0, 0.0)	(86.0, 0.0)	(87.0, 0.3333333333333333)	(88.0, 0.0)	(89.0, 0.0)	(90.0, 0.0)	(91.0, 0.0)	(92.0, 0.0)	(93.0, 0.0)	(94.0, 0.0)	(95.0, 0.0)	(96.0, 0.0)	(97.0, 0.0)	(98.0, 0.0)	(99.0, 0.3333333333333333)	(100.0, 0.5)
SRR1653573_1	(0.0, 0.0)	(1.0, 0.0)	(2.0, 0.0)	(3.0, 0.0)	(4.0, 0.0)	(5.0, 0.0)	(6.0, 0.0)	(7.0, 0.0)	(8.0, 0.0)	(9.0, 0.0)	(10.0, 0.0)	(11.0, 0.0)	(12.0, 0.0)	(13.0, 0.0)	(14.0, 0.0)	(15.0, 0.0)	(16.0, 0.0)	(17.0, 0.0)	(18.0, 0.0)	(19.0, 0.0)	(20.0, 0.0)	(21.0, 0.0)	(22.0, 0.0)	(23.0, 0.0)	(24.0, 0.0)	(25.0, 0.0)	(26.0, 0.0)	(27.0, 0.0)	(28.0, 0.0)	(29.0, 0.0)	(30.0, 0.0)	(31.0, 0.0)	(32.0, 0.0)	(33.0, 0.0)	(34.0, 0.0)	(35.0, 0.3333333333333333)	(36.0, 0.3333333333333333)	(37.0, 0.0)	(38.0, 0.0)	(39.0, 0.0)	(40.0, 0.0)	(41.0, 0.3333333333333333)	(42.0, 0.3333333333333333)	(43.0, 4.0)	(44.0, 16.666666666666675)	(45.0, 86.33333333333319)	(46.0, 311.3333333333331)	(47.0, 1062.0000000000377)	(48.0, 714.0000000000113)	(49.0, 1832.9999999998624)	(50.0, 3338.666666667067)	(51.0, 3481.000000000465)	(52.0, 3005.3333333335822)	(53.0, 3192.6666666670008)	(54.0, 3755.00000000059)	(55.0, 2073.3333333331584)	(56.0, 1088.333333333365)	(57.0, 792.3333333333535)	(58.0, 572.3333333333285)	(59.0, 1169.3333333333467)	(60.0, 1098.3333333333628)	(61.0, 167.00000000000037)	(62.0, 124.33333333333265)	(63.0, 14.000000000000007)	(64.0, 4.333333333333333)	(65.0, 3.666666666666667)	(66.0, 7.9999999999999964)	(67.0, 12.000000000000004)	(68.0, 10.666666666666668)	(69.0, 13.000000000000005)	(70.0, 1.9999999999999998)	(71.0, 0.3333333333333333)	(72.0, 0.6666666666666666)	(73.0, 0.0)	(74.0, 0.0)	(75.0, 0.0)	(76.0, 0.0)	(77.0, 0.0)	(78.0, 0.0)	(79.0, 0.0)	(80.0, 0.0)	(81.0, 0.0)	(82.0, 0.0)	(83.0, 0.0)	(84.0, 0.0)	(85.0, 0.0)	(86.0, 0.0)	(87.0, 0.0)	(88.0, 0.0)	(89.0, 0.0)	(90.0, 0.0)	(91.0, 0.0)	(92.0, 0.0)	(93.0, 0.0)	(94.0, 0.0)	(95.0, 0.0)	(96.0, 0.0)	(97.0, 0.0)	(98.0, 0.0)	(99.0, 0.0)	(100.0, 0.0)
SRR1653573_2	(0.0, 0.0)	(1.0, 0.0)	(2.0, 0.0)	(3.0, 0.0)	(4.0, 0.0)	(5.0, 0.0)	(6.0, 0.0)	(7.0, 0.0)	(8.0, 0.0)	(9.0, 0.0)	(10.0, 0.0)	(11.0, 0.0)	(12.0, 0.3333333333333333)	(13.0, 0.0)	(14.0, 0.0)	(15.0, 0.0)	(16.0, 0.0)	(17.0, 0.0)	(18.0, 0.0)	(19.0, 0.0)	(20.0, 0.0)	(21.0, 0.0)	(22.0, 0.0)	(23.0, 0.0)	(24.0, 0.0)	(25.0, 0.0)	(26.0, 0.0)	(27.0, 0.0)	(28.0, 0.0)	(29.0, 0.0)	(30.0, 0.0)	(31.0, 0.0)	(32.0, 0.0)	(33.0, 0.3333333333333333)	(34.0, 0.3333333333333333)	(35.0, 0.0)	(36.0, 0.0)	(37.0, 0.3333333333333333)	(38.0, 0.3333333333333333)	(39.0, 0.0)	(40.0, 0.3333333333333333)	(41.0, 1.6666666666666665)	(42.0, 1.9999999999999998)	(43.0, 11.333333333333336)	(44.0, 42.33333333333336)	(45.0, 55.33333333333345)	(46.0, 108.33333333333287)	(47.0, 190.6666666666677)	(48.0, 934.3333333333696)	(49.0, 1873.3333333331866)	(50.0, 1763.9999999998781)	(51.0, 2748.666666666799)	(52.0, 3218.0000000003456)	(53.0, 3682.0000000005566)	(54.0, 3510.6666666671454)	(55.0, 3196.6666666670026)	(56.0, 1964.9999999998324)	(57.0, 917.0000000000343)	(58.0, 510.6666666666551)	(59.0, 370.66666666666305)	(60.0, 606.3333333333323)	(61.0, 500.66666666665566)	(62.0, 1136.6666666666874)	(63.0, 326.99999999999886)	(64.0, 49.66666666666674)	(65.0, 41.33333333333335)	(66.0, 97.33333333333303)	(67.0, 26.99999999999997)	(68.0, 14.000000000000007)	(69.0, 8.33333333333333)	(70.0, 2.6666666666666665)	(71.0, 2.6666666666666665)	(72.0, 5.333333333333332)	(73.0, 3.3333333333333335)	(74.0, 1.9999999999999998)	(75.0, 1.3333333333333333)	(76.0, 0.3333333333333333)	(77.0, 0.3333333333333333)	(78.0, 0.0)	(79.0, 0.0)	(80.0, 0.0)	(81.0, 0.0)	(82.0, 0.0)	(83.0, 0.0)	(84.0, 0.0)	(85.0, 0.0)	(86.0, 0.0)	(87.0, 0.0)	(88.0, 0.0)	(89.0, 0.0)	(90.0, 0.0)	(91.0, 0.0)	(92.0, 0.0)	(93.0, 0.0)	(94.0, 0.0)	(95.0, 0.3333333333333333)	(96.0, 0.0)	(97.0, 0.0)	(98.0, 0.0)	(99.0, 0.0)	(100.0, 0.5)
SRR1653575_1	(0.0, 0.0)	(1.0, 0.0)	(2.0, 0.0)	(3.0, 0.0)	(4.0, 0.0)	(5.0, 0.0)	(6.0, 0.0)	(7.0, 0.0)	(8.0, 0.0)	(9.0, 0.0)	(10.0, 0.0)	(11.0, 0.0)	(12.0, 0.0)	(13.0, 0.0)	(14.0, 0.0)	(15.0, 0.0)	(16.0, 0.0)	(17.0, 0.0)	(18.0, 0.0)	(19.0, 0.0)	(20.0, 0.0)	(21.0, 0.0)	(22.0, 0.0)	(23.0, 0.0)	(24.0, 0.0)	(25.0, 0.0)	(26.0, 0.0)	(27.0, 0.0)	(28.0, 0.0)	(29.0, 0.0)	(30.0, 0.0)	(31.0, 0.0)	(32.0, 0.0)	(33.0, 0.6666666666666666)	(34.0, 1.0)	(35.0, 0.6666666666666666)	(36.0, 1.3333333333333333)	(37.0, 1.0)	(38.0, 1.6666666666666665)	(39.0, 1.3333333333333333)	(40.0, 1.3333333333333333)	(41.0, 1.3333333333333333)	(42.0, 3.0)	(43.0, 4.0)	(44.0, 16.666666666666675)	(45.0, 84.99999999999987)	(46.0, 346.9999999999977)	(47.0, 1871.9999999998536)	(48.0, 981.0000000000416)	(49.0, 1576.6666666665874)	(50.0, 3291.000000000379)	(51.0, 3175.000000000326)	(52.0, 3566.666666667171)	(53.0, 2872.0000000001883)	(54.0, 3062.333333333608)	(55.0, 2057.333333333151)	(56.0, 1445.9999999999504)	(57.0, 1739.9999999998836)	(58.0, 1102.333333333362)	(59.0, 1132.333333333355)	(60.0, 1060.6666666667047)	(61.0, 200.0000000000013)	(62.0, 142.9999999999997)	(63.0, 14.000000000000007)	(64.0, 5.999999999999998)	(65.0, 4.999999999999999)	(66.0, 9.333333333333332)	(67.0, 29.333333333333297)	(68.0, 16.00000000000001)	(69.0, 15.666666666666677)	(70.0, 5.333333333333332)	(71.0, 0.3333333333333333)	(72.0, 1.3333333333333333)	(73.0, 1.0)	(74.0, 0.0)	(75.0, 0.0)	(76.0, 0.0)	(77.0, 0.0)	(78.0, 0.0)	(79.0, 0.0)	(80.0, 0.0)	(81.0, 0.0)	(82.0, 0.0)	(83.0, 0.0)	(84.0, 0.0)	(85.0, 0.0)	(86.0, 0.0)	(87.0, 0.0)	(88.0, 0.0)	(89.0, 0.0)	(90.0, 0.0)	(91.0, 0.0)	(92.0, 0.0)	(93.0, 0.0)	(94.0, 0.0)	(95.0, 0.0)	(96.0, 0.0)	(97.0, 0.0)	(98.0, 0.0)	(99.0, 0.0)	(100.0, 0.0)
SRR1653575_2	(0.0, 0.0)	(1.0, 0.0)	(2.0, 0.0)	(3.0, 0.0)	(4.0, 0.0)	(5.0, 0.0)	(6.0, 0.0)	(7.0, 0.0)	(8.0, 0.0)	(9.0, 0.0)	(10.0, 0.0)	(11.0, 0.0)	(12.0, 0.0)	(13.0, 0.0)	(14.0, 0.0)	(15.0, 0.0)	(16.0, 0.0)	(17.0, 0.0)	(18.0, 0.0)	(19.0, 0.0)	(20.0, 0.0)	(21.0, 0.0)	(22.0, 0.0)	(23.0, 0.0)	(24.0, 0.0)	(25.0, 0.0)	(26.0, 0.0)	(27.0, 0.0)	(28.0, 0.0)	(29.0, 0.0)	(30.0, 0.0)	(31.0, 0.0)	(32.0, 0.0)	(33.0, 0.0)	(34.0, 0.0)	(35.0, 0.0)	(36.0, 0.0)	(37.0, 0.3333333333333333)	(38.0, 1.0)	(39.0, 0.6666666666666666)	(40.0, 3.0)	(41.0, 3.666666666666667)	(42.0, 4.0)	(43.0, 12.333333333333337)	(44.0, 74.33333333333336)	(45.0, 96.9999999999997)	(46.0, 94.33333333333307)	(47.0, 239.33333333333576)	(48.0, 1528.333333333265)	(49.0, 2688.0000000001046)	(50.0, 2166.666666666534)	(51.0, 2280.666666666586)	(52.0, 2870.333333333521)	(53.0, 3409.6666666670994)	(54.0, 2769.333333333475)	(55.0, 3105.000000000294)	(56.0, 2268.6666666665806)	(57.0, 1118.6666666666915)	(58.0, 1018.6666666667126)	(59.0, 606.9999999999991)	(60.0, 1077.3333333333676)	(61.0, 623.3333333333343)	(62.0, 1094.3333333333637)	(63.0, 324.999999999999)	(64.0, 58.666666666666806)	(65.0, 61.66666666666683)	(66.0, 136.66666666666617)	(67.0, 36.66666666666665)	(68.0, 24.99999999999998)	(69.0, 15.333333333333343)	(70.0, 5.666666666666665)	(71.0, 1.9999999999999998)	(72.0, 6.333333333333331)	(73.0, 3.666666666666667)	(74.0, 1.6666666666666665)	(75.0, 0.6666666666666666)	(76.0, 1.0)	(77.0, 0.3333333333333333)	(78.0, 0.3333333333333333)	(79.0, 0.0)	(80.0, 0.3333333333333333)	(81.0, 0.0)	(82.0, 0.0)	(83.0, 0.0)	(84.0, 0.0)	(85.0, 0.0)	(86.0, 0.0)	(87.0, 0.0)	(88.0, 0.0)	(89.0, 0.0)	(90.0, 0.0)	(91.0, 0.0)	(92.0, 0.0)	(93.0, 0.0)	(94.0, 0.0)	(95.0, 0.0)	(96.0, 0.0)	(97.0, 0.0)	(98.0, 0.0)	(99.0, 0.3333333333333333)	(100.0, 0.5)
SRR1653577_1	(0.0, 0.0)	(1.0, 0.0)	(2.0, 0.0)	(3.0, 0.0)	(4.0, 0.0)	(5.0, 0.0)	(6.0, 0.0)	(7.0, 0.0)	(8.0, 0.0)	(9.0, 0.0)	(10.0, 0.0)	(11.0, 0.0)	(12.0, 0.0)	(13.0, 0.0)	(14.0, 0.0)	(15.0, 0.0)	(16.0, 0.0)	(17.0, 0.0)	(18.0, 0.0)	(19.0, 0.0)	(20.0, 0.0)	(21.0, 0.0)	(22.0, 0.0)	(23.0, 0.0)	(24.0, 0.0)	(25.0, 0.0)	(26.0, 0.0)	(27.0, 0.0)	(28.0, 0.0)	(29.0, 0.3333333333333333)	(30.0, 0.3333333333333333)	(31.0, 0.3333333333333333)	(32.0, 0.0)	(33.0, 0.6666666666666666)	(34.0, 1.0)	(35.0, 1.3333333333333333)	(36.0, 1.3333333333333333)	(37.0, 2.333333333333333)	(38.0, 2.333333333333333)	(39.0, 1.9999999999999998)	(40.0, 1.0)	(41.0, 1.3333333333333333)	(42.0, 3.0)	(43.0, 13.33333333333334)	(44.0, 21.333333333333325)	(45.0, 46.66666666666672)	(46.0, 187.33333333333428)	(47.0, 438.6666666666592)	(48.0, 462.99999999999113)	(49.0, 1442.9999999999511)	(50.0, 2767.0000000001405)	(51.0, 2753.000000000134)	(52.0, 2631.6666666667456)	(53.0, 3920.000000000665)	(54.0, 3867.0000000006407)	(55.0, 1157.0000000000161)	(56.0, 635.3333333333356)	(57.0, 495.99999999998926)	(58.0, 281.0000000000015)	(59.0, 182.66666666666748)	(60.0, 173.00000000000054)	(61.0, 356.66666666666384)	(62.0, 311.6666666666664)	(63.0, 15.333333333333343)	(64.0, 5.999999999999998)	(65.0, 1.6666666666666665)	(66.0, 8.666666666666664)	(67.0, 22.999999999999986)	(68.0, 20.33333333333333)	(69.0, 16.666666666666675)	(70.0, 4.333333333333333)	(71.0, 1.6666666666666665)	(72.0, 1.0)	(73.0, 0.0)	(74.0, 0.0)	(75.0, 0.0)	(76.0, 0.0)	(77.0, 0.0)	(78.0, 0.0)	(79.0, 0.0)	(80.0, 0.0)	(81.0, 0.0)	(82.0, 0.0)	(83.0, 0.0)	(84.0, 0.0)	(85.0, 0.0)	(86.0, 0.0)	(87.0, 0.0)	(88.0, 0.0)	(89.0, 0.0)	(90.0, 0.0)	(91.0, 0.0)	(92.0, 0.0)	(93.0, 0.0)	(94.0, 0.0)	(95.0, 0.0)	(96.0, 0.0)	(97.0, 0.0)	(98.0, 0.0)	(99.0, 0.0)	(100.0, 0.0)
SRR1653577_2	(0.0, 0.0)	(1.0, 0.0)	(2.0, 0.0)	(3.0, 0.0)	(4.0, 0.0)	(5.0, 0.0)	(6.0, 0.0)	(7.0, 0.0)	(8.0, 0.0)	(9.0, 0.0)	(10.0, 0.0)	(11.0, 0.0)	(12.0, 0.0)	(13.0, 0.0)	(14.0, 0.0)	(15.0, 0.0)	(16.0, 0.0)	(17.0, 0.0)	(18.0, 0.0)	(19.0, 0.0)	(20.0, 0.0)	(21.0, 0.0)	(22.0, 0.0)	(23.0, 0.0)	(24.0, 0.0)	(25.0, 0.0)	(26.0, 0.0)	(27.0, 0.0)	(28.0, 0.0)	(29.0, 0.0)	(30.0, 0.3333333333333333)	(31.0, 0.6666666666666666)	(32.0, 0.0)	(33.0, 0.0)	(34.0, 0.0)	(35.0, 0.0)	(36.0, 1.3333333333333333)	(37.0, 1.9999999999999998)	(38.0, 1.9999999999999998)	(39.0, 2.333333333333333)	(40.0, 1.9999999999999998)	(41.0, 0.3333333333333333)	(42.0, 4.333333333333333)	(43.0, 19.666666666666664)	(44.0, 79.99999999999994)	(45.0, 79.66666666666661)	(46.0, 71.00000000000007)	(47.0, 125.66666666666596)	(48.0, 505.9999999999887)	(49.0, 1237.3333333333312)	(50.0, 1545.6666666665944)	(51.0, 2109.6666666665083)	(52.0, 3873.6666666673104)	(53.0, 4177.666666667337)	(54.0, 2567.0000000000496)	(55.0, 2148.3333333331925)	(56.0, 1103.0000000000284)	(57.0, 591.3333333333306)	(58.0, 303.0000000000002)	(59.0, 165.666666666667)	(60.0, 313.333333333333)	(61.0, 244.66666666666924)	(62.0, 206.66666666666816)	(63.0, 80.6666666666666)	(64.0, 39.333333333333336)	(65.0, 101.99999999999963)	(66.0, 314.66666666666623)	(67.0, 70.33333333333341)	(68.0, 32.99999999999996)	(69.0, 16.00000000000001)	(70.0, 2.6666666666666665)	(71.0, 1.6666666666666665)	(72.0, 2.333333333333333)	(73.0, 2.6666666666666665)	(74.0, 0.0)	(75.0, 0.0)	(76.0, 0.0)	(77.0, 0.3333333333333333)	(78.0, 0.0)	(79.0, 0.0)	(80.0, 0.0)	(81.0, 0.0)	(82.0, 0.0)	(83.0, 0.0)	(84.0, 0.0)	(85.0, 0.0)	(86.0, 0.0)	(87.0, 0.0)	(88.0, 0.0)	(89.0, 0.0)	(90.0, 0.3333333333333333)	(91.0, 0.3333333333333333)	(92.0, 0.0)	(93.0, 0.0)	(94.0, 0.0)	(95.0, 0.0)	(96.0, 0.0)	(97.0, 0.0)	(98.0, 0.0)	(99.0, 0.0)	(100.0, 0.0)
SRR1653581_1	(0.0, 0.0)	(1.0, 0.0)	(2.0, 0.0)	(3.0, 0.0)	(4.0, 0.0)	(5.0, 0.0)	(6.0, 0.0)	(7.0, 0.0)	(8.0, 0.0)	(9.0, 0.0)	(10.0, 0.0)	(11.0, 0.0)	(12.0, 0.0)	(13.0, 0.0)	(14.0, 0.0)	(15.0, 0.0)	(16.0, 0.0)	(17.0, 0.0)	(18.0, 0.0)	(19.0, 0.0)	(20.0, 0.0)	(21.0, 0.0)	(22.0, 0.0)	(23.0, 0.0)	(24.0, 0.3333333333333333)	(25.0, 0.0)	(26.0, 0.0)	(27.0, 0.0)	(28.0, 0.0)	(29.0, 0.0)	(30.0, 0.0)	(31.0, 0.0)	(32.0, 0.0)	(33.0, 0.0)	(34.0, 0.3333333333333333)	(35.0, 0.0)	(36.0, 0.0)	(37.0, 0.0)	(38.0, 0.0)	(39.0, 0.6666666666666666)	(40.0, 0.0)	(41.0, 0.6666666666666666)	(42.0, 2.333333333333333)	(43.0, 10.333333333333334)	(44.0, 26.333333333333307)	(45.0, 71.66666666666673)	(46.0, 336.33333333333167)	(47.0, 1131.6666666666886)	(48.0, 979.3333333333748)	(49.0, 2824.6666666668334)	(50.0, 4186.333333333996)	(51.0, 4324.0000000005375)	(52.0, 4412.0000000004575)	(53.0, 3429.6666666671085)	(54.0, 2649.000000000087)	(55.0, 2102.9999999998386)	(56.0, 1697.3333333332266)	(57.0, 2713.666666666783)	(58.0, 1787.3333333332062)	(59.0, 314.3333333333329)	(60.0, 189.000000000001)	(61.0, 252.00000000000279)	(62.0, 235.33333333333564)	(63.0, 23.999999999999982)	(64.0, 14.666666666666675)	(65.0, 9.333333333333332)	(66.0, 8.666666666666664)	(67.0, 21.333333333333325)	(68.0, 30.999999999999957)	(69.0, 25.666666666666643)	(70.0, 8.999999999999998)	(71.0, 1.9999999999999998)	(72.0, 0.3333333333333333)	(73.0, 0.0)	(74.0, 0.0)	(75.0, 0.0)	(76.0, 0.0)	(77.0, 0.0)	(78.0, 0.0)	(79.0, 0.0)	(80.0, 0.0)	(81.0, 0.0)	(82.0, 0.0)	(83.0, 0.0)	(84.0, 0.0)	(85.0, 0.3333333333333333)	(86.0, 0.3333333333333333)	(87.0, 0.0)	(88.0, 0.0)	(89.0, 0.0)	(90.0, 0.0)	(91.0, 0.0)	(92.0, 0.0)	(93.0, 0.0)	(94.0, 0.0)	(95.0, 0.0)	(96.0, 0.0)	(97.0, 0.0)	(98.0, 0.0)	(99.0, 0.0)	(100.0, 0.0)
SRR1653581_2	(0.0, 0.0)	(1.0, 0.0)	(2.0, 0.0)	(3.0, 0.0)	(4.0, 0.0)	(5.0, 0.0)	(6.0, 0.0)	(7.0, 0.0)	(8.0, 0.0)	(9.0, 0.0)	(10.0, 0.0)	(11.0, 0.0)	(12.0, 0.0)	(13.0, 0.0)	(14.0, 0.0)	(15.0, 0.0)	(16.0, 0.0)	(17.0, 0.0)	(18.0, 0.0)	(19.0, 0.0)	(20.0, 0.0)	(21.0, 0.0)	(22.0, 0.0)	(23.0, 0.0)	(24.0, 0.0)	(25.0, 0.0)	(26.0, 0.0)	(27.0, 0.0)	(28.0, 0.0)	(29.0, 0.0)	(30.0, 0.3333333333333333)	(31.0, 0.3333333333333333)	(32.0, 0.0)	(33.0, 0.0)	(34.0, 0.0)	(35.0, 0.0)	(36.0, 0.0)	(37.0, 0.0)	(38.0, 0.3333333333333333)	(39.0, 1.3333333333333333)	(40.0, 1.3333333333333333)	(41.0, 4.0)	(42.0, 5.333333333333332)	(43.0, 18.333333333333336)	(44.0, 107.33333333333289)	(45.0, 110.9999999999995)	(46.0, 102.99999999999962)	(47.0, 235.33333333333564)	(48.0, 1243.3333333333298)	(49.0, 2486.0000000000127)	(50.0, 2323.6666666666056)	(51.0, 3143.333333333645)	(52.0, 4105.000000000737)	(53.0, 4471.66666666707)	(54.0, 3697.0000000005634)	(55.0, 2605.3333333334003)	(56.0, 1844.9999999998597)	(57.0, 1315.99999999998)	(58.0, 1453.6666666666154)	(59.0, 904.3333333333662)	(60.0, 1625.9999999999095)	(61.0, 744.6666666666814)	(62.0, 367.6666666666632)	(63.0, 155.00000000000003)	(64.0, 54.33333333333344)	(65.0, 85.3333333333332)	(66.0, 208.66666666666822)	(67.0, 71.3333333333334)	(68.0, 30.666666666666625)	(69.0, 14.333333333333341)	(70.0, 2.6666666666666665)	(71.0, 4.666666666666666)	(72.0, 7.9999999999999964)	(73.0, 6.333333333333331)	(74.0, 4.0)	(75.0, 2.333333333333333)	(76.0, 1.0)	(77.0, 0.6666666666666666)	(78.0, 0.0)	(79.0, 0.0)	(80.0, 0.3333333333333333)	(81.0, 0.3333333333333333)	(82.0, 0.3333333333333333)	(83.0, 0.0)	(84.0, 0.0)	(85.0, 0.0)	(86.0, 0.0)	(87.0, 0.3333333333333333)	(88.0, 0.3333333333333333)	(89.0, 0.0)	(90.0, 0.0)	(91.0, 0.0)	(92.0, 0.0)	(93.0, 0.0)	(94.0, 0.0)	(95.0, 0.0)	(96.0, 0.0)	(97.0, 0.0)	(98.0, 0.3333333333333333)	(99.0, 0.0)	(100.0, 0.5)
SRR1653583_1	(0.0, 0.0)	(1.0, 0.0)	(2.0, 0.0)	(3.0, 0.0)	(4.0, 0.0)	(5.0, 0.0)	(6.0, 0.0)	(7.0, 0.0)	(8.0, 0.0)	(9.0, 0.0)	(10.0, 0.0)	(11.0, 0.0)	(12.0, 0.0)	(13.0, 0.0)	(14.0, 0.0)	(15.0, 0.0)	(16.0, 0.0)	(17.0, 0.0)	(18.0, 0.0)	(19.0, 0.0)	(20.0, 0.0)	(21.0, 0.0)	(22.0, 0.0)	(23.0, 0.0)	(24.0, 0.0)	(25.0, 0.0)	(26.0, 0.0)	(27.0, 0.0)	(28.0, 0.0)	(29.0, 0.0)	(30.0, 0.0)	(31.0, 0.0)	(32.0, 0.0)	(33.0, 0.0)	(34.0, 0.0)	(35.0, 0.0)	(36.0, 0.0)	(37.0, 0.0)	(38.0, 0.6666666666666666)	(39.0, 0.0)	(40.0, 0.3333333333333333)	(41.0, 0.3333333333333333)	(42.0, 0.3333333333333333)	(43.0, 14.666666666666675)	(44.0, 77.99999999999997)	(45.0, 174.3333333333339)	(46.0, 275.33333333333513)	(47.0, 484.66666666665657)	(48.0, 410.33333333332746)	(49.0, 1123.3333333333571)	(50.0, 3169.333333333657)	(51.0, 4068.000000000732)	(52.0, 3347.0000000004043)	(53.0, 2655.333333333423)	(54.0, 2755.000000000135)	(55.0, 2511.3333333333576)	(56.0, 1888.3333333331832)	(57.0, 2285.333333333255)	(58.0, 2041.3333333331484)	(59.0, 420.9999999999935)	(60.0, 258.0000000000028)	(61.0, 215.33333333333508)	(62.0, 188.66666666666765)	(63.0, 17.66666666666667)	(64.0, 13.000000000000005)	(65.0, 5.999999999999998)	(66.0, 11.66666666666667)	(67.0, 21.333333333333325)	(68.0, 25.999999999999975)	(69.0, 25.999999999999975)	(70.0, 6.999999999999997)	(71.0, 1.9999999999999998)	(72.0, 0.6666666666666666)	(73.0, 0.3333333333333333)	(74.0, 0.0)	(75.0, 0.0)	(76.0, 0.0)	(77.0, 0.0)	(78.0, 0.0)	(79.0, 0.0)	(80.0, 0.0)	(81.0, 0.0)	(82.0, 0.0)	(83.0, 0.0)	(84.0, 0.0)	(85.0, 0.0)	(86.0, 0.0)	(87.0, 0.0)	(88.0, 0.0)	(89.0, 0.0)	(90.0, 0.0)	(91.0, 0.0)	(92.0, 0.0)	(93.0, 0.0)	(94.0, 0.0)	(95.0, 0.0)	(96.0, 0.0)	(97.0, 0.0)	(98.0, 0.0)	(99.0, 0.0)	(100.0, 0.0)
SRR1653583_2	(0.0, 0.0)	(1.0, 0.0)	(2.0, 0.0)	(3.0, 0.0)	(4.0, 0.0)	(5.0, 0.0)	(6.0, 0.0)	(7.0, 0.0)	(8.0, 0.0)	(9.0, 0.0)	(10.0, 0.0)	(11.0, 0.0)	(12.0, 0.0)	(13.0, 0.0)	(14.0, 0.0)	(15.0, 0.0)	(16.0, 0.0)	(17.0, 0.0)	(18.0, 0.0)	(19.0, 0.0)	(20.0, 0.0)	(21.0, 0.0)	(22.0, 0.0)	(23.0, 0.0)	(24.0, 0.0)	(25.0, 0.0)	(26.0, 0.0)	(27.0, 0.0)	(28.0, 0.0)	(29.0, 0.0)	(30.0, 0.0)	(31.0, 0.0)	(32.0, 0.0)	(33.0, 0.0)	(34.0, 0.0)	(35.0, 0.3333333333333333)	(36.0, 0.0)	(37.0, 0.6666666666666666)	(38.0, 0.3333333333333333)	(39.0, 0.0)	(40.0, 0.6666666666666666)	(41.0, 1.0)	(42.0, 10.0)	(43.0, 40.33333333333334)	(44.0, 148.66666666666652)	(45.0, 149.9999999999999)	(46.0, 119.66666666666605)	(47.0, 229.00000000000213)	(48.0, 472.99999999999056)	(49.0, 1317.9999999999795)	(50.0, 1773.9999999998759)	(51.0, 2047.9999999998136)	(52.0, 2777.666666666812)	(53.0, 3358.6666666670762)	(54.0, 3270.3333333337027)	(55.0, 2998.0000000002456)	(56.0, 2533.666666666701)	(57.0, 1352.9999999999716)	(58.0, 1014.3333333333787)	(59.0, 761.33333333335)	(60.0, 1942.9999999998374)	(61.0, 746.6666666666816)	(62.0, 303.66666666666686)	(63.0, 96.66666666666637)	(64.0, 51.000000000000085)	(65.0, 82.9999999999999)	(66.0, 189.66666666666768)	(67.0, 55.666666666666785)	(68.0, 31.999999999999954)	(69.0, 20.66666666666666)	(70.0, 4.999999999999999)	(71.0, 4.333333333333333)	(72.0, 7.666666666666663)	(73.0, 5.333333333333332)	(74.0, 3.3333333333333335)	(75.0, 1.3333333333333333)	(76.0, 0.0)	(77.0, 0.0)	(78.0, 0.0)	(79.0, 0.0)	(80.0, 0.0)	(81.0, 0.0)	(82.0, 0.0)	(83.0, 0.0)	(84.0, 0.3333333333333333)	(85.0, 0.0)	(86.0, 0.0)	(87.0, 0.0)	(88.0, 0.0)	(89.0, 0.0)	(90.0, 0.0)	(91.0, 0.0)	(92.0, 0.3333333333333333)	(93.0, 0.0)	(94.0, 0.0)	(95.0, 0.0)	(96.0, 0.0)	(97.0, 0.0)	(98.0, 0.0)	(99.0, 0.0)	(100.0, 0.0)
SRR1653584_1	(0.0, 0.0)	(1.0, 0.0)	(2.0, 0.0)	(3.0, 0.0)	(4.0, 0.0)	(5.0, 0.0)	(6.0, 0.0)	(7.0, 0.0)	(8.0, 0.0)	(9.0, 0.0)	(10.0, 0.0)	(11.0, 0.0)	(12.0, 0.0)	(13.0, 0.0)	(14.0, 0.0)	(15.0, 0.0)	(16.0, 0.0)	(17.0, 0.0)	(18.0, 0.0)	(19.0, 0.0)	(20.0, 0.0)	(21.0, 0.0)	(22.0, 0.0)	(23.0, 0.0)	(24.0, 0.0)	(25.0, 0.0)	(26.0, 0.0)	(27.0, 0.0)	(28.0, 0.0)	(29.0, 0.0)	(30.0, 0.0)	(31.0, 0.0)	(32.0, 0.0)	(33.0, 0.0)	(34.0, 0.0)	(35.0, 0.6666666666666666)	(36.0, 0.3333333333333333)	(37.0, 0.0)	(38.0, 0.3333333333333333)	(39.0, 0.3333333333333333)	(40.0, 0.0)	(41.0, 0.0)	(42.0, 1.3333333333333333)	(43.0, 6.666666666666664)	(44.0, 58.000000000000135)	(45.0, 124.33333333333265)	(46.0, 363.33333333333013)	(47.0, 848.6666666666932)	(48.0, 899.0000000000323)	(49.0, 2600.0000000000646)	(50.0, 6147.999999998879)	(51.0, 8235.33333333043)	(52.0, 7037.666666664736)	(53.0, 5506.666666666129)	(54.0, 5163.3333333331075)	(55.0, 4260.333333333929)	(56.0, 2808.3333333334926)	(57.0, 2306.666666666598)	(58.0, 1977.9999999998295)	(59.0, 1090.0000000000314)	(60.0, 781.0000000000189)	(61.0, 377.33333333332934)	(62.0, 292.00000000000085)	(63.0, 34.3333333333333)	(64.0, 21.99999999999999)	(65.0, 12.333333333333337)	(66.0, 15.333333333333343)	(67.0, 34.3333333333333)	(68.0, 27.333333333333304)	(69.0, 25.999999999999975)	(70.0, 4.999999999999999)	(71.0, 1.3333333333333333)	(72.0, 0.3333333333333333)	(73.0, 1.0)	(74.0, 0.3333333333333333)	(75.0, 0.0)	(76.0, 0.0)	(77.0, 0.0)	(78.0, 0.0)	(79.0, 0.0)	(80.0, 0.0)	(81.0, 0.0)	(82.0, 0.0)	(83.0, 0.0)	(84.0, 0.0)	(85.0, 0.0)	(86.0, 0.0)	(87.0, 0.0)	(88.0, 0.0)	(89.0, 0.0)	(90.0, 0.0)	(91.0, 0.0)	(92.0, 0.0)	(93.0, 0.0)	(94.0, 0.0)	(95.0, 0.0)	(96.0, 0.0)	(97.0, 0.0)	(98.0, 0.0)	(99.0, 0.0)	(100.0, 0.0)
SRR1653584_2	(0.0, 0.0)	(1.0, 0.0)	(2.0, 0.0)	(3.0, 0.0)	(4.0, 0.0)	(5.0, 0.0)	(6.0, 0.0)	(7.0, 0.0)	(8.0, 0.0)	(9.0, 0.0)	(10.0, 0.0)	(11.0, 0.0)	(12.0, 0.0)	(13.0, 0.0)	(14.0, 0.0)	(15.0, 0.0)	(16.0, 0.0)	(17.0, 0.0)	(18.0, 0.0)	(19.0, 0.0)	(20.0, 0.0)	(21.0, 0.0)	(22.0, 0.0)	(23.0, 0.0)	(24.0, 0.0)	(25.0, 0.3333333333333333)	(26.0, 0.0)	(27.0, 0.0)	(28.0, 0.0)	(29.0, 0.0)	(30.0, 0.0)	(31.0, 0.0)	(32.0, 0.3333333333333333)	(33.0, 0.3333333333333333)	(34.0, 0.0)	(35.0, 0.0)	(36.0, 0.6666666666666666)	(37.0, 0.6666666666666666)	(38.0, 1.0)	(39.0, 1.0)	(40.0, 1.6666666666666665)	(41.0, 3.3333333333333335)	(42.0, 6.333333333333331)	(43.0, 18.666666666666668)	(44.0, 90.99999999999979)	(45.0, 135.66666666666615)	(46.0, 202.3333333333347)	(47.0, 367.99999999999653)	(48.0, 880.6666666666969)	(49.0, 3184.666666666997)	(50.0, 3617.666666667194)	(51.0, 3391.0000000004243)	(52.0, 5238.333333333039)	(53.0, 7025.99999999808)	(54.0, 6581.666666665151)	(55.0, 5580.999999999394)	(56.0, 4534.33333333368)	(57.0, 2525.6666666666974)	(58.0, 1513.999999999935)	(59.0, 1057.6666666667054)	(60.0, 1939.6666666665049)	(61.0, 1026.3333333333792)	(62.0, 871.0000000000291)	(63.0, 259.00000000000273)	(64.0, 72.66666666666671)	(65.0, 118.33333333333273)	(66.0, 313.9999999999996)	(67.0, 84.66666666666654)	(68.0, 36.66666666666665)	(69.0, 27.333333333333304)	(70.0, 8.999999999999998)	(71.0, 7.33333333333333)	(72.0, 13.000000000000005)	(73.0, 9.333333333333332)	(74.0, 4.666666666666666)	(75.0, 2.333333333333333)	(76.0, 1.3333333333333333)	(77.0, 0.6666666666666666)	(78.0, 1.0)	(79.0, 1.3333333333333333)	(80.0, 0.6666666666666666)	(81.0, 0.0)	(82.0, 0.3333333333333333)	(83.0, 0.3333333333333333)	(84.0, 0.6666666666666666)	(85.0, 0.0)	(86.0, 0.0)	(87.0, 0.3333333333333333)	(88.0, 0.3333333333333333)	(89.0, 0.0)	(90.0, 0.0)	(91.0, 0.0)	(92.0, 0.0)	(93.0, 0.0)	(94.0, 0.0)	(95.0, 0.0)	(96.0, 0.0)	(97.0, 0.0)	(98.0, 0.0)	(99.0, 0.3333333333333333)	(100.0, 0.5)
SRR1653585_1	(0.0, 0.0)	(1.0, 0.0)	(2.0, 0.0)	(3.0, 0.0)	(4.0, 0.0)	(5.0, 0.0)	(6.0, 0.0)	(7.0, 0.0)	(8.0, 0.0)	(9.0, 0.0)	(10.0, 0.0)	(11.0, 0.0)	(12.0, 0.0)	(13.0, 0.0)	(14.0, 0.0)	(15.0, 0.0)	(16.0, 0.0)	(17.0, 0.0)	(18.0, 0.0)	(19.0, 0.0)	(20.0, 0.0)	(21.0, 0.0)	(22.0, 0.0)	(23.0, 0.0)	(24.0, 0.0)	(25.0, 0.0)	(26.0, 0.0)	(27.0, 0.0)	(28.0, 0.0)	(29.0, 0.0)	(30.0, 0.0)	(31.0, 0.0)	(32.0, 0.0)	(33.0, 1.0)	(34.0, 1.0)	(35.0, 1.0)	(36.0, 1.9999999999999998)	(37.0, 1.3333333333333333)	(38.0, 1.9999999999999998)	(39.0, 2.333333333333333)	(40.0, 0.6666666666666666)	(41.0, 1.3333333333333333)	(42.0, 3.0)	(43.0, 5.666666666666665)	(44.0, 50.333333333333414)	(45.0, 109.33333333333286)	(46.0, 255.66666666666956)	(47.0, 612.9999999999998)	(48.0, 549.3333333333259)	(49.0, 1574.999999999921)	(50.0, 3897.333333333988)	(51.0, 5465.999999999499)	(52.0, 4638.000000000252)	(53.0, 3623.3333333338633)	(54.0, 3297.333333333715)	(55.0, 2796.333333333487)	(56.0, 1834.3333333331955)	(57.0, 1445.6666666666172)	(58.0, 1229.6666666666663)	(59.0, 901.3333333333659)	(60.0, 739.6666666666808)	(61.0, 374.3333333333295)	(62.0, 284.3333333333346)	(63.0, 32.333333333333286)	(64.0, 15.000000000000009)	(65.0, 5.666666666666665)	(66.0, 7.9999999999999964)	(67.0, 20.66666666666666)	(68.0, 19.666666666666664)	(69.0, 22.33333333333332)	(70.0, 6.333333333333331)	(71.0, 1.0)	(72.0, 0.6666666666666666)	(73.0, 0.3333333333333333)	(74.0, 0.3333333333333333)	(75.0, 0.3333333333333333)	(76.0, 0.0)	(77.0, 0.0)	(78.0, 0.0)	(79.0, 0.0)	(80.0, 0.0)	(81.0, 0.0)	(82.0, 0.0)	(83.0, 0.0)	(84.0, 0.0)	(85.0, 0.0)	(86.0, 0.0)	(87.0, 0.0)	(88.0, 0.0)	(89.0, 0.0)	(90.0, 0.0)	(91.0, 0.0)	(92.0, 0.0)	(93.0, 0.0)	(94.0, 0.0)	(95.0, 0.0)	(96.0, 0.0)	(97.0, 0.0)	(98.0, 0.0)	(99.0, 0.0)	(100.0, 0.0)
SRR1653585_2	(0.0, 0.0)	(1.0, 0.0)	(2.0, 0.0)	(3.0, 0.0)	(4.0, 0.0)	(5.0, 0.0)	(6.0, 0.0)	(7.0, 0.0)	(8.0, 0.0)	(9.0, 0.0)	(10.0, 0.0)	(11.0, 0.0)	(12.0, 0.0)	(13.0, 0.0)	(14.0, 0.0)	(15.0, 0.0)	(16.0, 0.0)	(17.0, 0.0)	(18.0, 0.0)	(19.0, 0.0)	(20.0, 0.0)	(21.0, 0.0)	(22.0, 0.0)	(23.0, 0.0)	(24.0, 0.0)	(25.0, 0.0)	(26.0, 0.0)	(27.0, 0.0)	(28.0, 0.0)	(29.0, 0.0)	(30.0, 0.0)	(31.0, 0.0)	(32.0, 0.0)	(33.0, 0.0)	(34.0, 0.0)	(35.0, 0.3333333333333333)	(36.0, 0.3333333333333333)	(37.0, 0.0)	(38.0, 1.3333333333333333)	(39.0, 3.666666666666667)	(40.0, 4.999999999999999)	(41.0, 3.666666666666667)	(42.0, 8.33333333333333)	(43.0, 19.333333333333332)	(44.0, 65.00000000000016)	(45.0, 101.33333333333297)	(46.0, 162.6666666666669)	(47.0, 280.00000000000153)	(48.0, 590.3333333333305)	(49.0, 2014.999999999821)	(50.0, 2309.666666666599)	(51.0, 2105.99999999984)	(52.0, 3522.3333333338173)	(53.0, 4633.6666666669225)	(54.0, 4173.333333334008)	(55.0, 3721.333333333908)	(56.0, 3066.0000000002765)	(57.0, 1654.999999999903)	(58.0, 949.000000000038)	(59.0, 650.000000000004)	(60.0, 1258.999999999993)	(61.0, 682.6666666666744)	(62.0, 763.0000000000168)	(63.0, 206.00000000000148)	(64.0, 56.66666666666679)	(65.0, 119.66666666666605)	(66.0, 307.0)	(67.0, 68.66666666666677)	(68.0, 19.0)	(69.0, 15.000000000000009)	(70.0, 7.33333333333333)	(71.0, 9.333333333333332)	(72.0, 14.666666666666675)	(73.0, 10.0)	(74.0, 1.9999999999999998)	(75.0, 1.6666666666666665)	(76.0, 0.3333333333333333)	(77.0, 0.0)	(78.0, 0.3333333333333333)	(79.0, 0.3333333333333333)	(80.0, 0.0)	(81.0, 0.0)	(82.0, 0.0)	(83.0, 0.0)	(84.0, 0.0)	(85.0, 0.0)	(86.0, 0.0)	(87.0, 0.0)	(88.0, 0.3333333333333333)	(89.0, 0.0)	(90.0, 0.0)	(91.0, 0.0)	(92.0, 0.0)	(93.0, 0.0)	(94.0, 0.0)	(95.0, 0.0)	(96.0, 0.0)	(97.0, 0.0)	(98.0, 0.0)	(99.0, 0.3333333333333333)	(100.0, 0.5)
SRR1653586_1	(0.0, 0.0)	(1.0, 0.0)	(2.0, 0.0)	(3.0, 0.0)	(4.0, 0.0)	(5.0, 0.0)	(6.0, 0.0)	(7.0, 0.0)	(8.0, 0.0)	(9.0, 0.0)	(10.0, 0.0)	(11.0, 0.0)	(12.0, 0.0)	(13.0, 0.0)	(14.0, 0.0)	(15.0, 0.0)	(16.0, 0.0)	(17.0, 0.0)	(18.0, 0.0)	(19.0, 0.0)	(20.0, 0.0)	(21.0, 0.0)	(22.0, 0.0)	(23.0, 0.0)	(24.0, 0.0)	(25.0, 0.0)	(26.0, 0.0)	(27.0, 0.0)	(28.0, 0.0)	(29.0, 0.0)	(30.0, 0.0)	(31.0, 0.0)	(32.0, 0.0)	(33.0, 0.0)	(34.0, 0.3333333333333333)	(35.0, 0.0)	(36.0, 0.0)	(37.0, 0.0)	(38.0, 0.0)	(39.0, 0.0)	(40.0, 0.3333333333333333)	(41.0, 0.3333333333333333)	(42.0, 0.0)	(43.0, 5.999999999999998)	(44.0, 32.66666666666662)	(45.0, 85.3333333333332)	(46.0, 218.6666666666685)	(47.0, 450.3333333333252)	(48.0, 451.66666666665844)	(49.0, 1323.3333333333117)	(50.0, 2984.000000000239)	(51.0, 4305.333333333888)	(52.0, 3552.6666666671645)	(53.0, 2645.000000000085)	(54.0, 2905.0000000002033)	(55.0, 2793.6666666668193)	(56.0, 2069.3333333331566)	(57.0, 1359.99999999997)	(58.0, 967.6666666667068)	(59.0, 526.3333333333233)	(60.0, 344.6666666666645)	(61.0, 151.99999999999994)	(62.0, 130.666666666666)	(63.0, 17.66666666666667)	(64.0, 12.000000000000004)	(65.0, 6.999999999999997)	(66.0, 8.666666666666664)	(67.0, 15.666666666666677)	(68.0, 14.333333333333341)	(69.0, 16.666666666666675)	(70.0, 2.333333333333333)	(71.0, 1.6666666666666665)	(72.0, 0.6666666666666666)	(73.0, 0.0)	(74.0, 0.3333333333333333)	(75.0, 0.3333333333333333)	(76.0, 0.0)	(77.0, 0.0)	(78.0, 0.0)	(79.0, 0.0)	(80.0, 0.0)	(81.0, 0.0)	(82.0, 0.0)	(83.0, 0.0)	(84.0, 0.0)	(85.0, 0.0)	(86.0, 0.0)	(87.0, 0.0)	(88.0, 0.0)	(89.0, 0.0)	(90.0, 0.0)	(91.0, 0.0)	(92.0, 0.0)	(93.0, 0.0)	(94.0, 0.0)	(95.0, 0.0)	(96.0, 0.0)	(97.0, 0.0)	(98.0, 0.0)	(99.0, 0.0)	(100.0, 0.0)
SRR1653586_2	(0.0, 0.0)	(1.0, 0.0)	(2.0, 0.0)	(3.0, 0.0)	(4.0, 0.0)	(5.0, 0.0)	(6.0, 0.0)	(7.0, 0.0)	(8.0, 0.0)	(9.0, 0.0)	(10.0, 0.0)	(11.0, 0.0)	(12.0, 0.0)	(13.0, 0.0)	(14.0, 0.0)	(15.0, 0.0)	(16.0, 0.0)	(17.0, 0.0)	(18.0, 0.0)	(19.0, 0.0)	(20.0, 0.0)	(21.0, 0.0)	(22.0, 0.0)	(23.0, 0.0)	(24.0, 0.0)	(25.0, 0.0)	(26.0, 0.0)	(27.0, 0.0)	(28.0, 0.0)	(29.0, 0.0)	(30.0, 0.0)	(31.0, 0.3333333333333333)	(32.0, 0.3333333333333333)	(33.0, 0.0)	(34.0, 0.0)	(35.0, 0.3333333333333333)	(36.0, 0.0)	(37.0, 0.6666666666666666)	(38.0, 0.0)	(39.0, 0.6666666666666666)	(40.0, 0.6666666666666666)	(41.0, 1.0)	(42.0, 3.3333333333333335)	(43.0, 16.333333333333343)	(44.0, 60.333333333333485)	(45.0, 75.00000000000001)	(46.0, 107.66666666666622)	(47.0, 236.66666666666902)	(48.0, 471.6666666666573)	(49.0, 1621.6666666665772)	(50.0, 1774.6666666665424)	(51.0, 1713.333333333223)	(52.0, 2693.666666666774)	(53.0, 3597.666666667185)	(54.0, 3363.0000000004115)	(55.0, 2913.3333333335404)	(56.0, 2831.333333333503)	(57.0, 1584.6666666665856)	(58.0, 1102.333333333362)	(59.0, 636.6666666666691)	(60.0, 910.6666666667003)	(61.0, 506.99999999998863)	(62.0, 382.9999999999957)	(63.0, 110.33333333333285)	(64.0, 30.333333333333293)	(65.0, 49.00000000000007)	(66.0, 128.66666666666595)	(67.0, 37.99999999999999)	(68.0, 17.000000000000007)	(69.0, 9.333333333333332)	(70.0, 3.666666666666667)	(71.0, 2.333333333333333)	(72.0, 6.333333333333331)	(73.0, 6.666666666666664)	(74.0, 1.6666666666666665)	(75.0, 1.0)	(76.0, 1.0)	(77.0, 0.0)	(78.0, 0.3333333333333333)	(79.0, 0.6666666666666666)	(80.0, 0.3333333333333333)	(81.0, 0.0)	(82.0, 0.0)	(83.0, 0.0)	(84.0, 0.0)	(85.0, 0.0)	(86.0, 0.0)	(87.0, 0.0)	(88.0, 0.0)	(89.0, 0.0)	(90.0, 0.0)	(91.0, 0.0)	(92.0, 0.0)	(93.0, 0.0)	(94.0, 0.0)	(95.0, 0.0)	(96.0, 0.0)	(97.0, 0.3333333333333333)	(98.0, 0.3333333333333333)	(99.0, 0.0)	(100.0, 0.0)
SRR1653587_1	(0.0, 0.0)	(1.0, 0.0)	(2.0, 0.0)	(3.0, 0.0)	(4.0, 0.0)	(5.0, 0.0)	(6.0, 0.0)	(7.0, 0.0)	(8.0, 0.0)	(9.0, 0.0)	(10.0, 0.0)	(11.0, 0.0)	(12.0, 0.0)	(13.0, 0.0)	(14.0, 0.0)	(15.0, 0.0)	(16.0, 0.0)	(17.0, 0.0)	(18.0, 0.0)	(19.0, 0.0)	(20.0, 0.0)	(21.0, 0.0)	(22.0, 0.0)	(23.0, 0.0)	(24.0, 0.0)	(25.0, 0.0)	(26.0, 0.0)	(27.0, 0.0)	(28.0, 0.0)	(29.0, 0.0)	(30.0, 0.0)	(31.0, 0.0)	(32.0, 0.0)	(33.0, 0.0)	(34.0, 0.3333333333333333)	(35.0, 0.3333333333333333)	(36.0, 0.3333333333333333)	(37.0, 0.0)	(38.0, 0.3333333333333333)	(39.0, 0.3333333333333333)	(40.0, 0.0)	(41.0, 0.0)	(42.0, 0.6666666666666666)	(43.0, 2.6666666666666665)	(44.0, 9.333333333333332)	(45.0, 41.666666666666686)	(46.0, 138.66666666666623)	(47.0, 322.6666666666658)	(48.0, 548.3333333333258)	(49.0, 2168.3333333332016)	(50.0, 4148.666666667364)	(51.0, 5687.999999999297)	(52.0, 4544.33333333367)	(53.0, 3107.000000000295)	(54.0, 2798.0000000001546)	(55.0, 1932.6666666665064)	(56.0, 1463.3333333332798)	(57.0, 1334.9999999999757)	(58.0, 709.6666666666774)	(59.0, 116.33333333333276)	(60.0, 81.66666666666659)	(61.0, 176.33333333333397)	(62.0, 166.66666666666703)	(63.0, 14.333333333333341)	(64.0, 5.666666666666665)	(65.0, 1.9999999999999998)	(66.0, 3.666666666666667)	(67.0, 7.9999999999999964)	(68.0, 13.000000000000005)	(69.0, 19.0)	(70.0, 2.6666666666666665)	(71.0, 1.3333333333333333)	(72.0, 0.0)	(73.0, 0.0)	(74.0, 0.0)	(75.0, 0.0)	(76.0, 0.0)	(77.0, 0.0)	(78.0, 0.0)	(79.0, 0.0)	(80.0, 0.0)	(81.0, 0.0)	(82.0, 0.0)	(83.0, 0.0)	(84.0, 0.0)	(85.0, 0.0)	(86.0, 0.0)	(87.0, 0.0)	(88.0, 0.0)	(89.0, 0.0)	(90.0, 0.0)	(91.0, 0.0)	(92.0, 0.0)	(93.0, 0.0)	(94.0, 0.0)	(95.0, 0.0)	(96.0, 0.0)	(97.0, 0.0)	(98.0, 0.0)	(99.0, 0.0)	(100.0, 0.0)
SRR1653587_2	(0.0, 0.0)	(1.0, 0.0)	(2.0, 0.0)	(3.0, 0.0)	(4.0, 0.0)	(5.0, 0.0)	(6.0, 0.0)	(7.0, 0.0)	(8.0, 0.0)	(9.0, 0.0)	(10.0, 0.0)	(11.0, 0.0)	(12.0, 0.0)	(13.0, 0.0)	(14.0, 0.0)	(15.0, 0.0)	(16.0, 0.0)	(17.0, 0.0)	(18.0, 0.0)	(19.0, 0.0)	(20.0, 0.0)	(21.0, 0.0)	(22.0, 0.0)	(23.0, 0.0)	(24.0, 0.0)	(25.0, 0.0)	(26.0, 0.0)	(27.0, 0.0)	(28.0, 0.0)	(29.0, 0.0)	(30.0, 0.0)	(31.0, 0.0)	(32.0, 0.0)	(33.0, 0.0)	(34.0, 0.6666666666666666)	(35.0, 0.0)	(36.0, 0.0)	(37.0, 1.0)	(38.0, 0.6666666666666666)	(39.0, 1.0)	(40.0, 1.0)	(41.0, 0.6666666666666666)	(42.0, 4.0)	(43.0, 10.0)	(44.0, 21.99999999999999)	(45.0, 34.666666666666636)	(46.0, 79.33333333333329)	(47.0, 197.00000000000122)	(48.0, 535.999999999991)	(49.0, 2560.33333333338)	(50.0, 2457.6666666666665)	(51.0, 2189.333333333211)	(52.0, 3421.666666667105)	(53.0, 4732.3333333334995)	(54.0, 3954.333333334014)	(55.0, 2904.000000000203)	(56.0, 2139.666666666522)	(57.0, 1395.9999999999618)	(58.0, 1173.3333333333458)	(59.0, 529.666666666657)	(60.0, 683.0000000000077)	(61.0, 270.66666666666873)	(62.0, 124.66666666666598)	(63.0, 65.33333333333348)	(64.0, 26.333333333333307)	(65.0, 52.00000000000009)	(66.0, 145.99999999999977)	(67.0, 37.99999999999999)	(68.0, 8.999999999999998)	(69.0, 5.999999999999998)	(70.0, 3.0)	(71.0, 4.0)	(72.0, 11.000000000000002)	(73.0, 5.666666666666665)	(74.0, 3.0)	(75.0, 0.3333333333333333)	(76.0, 0.3333333333333333)	(77.0, 0.0)	(78.0, 0.0)	(79.0, 0.0)	(80.0, 0.0)	(81.0, 0.0)	(82.0, 0.0)	(83.0, 0.0)	(84.0, 0.3333333333333333)	(85.0, 0.3333333333333333)	(86.0, 0.3333333333333333)	(87.0, 0.0)	(88.0, 0.0)	(89.0, 0.0)	(90.0, 0.0)	(91.0, 0.0)	(92.0, 0.0)	(93.0, 0.0)	(94.0, 0.0)	(95.0, 0.0)	(96.0, 0.0)	(97.0, 0.0)	(98.0, 0.0)	(99.0, 0.0)	(100.0, 0.0)
SRR1653588_1	(0.0, 0.0)	(1.0, 0.0)	(2.0, 0.0)	(3.0, 0.0)	(4.0, 0.0)	(5.0, 0.0)	(6.0, 0.0)	(7.0, 0.0)	(8.0, 0.0)	(9.0, 0.0)	(10.0, 0.0)	(11.0, 0.0)	(12.0, 0.0)	(13.0, 0.0)	(14.0, 0.0)	(15.0, 0.0)	(16.0, 0.0)	(17.0, 0.0)	(18.0, 0.0)	(19.0, 0.0)	(20.0, 0.0)	(21.0, 0.0)	(22.0, 0.0)	(23.0, 0.0)	(24.0, 0.0)	(25.0, 0.0)	(26.0, 0.0)	(27.0, 0.0)	(28.0, 0.0)	(29.0, 0.0)	(30.0, 0.0)	(31.0, 0.0)	(32.0, 0.3333333333333333)	(33.0, 0.6666666666666666)	(34.0, 0.3333333333333333)	(35.0, 0.3333333333333333)	(36.0, 0.3333333333333333)	(37.0, 0.6666666666666666)	(38.0, 1.3333333333333333)	(39.0, 1.0)	(40.0, 1.0)	(41.0, 0.3333333333333333)	(42.0, 0.6666666666666666)	(43.0, 1.6666666666666665)	(44.0, 2.333333333333333)	(45.0, 10.333333333333334)	(46.0, 74.33333333333336)	(47.0, 215.00000000000173)	(48.0, 249.0000000000027)	(49.0, 881.3333333333636)	(50.0, 4995.999999999926)	(51.0, 7396.66666666441)	(52.0, 6193.999999998837)	(53.0, 3862.6666666673054)	(54.0, 2213.333333333222)	(55.0, 1321.6666666666454)	(56.0, 1064.6666666667038)	(57.0, 1555.9999999999254)	(58.0, 797.6666666666874)	(59.0, 127.3333333333326)	(60.0, 25.666666666666643)	(61.0, 18.333333333333336)	(62.0, 16.333333333333343)	(63.0, 8.666666666666664)	(64.0, 7.9999999999999964)	(65.0, 1.6666666666666665)	(66.0, 3.3333333333333335)	(67.0, 3.666666666666667)	(68.0, 3.3333333333333335)	(69.0, 6.666666666666664)	(70.0, 1.0)	(71.0, 1.0)	(72.0, 0.0)	(73.0, 0.0)	(74.0, 0.0)	(75.0, 0.0)	(76.0, 0.0)	(77.0, 0.0)	(78.0, 0.0)	(79.0, 0.0)	(80.0, 0.0)	(81.0, 0.0)	(82.0, 0.0)	(83.0, 0.0)	(84.0, 0.0)	(85.0, 0.0)	(86.0, 0.0)	(87.0, 0.0)	(88.0, 0.0)	(89.0, 0.0)	(90.0, 0.0)	(91.0, 0.0)	(92.0, 0.0)	(93.0, 0.0)	(94.0, 0.0)	(95.0, 0.0)	(96.0, 0.0)	(97.0, 0.0)	(98.0, 0.0)	(99.0, 0.0)	(100.0, 0.0)
SRR1653588_2	(0.0, 0.0)	(1.0, 0.0)	(2.0, 0.0)	(3.0, 0.0)	(4.0, 0.0)	(5.0, 0.0)	(6.0, 0.0)	(7.0, 0.0)	(8.0, 0.0)	(9.0, 0.0)	(10.0, 0.0)	(11.0, 0.0)	(12.0, 0.0)	(13.0, 0.0)	(14.0, 0.0)	(15.0, 0.0)	(16.0, 0.0)	(17.0, 0.0)	(18.0, 0.0)	(19.0, 0.0)	(20.0, 0.0)	(21.0, 0.0)	(22.0, 0.0)	(23.0, 0.0)	(24.0, 0.0)	(25.0, 0.0)	(26.0, 0.0)	(27.0, 0.0)	(28.0, 0.0)	(29.0, 0.0)	(30.0, 0.3333333333333333)	(31.0, 0.0)	(32.0, 0.0)	(33.0, 0.0)	(34.0, 0.0)	(35.0, 0.0)	(36.0, 0.3333333333333333)	(37.0, 0.6666666666666666)	(38.0, 1.0)	(39.0, 1.3333333333333333)	(40.0, 1.3333333333333333)	(41.0, 1.6666666666666665)	(42.0, 2.333333333333333)	(43.0, 5.999999999999998)	(44.0, 12.333333333333337)	(45.0, 25.33333333333331)	(46.0, 52.666666666666764)	(47.0, 122.99999999999933)	(48.0, 311.3333333333331)	(49.0, 1773.9999999998759)	(50.0, 2426.999999999986)	(51.0, 2396.666666666639)	(52.0, 3850.3333333339665)	(53.0, 5388.666666666236)	(54.0, 5596.666666666047)	(55.0, 3594.6666666671836)	(56.0, 1751.3333333332143)	(57.0, 1108.0000000000273)	(58.0, 1387.6666666666304)	(59.0, 600.3333333333317)	(60.0, 710.6666666666775)	(61.0, 290.00000000000097)	(62.0, 71.00000000000007)	(63.0, 21.666666666666657)	(64.0, 8.33333333333333)	(65.0, 13.33333333333334)	(66.0, 25.999999999999975)	(67.0, 7.9999999999999964)	(68.0, 1.9999999999999998)	(69.0, 1.3333333333333333)	(70.0, 1.9999999999999998)	(71.0, 1.9999999999999998)	(72.0, 3.3333333333333335)	(73.0, 3.3333333333333335)	(74.0, 1.6666666666666665)	(75.0, 0.6666666666666666)	(76.0, 0.0)	(77.0, 0.0)	(78.0, 0.3333333333333333)	(79.0, 0.3333333333333333)	(80.0, 0.0)	(81.0, 0.3333333333333333)	(82.0, 1.0)	(83.0, 0.6666666666666666)	(84.0, 0.3333333333333333)	(85.0, 0.3333333333333333)	(86.0, 0.0)	(87.0, 0.0)	(88.0, 0.0)	(89.0, 0.3333333333333333)	(90.0, 0.3333333333333333)	(91.0, 0.0)	(92.0, 0.0)	(93.0, 0.0)	(94.0, 0.0)	(95.0, 0.0)	(96.0, 0.0)	(97.0, 0.0)	(98.0, 0.0)	(99.0, 0.0)	(100.0, 0.0)
SRR1653589_1	(0.0, 0.0)	(1.0, 0.0)	(2.0, 0.0)	(3.0, 0.0)	(4.0, 0.0)	(5.0, 0.0)	(6.0, 0.0)	(7.0, 0.0)	(8.0, 0.0)	(9.0, 0.0)	(10.0, 0.0)	(11.0, 0.0)	(12.0, 0.0)	(13.0, 0.0)	(14.0, 0.0)	(15.0, 0.0)	(16.0, 0.0)	(17.0, 0.0)	(18.0, 0.0)	(19.0, 0.0)	(20.0, 0.0)	(21.0, 0.0)	(22.0, 0.0)	(23.0, 0.0)	(24.0, 0.0)	(25.0, 0.0)	(26.0, 0.0)	(27.0, 0.3333333333333333)	(28.0, 0.3333333333333333)	(29.0, 0.0)	(30.0, 0.0)	(31.0, 0.0)	(32.0, 0.0)	(33.0, 0.6666666666666666)	(34.0, 1.0)	(35.0, 0.0)	(36.0, 0.6666666666666666)	(37.0, 1.0)	(38.0, 1.3333333333333333)	(39.0, 1.6666666666666665)	(40.0, 0.0)	(41.0, 0.0)	(42.0, 1.6666666666666665)	(43.0, 6.999999999999997)	(44.0, 25.999999999999975)	(45.0, 63.333333333333506)	(46.0, 131.3333333333327)	(47.0, 169.6666666666671)	(48.0, 190.6666666666677)	(49.0, 622.6666666666675)	(50.0, 3429.6666666671085)	(51.0, 5334.999999999618)	(52.0, 3778.6666666672672)	(53.0, 2488.333333333347)	(54.0, 2155.666666666529)	(55.0, 1557.3333333332585)	(56.0, 1266.6666666666579)	(57.0, 845.6666666666929)	(58.0, 547.666666666659)	(59.0, 71.00000000000007)	(60.0, 10.666666666666668)	(61.0, 39.0)	(62.0, 36.333333333333314)	(63.0, 2.333333333333333)	(64.0, 3.0)	(65.0, 0.0)	(66.0, 1.9999999999999998)	(67.0, 3.3333333333333335)	(68.0, 2.6666666666666665)	(69.0, 3.0)	(70.0, 0.3333333333333333)	(71.0, 0.0)	(72.0, 0.0)	(73.0, 0.0)	(74.0, 0.0)	(75.0, 0.0)	(76.0, 0.0)	(77.0, 0.0)	(78.0, 0.0)	(79.0, 0.0)	(80.0, 0.0)	(81.0, 0.0)	(82.0, 0.0)	(83.0, 0.0)	(84.0, 0.0)	(85.0, 0.0)	(86.0, 0.0)	(87.0, 0.0)	(88.0, 0.0)	(89.0, 0.0)	(90.0, 0.0)	(91.0, 0.0)	(92.0, 0.0)	(93.0, 0.0)	(94.0, 0.0)	(95.0, 0.0)	(96.0, 0.0)	(97.0, 0.0)	(98.0, 0.0)	(99.0, 0.0)	(100.0, 0.0)
SRR1653589_2	(0.0, 0.0)	(1.0, 0.0)	(2.0, 0.0)	(3.0, 0.0)	(4.0, 0.0)	(5.0, 0.0)	(6.0, 0.0)	(7.0, 0.0)	(8.0, 0.0)	(9.0, 0.0)	(10.0, 0.0)	(11.0, 0.0)	(12.0, 0.0)	(13.0, 0.0)	(14.0, 0.0)	(15.0, 0.0)	(16.0, 0.0)	(17.0, 0.0)	(18.0, 0.0)	(19.0, 0.0)	(20.0, 0.0)	(21.0, 0.0)	(22.0, 0.0)	(23.0, 0.0)	(24.0, 0.0)	(25.0, 0.0)	(26.0, 0.0)	(27.0, 0.0)	(28.0, 0.0)	(29.0, 0.0)	(30.0, 0.0)	(31.0, 0.3333333333333333)	(32.0, 0.3333333333333333)	(33.0, 0.0)	(34.0, 0.3333333333333333)	(35.0, 0.0)	(36.0, 0.0)	(37.0, 1.3333333333333333)	(38.0, 2.333333333333333)	(39.0, 0.6666666666666666)	(40.0, 1.9999999999999998)	(41.0, 1.6666666666666665)	(42.0, 4.0)	(43.0, 10.333333333333334)	(44.0, 18.333333333333336)	(45.0, 26.66666666666664)	(46.0, 95.99999999999972)	(47.0, 165.666666666667)	(48.0, 231.66666666666887)	(49.0, 1824.9999999998643)	(50.0, 2268.333333333247)	(51.0, 1444.3333333332841)	(52.0, 2656.666666666757)	(53.0, 3967.666666667353)	(54.0, 3600.6666666671863)	(55.0, 2229.666666666563)	(56.0, 1438.6666666666188)	(57.0, 1033.3333333333776)	(58.0, 922.0000000000349)	(59.0, 492.6666666666561)	(60.0, 562.9999999999941)	(61.0, 188.66666666666765)	(62.0, 40.00000000000001)	(63.0, 13.000000000000005)	(64.0, 4.333333333333333)	(65.0, 8.33333333333333)	(66.0, 44.33333333333337)	(67.0, 8.999999999999998)	(68.0, 1.6666666666666665)	(69.0, 1.0)	(70.0, 0.3333333333333333)	(71.0, 1.3333333333333333)	(72.0, 2.333333333333333)	(73.0, 1.0)	(74.0, 0.0)	(75.0, 0.0)	(76.0, 0.0)	(77.0, 0.0)	(78.0, 0.0)	(79.0, 0.0)	(80.0, 0.0)	(81.0, 0.0)	(82.0, 0.0)	(83.0, 0.0)	(84.0, 0.0)	(85.0, 0.0)	(86.0, 0.0)	(87.0, 0.0)	(88.0, 0.0)	(89.0, 0.0)	(90.0, 0.0)	(91.0, 0.0)	(92.0, 0.0)	(93.0, 0.0)	(94.0, 0.0)	(95.0, 0.0)	(96.0, 0.0)	(97.0, 0.0)	(98.0, 0.0)	(99.0, 0.0)	(100.0, 0.0)
SRR1653590_1	(0.0, 0.0)	(1.0, 0.0)	(2.0, 0.0)	(3.0, 0.0)	(4.0, 0.0)	(5.0, 0.0)	(6.0, 0.0)	(7.0, 0.0)	(8.0, 0.0)	(9.0, 0.0)	(10.0, 0.0)	(11.0, 0.0)	(12.0, 0.0)	(13.0, 0.0)	(14.0, 0.0)	(15.0, 0.0)	(16.0, 0.0)	(17.0, 0.0)	(18.0, 0.0)	(19.0, 0.0)	(20.0, 0.0)	(21.0, 0.0)	(22.0, 0.0)	(23.0, 0.0)	(24.0, 0.0)	(25.0, 0.0)	(26.0, 0.0)	(27.0, 0.0)	(28.0, 0.0)	(29.0, 0.0)	(30.0, 0.0)	(31.0, 0.0)	(32.0, 0.0)	(33.0, 1.0)	(34.0, 1.6666666666666665)	(35.0, 0.3333333333333333)	(36.0, 0.3333333333333333)	(37.0, 0.3333333333333333)	(38.0, 0.0)	(39.0, 0.3333333333333333)	(40.0, 0.3333333333333333)	(41.0, 0.0)	(42.0, 0.3333333333333333)	(43.0, 6.666666666666664)	(44.0, 27.333333333333304)	(45.0, 71.00000000000007)	(46.0, 124.9999999999993)	(47.0, 136.66666666666617)	(48.0, 205.3333333333348)	(49.0, 790.3333333333533)	(50.0, 4160.33333333402)	(51.0, 5587.666666666055)	(52.0, 3600.6666666671863)	(53.0, 3096.3333333336236)	(54.0, 2247.9999999999045)	(55.0, 1149.3333333333512)	(56.0, 868.0000000000288)	(57.0, 374.6666666666628)	(58.0, 364.6666666666634)	(59.0, 170.00000000000045)	(60.0, 22.999999999999986)	(61.0, 47.33333333333339)	(62.0, 44.000000000000036)	(63.0, 3.0)	(64.0, 4.0)	(65.0, 1.3333333333333333)	(66.0, 0.6666666666666666)	(67.0, 1.9999999999999998)	(68.0, 0.6666666666666666)	(69.0, 1.0)	(70.0, 0.3333333333333333)	(71.0, 0.0)	(72.0, 0.0)	(73.0, 0.0)	(74.0, 0.0)	(75.0, 0.0)	(76.0, 0.0)	(77.0, 0.0)	(78.0, 0.0)	(79.0, 0.0)	(80.0, 0.0)	(81.0, 0.0)	(82.0, 0.0)	(83.0, 0.0)	(84.0, 0.0)	(85.0, 0.0)	(86.0, 0.0)	(87.0, 0.0)	(88.0, 0.0)	(89.0, 0.0)	(90.0, 0.0)	(91.0, 0.0)	(92.0, 0.0)	(93.0, 0.0)	(94.0, 0.0)	(95.0, 0.0)	(96.0, 0.0)	(97.0, 0.0)	(98.0, 0.0)	(99.0, 0.0)	(100.0, 0.0)
SRR1653590_2	(0.0, 0.0)	(1.0, 0.0)	(2.0, 0.0)	(3.0, 0.0)	(4.0, 0.0)	(5.0, 0.0)	(6.0, 0.0)	(7.0, 0.0)	(8.0, 0.0)	(9.0, 0.0)	(10.0, 0.0)	(11.0, 0.0)	(12.0, 0.0)	(13.0, 0.0)	(14.0, 0.0)	(15.0, 0.0)	(16.0, 0.0)	(17.0, 0.0)	(18.0, 0.0)	(19.0, 0.0)	(20.0, 0.0)	(21.0, 0.0)	(22.0, 0.0)	(23.0, 0.0)	(24.0, 0.0)	(25.0, 0.0)	(26.0, 0.0)	(27.0, 0.0)	(28.0, 0.0)	(29.0, 0.0)	(30.0, 0.3333333333333333)	(31.0, 1.0)	(32.0, 0.3333333333333333)	(33.0, 0.0)	(34.0, 0.3333333333333333)	(35.0, 0.0)	(36.0, 0.3333333333333333)	(37.0, 0.3333333333333333)	(38.0, 0.6666666666666666)	(39.0, 0.6666666666666666)	(40.0, 1.3333333333333333)	(41.0, 1.6666666666666665)	(42.0, 2.333333333333333)	(43.0, 16.00000000000001)	(44.0, 26.333333333333307)	(45.0, 32.66666666666662)	(46.0, 74.33333333333336)	(47.0, 141.66666666666632)	(48.0, 322.9999999999991)	(49.0, 1520.9999999999334)	(50.0, 1953.3333333331684)	(51.0, 1731.9999999998854)	(52.0, 2549.6666666667084)	(53.0, 3998.6666666673673)	(54.0, 4011.666666667373)	(55.0, 2568.666666666717)	(56.0, 1317.6666666666463)	(57.0, 1026.3333333333792)	(58.0, 905.000000000033)	(59.0, 450.6666666666585)	(60.0, 393.99999999999505)	(61.0, 227.00000000000207)	(62.0, 58.000000000000135)	(63.0, 24.99999999999998)	(64.0, 11.66666666666667)	(65.0, 14.666666666666675)	(66.0, 44.66666666666671)	(67.0, 12.000000000000004)	(68.0, 3.666666666666667)	(69.0, 1.9999999999999998)	(70.0, 0.6666666666666666)	(71.0, 0.3333333333333333)	(72.0, 1.0)	(73.0, 0.6666666666666666)	(74.0, 0.6666666666666666)	(75.0, 0.3333333333333333)	(76.0, 0.0)	(77.0, 0.0)	(78.0, 0.3333333333333333)	(79.0, 0.3333333333333333)	(80.0, 0.0)	(81.0, 0.0)	(82.0, 0.0)	(83.0, 0.0)	(84.0, 0.0)	(85.0, 0.0)	(86.0, 0.0)	(87.0, 0.0)	(88.0, 0.0)	(89.0, 0.0)	(90.0, 0.0)	(91.0, 0.0)	(92.0, 0.0)	(93.0, 0.0)	(94.0, 0.0)	(95.0, 0.0)	(96.0, 0.0)	(97.0, 0.0)	(98.0, 0.0)	(99.0, 0.0)	(100.0, 0.0)
SRR1653591_1	(0.0, 0.0)	(1.0, 0.0)	(2.0, 0.0)	(3.0, 0.0)	(4.0, 0.0)	(5.0, 0.0)	(6.0, 0.0)	(7.0, 0.0)	(8.0, 0.0)	(9.0, 0.0)	(10.0, 0.0)	(11.0, 0.0)	(12.0, 0.0)	(13.0, 0.0)	(14.0, 0.0)	(15.0, 0.0)	(16.0, 0.0)	(17.0, 0.0)	(18.0, 0.0)	(19.0, 0.0)	(20.0, 0.0)	(21.0, 0.0)	(22.0, 0.0)	(23.0, 0.0)	(24.0, 0.0)	(25.0, 0.0)	(26.0, 0.0)	(27.0, 0.0)	(28.0, 0.0)	(29.0, 0.3333333333333333)	(30.0, 0.3333333333333333)	(31.0, 0.3333333333333333)	(32.0, 1.0)	(33.0, 3.3333333333333335)	(34.0, 4.666666666666666)	(35.0, 1.9999999999999998)	(36.0, 3.0)	(37.0, 5.333333333333332)	(38.0, 4.333333333333333)	(39.0, 3.666666666666667)	(40.0, 4.999999999999999)	(41.0, 5.666666666666665)	(42.0, 8.33333333333333)	(43.0, 28.666666666666632)	(44.0, 70.66666666666674)	(45.0, 159.33333333333348)	(46.0, 818.0000000000231)	(47.0, 678.0000000000072)	(48.0, 408.6666666666609)	(49.0, 715.3333333333447)	(50.0, 2634.3333333334135)	(51.0, 3275.6666666670385)	(52.0, 4015.666666667375)	(53.0, 3675.6666666672204)	(54.0, 3855.0000000006353)	(55.0, 2964.00000000023)	(56.0, 1903.3333333331798)	(57.0, 571.6666666666617)	(58.0, 450.3333333333252)	(59.0, 173.66666666666723)	(60.0, 34.3333333333333)	(61.0, 27.999999999999968)	(62.0, 26.99999999999997)	(63.0, 4.333333333333333)	(64.0, 2.333333333333333)	(65.0, 1.0)	(66.0, 3.0)	(67.0, 2.333333333333333)	(68.0, 4.0)	(69.0, 3.666666666666667)	(70.0, 1.6666666666666665)	(71.0, 0.3333333333333333)	(72.0, 0.3333333333333333)	(73.0, 0.0)	(74.0, 0.0)	(75.0, 0.0)	(76.0, 0.0)	(77.0, 0.0)	(78.0, 0.0)	(79.0, 0.0)	(80.0, 0.0)	(81.0, 0.0)	(82.0, 0.0)	(83.0, 0.0)	(84.0, 0.0)	(85.0, 0.0)	(86.0, 0.0)	(87.0, 0.0)	(88.0, 0.0)	(89.0, 0.0)	(90.0, 0.0)	(91.0, 0.0)	(92.0, 0.0)	(93.0, 0.0)	(94.0, 0.0)	(95.0, 0.0)	(96.0, 0.0)	(97.0, 0.0)	(98.0, 0.0)	(99.0, 0.0)	(100.0, 0.0)
SRR1653591_2	(0.0, 0.0)	(1.0, 0.0)	(2.0, 0.0)	(3.0, 0.0)	(4.0, 0.0)	(5.0, 0.0)	(6.0, 0.0)	(7.0, 0.0)	(8.0, 0.0)	(9.0, 0.0)	(10.0, 0.0)	(11.0, 0.0)	(12.0, 0.0)	(13.0, 0.0)	(14.0, 0.0)	(15.0, 0.0)	(16.0, 0.0)	(17.0, 0.0)	(18.0, 0.0)	(19.0, 0.0)	(20.0, 0.0)	(21.0, 0.0)	(22.0, 0.0)	(23.0, 0.0)	(24.0, 0.0)	(25.0, 0.0)	(26.0, 0.0)	(27.0, 0.0)	(28.0, 0.3333333333333333)	(29.0, 0.6666666666666666)	(30.0, 1.6666666666666665)	(31.0, 1.6666666666666665)	(32.0, 0.3333333333333333)	(33.0, 1.0)	(34.0, 1.9999999999999998)	(35.0, 1.9999999999999998)	(36.0, 1.9999999999999998)	(37.0, 2.6666666666666665)	(38.0, 3.3333333333333335)	(39.0, 5.333333333333332)	(40.0, 5.999999999999998)	(41.0, 7.33333333333333)	(42.0, 8.33333333333333)	(43.0, 40.00000000000001)	(44.0, 72.66666666666671)	(45.0, 74.00000000000003)	(46.0, 173.00000000000054)	(47.0, 634.0000000000022)	(48.0, 1065.3333333333703)	(49.0, 996.3333333333767)	(50.0, 1071.6666666667022)	(51.0, 1339.6666666666413)	(52.0, 2534.0000000000346)	(53.0, 3611.6666666671913)	(54.0, 4193.666666667323)	(55.0, 4475.0000000004)	(56.0, 3101.333333333626)	(57.0, 1415.3333333332907)	(58.0, 626.3333333333346)	(59.0, 279.0000000000016)	(60.0, 397.3333333333282)	(61.0, 203.33333333333474)	(62.0, 59.00000000000014)	(63.0, 19.666666666666664)	(64.0, 5.333333333333332)	(65.0, 10.333333333333334)	(66.0, 30.666666666666625)	(67.0, 6.999999999999997)	(68.0, 1.0)	(69.0, 0.0)	(70.0, 0.3333333333333333)	(71.0, 1.0)	(72.0, 0.6666666666666666)	(73.0, 0.6666666666666666)	(74.0, 1.0)	(75.0, 0.0)	(76.0, 0.0)	(77.0, 0.0)	(78.0, 0.0)	(79.0, 0.0)	(80.0, 0.0)	(81.0, 0.0)	(82.0, 0.0)	(83.0, 0.0)	(84.0, 0.0)	(85.0, 0.0)	(86.0, 0.0)	(87.0, 0.0)	(88.0, 0.0)	(89.0, 0.0)	(90.0, 0.0)	(91.0, 0.0)	(92.0, 0.0)	(93.0, 0.0)	(94.0, 0.0)	(95.0, 0.0)	(96.0, 0.0)	(97.0, 0.0)	(98.0, 0.0)	(99.0, 0.0)	(100.0, 0.0)
SRR1653593_1	(0.0, 0.0)	(1.0, 0.0)	(2.0, 0.0)	(3.0, 0.0)	(4.0, 0.0)	(5.0, 0.0)	(6.0, 0.0)	(7.0, 0.0)	(8.0, 0.0)	(9.0, 0.0)	(10.0, 0.0)	(11.0, 0.0)	(12.0, 0.0)	(13.0, 0.0)	(14.0, 0.0)	(15.0, 0.0)	(16.0, 0.0)	(17.0, 0.0)	(18.0, 0.0)	(19.0, 0.0)	(20.0, 0.0)	(21.0, 0.0)	(22.0, 0.0)	(23.0, 0.0)	(24.0, 0.0)	(25.0, 0.0)	(26.0, 0.0)	(27.0, 0.0)	(28.0, 0.0)	(29.0, 0.0)	(30.0, 0.0)	(31.0, 0.0)	(32.0, 0.0)	(33.0, 0.3333333333333333)	(34.0, 0.6666666666666666)	(35.0, 0.3333333333333333)	(36.0, 1.3333333333333333)	(37.0, 0.6666666666666666)	(38.0, 1.6666666666666665)	(39.0, 0.6666666666666666)	(40.0, 0.3333333333333333)	(41.0, 1.0)	(42.0, 2.6666666666666665)	(43.0, 5.333333333333332)	(44.0, 24.333333333333314)	(45.0, 72.00000000000006)	(46.0, 162.6666666666669)	(47.0, 225.6666666666687)	(48.0, 269.3333333333355)	(49.0, 836.0000000000251)	(50.0, 4585.0000000003)	(51.0, 7638.9999999975225)	(52.0, 5353.999999999601)	(53.0, 3260.6666666670317)	(54.0, 2997.3333333335786)	(55.0, 2221.3333333332257)	(56.0, 1699.3333333332262)	(57.0, 1078.6666666667006)	(58.0, 674.3333333333401)	(59.0, 88.66666666666649)	(60.0, 18.666666666666668)	(61.0, 64.00000000000017)	(62.0, 55.33333333333345)	(63.0, 6.999999999999997)	(64.0, 5.333333333333332)	(65.0, 2.333333333333333)	(66.0, 4.333333333333333)	(67.0, 5.666666666666665)	(68.0, 5.999999999999998)	(69.0, 5.999999999999998)	(70.0, 1.6666666666666665)	(71.0, 0.3333333333333333)	(72.0, 0.0)	(73.0, 0.0)	(74.0, 0.0)	(75.0, 0.0)	(76.0, 0.0)	(77.0, 0.0)	(78.0, 0.0)	(79.0, 0.0)	(80.0, 0.0)	(81.0, 0.0)	(82.0, 0.0)	(83.0, 0.3333333333333333)	(84.0, 0.0)	(85.0, 0.0)	(86.0, 0.0)	(87.0, 0.0)	(88.0, 0.0)	(89.0, 0.0)	(90.0, 0.0)	(91.0, 0.0)	(92.0, 0.0)	(93.0, 0.0)	(94.0, 0.0)	(95.0, 0.0)	(96.0, 0.0)	(97.0, 0.0)	(98.0, 0.0)	(99.0, 0.0)	(100.0, 0.0)
SRR1653593_2	(0.0, 0.0)	(1.0, 0.0)	(2.0, 0.0)	(3.0, 0.0)	(4.0, 0.0)	(5.0, 0.0)	(6.0, 0.0)	(7.0, 0.0)	(8.0, 0.0)	(9.0, 0.0)	(10.0, 0.0)	(11.0, 0.0)	(12.0, 0.0)	(13.0, 0.0)	(14.0, 0.0)	(15.0, 0.0)	(16.0, 0.0)	(17.0, 0.0)	(18.0, 0.0)	(19.0, 0.0)	(20.0, 0.0)	(21.0, 0.0)	(22.0, 0.0)	(23.0, 0.0)	(24.0, 0.0)	(25.0, 0.0)	(26.0, 0.0)	(27.0, 0.0)	(28.0, 0.0)	(29.0, 0.3333333333333333)	(30.0, 0.3333333333333333)	(31.0, 0.3333333333333333)	(32.0, 0.0)	(33.0, 0.3333333333333333)	(34.0, 0.0)	(35.0, 0.3333333333333333)	(36.0, 0.3333333333333333)	(37.0, 0.6666666666666666)	(38.0, 1.0)	(39.0, 1.6666666666666665)	(40.0, 2.333333333333333)	(41.0, 2.333333333333333)	(42.0, 5.999999999999998)	(43.0, 17.66666666666667)	(44.0, 27.333333333333304)	(45.0, 28.666666666666632)	(46.0, 110.33333333333285)	(47.0, 213.00000000000168)	(48.0, 356.33333333333053)	(49.0, 2278.3333333332516)	(50.0, 2985.333333333573)	(51.0, 2133.3333333331857)	(52.0, 3747.000000000586)	(53.0, 5502.666666666132)	(54.0, 5006.666666666583)	(55.0, 3160.3333333336527)	(56.0, 2075.666666666493)	(57.0, 1412.3333333332914)	(58.0, 1224.6666666666674)	(59.0, 678.0000000000072)	(60.0, 703.00000000001)	(61.0, 249.33333333333604)	(62.0, 47.33333333333339)	(63.0, 10.333333333333334)	(64.0, 7.666666666666663)	(65.0, 22.33333333333332)	(66.0, 63.00000000000017)	(67.0, 15.000000000000009)	(68.0, 3.0)	(69.0, 4.0)	(70.0, 1.9999999999999998)	(71.0, 1.3333333333333333)	(72.0, 4.333333333333333)	(73.0, 1.0)	(74.0, 1.0)	(75.0, 0.6666666666666666)	(76.0, 0.0)	(77.0, 0.0)	(78.0, 0.0)	(79.0, 0.0)	(80.0, 0.0)	(81.0, 0.0)	(82.0, 0.0)	(83.0, 0.0)	(84.0, 0.0)	(85.0, 0.0)	(86.0, 0.0)	(87.0, 0.3333333333333333)	(88.0, 0.0)	(89.0, 0.0)	(90.0, 0.0)	(91.0, 0.3333333333333333)	(92.0, 0.0)	(93.0, 0.0)	(94.0, 0.0)	(95.0, 0.0)	(96.0, 0.0)	(97.0, 0.0)	(98.0, 0.0)	(99.0, 0.0)	(100.0, 0.0)
SRR1653595_1	(0.0, 0.0)	(1.0, 0.0)	(2.0, 0.0)	(3.0, 0.0)	(4.0, 0.0)	(5.0, 0.0)	(6.0, 0.0)	(7.0, 0.0)	(8.0, 0.0)	(9.0, 0.0)	(10.0, 0.0)	(11.0, 0.0)	(12.0, 0.0)	(13.0, 0.0)	(14.0, 0.0)	(15.0, 0.0)	(16.0, 0.0)	(17.0, 0.0)	(18.0, 0.0)	(19.0, 0.0)	(20.0, 0.0)	(21.0, 0.0)	(22.0, 0.0)	(23.0, 0.0)	(24.0, 0.0)	(25.0, 0.0)	(26.0, 0.0)	(27.0, 0.0)	(28.0, 0.0)	(29.0, 0.0)	(30.0, 0.0)	(31.0, 0.0)	(32.0, 0.0)	(33.0, 0.0)	(34.0, 0.0)	(35.0, 0.3333333333333333)	(36.0, 0.3333333333333333)	(37.0, 0.0)	(38.0, 0.0)	(39.0, 0.0)	(40.0, 0.0)	(41.0, 0.0)	(42.0, 0.3333333333333333)	(43.0, 5.999999999999998)	(44.0, 22.33333333333332)	(45.0, 42.00000000000002)	(46.0, 74.00000000000003)	(47.0, 135.9999999999995)	(48.0, 605.999999999999)	(49.0, 2453.333333333331)	(50.0, 3677.0000000005543)	(51.0, 3285.3333333337096)	(52.0, 2995.3333333335777)	(53.0, 2474.3333333333408)	(54.0, 1824.666666666531)	(55.0, 1471.333333333278)	(56.0, 1124.0000000000236)	(57.0, 1140.3333333333533)	(58.0, 1049.6666666667072)	(59.0, 155.6666666666667)	(60.0, 56.66666666666679)	(61.0, 243.00000000000253)	(62.0, 244.66666666666924)	(63.0, 14.666666666666675)	(64.0, 8.666666666666664)	(65.0, 6.333333333333331)	(66.0, 8.33333333333333)	(67.0, 24.333333333333314)	(68.0, 15.000000000000009)	(69.0, 27.333333333333304)	(70.0, 6.333333333333331)	(71.0, 1.0)	(72.0, 0.6666666666666666)	(73.0, 0.6666666666666666)	(74.0, 0.3333333333333333)	(75.0, 0.0)	(76.0, 0.0)	(77.0, 0.0)	(78.0, 0.0)	(79.0, 0.0)	(80.0, 0.0)	(81.0, 0.0)	(82.0, 0.0)	(83.0, 0.0)	(84.0, 0.0)	(85.0, 0.0)	(86.0, 0.0)	(87.0, 0.0)	(88.0, 0.0)	(89.0, 0.0)	(90.0, 0.0)	(91.0, 0.0)	(92.0, 0.0)	(93.0, 0.0)	(94.0, 0.0)	(95.0, 0.0)	(96.0, 0.0)	(97.0, 0.0)	(98.0, 0.0)	(99.0, 0.0)	(100.0, 0.0)
SRR1653595_2	(0.0, 0.0)	(1.0, 0.0)	(2.0, 0.0)	(3.0, 0.0)	(4.0, 0.0)	(5.0, 0.0)	(6.0, 0.0)	(7.0, 0.0)	(8.0, 0.0)	(9.0, 0.0)	(10.0, 0.0)	(11.0, 0.0)	(12.0, 0.0)	(13.0, 0.0)	(14.0, 0.0)	(15.0, 0.0)	(16.0, 0.0)	(17.0, 0.0)	(18.0, 0.0)	(19.0, 0.0)	(20.0, 0.0)	(21.0, 0.0)	(22.0, 0.0)	(23.0, 0.0)	(24.0, 0.0)	(25.0, 0.0)	(26.0, 0.0)	(27.0, 0.0)	(28.0, 0.0)	(29.0, 0.0)	(30.0, 0.0)	(31.0, 0.0)	(32.0, 0.0)	(33.0, 0.0)	(34.0, 0.0)	(35.0, 0.0)	(36.0, 0.0)	(37.0, 0.0)	(38.0, 0.0)	(39.0, 0.6666666666666666)	(40.0, 1.0)	(41.0, 0.6666666666666666)	(42.0, 1.3333333333333333)	(43.0, 16.00000000000001)	(44.0, 27.333333333333304)	(45.0, 25.666666666666643)	(46.0, 43.333333333333364)	(47.0, 120.66666666666603)	(48.0, 508.6666666666552)	(49.0, 2714.6666666667834)	(50.0, 1539.999999999929)	(51.0, 1232.6666666666656)	(52.0, 2068.6666666664896)	(53.0, 3014.3333333335863)	(54.0, 2989.333333333575)	(55.0, 2027.999999999818)	(56.0, 1576.9999999999206)	(57.0, 947.3333333333711)	(58.0, 571.3333333333284)	(59.0, 573.9999999999953)	(60.0, 955.333333333372)	(61.0, 359.6666666666637)	(62.0, 120.99999999999936)	(63.0, 44.33333333333337)	(64.0, 29.333333333333297)	(65.0, 57.00000000000013)	(66.0, 232.00000000000222)	(67.0, 76.33333333333333)	(68.0, 22.999999999999986)	(69.0, 13.000000000000005)	(70.0, 2.6666666666666665)	(71.0, 6.666666666666664)	(72.0, 19.666666666666664)	(73.0, 6.999999999999997)	(74.0, 1.9999999999999998)	(75.0, 1.0)	(76.0, 0.3333333333333333)	(77.0, 0.0)	(78.0, 0.0)	(79.0, 0.6666666666666666)	(80.0, 0.3333333333333333)	(81.0, 0.3333333333333333)	(82.0, 0.0)	(83.0, 0.0)	(84.0, 0.0)	(85.0, 0.0)	(86.0, 0.0)	(87.0, 0.0)	(88.0, 0.0)	(89.0, 0.0)	(90.0, 0.0)	(91.0, 0.3333333333333333)	(92.0, 0.0)	(93.0, 0.0)	(94.0, 0.0)	(95.0, 0.0)	(96.0, 0.0)	(97.0, 0.0)	(98.0, 0.0)	(99.0, 0.0)	(100.0, 0.0)
SRR1653599_1	(0.0, 0.0)	(1.0, 0.0)	(2.0, 0.0)	(3.0, 0.0)	(4.0, 0.0)	(5.0, 0.0)	(6.0, 0.0)	(7.0, 0.0)	(8.0, 0.0)	(9.0, 0.0)	(10.0, 0.0)	(11.0, 0.0)	(12.0, 0.0)	(13.0, 0.0)	(14.0, 0.0)	(15.0, 0.0)	(16.0, 0.0)	(17.0, 0.0)	(18.0, 0.0)	(19.0, 0.0)	(20.0, 0.0)	(21.0, 0.0)	(22.0, 0.0)	(23.0, 0.0)	(24.0, 0.0)	(25.0, 0.0)	(26.0, 0.0)	(27.0, 0.0)	(28.0, 0.0)	(29.0, 0.0)	(30.0, 0.0)	(31.0, 0.0)	(32.0, 0.0)	(33.0, 0.0)	(34.0, 0.0)	(35.0, 0.0)	(36.0, 0.0)	(37.0, 0.0)	(38.0, 0.0)	(39.0, 0.0)	(40.0, 0.0)	(41.0, 0.0)	(42.0, 1.3333333333333333)	(43.0, 21.99999999999999)	(44.0, 15.000000000000009)	(45.0, 24.666666666666647)	(46.0, 73.6666666666667)	(47.0, 197.00000000000122)	(48.0, 417.33333333332706)	(49.0, 1394.999999999962)	(50.0, 2131.9999999998518)	(51.0, 2071.3333333331575)	(52.0, 1988.3333333331605)	(53.0, 2056.9999999998176)	(54.0, 2975.000000000235)	(55.0, 2423.666666666651)	(56.0, 1281.9999999999877)	(57.0, 368.33333333332985)	(58.0, 193.0000000000011)	(59.0, 133.6666666666661)	(60.0, 140.33333333333294)	(61.0, 4062.6666666673964)	(62.0, 4005.6666666673705)	(63.0, 76.66666666666666)	(64.0, 10.666666666666668)	(65.0, 1.9999999999999998)	(66.0, 5.666666666666665)	(67.0, 17.33333333333334)	(68.0, 6.666666666666664)	(69.0, 10.333333333333334)	(70.0, 3.0)	(71.0, 0.3333333333333333)	(72.0, 0.0)	(73.0, 0.3333333333333333)	(74.0, 0.0)	(75.0, 0.0)	(76.0, 0.0)	(77.0, 0.0)	(78.0, 0.0)	(79.0, 0.0)	(80.0, 0.0)	(81.0, 0.0)	(82.0, 0.0)	(83.0, 0.0)	(84.0, 0.0)	(85.0, 0.0)	(86.0, 0.0)	(87.0, 0.0)	(88.0, 0.0)	(89.0, 0.0)	(90.0, 0.0)	(91.0, 0.0)	(92.0, 0.0)	(93.0, 0.0)	(94.0, 0.0)	(95.0, 0.0)	(96.0, 0.0)	(97.0, 0.0)	(98.0, 0.0)	(99.0, 0.0)	(100.0, 0.0)
SRR1653599_2	(0.0, 0.0)	(1.0, 0.0)	(2.0, 0.0)	(3.0, 0.0)	(4.0, 0.0)	(5.0, 0.0)	(6.0, 0.0)	(7.0, 0.0)	(8.0, 0.0)	(9.0, 0.0)	(10.0, 0.0)	(11.0, 0.0)	(12.0, 0.0)	(13.0, 0.0)	(14.0, 0.0)	(15.0, 0.0)	(16.0, 0.0)	(17.0, 0.0)	(18.0, 0.0)	(19.0, 0.0)	(20.0, 0.0)	(21.0, 0.0)	(22.0, 0.0)	(23.0, 0.0)	(24.0, 0.0)	(25.0, 0.0)	(26.0, 0.0)	(27.0, 0.0)	(28.0, 0.0)	(29.0, 0.0)	(30.0, 0.0)	(31.0, 0.0)	(32.0, 0.0)	(33.0, 0.0)	(34.0, 0.0)	(35.0, 0.0)	(36.0, 0.0)	(37.0, 0.0)	(38.0, 0.0)	(39.0, 0.6666666666666666)	(40.0, 1.0)	(41.0, 0.6666666666666666)	(42.0, 3.0)	(43.0, 11.000000000000002)	(44.0, 30.333333333333293)	(45.0, 24.333333333333314)	(46.0, 68.66666666666677)	(47.0, 120.99999999999936)	(48.0, 286.6666666666678)	(49.0, 941.3333333333704)	(50.0, 895.3333333333652)	(51.0, 1257.3333333333267)	(52.0, 1875.9999999998527)	(53.0, 2224.333333333227)	(54.0, 2272.333333333249)	(55.0, 2896.666666666866)	(56.0, 2340.6666666666133)	(57.0, 1079.3333333333671)	(58.0, 607.9999999999992)	(59.0, 420.6666666666602)	(60.0, 267.0000000000023)	(61.0, 192.66666666666777)	(62.0, 155.33333333333337)	(63.0, 167.00000000000037)	(64.0, 233.00000000000225)	(65.0, 790.0000000000199)	(66.0, 3723.0000000005753)	(67.0, 1046.3333333333746)	(68.0, 135.3333333333328)	(69.0, 39.0)	(70.0, 15.000000000000009)	(71.0, 10.0)	(72.0, 13.33333333333334)	(73.0, 8.666666666666664)	(74.0, 4.333333333333333)	(75.0, 3.0)	(76.0, 0.3333333333333333)	(77.0, 0.0)	(78.0, 0.0)	(79.0, 0.3333333333333333)	(80.0, 0.3333333333333333)	(81.0, 0.0)	(82.0, 0.0)	(83.0, 0.0)	(84.0, 0.0)	(85.0, 0.0)	(86.0, 0.0)	(87.0, 0.0)	(88.0, 0.0)	(89.0, 0.3333333333333333)	(90.0, 0.3333333333333333)	(91.0, 0.0)	(92.0, 0.0)	(93.0, 0.0)	(94.0, 0.0)	(95.0, 0.0)	(96.0, 0.0)	(97.0, 0.0)	(98.0, 0.0)	(99.0, 0.0)	(100.0, 0.0)
SRR1653602_1	(0.0, 0.0)	(1.0, 0.0)	(2.0, 0.0)	(3.0, 0.0)	(4.0, 0.0)	(5.0, 0.0)	(6.0, 0.0)	(7.0, 0.0)	(8.0, 0.0)	(9.0, 0.0)	(10.0, 0.0)	(11.0, 0.0)	(12.0, 0.0)	(13.0, 0.0)	(14.0, 0.0)	(15.0, 0.0)	(16.0, 0.0)	(17.0, 0.0)	(18.0, 0.0)	(19.0, 0.0)	(20.0, 0.0)	(21.0, 0.0)	(22.0, 0.0)	(23.0, 0.0)	(24.0, 0.0)	(25.0, 0.0)	(26.0, 0.0)	(27.0, 0.0)	(28.0, 0.0)	(29.0, 0.3333333333333333)	(30.0, 0.3333333333333333)	(31.0, 1.3333333333333333)	(32.0, 1.3333333333333333)	(33.0, 1.9999999999999998)	(34.0, 4.333333333333333)	(35.0, 6.333333333333331)	(36.0, 6.333333333333331)	(37.0, 6.666666666666664)	(38.0, 4.999999999999999)	(39.0, 4.333333333333333)	(40.0, 4.666666666666666)	(41.0, 4.666666666666666)	(42.0, 7.33333333333333)	(43.0, 19.666666666666664)	(44.0, 11.333333333333336)	(45.0, 31.999999999999954)	(46.0, 91.33333333333312)	(47.0, 248.00000000000267)	(48.0, 524.6666666666564)	(49.0, 1977.333333333163)	(50.0, 2774.0000000001437)	(51.0, 2714.33333333345)	(52.0, 2766.3333333334735)	(53.0, 3040.333333333598)	(54.0, 4268.000000000588)	(55.0, 3637.3333333338696)	(56.0, 1979.999999999829)	(57.0, 533.9999999999908)	(58.0, 263.66666666666913)	(59.0, 190.33333333333437)	(60.0, 235.33333333333564)	(61.0, 6601.666666665133)	(62.0, 6525.999999998535)	(63.0, 128.3333333333326)	(64.0, 14.333333333333341)	(65.0, 4.333333333333333)	(66.0, 6.333333333333331)	(67.0, 22.666666666666654)	(68.0, 9.666666666666666)	(69.0, 10.333333333333334)	(70.0, 2.6666666666666665)	(71.0, 1.0)	(72.0, 0.3333333333333333)	(73.0, 0.0)	(74.0, 0.0)	(75.0, 0.0)	(76.0, 0.0)	(77.0, 0.0)	(78.0, 0.0)	(79.0, 0.0)	(80.0, 0.0)	(81.0, 0.0)	(82.0, 0.0)	(83.0, 0.0)	(84.0, 0.0)	(85.0, 0.0)	(86.0, 0.0)	(87.0, 0.0)	(88.0, 0.0)	(89.0, 0.0)	(90.0, 0.0)	(91.0, 0.0)	(92.0, 0.0)	(93.0, 0.0)	(94.0, 0.0)	(95.0, 0.0)	(96.0, 0.0)	(97.0, 0.0)	(98.0, 0.0)	(99.0, 0.0)	(100.0, 0.0)
SRR1653602_2	(0.0, 0.0)	(1.0, 0.0)	(2.0, 0.0)	(3.0, 0.0)	(4.0, 0.0)	(5.0, 0.0)	(6.0, 0.0)	(7.0, 0.0)	(8.0, 0.0)	(9.0, 0.0)	(10.0, 0.0)	(11.0, 0.0)	(12.0, 0.0)	(13.0, 0.0)	(14.0, 0.0)	(15.0, 0.0)	(16.0, 0.0)	(17.0, 0.0)	(18.0, 0.0)	(19.0, 0.0)	(20.0, 0.0)	(21.0, 0.0)	(22.0, 0.0)	(23.0, 0.0)	(24.0, 0.0)	(25.0, 0.0)	(26.0, 0.0)	(27.0, 0.0)	(28.0, 0.0)	(29.0, 0.0)	(30.0, 0.0)	(31.0, 0.6666666666666666)	(32.0, 0.6666666666666666)	(33.0, 0.0)	(34.0, 0.3333333333333333)	(35.0, 1.3333333333333333)	(36.0, 2.6666666666666665)	(37.0, 4.999999999999999)	(38.0, 4.0)	(39.0, 4.333333333333333)	(40.0, 4.999999999999999)	(41.0, 7.9999999999999964)	(42.0, 10.333333333333334)	(43.0, 13.000000000000005)	(44.0, 33.66666666666663)	(45.0, 32.99999999999996)	(46.0, 97.66666666666636)	(47.0, 161.66666666666688)	(48.0, 360.3333333333303)	(49.0, 1194.6666666666742)	(50.0, 1167.0000000000139)	(51.0, 1771.9999999998763)	(52.0, 2649.000000000087)	(53.0, 3122.000000000302)	(54.0, 3147.0000000003133)	(55.0, 4108.000000000734)	(56.0, 3528.6666666671535)	(57.0, 1599.6666666665822)	(58.0, 841.6666666666924)	(59.0, 550.333333333326)	(60.0, 396.9999999999949)	(61.0, 288.0000000000011)	(62.0, 237.66666666666904)	(63.0, 254.00000000000284)	(64.0, 401.33333333332797)	(65.0, 1342.6666666666406)	(66.0, 6015.666666665666)	(67.0, 1714.666666666556)	(68.0, 217.33333333333513)	(69.0, 62.00000000000016)	(70.0, 28.3333333333333)	(71.0, 18.333333333333336)	(72.0, 15.000000000000009)	(73.0, 8.999999999999998)	(74.0, 6.333333333333331)	(75.0, 3.3333333333333335)	(76.0, 0.6666666666666666)	(77.0, 1.6666666666666665)	(78.0, 1.0)	(79.0, 0.3333333333333333)	(80.0, 0.0)	(81.0, 0.0)	(82.0, 0.0)	(83.0, 0.0)	(84.0, 0.3333333333333333)	(85.0, 0.3333333333333333)	(86.0, 0.3333333333333333)	(87.0, 0.0)	(88.0, 0.0)	(89.0, 0.0)	(90.0, 0.3333333333333333)	(91.0, 0.0)	(92.0, 0.0)	(93.0, 0.3333333333333333)	(94.0, 0.0)	(95.0, 0.0)	(96.0, 0.0)	(97.0, 0.0)	(98.0, 0.0)	(99.0, 0.0)	(100.0, 0.0)
SRR1653603_1	(0.0, 0.0)	(1.0, 0.0)	(2.0, 0.0)	(3.0, 0.0)	(4.0, 0.0)	(5.0, 0.0)	(6.0, 0.0)	(7.0, 0.0)	(8.0, 0.0)	(9.0, 0.0)	(10.0, 0.0)	(11.0, 0.0)	(12.0, 0.0)	(13.0, 0.0)	(14.0, 0.0)	(15.0, 0.0)	(16.0, 0.0)	(17.0, 0.0)	(18.0, 0.0)	(19.0, 0.0)	(20.0, 0.0)	(21.0, 0.0)	(22.0, 0.0)	(23.0, 0.0)	(24.0, 0.0)	(25.0, 0.0)	(26.0, 0.0)	(27.0, 0.0)	(28.0, 0.0)	(29.0, 0.0)	(30.0, 0.0)	(31.0, 0.0)	(32.0, 0.0)	(33.0, 0.0)	(34.0, 0.0)	(35.0, 0.0)	(36.0, 0.3333333333333333)	(37.0, 0.0)	(38.0, 0.3333333333333333)	(39.0, 1.3333333333333333)	(40.0, 2.333333333333333)	(41.0, 2.6666666666666665)	(42.0, 1.0)	(43.0, 4.666666666666666)	(44.0, 15.333333333333343)	(45.0, 142.333333333333)	(46.0, 306.33333333333337)	(47.0, 713.6666666666779)	(48.0, 573.666666666662)	(49.0, 1876.6666666665192)	(50.0, 3030.666666666927)	(51.0, 2603.000000000066)	(52.0, 2781.3333333334804)	(53.0, 2285.999999999922)	(54.0, 2191.333333333212)	(55.0, 1552.3333333332596)	(56.0, 860.0000000000279)	(57.0, 253.6666666666695)	(58.0, 187.33333333333428)	(59.0, 1473.6666666666108)	(60.0, 1449.333333333283)	(61.0, 144.33333333333306)	(62.0, 97.33333333333303)	(63.0, 8.666666666666664)	(64.0, 2.333333333333333)	(65.0, 1.6666666666666665)	(66.0, 3.666666666666667)	(67.0, 11.333333333333336)	(68.0, 14.333333333333341)	(69.0, 12.333333333333337)	(70.0, 7.666666666666663)	(71.0, 1.6666666666666665)	(72.0, 1.0)	(73.0, 0.3333333333333333)	(74.0, 0.0)	(75.0, 0.0)	(76.0, 0.0)	(77.0, 0.0)	(78.0, 0.0)	(79.0, 0.0)	(80.0, 0.0)	(81.0, 0.0)	(82.0, 0.0)	(83.0, 0.0)	(84.0, 0.0)	(85.0, 0.0)	(86.0, 0.0)	(87.0, 0.0)	(88.0, 0.0)	(89.0, 0.0)	(90.0, 0.0)	(91.0, 0.0)	(92.0, 0.0)	(93.0, 0.0)	(94.0, 0.0)	(95.0, 0.0)	(96.0, 0.0)	(97.0, 0.0)	(98.0, 0.0)	(99.0, 0.0)	(100.0, 0.0)
SRR1653603_2	(0.0, 0.0)	(1.0, 0.0)	(2.0, 0.0)	(3.0, 0.0)	(4.0, 0.0)	(5.0, 0.0)	(6.0, 0.0)	(7.0, 0.0)	(8.0, 0.0)	(9.0, 0.0)	(10.0, 0.0)	(11.0, 0.0)	(12.0, 0.0)	(13.0, 0.0)	(14.0, 0.0)	(15.0, 0.0)	(16.0, 0.0)	(17.0, 0.0)	(18.0, 0.0)	(19.0, 0.0)	(20.0, 0.0)	(21.0, 0.0)	(22.0, 0.0)	(23.0, 0.0)	(24.0, 0.0)	(25.0, 0.0)	(26.0, 0.0)	(27.0, 0.0)	(28.0, 0.0)	(29.0, 0.0)	(30.0, 0.0)	(31.0, 0.0)	(32.0, 0.0)	(33.0, 0.0)	(34.0, 0.0)	(35.0, 0.3333333333333333)	(36.0, 0.3333333333333333)	(37.0, 0.0)	(38.0, 0.3333333333333333)	(39.0, 0.3333333333333333)	(40.0, 1.6666666666666665)	(41.0, 3.0)	(42.0, 1.6666666666666665)	(43.0, 6.999999999999997)	(44.0, 19.0)	(45.0, 31.33333333333329)	(46.0, 70.66666666666674)	(47.0, 164.33333333333363)	(48.0, 755.3333333333493)	(49.0, 1785.6666666665399)	(50.0, 1609.3333333332466)	(51.0, 2373.6666666666283)	(52.0, 2979.000000000237)	(53.0, 2942.3333333335536)	(54.0, 2337.666666666612)	(55.0, 1795.3333333332043)	(56.0, 1163.6666666666813)	(57.0, 572.6666666666619)	(58.0, 487.9999999999897)	(59.0, 431.33333333332627)	(60.0, 314.99999999999955)	(61.0, 435.99999999999267)	(62.0, 1429.6666666666208)	(63.0, 431.9999999999929)	(64.0, 64.3333333333335)	(65.0, 26.66666666666664)	(66.0, 77.33333333333331)	(67.0, 24.99999999999998)	(68.0, 12.666666666666671)	(69.0, 6.666666666666664)	(70.0, 1.3333333333333333)	(71.0, 0.0)	(72.0, 1.6666666666666665)	(73.0, 2.333333333333333)	(74.0, 1.3333333333333333)	(75.0, 0.0)	(76.0, 0.0)	(77.0, 0.6666666666666666)	(78.0, 0.6666666666666666)	(79.0, 0.0)	(80.0, 0.0)	(81.0, 0.0)	(82.0, 0.0)	(83.0, 0.0)	(84.0, 0.3333333333333333)	(85.0, 0.0)	(86.0, 0.0)	(87.0, 0.0)	(88.0, 0.0)	(89.0, 0.0)	(90.0, 0.0)	(91.0, 0.0)	(92.0, 0.0)	(93.0, 0.0)	(94.0, 0.0)	(95.0, 0.0)	(96.0, 0.0)	(97.0, 0.0)	(98.0, 0.0)	(99.0, 0.0)	(100.0, 0.0)
SRR1653604_1	(0.0, 0.0)	(1.0, 0.0)	(2.0, 0.0)	(3.0, 0.0)	(4.0, 0.0)	(5.0, 0.0)	(6.0, 0.0)	(7.0, 0.0)	(8.0, 0.0)	(9.0, 0.0)	(10.0, 0.0)	(11.0, 0.0)	(12.0, 0.0)	(13.0, 0.0)	(14.0, 0.0)	(15.0, 0.0)	(16.0, 0.0)	(17.0, 0.0)	(18.0, 0.0)	(19.0, 0.0)	(20.0, 0.0)	(21.0, 0.0)	(22.0, 0.0)	(23.0, 0.0)	(24.0, 0.0)	(25.0, 0.0)	(26.0, 0.0)	(27.0, 0.0)	(28.0, 0.0)	(29.0, 0.0)	(30.0, 0.0)	(31.0, 0.0)	(32.0, 0.6666666666666666)	(33.0, 1.3333333333333333)	(34.0, 0.6666666666666666)	(35.0, 0.3333333333333333)	(36.0, 1.6666666666666665)	(37.0, 1.9999999999999998)	(38.0, 1.3333333333333333)	(39.0, 2.333333333333333)	(40.0, 3.0)	(41.0, 4.666666666666666)	(42.0, 7.666666666666663)	(43.0, 20.999999999999993)	(44.0, 27.999999999999968)	(45.0, 72.33333333333339)	(46.0, 163.3333333333336)	(47.0, 423.3333333333267)	(48.0, 639.6666666666695)	(49.0, 1351.9999999999718)	(50.0, 2370.666666666627)	(51.0, 2330.6666666666088)	(52.0, 2633.333333333413)	(53.0, 2638.3333333334153)	(54.0, 2047.6666666664803)	(55.0, 1427.6666666666213)	(56.0, 1178.0000000000114)	(57.0, 682.6666666666744)	(58.0, 367.99999999999653)	(59.0, 128.3333333333326)	(60.0, 108.99999999999953)	(61.0, 156.00000000000006)	(62.0, 141.33333333333297)	(63.0, 16.666666666666675)	(64.0, 8.33333333333333)	(65.0, 4.666666666666666)	(66.0, 23.66666666666665)	(67.0, 67.66666666666679)	(68.0, 77.66666666666664)	(69.0, 61.66666666666683)	(70.0, 27.999999999999968)	(71.0, 11.333333333333336)	(72.0, 3.3333333333333335)	(73.0, 0.6666666666666666)	(74.0, 0.0)	(75.0, 0.0)	(76.0, 0.0)	(77.0, 0.0)	(78.0, 0.0)	(79.0, 0.0)	(80.0, 0.0)	(81.0, 0.0)	(82.0, 0.0)	(83.0, 0.0)	(84.0, 0.0)	(85.0, 0.0)	(86.0, 0.0)	(87.0, 0.0)	(88.0, 0.0)	(89.0, 0.0)	(90.0, 0.0)	(91.0, 0.0)	(92.0, 0.0)	(93.0, 0.0)	(94.0, 0.0)	(95.0, 0.0)	(96.0, 0.0)	(97.0, 0.0)	(98.0, 0.0)	(99.0, 0.0)	(100.0, 0.0)
SRR1653604_2	(0.0, 0.0)	(1.0, 0.0)	(2.0, 0.0)	(3.0, 0.0)	(4.0, 0.0)	(5.0, 0.0)	(6.0, 0.0)	(7.0, 0.0)	(8.0, 0.0)	(9.0, 0.0)	(10.0, 0.0)	(11.0, 0.0)	(12.0, 0.0)	(13.0, 0.0)	(14.0, 0.0)	(15.0, 0.0)	(16.0, 0.0)	(17.0, 0.0)	(18.0, 0.0)	(19.0, 0.0)	(20.0, 0.0)	(21.0, 0.0)	(22.0, 0.0)	(23.0, 0.0)	(24.0, 0.0)	(25.0, 0.0)	(26.0, 0.0)	(27.0, 0.0)	(28.0, 0.0)	(29.0, 0.0)	(30.0, 0.0)	(31.0, 0.0)	(32.0, 0.0)	(33.0, 0.0)	(34.0, 0.0)	(35.0, 0.0)	(36.0, 0.3333333333333333)	(37.0, 0.6666666666666666)	(38.0, 1.0)	(39.0, 1.6666666666666665)	(40.0, 4.333333333333333)	(41.0, 12.333333333333337)	(42.0, 14.666666666666675)	(43.0, 14.000000000000007)	(44.0, 37.66666666666666)	(45.0, 38.666666666666664)	(46.0, 54.33333333333344)	(47.0, 140.99999999999963)	(48.0, 507.33333333332195)	(49.0, 1420.3333333332896)	(50.0, 1523.6666666665994)	(51.0, 1648.9999999999043)	(52.0, 2217.6666666665574)	(53.0, 2637.0000000000814)	(54.0, 2167.333333333201)	(55.0, 1843.99999999986)	(56.0, 1460.6666666666138)	(57.0, 961.3333333333727)	(58.0, 648.3333333333371)	(59.0, 391.66666666666185)	(60.0, 349.99999999999756)	(61.0, 167.3333333333337)	(62.0, 123.33333333333266)	(63.0, 52.00000000000009)	(64.0, 22.999999999999986)	(65.0, 51.66666666666676)	(66.0, 153.66666666666666)	(67.0, 89.33333333333314)	(68.0, 122.99999999999933)	(69.0, 40.33333333333334)	(70.0, 4.666666666666666)	(71.0, 4.0)	(72.0, 8.33333333333333)	(73.0, 5.666666666666665)	(74.0, 1.0)	(75.0, 0.0)	(76.0, 0.0)	(77.0, 0.0)	(78.0, 0.0)	(79.0, 0.0)	(80.0, 0.0)	(81.0, 0.0)	(82.0, 0.0)	(83.0, 0.0)	(84.0, 0.0)	(85.0, 0.0)	(86.0, 0.0)	(87.0, 0.0)	(88.0, 0.0)	(89.0, 0.0)	(90.0, 0.0)	(91.0, 0.0)	(92.0, 0.0)	(93.0, 0.0)	(94.0, 0.0)	(95.0, 0.0)	(96.0, 0.0)	(97.0, 0.0)	(98.0, 0.0)	(99.0, 0.0)	(100.0, 0.0)
