Sample	0	1	2	3	4	5	6	7	8	9	10	11	12	13	14	15	16	17	18	19	20	21	22	23	24	25	26	27	28	29	30	31	32	33	34	35	36	37	38	39	40	41	42	43	44	45	46	47	48	49	50	51	52	53	54	55	56	57	58	59	60	61	62	63	64	65	66	67	68	69	70	71	72	73	74	75	76	77	78	79	80	81	82	83	84	85	86	87	88	89	90	91	92	93	94	95	96	97	98	99	100
SRR1653571_1	(0.0, 0.0)	(1.0, 0.0)	(2.0, 0.0)	(3.0, 0.0)	(4.0, 0.0)	(5.0, 0.0)	(6.0, 0.0)	(7.0, 0.0)	(8.0, 0.0)	(9.0, 0.0)	(10.0, 0.0)	(11.0, 0.0)	(12.0, 0.0)	(13.0, 0.0)	(14.0, 0.0)	(15.0, 0.0)	(16.0, 0.0)	(17.0, 0.0)	(18.0, 0.0)	(19.0, 0.0)	(20.0, 0.0)	(21.0, 0.0)	(22.0, 0.0)	(23.0, 0.0)	(24.0, 0.0)	(25.0, 0.0)	(26.0, 0.0)	(27.0, 0.0)	(28.0, 0.0)	(29.0, 0.0)	(30.0, 0.0)	(31.0, 0.0)	(32.0, 0.0)	(33.0, 0.0)	(34.0, 0.0)	(35.0, 0.0)	(36.0, 0.0)	(37.0, 0.0)	(38.0, 0.0011634806687686064)	(39.0, 0.002326961337537213)	(40.0, 0.0011634806687686064)	(41.0, 0.0)	(42.0, 0.0)	(43.0, 0.02094265203783491)	(44.0, 0.10471326018917444)	(45.0, 0.2850527638483083)	(46.0, 0.8307251975007933)	(47.0, 3.633550128564506)	(48.0, 2.642264598773562)	(49.0, 6.3909993135454775)	(50.0, 14.311975706525216)	(51.0, 15.282318584277348)	(52.0, 12.62492873680999)	(53.0, 9.866316071158368)	(54.0, 11.253185028331178)	(55.0, 6.686523403412636)	(56.0, 4.4026108506203805)	(57.0, 4.466602287402639)	(58.0, 2.6073601787104996)	(59.0, 1.6393442622949344)	(60.0, 1.3089157523646688)	(61.0, 0.6259525997975128)	(62.0, 0.5491628756587826)	(63.0, 0.04072182340690124)	(64.0, 0.024433094044140728)	(65.0, 0.019779171369066303)	(66.0, 0.05235663009458732)	(67.0, 0.09191497283271982)	(68.0, 0.09424193417025703)	(69.0, 0.0814436468138024)	(70.0, 0.03141397805675237)	(71.0, 0.015125248693991882)	(72.0, 0.008144364681380245)	(73.0, 0.0011634806687686064)	(74.0, 0.0011634806687686064)	(75.0, 0.0)	(76.0, 0.0)	(77.0, 0.0)	(78.0, 0.0)	(79.0, 0.0)	(80.0, 0.0)	(81.0, 0.0)	(82.0, 0.0)	(83.0, 0.0)	(84.0, 0.0)	(85.0, 0.0)	(86.0, 0.0)	(87.0, 0.0)	(88.0, 0.0)	(89.0, 0.0)	(90.0, 0.0)	(91.0, 0.0)	(92.0, 0.0)	(93.0, 0.0)	(94.0, 0.0)	(95.0, 0.0)	(96.0, 0.0)	(97.0, 0.0)	(98.0, 0.0)	(99.0, 0.0)	(100.0, 0.0)
SRR1653571_2	(0.0, 0.0)	(1.0, 0.0)	(2.0, 0.0)	(3.0, 0.0)	(4.0, 0.0)	(5.0, 0.0)	(6.0, 0.0)	(7.0, 0.0)	(8.0, 0.0)	(9.0, 0.0)	(10.0, 0.0)	(11.0, 0.0)	(12.0, 0.0)	(13.0, 0.0)	(14.0, 0.0)	(15.0, 0.0)	(16.0, 0.0)	(17.0, 0.0)	(18.0, 0.0)	(19.0, 0.0)	(20.0, 0.0)	(21.0, 0.0)	(22.0, 0.0)	(23.0, 0.0)	(24.0, 0.0)	(25.0, 0.0)	(26.0, 0.0)	(27.0, 0.0)	(28.0, 0.0)	(29.0, 0.0)	(30.0, 0.0)	(31.0, 0.0)	(32.0, 0.0)	(33.0, 0.0)	(34.0, 0.0)	(35.0, 0.0)	(36.0, 0.0)	(37.0, 0.0)	(38.0, 0.0011596017927443072)	(39.0, 0.0023192035854886143)	(40.0, 0.0023192035854886143)	(41.0, 0.009276814341954457)	(42.0, 0.018553628683908915)	(43.0, 0.0626184968081926)	(44.0, 0.18901509221732246)	(45.0, 0.2574315979892363)	(46.0, 0.37803018443464254)	(47.0, 0.7989656352008353)	(48.0, 3.5982443628857386)	(49.0, 7.154743061231741)	(50.0, 8.961402654328193)	(51.0, 11.82445948061519)	(52.0, 12.35903590707056)	(53.0, 11.425556463910967)	(54.0, 10.205655377943401)	(55.0, 10.66833649324859)	(56.0, 6.587697784579884)	(57.0, 2.9372713410214213)	(58.0, 2.393418100224279)	(59.0, 1.505163126982086)	(60.0, 2.8305879760889328)	(61.0, 2.164976547053625)	(62.0, 1.7347642819454459)	(63.0, 0.6064717376052747)	(64.0, 0.15190783484950438)	(65.0, 0.2133667298649531)	(66.0, 0.5705240820302002)	(67.0, 0.16466345456969184)	(68.0, 0.07769332011386855)	(69.0, 0.046384071709772316)	(70.0, 0.0162344250984203)	(71.0, 0.00811721254921015)	(72.0, 0.026670841233119056)	(73.0, 0.01971323047665322)	(74.0, 0.00811721254921015)	(75.0, 0.0069576107564658434)	(76.0, 0.0011596017927443072)	(77.0, 0.0023192035854886143)	(78.0, 0.0011596017927443072)	(79.0, 0.0011596017927443072)	(80.0, 0.0023192035854886143)	(81.0, 0.0)	(82.0, 0.0)	(83.0, 0.0)	(84.0, 0.0)	(85.0, 0.0)	(86.0, 0.0)	(87.0, 0.0011596017927443072)	(88.0, 0.0)	(89.0, 0.0)	(90.0, 0.0)	(91.0, 0.0)	(92.0, 0.0)	(93.0, 0.0)	(94.0, 0.0)	(95.0, 0.0)	(96.0, 0.0)	(97.0, 0.0)	(98.0, 0.0)	(99.0, 0.0011596017927443072)	(100.0, 0.0017394026891164609)
SRR1653573_1	(0.0, 0.0)	(1.0, 0.0)	(2.0, 0.0)	(3.0, 0.0)	(4.0, 0.0)	(5.0, 0.0)	(6.0, 0.0)	(7.0, 0.0)	(8.0, 0.0)	(9.0, 0.0)	(10.0, 0.0)	(11.0, 0.0)	(12.0, 0.0)	(13.0, 0.0)	(14.0, 0.0)	(15.0, 0.0)	(16.0, 0.0)	(17.0, 0.0)	(18.0, 0.0)	(19.0, 0.0)	(20.0, 0.0)	(21.0, 0.0)	(22.0, 0.0)	(23.0, 0.0)	(24.0, 0.0)	(25.0, 0.0)	(26.0, 0.0)	(27.0, 0.0)	(28.0, 0.0)	(29.0, 0.0)	(30.0, 0.0)	(31.0, 0.0)	(32.0, 0.0)	(33.0, 0.0)	(34.0, 0.0)	(35.0, 0.0011923783177925898)	(36.0, 0.0011923783177925898)	(37.0, 0.0)	(38.0, 0.0)	(39.0, 0.0)	(40.0, 0.0)	(41.0, 0.0011923783177925898)	(42.0, 0.0011923783177925898)	(43.0, 0.014308539813511075)	(44.0, 0.05961891588962951)	(45.0, 0.30882598430828023)	(46.0, 1.113681348818278)	(47.0, 3.798917320487326)	(48.0, 2.554074356711767)	(49.0, 6.5568883695409585)	(50.0, 11.942861231012012)	(51.0, 12.452006772709678)	(52.0, 10.75048291321888)	(53.0, 11.420599527818618)	(54.0, 13.432141749935633)	(55.0, 7.416593136669282)	(56.0, 3.893115207592919)	(57.0, 2.834283261393058)	(58.0, 2.0473135716498594)	(59.0, 4.182863138816453)	(60.0, 3.9288865571266887)	(61.0, 0.5973815372140888)	(62.0, 0.4447571125366335)	(63.0, 0.05007988934728879)	(64.0, 0.015500918131303665)	(65.0, 0.013116161495718487)	(66.0, 0.02861707962702214)	(67.0, 0.04292561944053324)	(68.0, 0.03815610616936287)	(69.0, 0.04650275439391102)	(70.0, 0.007154269906755537)	(71.0, 0.0011923783177925898)	(72.0, 0.0023847566355851796)	(73.0, 0.0)	(74.0, 0.0)	(75.0, 0.0)	(76.0, 0.0)	(77.0, 0.0)	(78.0, 0.0)	(79.0, 0.0)	(80.0, 0.0)	(81.0, 0.0)	(82.0, 0.0)	(83.0, 0.0)	(84.0, 0.0)	(85.0, 0.0)	(86.0, 0.0)	(87.0, 0.0)	(88.0, 0.0)	(89.0, 0.0)	(90.0, 0.0)	(91.0, 0.0)	(92.0, 0.0)	(93.0, 0.0)	(94.0, 0.0)	(95.0, 0.0)	(96.0, 0.0)	(97.0, 0.0)	(98.0, 0.0)	(99.0, 0.0)	(100.0, 0.0)
SRR1653573_2	(0.0, 0.0)	(1.0, 0.0)	(2.0, 0.0)	(3.0, 0.0)	(4.0, 0.0)	(5.0, 0.0)	(6.0, 0.0)	(7.0, 0.0)	(8.0, 0.0)	(9.0, 0.0)	(10.0, 0.0)	(11.0, 0.0)	(12.0, 0.0011933815061667362)	(13.0, 0.0)	(14.0, 0.0)	(15.0, 0.0)	(16.0, 0.0)	(17.0, 0.0)	(18.0, 0.0)	(19.0, 0.0)	(20.0, 0.0)	(21.0, 0.0)	(22.0, 0.0)	(23.0, 0.0)	(24.0, 0.0)	(25.0, 0.0)	(26.0, 0.0)	(27.0, 0.0)	(28.0, 0.0)	(29.0, 0.0)	(30.0, 0.0)	(31.0, 0.0)	(32.0, 0.0)	(33.0, 0.0011933815061667362)	(34.0, 0.0011933815061667362)	(35.0, 0.0)	(36.0, 0.0)	(37.0, 0.0011933815061667362)	(38.0, 0.0011933815061667362)	(39.0, 0.0)	(40.0, 0.0011933815061667362)	(41.0, 0.00596690753083368)	(42.0, 0.007160289037000416)	(43.0, 0.04057497120966904)	(44.0, 0.15155945128317558)	(45.0, 0.1981013300236786)	(46.0, 0.3878489895041876)	(47.0, 0.6826142215273768)	(48.0, 3.3450483617854916)	(49.0, 6.706804064656533)	(50.0, 6.315374930633931)	(51.0, 9.84062389985138)	(52.0, 11.520905060534908)	(53.0, 13.182092117119762)	(54.0, 12.568694022949781)	(55.0, 11.444528644140203)	(56.0, 7.034983978852311)	(57.0, 3.2829925234648143)	(58.0, 1.8282604674473983)	(59.0, 1.3270402348573977)	(60.0, 2.1707609597172897)	(61.0, 1.7924590222623982)	(62.0, 4.0694309360286445)	(63.0, 1.170707257549564)	(64.0, 0.17781384441884396)	(65.0, 0.14797930676467536)	(66.0, 0.34846739980068586)	(67.0, 0.09666390199950553)	(68.0, 0.05012202325900294)	(69.0, 0.029834537654168394)	(70.0, 0.00954705204933389)	(71.0, 0.00954705204933389)	(72.0, 0.019094104098667776)	(73.0, 0.011933815061667363)	(74.0, 0.007160289037000416)	(75.0, 0.004773526024666945)	(76.0, 0.0011933815061667362)	(77.0, 0.0011933815061667362)	(78.0, 0.0)	(79.0, 0.0)	(80.0, 0.0)	(81.0, 0.0)	(82.0, 0.0)	(83.0, 0.0)	(84.0, 0.0)	(85.0, 0.0)	(86.0, 0.0)	(87.0, 0.0)	(88.0, 0.0)	(89.0, 0.0)	(90.0, 0.0)	(91.0, 0.0)	(92.0, 0.0)	(93.0, 0.0)	(94.0, 0.0)	(95.0, 0.0011933815061667362)	(96.0, 0.0)	(97.0, 0.0)	(98.0, 0.0)	(99.0, 0.0)	(100.0, 0.0017900722592501044)
SRR1653575_1	(0.0, 0.0)	(1.0, 0.0)	(2.0, 0.0)	(3.0, 0.0)	(4.0, 0.0)	(5.0, 0.0)	(6.0, 0.0)	(7.0, 0.0)	(8.0, 0.0)	(9.0, 0.0)	(10.0, 0.0)	(11.0, 0.0)	(12.0, 0.0)	(13.0, 0.0)	(14.0, 0.0)	(15.0, 0.0)	(16.0, 0.0)	(17.0, 0.0)	(18.0, 0.0)	(19.0, 0.0)	(20.0, 0.0)	(21.0, 0.0)	(22.0, 0.0)	(23.0, 0.0)	(24.0, 0.0)	(25.0, 0.0)	(26.0, 0.0)	(27.0, 0.0)	(28.0, 0.0)	(29.0, 0.0)	(30.0, 0.0)	(31.0, 0.0)	(32.0, 0.0)	(33.0, 0.002233563762661423)	(34.0, 0.0033503456439921355)	(35.0, 0.002233563762661423)	(36.0, 0.004467127525322846)	(37.0, 0.0033503456439921355)	(38.0, 0.005583909406653559)	(39.0, 0.004467127525322846)	(40.0, 0.004467127525322846)	(41.0, 0.004467127525322846)	(42.0, 0.010051036931976405)	(43.0, 0.013401382575968542)	(44.0, 0.055839094066535616)	(45.0, 0.28477937973933104)	(46.0, 1.1625699384652635)	(47.0, 6.271847045552787)	(48.0, 3.2866890767564243)	(49.0, 5.282378298694001)	(50.0, 11.025987514379386)	(51.0, 10.637347419676123)	(52.0, 11.949566130240305)	(53.0, 9.622192689546043)	(54.0, 10.25987514378617)	(55.0, 6.892777771572543)	(56.0, 4.844599801212461)	(57.0, 5.8296014205459254)	(58.0, 3.6931976815607594)	(59.0, 3.7937080508805012)	(60.0, 3.553599946394452)	(61.0, 0.6700691287984314)	(62.0, 0.47909942709087433)	(63.0, 0.04690483901588992)	(64.0, 0.020102073863952807)	(65.0, 0.01675172821996067)	(66.0, 0.03126989267725992)	(67.0, 0.09827680555710251)	(68.0, 0.0536055303038742)	(69.0, 0.05248874842254349)	(70.0, 0.017868510101291386)	(71.0, 0.0011167818813307116)	(72.0, 0.004467127525322846)	(73.0, 0.0033503456439921355)	(74.0, 0.0)	(75.0, 0.0)	(76.0, 0.0)	(77.0, 0.0)	(78.0, 0.0)	(79.0, 0.0)	(80.0, 0.0)	(81.0, 0.0)	(82.0, 0.0)	(83.0, 0.0)	(84.0, 0.0)	(85.0, 0.0)	(86.0, 0.0)	(87.0, 0.0)	(88.0, 0.0)	(89.0, 0.0)	(90.0, 0.0)	(91.0, 0.0)	(92.0, 0.0)	(93.0, 0.0)	(94.0, 0.0)	(95.0, 0.0)	(96.0, 0.0)	(97.0, 0.0)	(98.0, 0.0)	(99.0, 0.0)	(100.0, 0.0)
SRR1653575_2	(0.0, 0.0)	(1.0, 0.0)	(2.0, 0.0)	(3.0, 0.0)	(4.0, 0.0)	(5.0, 0.0)	(6.0, 0.0)	(7.0, 0.0)	(8.0, 0.0)	(9.0, 0.0)	(10.0, 0.0)	(11.0, 0.0)	(12.0, 0.0)	(13.0, 0.0)	(14.0, 0.0)	(15.0, 0.0)	(16.0, 0.0)	(17.0, 0.0)	(18.0, 0.0)	(19.0, 0.0)	(20.0, 0.0)	(21.0, 0.0)	(22.0, 0.0)	(23.0, 0.0)	(24.0, 0.0)	(25.0, 0.0)	(26.0, 0.0)	(27.0, 0.0)	(28.0, 0.0)	(29.0, 0.0)	(30.0, 0.0)	(31.0, 0.0)	(32.0, 0.0)	(33.0, 0.0)	(34.0, 0.0)	(35.0, 0.0)	(36.0, 0.0)	(37.0, 0.001117149927105932)	(38.0, 0.003351449781317796)	(39.0, 0.002234299854211864)	(40.0, 0.010054349343953387)	(41.0, 0.012288649198165252)	(42.0, 0.013405799125271184)	(43.0, 0.0413345473029195)	(44.0, 0.2491244337446229)	(45.0, 0.3250906287878252)	(46.0, 0.3161534293709779)	(47.0, 0.8021136476620674)	(48.0, 5.122132415780469)	(49.0, 9.008697012182585)	(50.0, 7.261474526188113)	(51.0, 7.643539801258517)	(52.0, 9.61977802230981)	(53.0, 11.42732660436803)	(54.0, 9.281281594396559)	(55.0, 10.406251570992744)	(56.0, 7.603322403882686)	(57.0, 3.749155155367591)	(58.0, 3.414010177235882)	(59.0, 2.034330017259899)	(60.0, 3.610628564406487)	(61.0, 2.089070363688096)	(62.0, 3.6676032106888767)	(63.0, 1.0892211789282802)	(64.0, 0.1966183871706445)	(65.0, 0.20667273651459797)	(66.0, 0.45803147011343043)	(67.0, 0.12288649198165247)	(68.0, 0.08378624453294484)	(69.0, 0.051388896646872906)	(70.0, 0.01899154876080084)	(71.0, 0.006702899562635592)	(72.0, 0.021225848615012703)	(73.0, 0.012288649198165252)	(74.0, 0.005585749635529659)	(75.0, 0.002234299854211864)	(76.0, 0.003351449781317796)	(77.0, 0.001117149927105932)	(78.0, 0.001117149927105932)	(79.0, 0.0)	(80.0, 0.001117149927105932)	(81.0, 0.0)	(82.0, 0.0)	(83.0, 0.0)	(84.0, 0.0)	(85.0, 0.0)	(86.0, 0.0)	(87.0, 0.0)	(88.0, 0.0)	(89.0, 0.0)	(90.0, 0.0)	(91.0, 0.0)	(92.0, 0.0)	(93.0, 0.0)	(94.0, 0.0)	(95.0, 0.0)	(96.0, 0.0)	(97.0, 0.0)	(98.0, 0.0)	(99.0, 0.001117149927105932)	(100.0, 0.001675724890658898)
SRR1653577_1	(0.0, 0.0)	(1.0, 0.0)	(2.0, 0.0)	(3.0, 0.0)	(4.0, 0.0)	(5.0, 0.0)	(6.0, 0.0)	(7.0, 0.0)	(8.0, 0.0)	(9.0, 0.0)	(10.0, 0.0)	(11.0, 0.0)	(12.0, 0.0)	(13.0, 0.0)	(14.0, 0.0)	(15.0, 0.0)	(16.0, 0.0)	(17.0, 0.0)	(18.0, 0.0)	(19.0, 0.0)	(20.0, 0.0)	(21.0, 0.0)	(22.0, 0.0)	(23.0, 0.0)	(24.0, 0.0)	(25.0, 0.0)	(26.0, 0.0)	(27.0, 0.0)	(28.0, 0.0)	(29.0, 0.0014973646382365955)	(30.0, 0.0014973646382365955)	(31.0, 0.0014973646382365955)	(32.0, 0.0)	(33.0, 0.002994729276473191)	(34.0, 0.004492093914709787)	(35.0, 0.005989458552946382)	(36.0, 0.005989458552946382)	(37.0, 0.010481552467656169)	(38.0, 0.010481552467656169)	(39.0, 0.008984187829419572)	(40.0, 0.004492093914709787)	(41.0, 0.005989458552946382)	(42.0, 0.01347628174412936)	(43.0, 0.059894585529463855)	(44.0, 0.09583133684714208)	(45.0, 0.20963104935312363)	(46.0, 0.841518926688971)	(47.0, 1.970531863919326)	(48.0, 2.0798394825105917)	(49.0, 6.482091518926003)	(50.0, 12.429623862002611)	(51.0, 12.366734547196645)	(52.0, 11.821693818878277)	(53.0, 17.60900814566535)	(54.0, 17.370927168185624)	(55.0, 5.197352659319296)	(56.0, 2.8539770004789617)	(57.0, 2.228078581696006)	(58.0, 1.2622783900334567)	(59.0, 0.820555821753658)	(60.0, 0.7771322472447956)	(61.0, 1.6021801629131447)	(62.0, 1.4000359367512156)	(63.0, 0.06887877335888344)	(64.0, 0.02695256348825871)	(65.0, 0.0074868231911829775)	(66.0, 0.038931480594151475)	(67.0, 0.10331816003832503)	(68.0, 0.09133924293243231)	(69.0, 0.07486823191182981)	(70.0, 0.01946574029707574)	(71.0, 0.0074868231911829775)	(72.0, 0.004492093914709787)	(73.0, 0.0)	(74.0, 0.0)	(75.0, 0.0)	(76.0, 0.0)	(77.0, 0.0)	(78.0, 0.0)	(79.0, 0.0)	(80.0, 0.0)	(81.0, 0.0)	(82.0, 0.0)	(83.0, 0.0)	(84.0, 0.0)	(85.0, 0.0)	(86.0, 0.0)	(87.0, 0.0)	(88.0, 0.0)	(89.0, 0.0)	(90.0, 0.0)	(91.0, 0.0)	(92.0, 0.0)	(93.0, 0.0)	(94.0, 0.0)	(95.0, 0.0)	(96.0, 0.0)	(97.0, 0.0)	(98.0, 0.0)	(99.0, 0.0)	(100.0, 0.0)
SRR1653577_2	(0.0, 0.0)	(1.0, 0.0)	(2.0, 0.0)	(3.0, 0.0)	(4.0, 0.0)	(5.0, 0.0)	(6.0, 0.0)	(7.0, 0.0)	(8.0, 0.0)	(9.0, 0.0)	(10.0, 0.0)	(11.0, 0.0)	(12.0, 0.0)	(13.0, 0.0)	(14.0, 0.0)	(15.0, 0.0)	(16.0, 0.0)	(17.0, 0.0)	(18.0, 0.0)	(19.0, 0.0)	(20.0, 0.0)	(21.0, 0.0)	(22.0, 0.0)	(23.0, 0.0)	(24.0, 0.0)	(25.0, 0.0)	(26.0, 0.0)	(27.0, 0.0)	(28.0, 0.0)	(29.0, 0.0)	(30.0, 0.0015048456028410799)	(31.0, 0.0030096912056821598)	(32.0, 0.0)	(33.0, 0.0)	(34.0, 0.0)	(35.0, 0.0)	(36.0, 0.0060193824113643195)	(37.0, 0.009029073617046478)	(38.0, 0.009029073617046478)	(39.0, 0.010533919219887557)	(40.0, 0.009029073617046478)	(41.0, 0.0015048456028410799)	(42.0, 0.01956299283693404)	(43.0, 0.0887858905676237)	(44.0, 0.36116294468185894)	(45.0, 0.3596580990790179)	(46.0, 0.32053211340515037)	(47.0, 0.567326792271084)	(48.0, 2.2843556251127084)	(49.0, 5.585986877746079)	(50.0, 6.977969060373762)	(51.0, 9.52416782038048)	(52.0, 17.487810750619097)	(53.0, 18.860229940410285)	(54.0, 11.58881598747938)	(55.0, 9.698729910310124)	(56.0, 4.979534099801262)	(57.0, 2.6695960994400636)	(58.0, 1.3679046529825427)	(59.0, 0.7479082646120182)	(60.0, 1.4145548666706136)	(61.0, 1.1045566724853644)	(62.0, 0.9330042737614763)	(63.0, 0.36417263588754106)	(64.0, 0.17757178113524744)	(65.0, 0.4604827544693688)	(66.0, 1.4205742490819775)	(67.0, 0.31752242219946825)	(68.0, 0.14897971468126672)	(69.0, 0.07223258893637188)	(70.0, 0.012038764822728639)	(71.0, 0.007524228014205399)	(72.0, 0.010533919219887557)	(73.0, 0.012038764822728639)	(74.0, 0.0)	(75.0, 0.0)	(76.0, 0.0)	(77.0, 0.0015048456028410799)	(78.0, 0.0)	(79.0, 0.0)	(80.0, 0.0)	(81.0, 0.0)	(82.0, 0.0)	(83.0, 0.0)	(84.0, 0.0)	(85.0, 0.0)	(86.0, 0.0)	(87.0, 0.0)	(88.0, 0.0)	(89.0, 0.0)	(90.0, 0.0015048456028410799)	(91.0, 0.0015048456028410799)	(92.0, 0.0)	(93.0, 0.0)	(94.0, 0.0)	(95.0, 0.0)	(96.0, 0.0)	(97.0, 0.0)	(98.0, 0.0)	(99.0, 0.0)	(100.0, 0.0)
SRR1653581_1	(0.0, 0.0)	(1.0, 0.0)	(2.0, 0.0)	(3.0, 0.0)	(4.0, 0.0)	(5.0, 0.0)	(6.0, 0.0)	(7.0, 0.0)	(8.0, 0.0)	(9.0, 0.0)	(10.0, 0.0)	(11.0, 0.0)	(12.0, 0.0)	(13.0, 0.0)	(14.0, 0.0)	(15.0, 0.0)	(16.0, 0.0)	(17.0, 0.0)	(18.0, 0.0)	(19.0, 0.0)	(20.0, 0.0)	(21.0, 0.0)	(22.0, 0.0)	(23.0, 0.0)	(24.0, 0.0009854838232829781)	(25.0, 0.0)	(26.0, 0.0)	(27.0, 0.0)	(28.0, 0.0)	(29.0, 0.0)	(30.0, 0.0)	(31.0, 0.0)	(32.0, 0.0)	(33.0, 0.0)	(34.0, 0.0009854838232829781)	(35.0, 0.0)	(36.0, 0.0)	(37.0, 0.0)	(38.0, 0.0)	(39.0, 0.0019709676465659563)	(40.0, 0.0)	(41.0, 0.0019709676465659563)	(42.0, 0.006898386762980846)	(43.0, 0.030549998521772325)	(44.0, 0.0778532220393552)	(45.0, 0.2118790220058405)	(46.0, 0.9943531776925202)	(47.0, 3.3457175800457755)	(48.0, 2.8953514728055123)	(49.0, 8.35098991850045)	(50.0, 12.376691336612883)	(51.0, 12.783696155628382)	(52.0, 13.043863884974852)	(53.0, 10.13964305775987)	(54.0, 7.831639943630085)	(55.0, 6.217417441091832)	(56.0, 5.018083628156609)	(57.0, 8.02282380534707)	(58.0, 5.284164260442953)	(59.0, 0.9293112453558473)	(60.0, 0.5587693278014515)	(61.0, 0.7450257704019397)	(62.0, 0.6957515792377894)	(63.0, 0.07095483527637438)	(64.0, 0.04336128822445107)	(65.0, 0.027593547051923385)	(66.0, 0.025622579405357424)	(67.0, 0.06307096469011059)	(68.0, 0.09164999556531685)	(69.0, 0.07588225439278926)	(70.0, 0.02660806322864041)	(71.0, 0.005912902939697868)	(72.0, 0.0009854838232829781)	(73.0, 0.0)	(74.0, 0.0)	(75.0, 0.0)	(76.0, 0.0)	(77.0, 0.0)	(78.0, 0.0)	(79.0, 0.0)	(80.0, 0.0)	(81.0, 0.0)	(82.0, 0.0)	(83.0, 0.0)	(84.0, 0.0)	(85.0, 0.0009854838232829781)	(86.0, 0.0009854838232829781)	(87.0, 0.0)	(88.0, 0.0)	(89.0, 0.0)	(90.0, 0.0)	(91.0, 0.0)	(92.0, 0.0)	(93.0, 0.0)	(94.0, 0.0)	(95.0, 0.0)	(96.0, 0.0)	(97.0, 0.0)	(98.0, 0.0)	(99.0, 0.0)	(100.0, 0.0)
SRR1653581_2	(0.0, 0.0)	(1.0, 0.0)	(2.0, 0.0)	(3.0, 0.0)	(4.0, 0.0)	(5.0, 0.0)	(6.0, 0.0)	(7.0, 0.0)	(8.0, 0.0)	(9.0, 0.0)	(10.0, 0.0)	(11.0, 0.0)	(12.0, 0.0)	(13.0, 0.0)	(14.0, 0.0)	(15.0, 0.0)	(16.0, 0.0)	(17.0, 0.0)	(18.0, 0.0)	(19.0, 0.0)	(20.0, 0.0)	(21.0, 0.0)	(22.0, 0.0)	(23.0, 0.0)	(24.0, 0.0)	(25.0, 0.0)	(26.0, 0.0)	(27.0, 0.0)	(28.0, 0.0)	(29.0, 0.0)	(30.0, 0.000992876113882837)	(31.0, 0.000992876113882837)	(32.0, 0.0)	(33.0, 0.0)	(34.0, 0.0)	(35.0, 0.0)	(36.0, 0.0)	(37.0, 0.0)	(38.0, 0.000992876113882837)	(39.0, 0.003971504455531348)	(40.0, 0.003971504455531348)	(41.0, 0.011914513366594045)	(42.0, 0.01588601782212539)	(43.0, 0.05460818626355604)	(44.0, 0.31970610867027227)	(45.0, 0.3306277459229833)	(46.0, 0.3067987191897955)	(47.0, 0.7009705364012898)	(48.0, 3.703427904782972)	(49.0, 7.404870057338236)	(50.0, 6.921339389877075)	(51.0, 9.362821753916082)	(52.0, 12.227269342469334)	(53.0, 13.31943306773946)	(54.0, 11.011988979076225)	(55.0, 7.760319706108454)	(56.0, 5.495569290341085)	(57.0, 3.9198748976093816)	(58.0, 4.3299327326429005)	(59.0, 2.6936728969642347)	(60.0, 4.84324968352021)	(61.0, 2.218085238414302)	(62.0, 1.0951423536127591)	(63.0, 0.46168739295551936)	(64.0, 0.16183880656290278)	(65.0, 0.25417628515400587)	(66.0, 0.6215404472906607)	(67.0, 0.21247548837092733)	(68.0, 0.09134460247722088)	(69.0, 0.04269367289696202)	(70.0, 0.007943008911062695)	(71.0, 0.013900265594359718)	(72.0, 0.02382902673318808)	(73.0, 0.0188646461637739)	(74.0, 0.011914513366594045)	(75.0, 0.006950132797179859)	(76.0, 0.0029786283416485112)	(77.0, 0.001985752227765674)	(78.0, 0.0)	(79.0, 0.0)	(80.0, 0.000992876113882837)	(81.0, 0.000992876113882837)	(82.0, 0.000992876113882837)	(83.0, 0.0)	(84.0, 0.0)	(85.0, 0.0)	(86.0, 0.0)	(87.0, 0.000992876113882837)	(88.0, 0.000992876113882837)	(89.0, 0.0)	(90.0, 0.0)	(91.0, 0.0)	(92.0, 0.0)	(93.0, 0.0)	(94.0, 0.0)	(95.0, 0.0)	(96.0, 0.0)	(97.0, 0.0)	(98.0, 0.000992876113882837)	(99.0, 0.0)	(100.0, 0.0014893141708242556)
SRR1653583_1	(0.0, 0.0)	(1.0, 0.0)	(2.0, 0.0)	(3.0, 0.0)	(4.0, 0.0)	(5.0, 0.0)	(6.0, 0.0)	(7.0, 0.0)	(8.0, 0.0)	(9.0, 0.0)	(10.0, 0.0)	(11.0, 0.0)	(12.0, 0.0)	(13.0, 0.0)	(14.0, 0.0)	(15.0, 0.0)	(16.0, 0.0)	(17.0, 0.0)	(18.0, 0.0)	(19.0, 0.0)	(20.0, 0.0)	(21.0, 0.0)	(22.0, 0.0)	(23.0, 0.0)	(24.0, 0.0)	(25.0, 0.0)	(26.0, 0.0)	(27.0, 0.0)	(28.0, 0.0)	(29.0, 0.0)	(30.0, 0.0)	(31.0, 0.0)	(32.0, 0.0)	(33.0, 0.0)	(34.0, 0.0)	(35.0, 0.0)	(36.0, 0.0)	(37.0, 0.0)	(38.0, 0.0023393454511426628)	(39.0, 0.0)	(40.0, 0.0011696727255713314)	(41.0, 0.0011696727255713314)	(42.0, 0.0011696727255713314)	(43.0, 0.05146559992513862)	(44.0, 0.27370341778369145)	(45.0, 0.6117388354738084)	(46.0, 0.9661496713219262)	(47.0, 1.7007041429806806)	(48.0, 1.4398671251782884)	(49.0, 3.9417970851754704)	(50.0, 11.121248274733356)	(51.0, 14.274685942875099)	(52.0, 11.744683837463159)	(53.0, 9.317612931901543)	(54.0, 9.667345076847528)	(55.0, 8.812314314454497)	(56.0, 6.626195990361067)	(57.0, 8.019276206516773)	(58.0, 7.1630757713981845)	(59.0, 1.4772966523965692)	(60.0, 0.9053266895922204)	(61.0, 0.7556085807190862)	(62.0, 0.6620347626733771)	(63.0, 0.061992654455280585)	(64.0, 0.04561723629728195)	(65.0, 0.021054109060283963)	(66.0, 0.04093854539499661)	(67.0, 0.07485905443656518)	(68.0, 0.09123447259456377)	(69.0, 0.09123447259456377)	(70.0, 0.024563127236997957)	(71.0, 0.0070180363534279875)	(72.0, 0.0023393454511426628)	(73.0, 0.0011696727255713314)	(74.0, 0.0)	(75.0, 0.0)	(76.0, 0.0)	(77.0, 0.0)	(78.0, 0.0)	(79.0, 0.0)	(80.0, 0.0)	(81.0, 0.0)	(82.0, 0.0)	(83.0, 0.0)	(84.0, 0.0)	(85.0, 0.0)	(86.0, 0.0)	(87.0, 0.0)	(88.0, 0.0)	(89.0, 0.0)	(90.0, 0.0)	(91.0, 0.0)	(92.0, 0.0)	(93.0, 0.0)	(94.0, 0.0)	(95.0, 0.0)	(96.0, 0.0)	(97.0, 0.0)	(98.0, 0.0)	(99.0, 0.0)	(100.0, 0.0)
SRR1653583_2	(0.0, 0.0)	(1.0, 0.0)	(2.0, 0.0)	(3.0, 0.0)	(4.0, 0.0)	(5.0, 0.0)	(6.0, 0.0)	(7.0, 0.0)	(8.0, 0.0)	(9.0, 0.0)	(10.0, 0.0)	(11.0, 0.0)	(12.0, 0.0)	(13.0, 0.0)	(14.0, 0.0)	(15.0, 0.0)	(16.0, 0.0)	(17.0, 0.0)	(18.0, 0.0)	(19.0, 0.0)	(20.0, 0.0)	(21.0, 0.0)	(22.0, 0.0)	(23.0, 0.0)	(24.0, 0.0)	(25.0, 0.0)	(26.0, 0.0)	(27.0, 0.0)	(28.0, 0.0)	(29.0, 0.0)	(30.0, 0.0)	(31.0, 0.0)	(32.0, 0.0)	(33.0, 0.0)	(34.0, 0.0)	(35.0, 0.0011934455967824386)	(36.0, 0.0)	(37.0, 0.002386891193564877)	(38.0, 0.0011934455967824386)	(39.0, 0.0)	(40.0, 0.002386891193564877)	(41.0, 0.0035803367903473157)	(42.0, 0.03580336790347315)	(43.0, 0.1444069172106751)	(44.0, 0.5322767361649671)	(45.0, 0.537050518552097)	(46.0, 0.4284469692448932)	(47.0, 0.8198971249895428)	(48.0, 1.6934993018342466)	(49.0, 4.718883889677689)	(50.0, 6.351517466075693)	(51.0, 7.332529746630636)	(52.0, 9.944982157988582)	(53.0, 12.025157833181318)	(54.0, 11.708894750033828)	(55.0, 10.733849697462132)	(56.0, 9.071379981143439)	(57.0, 4.844195677339816)	(58.0, 3.631654951009123)	(59.0, 2.725829743051149)	(60.0, 6.956594383644251)	(61.0, 2.673318136792716)	(62.0, 1.0872289386688023)	(63.0, 0.3460992230669061)	(64.0, 0.1825971763077134)	(65.0, 0.29716795359882686)	(66.0, 0.6790705445692112)	(67.0, 0.19930541466266766)	(68.0, 0.11457077729111394)	(69.0, 0.07399362700051117)	(70.0, 0.017901683951736577)	(71.0, 0.015514792758171702)	(72.0, 0.027449248725996078)	(73.0, 0.019095129548519014)	(74.0, 0.011934455967824385)	(75.0, 0.004773782387129754)	(76.0, 0.0)	(77.0, 0.0)	(78.0, 0.0)	(79.0, 0.0)	(80.0, 0.0)	(81.0, 0.0)	(82.0, 0.0)	(83.0, 0.0)	(84.0, 0.0011934455967824386)	(85.0, 0.0)	(86.0, 0.0)	(87.0, 0.0)	(88.0, 0.0)	(89.0, 0.0)	(90.0, 0.0)	(91.0, 0.0)	(92.0, 0.0011934455967824386)	(93.0, 0.0)	(94.0, 0.0)	(95.0, 0.0)	(96.0, 0.0)	(97.0, 0.0)	(98.0, 0.0)	(99.0, 0.0)	(100.0, 0.0)
SRR1653584_1	(0.0, 0.0)	(1.0, 0.0)	(2.0, 0.0)	(3.0, 0.0)	(4.0, 0.0)	(5.0, 0.0)	(6.0, 0.0)	(7.0, 0.0)	(8.0, 0.0)	(9.0, 0.0)	(10.0, 0.0)	(11.0, 0.0)	(12.0, 0.0)	(13.0, 0.0)	(14.0, 0.0)	(15.0, 0.0)	(16.0, 0.0)	(17.0, 0.0)	(18.0, 0.0)	(19.0, 0.0)	(20.0, 0.0)	(21.0, 0.0)	(22.0, 0.0)	(23.0, 0.0)	(24.0, 0.0)	(25.0, 0.0)	(26.0, 0.0)	(27.0, 0.0)	(28.0, 0.0)	(29.0, 0.0)	(30.0, 0.0)	(31.0, 0.0)	(32.0, 0.0)	(33.0, 0.0)	(34.0, 0.0)	(35.0, 0.001305465986083886)	(36.0, 0.000652732993041943)	(37.0, 0.0)	(38.0, 0.000652732993041943)	(39.0, 0.000652732993041943)	(40.0, 0.0)	(41.0, 0.0)	(42.0, 0.002610931972167772)	(43.0, 0.013054659860838857)	(44.0, 0.11357554078929835)	(45.0, 0.24346940640464343)	(46.0, 0.7114789624157116)	(47.0, 1.6618582002848392)	(48.0, 1.7604208822341836)	(49.0, 5.0913173457272825)	(50.0, 12.039007323663402)	(51.0, 16.12642132608856)	(52.0, 13.781151682090764)	(53.0, 10.783149045051847)	(54.0, 10.110834062219256)	(55.0, 8.34258038407024)	(56.0, 5.499275466378682)	(57.0, 4.516912311850111)	(58.0, 3.8733175807105567)	(59.0, 2.1344368872472153)	(60.0, 1.5293534026973097)	(61.0, 0.7388937481234717)	(62.0, 0.5717941019047438)	(63.0, 0.06723149828332008)	(64.0, 0.043080377540768225)	(65.0, 0.024151120742551904)	(66.0, 0.0300257176799294)	(67.0, 0.06723149828332008)	(68.0, 0.05352410542943928)	(69.0, 0.05091317345727152)	(70.0, 0.009790994895629145)	(71.0, 0.002610931972167772)	(72.0, 0.000652732993041943)	(73.0, 0.0019581989791258294)	(74.0, 0.000652732993041943)	(75.0, 0.0)	(76.0, 0.0)	(77.0, 0.0)	(78.0, 0.0)	(79.0, 0.0)	(80.0, 0.0)	(81.0, 0.0)	(82.0, 0.0)	(83.0, 0.0)	(84.0, 0.0)	(85.0, 0.0)	(86.0, 0.0)	(87.0, 0.0)	(88.0, 0.0)	(89.0, 0.0)	(90.0, 0.0)	(91.0, 0.0)	(92.0, 0.0)	(93.0, 0.0)	(94.0, 0.0)	(95.0, 0.0)	(96.0, 0.0)	(97.0, 0.0)	(98.0, 0.0)	(99.0, 0.0)	(100.0, 0.0)
SRR1653584_2	(0.0, 0.0)	(1.0, 0.0)	(2.0, 0.0)	(3.0, 0.0)	(4.0, 0.0)	(5.0, 0.0)	(6.0, 0.0)	(7.0, 0.0)	(8.0, 0.0)	(9.0, 0.0)	(10.0, 0.0)	(11.0, 0.0)	(12.0, 0.0)	(13.0, 0.0)	(14.0, 0.0)	(15.0, 0.0)	(16.0, 0.0)	(17.0, 0.0)	(18.0, 0.0)	(19.0, 0.0)	(20.0, 0.0)	(21.0, 0.0)	(22.0, 0.0)	(23.0, 0.0)	(24.0, 0.0)	(25.0, 0.0006565923513557346)	(26.0, 0.0)	(27.0, 0.0)	(28.0, 0.0)	(29.0, 0.0)	(30.0, 0.0)	(31.0, 0.0)	(32.0, 0.0006565923513557346)	(33.0, 0.0006565923513557346)	(34.0, 0.0)	(35.0, 0.0)	(36.0, 0.001313184702711469)	(37.0, 0.001313184702711469)	(38.0, 0.0019697770540672037)	(39.0, 0.0019697770540672037)	(40.0, 0.0032829617567786723)	(41.0, 0.006565923513557346)	(42.0, 0.012475254675758954)	(43.0, 0.03676917167592114)	(44.0, 0.17924971192011513)	(45.0, 0.26723308700178294)	(46.0, 0.39855155727293357)	(47.0, 0.7248779558967241)	(48.0, 1.7347169922819101)	(49.0, 6.273083324853339)	(50.0, 7.125996789264826)	(51.0, 6.679513990342724)	(52.0, 10.31834880155479)	(53.0, 13.83965358187239)	(54.0, 12.964415977515994)	(55.0, 10.99332573874787)	(56.0, 8.931625755492739)	(57.0, 4.975000246222462)	(58.0, 2.982242459857618)	(59.0, 2.083367530851822)	(60.0, 3.8207108925387008)	(61.0, 2.021647849824397)	(62.0, 1.7156758140925918)	(63.0, 0.5101722570034112)	(64.0, 0.14313713259555022)	(65.0, 0.2330902847312846)	(66.0, 0.6185099949771012)	(67.0, 0.16677445724435633)	(68.0, 0.07222515864913077)	(69.0, 0.053840572811170176)	(70.0, 0.017727993486604827)	(71.0, 0.014445031729826155)	(72.0, 0.025607101702873655)	(73.0, 0.018384585837960564)	(74.0, 0.009192292918980282)	(75.0, 0.004596146459490141)	(76.0, 0.002626369405422938)	(77.0, 0.001313184702711469)	(78.0, 0.0019697770540672037)	(79.0, 0.002626369405422938)	(80.0, 0.001313184702711469)	(81.0, 0.0)	(82.0, 0.0006565923513557346)	(83.0, 0.0006565923513557346)	(84.0, 0.001313184702711469)	(85.0, 0.0)	(86.0, 0.0)	(87.0, 0.0006565923513557346)	(88.0, 0.0006565923513557346)	(89.0, 0.0)	(90.0, 0.0)	(91.0, 0.0)	(92.0, 0.0)	(93.0, 0.0)	(94.0, 0.0)	(95.0, 0.0)	(96.0, 0.0)	(97.0, 0.0)	(98.0, 0.0)	(99.0, 0.0006565923513557346)	(100.0, 0.0009848885270336018)
SRR1653585_1	(0.0, 0.0)	(1.0, 0.0)	(2.0, 0.0)	(3.0, 0.0)	(4.0, 0.0)	(5.0, 0.0)	(6.0, 0.0)	(7.0, 0.0)	(8.0, 0.0)	(9.0, 0.0)	(10.0, 0.0)	(11.0, 0.0)	(12.0, 0.0)	(13.0, 0.0)	(14.0, 0.0)	(15.0, 0.0)	(16.0, 0.0)	(17.0, 0.0)	(18.0, 0.0)	(19.0, 0.0)	(20.0, 0.0)	(21.0, 0.0)	(22.0, 0.0)	(23.0, 0.0)	(24.0, 0.0)	(25.0, 0.0)	(26.0, 0.0)	(27.0, 0.0)	(28.0, 0.0)	(29.0, 0.0)	(30.0, 0.0)	(31.0, 0.0)	(32.0, 0.0)	(33.0, 0.002955577667655034)	(34.0, 0.002955577667655034)	(35.0, 0.002955577667655034)	(36.0, 0.0059111553353100674)	(37.0, 0.0039407702235400455)	(38.0, 0.0059111553353100674)	(39.0, 0.00689634789119508)	(40.0, 0.0019703851117700228)	(41.0, 0.0039407702235400455)	(42.0, 0.008866733002965102)	(43.0, 0.01674827345004519)	(44.0, 0.14876407593863697)	(45.0, 0.32314315833028234)	(46.0, 0.7556426903638124)	(47.0, 1.8117691102725355)	(48.0, 1.6235973320984767)	(49.0, 4.655034826556446)	(50.0, 11.518871363409488)	(51.0, 16.155187531400937)	(52.0, 13.707969222584794)	(53.0, 10.709043082471641)	(54.0, 9.745524762815663)	(55.0, 8.264780351319816)	(56.0, 5.421514635034811)	(57.0, 4.272780114873148)	(58.0, 3.634375338659806)	(59.0, 2.663960671113167)	(60.0, 2.1861422815088822)	(61.0, 1.1063712402588566)	(62.0, 0.8403692501699187)	(63.0, 0.09556367792084597)	(64.0, 0.04433366501482554)	(65.0, 0.01674827345004519)	(66.0, 0.023644621341240266)	(67.0, 0.06108193846487069)	(68.0, 0.05812636079721567)	(69.0, 0.06600790124429573)	(70.0, 0.01871865856181521)	(71.0, 0.002955577667655034)	(72.0, 0.0019703851117700228)	(73.0, 0.0009851925558850114)	(74.0, 0.0009851925558850114)	(75.0, 0.0009851925558850114)	(76.0, 0.0)	(77.0, 0.0)	(78.0, 0.0)	(79.0, 0.0)	(80.0, 0.0)	(81.0, 0.0)	(82.0, 0.0)	(83.0, 0.0)	(84.0, 0.0)	(85.0, 0.0)	(86.0, 0.0)	(87.0, 0.0)	(88.0, 0.0)	(89.0, 0.0)	(90.0, 0.0)	(91.0, 0.0)	(92.0, 0.0)	(93.0, 0.0)	(94.0, 0.0)	(95.0, 0.0)	(96.0, 0.0)	(97.0, 0.0)	(98.0, 0.0)	(99.0, 0.0)	(100.0, 0.0)
SRR1653585_2	(0.0, 0.0)	(1.0, 0.0)	(2.0, 0.0)	(3.0, 0.0)	(4.0, 0.0)	(5.0, 0.0)	(6.0, 0.0)	(7.0, 0.0)	(8.0, 0.0)	(9.0, 0.0)	(10.0, 0.0)	(11.0, 0.0)	(12.0, 0.0)	(13.0, 0.0)	(14.0, 0.0)	(15.0, 0.0)	(16.0, 0.0)	(17.0, 0.0)	(18.0, 0.0)	(19.0, 0.0)	(20.0, 0.0)	(21.0, 0.0)	(22.0, 0.0)	(23.0, 0.0)	(24.0, 0.0)	(25.0, 0.0)	(26.0, 0.0)	(27.0, 0.0)	(28.0, 0.0)	(29.0, 0.0)	(30.0, 0.0)	(31.0, 0.0)	(32.0, 0.0)	(33.0, 0.0)	(34.0, 0.0)	(35.0, 0.0009924622492171414)	(36.0, 0.0009924622492171414)	(37.0, 0.0)	(38.0, 0.003969848996868566)	(39.0, 0.010917084741388557)	(40.0, 0.01488693373825712)	(41.0, 0.010917084741388557)	(42.0, 0.024811556230428525)	(43.0, 0.0575628104545942)	(44.0, 0.19353013859734305)	(45.0, 0.30170852376200996)	(46.0, 0.48432157761796574)	(47.0, 0.8336682893424034)	(48.0, 1.757650643363549)	(49.0, 5.999434296517087)	(50.0, 6.876770924825372)	(51.0, 6.2703764905534225)	(52.0, 10.487348587478975)	(53.0, 13.796217726368246)	(54.0, 12.42562736020062)	(55.0, 11.079848550261877)	(56.0, 9.12866776830009)	(57.0, 4.9275750673628185)	(58.0, 2.825540023521315)	(59.0, 1.9353013859734376)	(60.0, 3.748529915293122)	(61.0, 2.0325626863967288)	(62.0, 2.271746088458087)	(63.0, 0.6133416700161978)	(64.0, 0.1687185823669144)	(65.0, 0.35629394746895193)	(66.0, 0.9140577315289873)	(67.0, 0.20444722333873144)	(68.0, 0.056570348205377055)	(69.0, 0.04466080121477139)	(70.0, 0.021834169482777104)	(71.0, 0.027788942978079958)	(72.0, 0.04366833896555425)	(73.0, 0.029773867476514244)	(74.0, 0.005954773495302848)	(75.0, 0.004962311246085707)	(76.0, 0.0009924622492171414)	(77.0, 0.0)	(78.0, 0.0009924622492171414)	(79.0, 0.0009924622492171414)	(80.0, 0.0)	(81.0, 0.0)	(82.0, 0.0)	(83.0, 0.0)	(84.0, 0.0)	(85.0, 0.0)	(86.0, 0.0)	(87.0, 0.0)	(88.0, 0.0009924622492171414)	(89.0, 0.0)	(90.0, 0.0)	(91.0, 0.0)	(92.0, 0.0)	(93.0, 0.0)	(94.0, 0.0)	(95.0, 0.0)	(96.0, 0.0)	(97.0, 0.0)	(98.0, 0.0)	(99.0, 0.0009924622492171414)	(100.0, 0.0014886933738257123)
SRR1653586_1	(0.0, 0.0)	(1.0, 0.0)	(2.0, 0.0)	(3.0, 0.0)	(4.0, 0.0)	(5.0, 0.0)	(6.0, 0.0)	(7.0, 0.0)	(8.0, 0.0)	(9.0, 0.0)	(10.0, 0.0)	(11.0, 0.0)	(12.0, 0.0)	(13.0, 0.0)	(14.0, 0.0)	(15.0, 0.0)	(16.0, 0.0)	(17.0, 0.0)	(18.0, 0.0)	(19.0, 0.0)	(20.0, 0.0)	(21.0, 0.0)	(22.0, 0.0)	(23.0, 0.0)	(24.0, 0.0)	(25.0, 0.0)	(26.0, 0.0)	(27.0, 0.0)	(28.0, 0.0)	(29.0, 0.0)	(30.0, 0.0)	(31.0, 0.0)	(32.0, 0.0)	(33.0, 0.0)	(34.0, 0.0012164266251459036)	(35.0, 0.0)	(36.0, 0.0)	(37.0, 0.0)	(38.0, 0.0)	(39.0, 0.0)	(40.0, 0.0012164266251459036)	(41.0, 0.0012164266251459036)	(42.0, 0.0)	(43.0, 0.02189567925262626)	(44.0, 0.11920980926429839)	(45.0, 0.31140521603735083)	(46.0, 0.7979758660957195)	(47.0, 1.6433923705720859)	(48.0, 1.6482580770726694)	(49.0, 4.8292137018291585)	(50.0, 10.889451148307003)	(51.0, 15.711366290386513)	(52.0, 12.964674970806858)	(53.0, 9.652345270533056)	(54.0, 10.601158038147291)	(55.0, 10.194871545348375)	(56.0, 7.551576488905125)	(57.0, 4.963020630595177)	(58.0, 3.5312864927987047)	(59.0, 1.920737641105345)	(60.0, 1.2577851304008565)	(61.0, 0.5546905410665318)	(62.0, 0.47683923705719183)	(63.0, 0.0644706111327329)	(64.0, 0.043791358505252544)	(65.0, 0.025544959128063968)	(66.0, 0.03162709225379349)	(67.0, 0.05717205138185751)	(68.0, 0.052306344881273885)	(69.0, 0.06082133125729521)	(70.0, 0.008514986376021324)	(71.0, 0.006082133125729517)	(72.0, 0.0024328532502918073)	(73.0, 0.0)	(74.0, 0.0012164266251459036)	(75.0, 0.0012164266251459036)	(76.0, 0.0)	(77.0, 0.0)	(78.0, 0.0)	(79.0, 0.0)	(80.0, 0.0)	(81.0, 0.0)	(82.0, 0.0)	(83.0, 0.0)	(84.0, 0.0)	(85.0, 0.0)	(86.0, 0.0)	(87.0, 0.0)	(88.0, 0.0)	(89.0, 0.0)	(90.0, 0.0)	(91.0, 0.0)	(92.0, 0.0)	(93.0, 0.0)	(94.0, 0.0)	(95.0, 0.0)	(96.0, 0.0)	(97.0, 0.0)	(98.0, 0.0)	(99.0, 0.0)	(100.0, 0.0)
SRR1653586_2	(0.0, 0.0)	(1.0, 0.0)	(2.0, 0.0)	(3.0, 0.0)	(4.0, 0.0)	(5.0, 0.0)	(6.0, 0.0)	(7.0, 0.0)	(8.0, 0.0)	(9.0, 0.0)	(10.0, 0.0)	(11.0, 0.0)	(12.0, 0.0)	(13.0, 0.0)	(14.0, 0.0)	(15.0, 0.0)	(16.0, 0.0)	(17.0, 0.0)	(18.0, 0.0)	(19.0, 0.0)	(20.0, 0.0)	(21.0, 0.0)	(22.0, 0.0)	(23.0, 0.0)	(24.0, 0.0)	(25.0, 0.0)	(26.0, 0.0)	(27.0, 0.0)	(28.0, 0.0)	(29.0, 0.0)	(30.0, 0.0)	(31.0, 0.0012338671865359937)	(32.0, 0.0012338671865359937)	(33.0, 0.0)	(34.0, 0.0)	(35.0, 0.0012338671865359937)	(36.0, 0.0)	(37.0, 0.0024677343730719874)	(38.0, 0.0)	(39.0, 0.0024677343730719874)	(40.0, 0.0024677343730719874)	(41.0, 0.003701601559607981)	(42.0, 0.012338671865359937)	(43.0, 0.060459492140263735)	(44.0, 0.22332996076301542)	(45.0, 0.27762011697059863)	(46.0, 0.39853910125112435)	(47.0, 0.8760457024405643)	(48.0, 1.7459220689483967)	(49.0, 6.002763862497278)	(50.0, 6.569108901117171)	(51.0, 6.342077338794599)	(52.0, 9.970880734397761)	(53.0, 13.3171285442849)	(54.0, 12.448486044963165)	(55.0, 10.783999210325353)	(56.0, 10.48046788243736)	(57.0, 5.865804604791814)	(58.0, 4.080398785874637)	(59.0, 2.356686326283757)	(60.0, 3.3709251536164593)	(61.0, 1.8767119907212044)	(62.0, 1.4177133973298408)	(63.0, 0.40841003874341214)	(64.0, 0.11228191397477529)	(65.0, 0.18137847642079136)	(66.0, 0.47627273400289094)	(67.0, 0.14066085926510324)	(68.0, 0.06292722651333571)	(69.0, 0.03454828122300782)	(70.0, 0.013572539051895932)	(71.0, 0.008637070305751955)	(72.0, 0.023443476544183873)	(73.0, 0.024677343730719867)	(74.0, 0.006169335932679969)	(75.0, 0.003701601559607981)	(76.0, 0.003701601559607981)	(77.0, 0.0)	(78.0, 0.0012338671865359937)	(79.0, 0.0024677343730719874)	(80.0, 0.0012338671865359937)	(81.0, 0.0)	(82.0, 0.0)	(83.0, 0.0)	(84.0, 0.0)	(85.0, 0.0)	(86.0, 0.0)	(87.0, 0.0)	(88.0, 0.0)	(89.0, 0.0)	(90.0, 0.0)	(91.0, 0.0)	(92.0, 0.0)	(93.0, 0.0)	(94.0, 0.0)	(95.0, 0.0)	(96.0, 0.0)	(97.0, 0.0012338671865359937)	(98.0, 0.0012338671865359937)	(99.0, 0.0)	(100.0, 0.0)
SRR1653587_1	(0.0, 0.0)	(1.0, 0.0)	(2.0, 0.0)	(3.0, 0.0)	(4.0, 0.0)	(5.0, 0.0)	(6.0, 0.0)	(7.0, 0.0)	(8.0, 0.0)	(9.0, 0.0)	(10.0, 0.0)	(11.0, 0.0)	(12.0, 0.0)	(13.0, 0.0)	(14.0, 0.0)	(15.0, 0.0)	(16.0, 0.0)	(17.0, 0.0)	(18.0, 0.0)	(19.0, 0.0)	(20.0, 0.0)	(21.0, 0.0)	(22.0, 0.0)	(23.0, 0.0)	(24.0, 0.0)	(25.0, 0.0)	(26.0, 0.0)	(27.0, 0.0)	(28.0, 0.0)	(29.0, 0.0)	(30.0, 0.0)	(31.0, 0.0)	(32.0, 0.0)	(33.0, 0.0)	(34.0, 0.0011272178010234978)	(35.0, 0.0011272178010234978)	(36.0, 0.0011272178010234978)	(37.0, 0.0)	(38.0, 0.0011272178010234978)	(39.0, 0.0011272178010234978)	(40.0, 0.0)	(41.0, 0.0)	(42.0, 0.0022544356020469955)	(43.0, 0.009017742408187982)	(44.0, 0.03156209842865793)	(45.0, 0.14090222512793726)	(46.0, 0.46892260522577356)	(47.0, 1.0911468313907429)	(48.0, 1.8542732826836283)	(49.0, 7.332551795657408)	(50.0, 14.029352751540811)	(51.0, 19.234844556662587)	(52.0, 15.367360281354484)	(53.0, 10.50679712334102)	(54.0, 9.461866221791762)	(55.0, 6.535608810333699)	(56.0, 4.948486146492974)	(57.0, 4.514507293099026)	(58.0, 2.399846698379063)	(59.0, 0.3933990125571988)	(60.0, 0.27616836125075667)	(61.0, 0.5962982167414324)	(62.0, 0.56360890051175)	(63.0, 0.04847036544401043)	(64.0, 0.019162702617399458)	(65.0, 0.006763306806140986)	(66.0, 0.012399395811258478)	(67.0, 0.027053227224563933)	(68.0, 0.04396149423991643)	(69.0, 0.06425141465833938)	(70.0, 0.009017742408187982)	(71.0, 0.004508871204093991)	(72.0, 0.0)	(73.0, 0.0)	(74.0, 0.0)	(75.0, 0.0)	(76.0, 0.0)	(77.0, 0.0)	(78.0, 0.0)	(79.0, 0.0)	(80.0, 0.0)	(81.0, 0.0)	(82.0, 0.0)	(83.0, 0.0)	(84.0, 0.0)	(85.0, 0.0)	(86.0, 0.0)	(87.0, 0.0)	(88.0, 0.0)	(89.0, 0.0)	(90.0, 0.0)	(91.0, 0.0)	(92.0, 0.0)	(93.0, 0.0)	(94.0, 0.0)	(95.0, 0.0)	(96.0, 0.0)	(97.0, 0.0)	(98.0, 0.0)	(99.0, 0.0)	(100.0, 0.0)
SRR1653587_2	(0.0, 0.0)	(1.0, 0.0)	(2.0, 0.0)	(3.0, 0.0)	(4.0, 0.0)	(5.0, 0.0)	(6.0, 0.0)	(7.0, 0.0)	(8.0, 0.0)	(9.0, 0.0)	(10.0, 0.0)	(11.0, 0.0)	(12.0, 0.0)	(13.0, 0.0)	(14.0, 0.0)	(15.0, 0.0)	(16.0, 0.0)	(17.0, 0.0)	(18.0, 0.0)	(19.0, 0.0)	(20.0, 0.0)	(21.0, 0.0)	(22.0, 0.0)	(23.0, 0.0)	(24.0, 0.0)	(25.0, 0.0)	(26.0, 0.0)	(27.0, 0.0)	(28.0, 0.0)	(29.0, 0.0)	(30.0, 0.0)	(31.0, 0.0)	(32.0, 0.0)	(33.0, 0.0)	(34.0, 0.0022374618233075476)	(35.0, 0.0)	(36.0, 0.0)	(37.0, 0.003356192734961322)	(38.0, 0.0022374618233075476)	(39.0, 0.003356192734961322)	(40.0, 0.003356192734961322)	(41.0, 0.0022374618233075476)	(42.0, 0.013424770939845287)	(43.0, 0.03356192734961322)	(44.0, 0.07383624016914904)	(45.0, 0.11634801481199238)	(46.0, 0.266257956973598)	(47.0, 0.6611699687873844)	(48.0, 1.798919305939238)	(49.0, 8.592972132412793)	(50.0, 8.248403011623274)	(51.0, 7.347824627741577)	(52.0, 11.483772808127458)	(53.0, 15.882622752749183)	(54.0, 13.271504804951004)	(55.0, 9.746383702328359)	(56.0, 7.181133721905088)	(57.0, 4.685245058005877)	(58.0, 3.937932809021326)	(59.0, 1.7776634186178142)	(60.0, 2.292279637978609)	(61.0, 0.9084095002628714)	(62.0, 0.4184053609585091)	(63.0, 0.21927125868414019)	(64.0, 0.08837974202064805)	(65.0, 0.17452202221798901)	(66.0, 0.4900041393043522)	(67.0, 0.1275353239285302)	(68.0, 0.03020573461465189)	(69.0, 0.020137156409767924)	(70.0, 0.010068578204883964)	(71.0, 0.013424770939845287)	(72.0, 0.03691812008457454)	(73.0, 0.019018425498114153)	(74.0, 0.010068578204883964)	(75.0, 0.0011187309116537738)	(76.0, 0.0011187309116537738)	(77.0, 0.0)	(78.0, 0.0)	(79.0, 0.0)	(80.0, 0.0)	(81.0, 0.0)	(82.0, 0.0)	(83.0, 0.0)	(84.0, 0.0011187309116537738)	(85.0, 0.0011187309116537738)	(86.0, 0.0011187309116537738)	(87.0, 0.0)	(88.0, 0.0)	(89.0, 0.0)	(90.0, 0.0)	(91.0, 0.0)	(92.0, 0.0)	(93.0, 0.0)	(94.0, 0.0)	(95.0, 0.0)	(96.0, 0.0)	(97.0, 0.0)	(98.0, 0.0)	(99.0, 0.0)	(100.0, 0.0)
SRR1653588_1	(0.0, 0.0)	(1.0, 0.0)	(2.0, 0.0)	(3.0, 0.0)	(4.0, 0.0)	(5.0, 0.0)	(6.0, 0.0)	(7.0, 0.0)	(8.0, 0.0)	(9.0, 0.0)	(10.0, 0.0)	(11.0, 0.0)	(12.0, 0.0)	(13.0, 0.0)	(14.0, 0.0)	(15.0, 0.0)	(16.0, 0.0)	(17.0, 0.0)	(18.0, 0.0)	(19.0, 0.0)	(20.0, 0.0)	(21.0, 0.0)	(22.0, 0.0)	(23.0, 0.0)	(24.0, 0.0)	(25.0, 0.0)	(26.0, 0.0)	(27.0, 0.0)	(28.0, 0.0)	(29.0, 0.0)	(30.0, 0.0)	(31.0, 0.0)	(32.0, 0.0010728923030707204)	(33.0, 0.002145784606141441)	(34.0, 0.0010728923030707204)	(35.0, 0.0010728923030707204)	(36.0, 0.0010728923030707204)	(37.0, 0.002145784606141441)	(38.0, 0.004291569212282882)	(39.0, 0.0032186769092121615)	(40.0, 0.0032186769092121615)	(41.0, 0.0010728923030707204)	(42.0, 0.002145784606141441)	(43.0, 0.005364461515353602)	(44.0, 0.007510246121495041)	(45.0, 0.03325966139519233)	(46.0, 0.23925498358477074)	(47.0, 0.6920155354806202)	(48.0, 0.8014505503938368)	(49.0, 2.836727249319082)	(50.0, 16.08050983842372)	(51.0, 23.80748020513202)	(52.0, 19.936484775656382)	(53.0, 12.432676007985563)	(54.0, 7.124004892389226)	(55.0, 4.254017981675338)	(56.0, 3.4268180160080006)	(57.0, 5.0082612707338825)	(58.0, 2.5674312812483007)	(59.0, 0.4098448597730129)	(60.0, 0.08261270733644539)	(61.0, 0.05900907666888963)	(62.0, 0.05257172285046533)	(63.0, 0.027895199879838718)	(64.0, 0.025749415273697278)	(65.0, 0.005364461515353602)	(66.0, 0.010728923030707205)	(67.0, 0.011801815333777926)	(68.0, 0.010728923030707205)	(69.0, 0.021457846061414397)	(70.0, 0.0032186769092121615)	(71.0, 0.0032186769092121615)	(72.0, 0.0)	(73.0, 0.0)	(74.0, 0.0)	(75.0, 0.0)	(76.0, 0.0)	(77.0, 0.0)	(78.0, 0.0)	(79.0, 0.0)	(80.0, 0.0)	(81.0, 0.0)	(82.0, 0.0)	(83.0, 0.0)	(84.0, 0.0)	(85.0, 0.0)	(86.0, 0.0)	(87.0, 0.0)	(88.0, 0.0)	(89.0, 0.0)	(90.0, 0.0)	(91.0, 0.0)	(92.0, 0.0)	(93.0, 0.0)	(94.0, 0.0)	(95.0, 0.0)	(96.0, 0.0)	(97.0, 0.0)	(98.0, 0.0)	(99.0, 0.0)	(100.0, 0.0)
SRR1653588_2	(0.0, 0.0)	(1.0, 0.0)	(2.0, 0.0)	(3.0, 0.0)	(4.0, 0.0)	(5.0, 0.0)	(6.0, 0.0)	(7.0, 0.0)	(8.0, 0.0)	(9.0, 0.0)	(10.0, 0.0)	(11.0, 0.0)	(12.0, 0.0)	(13.0, 0.0)	(14.0, 0.0)	(15.0, 0.0)	(16.0, 0.0)	(17.0, 0.0)	(18.0, 0.0)	(19.0, 0.0)	(20.0, 0.0)	(21.0, 0.0)	(22.0, 0.0)	(23.0, 0.0)	(24.0, 0.0)	(25.0, 0.0)	(26.0, 0.0)	(27.0, 0.0)	(28.0, 0.0)	(29.0, 0.0)	(30.0, 0.0010553755553913923)	(31.0, 0.0)	(32.0, 0.0)	(33.0, 0.0)	(34.0, 0.0)	(35.0, 0.0)	(36.0, 0.0010553755553913923)	(37.0, 0.0021107511107827845)	(38.0, 0.0031661266661741775)	(39.0, 0.004221502221565569)	(40.0, 0.004221502221565569)	(41.0, 0.0052768777769569624)	(42.0, 0.0073876288877397465)	(43.0, 0.01899675999704506)	(44.0, 0.03904889554948154)	(45.0, 0.08020854220974576)	(46.0, 0.1667493377518403)	(47.0, 0.38943357993942174)	(48.0, 0.9857207687355598)	(49.0, 5.616708705792598)	(50.0, 7.684189418804683)	(51.0, 7.588150243264023)	(52.0, 12.190643040327979)	(53.0, 17.06120122845589)	(54.0, 17.719755575019516)	(55.0, 11.381169989342412)	(56.0, 5.544943168025999)	(57.0, 3.508068346121075)	(58.0, 4.393528437094252)	(59.0, 1.9007313752598924)	(60.0, 2.2500606840944832)	(61.0, 0.9181767331905146)	(62.0, 0.2247949932983668)	(63.0, 0.06859941110044049)	(64.0, 0.026384388884784803)	(65.0, 0.04221502221565572)	(66.0, 0.08231929332052854)	(67.0, 0.02532901332939341)	(68.0, 0.006332253332348355)	(69.0, 0.004221502221565569)	(70.0, 0.006332253332348355)	(71.0, 0.006332253332348355)	(72.0, 0.010553755553913925)	(73.0, 0.010553755553913925)	(74.0, 0.0052768777769569624)	(75.0, 0.0021107511107827845)	(76.0, 0.0)	(77.0, 0.0)	(78.0, 0.0010553755553913923)	(79.0, 0.0010553755553913923)	(80.0, 0.0)	(81.0, 0.0010553755553913923)	(82.0, 0.0031661266661741775)	(83.0, 0.0021107511107827845)	(84.0, 0.0010553755553913923)	(85.0, 0.0010553755553913923)	(86.0, 0.0)	(87.0, 0.0)	(88.0, 0.0)	(89.0, 0.0010553755553913923)	(90.0, 0.0010553755553913923)	(91.0, 0.0)	(92.0, 0.0)	(93.0, 0.0)	(94.0, 0.0)	(95.0, 0.0)	(96.0, 0.0)	(97.0, 0.0)	(98.0, 0.0)	(99.0, 0.0)	(100.0, 0.0)
SRR1653589_1	(0.0, 0.0)	(1.0, 0.0)	(2.0, 0.0)	(3.0, 0.0)	(4.0, 0.0)	(5.0, 0.0)	(6.0, 0.0)	(7.0, 0.0)	(8.0, 0.0)	(9.0, 0.0)	(10.0, 0.0)	(11.0, 0.0)	(12.0, 0.0)	(13.0, 0.0)	(14.0, 0.0)	(15.0, 0.0)	(16.0, 0.0)	(17.0, 0.0)	(18.0, 0.0)	(19.0, 0.0)	(20.0, 0.0)	(21.0, 0.0)	(22.0, 0.0)	(23.0, 0.0)	(24.0, 0.0)	(25.0, 0.0)	(26.0, 0.0)	(27.0, 0.0014621379380930493)	(28.0, 0.0014621379380930493)	(29.0, 0.0)	(30.0, 0.0)	(31.0, 0.0)	(32.0, 0.0)	(33.0, 0.0029242758761860986)	(34.0, 0.004386413814279147)	(35.0, 0.0)	(36.0, 0.0029242758761860986)	(37.0, 0.004386413814279147)	(38.0, 0.005848551752372197)	(39.0, 0.007310689690465246)	(40.0, 0.0)	(41.0, 0.0)	(42.0, 0.007310689690465246)	(43.0, 0.030704896699954028)	(44.0, 0.11404675917125774)	(45.0, 0.2778062082376801)	(46.0, 0.5760823476086586)	(47.0, 0.744228210489364)	(48.0, 0.8363429005892287)	(49.0, 2.7312736683578196)	(50.0, 15.043937245041322)	(51.0, 23.401517699177578)	(52.0, 16.57479566622544)	(53.0, 10.914859707864673)	(54.0, 9.455646045647146)	(55.0, 6.831108446770398)	(56.0, 5.556124164753549)	(57.0, 3.7094439489421807)	(58.0, 2.4022926322868465)	(59.0, 0.31143538081381983)	(60.0, 0.046788414018977584)	(61.0, 0.17107013875688676)	(62.0, 0.15937303525214228)	(63.0, 0.010234965566651344)	(64.0, 0.013159241442837444)	(65.0, 0.0)	(66.0, 0.008772827628558294)	(67.0, 0.014621379380930492)	(68.0, 0.011697103504744394)	(69.0, 0.013159241442837444)	(70.0, 0.0014621379380930493)	(71.0, 0.0)	(72.0, 0.0)	(73.0, 0.0)	(74.0, 0.0)	(75.0, 0.0)	(76.0, 0.0)	(77.0, 0.0)	(78.0, 0.0)	(79.0, 0.0)	(80.0, 0.0)	(81.0, 0.0)	(82.0, 0.0)	(83.0, 0.0)	(84.0, 0.0)	(85.0, 0.0)	(86.0, 0.0)	(87.0, 0.0)	(88.0, 0.0)	(89.0, 0.0)	(90.0, 0.0)	(91.0, 0.0)	(92.0, 0.0)	(93.0, 0.0)	(94.0, 0.0)	(95.0, 0.0)	(96.0, 0.0)	(97.0, 0.0)	(98.0, 0.0)	(99.0, 0.0)	(100.0, 0.0)
SRR1653589_2	(0.0, 0.0)	(1.0, 0.0)	(2.0, 0.0)	(3.0, 0.0)	(4.0, 0.0)	(5.0, 0.0)	(6.0, 0.0)	(7.0, 0.0)	(8.0, 0.0)	(9.0, 0.0)	(10.0, 0.0)	(11.0, 0.0)	(12.0, 0.0)	(13.0, 0.0)	(14.0, 0.0)	(15.0, 0.0)	(16.0, 0.0)	(17.0, 0.0)	(18.0, 0.0)	(19.0, 0.0)	(20.0, 0.0)	(21.0, 0.0)	(22.0, 0.0)	(23.0, 0.0)	(24.0, 0.0)	(25.0, 0.0)	(26.0, 0.0)	(27.0, 0.0)	(28.0, 0.0)	(29.0, 0.0)	(30.0, 0.0)	(31.0, 0.0014294495189901793)	(32.0, 0.0014294495189901793)	(33.0, 0.0)	(34.0, 0.0014294495189901793)	(35.0, 0.0)	(36.0, 0.0)	(37.0, 0.005717798075960717)	(38.0, 0.010006146632931255)	(39.0, 0.0028588990379803587)	(40.0, 0.008576697113941075)	(41.0, 0.007147247594950896)	(42.0, 0.01715339422788215)	(43.0, 0.04431293508869556)	(44.0, 0.07861972354445987)	(45.0, 0.11435596151921423)	(46.0, 0.41168146146917045)	(47.0, 0.7104364109381206)	(48.0, 0.9934674156981842)	(49.0, 7.82623611647065)	(50.0, 9.7274039767278)	(51.0, 6.193804765784236)	(52.0, 11.392712666352118)	(53.0, 17.01473762454305)	(54.0, 15.440913704134147)	(55.0, 9.561587832524864)	(56.0, 6.169504123961408)	(57.0, 4.431293508869746)	(58.0, 3.9538573695269856)	(59.0, 2.11272638906744)	(60.0, 2.4143402375743874)	(61.0, 0.8090684277484458)	(62.0, 0.17153394227882154)	(63.0, 0.055748531240617016)	(64.0, 0.01858284374687233)	(65.0, 0.035736237974754476)	(66.0, 0.190116786025694)	(67.0, 0.038595137012734836)	(68.0, 0.007147247594950896)	(69.0, 0.004288348556970537)	(70.0, 0.0014294495189901793)	(71.0, 0.005717798075960717)	(72.0, 0.010006146632931255)	(73.0, 0.004288348556970537)	(74.0, 0.0)	(75.0, 0.0)	(76.0, 0.0)	(77.0, 0.0)	(78.0, 0.0)	(79.0, 0.0)	(80.0, 0.0)	(81.0, 0.0)	(82.0, 0.0)	(83.0, 0.0)	(84.0, 0.0)	(85.0, 0.0)	(86.0, 0.0)	(87.0, 0.0)	(88.0, 0.0)	(89.0, 0.0)	(90.0, 0.0)	(91.0, 0.0)	(92.0, 0.0)	(93.0, 0.0)	(94.0, 0.0)	(95.0, 0.0)	(96.0, 0.0)	(97.0, 0.0)	(98.0, 0.0)	(99.0, 0.0)	(100.0, 0.0)
SRR1653590_1	(0.0, 0.0)	(1.0, 0.0)	(2.0, 0.0)	(3.0, 0.0)	(4.0, 0.0)	(5.0, 0.0)	(6.0, 0.0)	(7.0, 0.0)	(8.0, 0.0)	(9.0, 0.0)	(10.0, 0.0)	(11.0, 0.0)	(12.0, 0.0)	(13.0, 0.0)	(14.0, 0.0)	(15.0, 0.0)	(16.0, 0.0)	(17.0, 0.0)	(18.0, 0.0)	(19.0, 0.0)	(20.0, 0.0)	(21.0, 0.0)	(22.0, 0.0)	(23.0, 0.0)	(24.0, 0.0)	(25.0, 0.0)	(26.0, 0.0)	(27.0, 0.0)	(28.0, 0.0)	(29.0, 0.0)	(30.0, 0.0)	(31.0, 0.0)	(32.0, 0.0)	(33.0, 0.004326382279138025)	(34.0, 0.007210637131896709)	(35.0, 0.0014421274263793416)	(36.0, 0.0014421274263793416)	(37.0, 0.0014421274263793416)	(38.0, 0.0)	(39.0, 0.0014421274263793416)	(40.0, 0.0014421274263793416)	(41.0, 0.0)	(42.0, 0.0014421274263793416)	(43.0, 0.028842548527586824)	(44.0, 0.1182544489631059)	(45.0, 0.3071731418188001)	(46.0, 0.5407977848922502)	(47.0, 0.591272244815528)	(48.0, 0.8883504946496809)	(49.0, 3.419284127945506)	(50.0, 17.999192408643534)	(51.0, 24.17438204839426)	(52.0, 15.577860459751896)	(53.0, 13.395921663638962)	(54.0, 9.725707363501868)	(55.0, 4.972455366156048)	(56.0, 3.75529981829193)	(57.0, 1.6209512272503637)	(58.0, 1.5776874044589855)	(59.0, 0.7354849874534662)	(60.0, 0.09950679242017452)	(61.0, 0.2047820945458668)	(62.0, 0.19036082028207327)	(63.0, 0.012979146837414074)	(64.0, 0.0173055291165521)	(65.0, 0.0057685097055173665)	(66.0, 0.0028842548527586833)	(67.0, 0.00865276455827605)	(68.0, 0.0028842548527586833)	(69.0, 0.004326382279138025)	(70.0, 0.0014421274263793416)	(71.0, 0.0)	(72.0, 0.0)	(73.0, 0.0)	(74.0, 0.0)	(75.0, 0.0)	(76.0, 0.0)	(77.0, 0.0)	(78.0, 0.0)	(79.0, 0.0)	(80.0, 0.0)	(81.0, 0.0)	(82.0, 0.0)	(83.0, 0.0)	(84.0, 0.0)	(85.0, 0.0)	(86.0, 0.0)	(87.0, 0.0)	(88.0, 0.0)	(89.0, 0.0)	(90.0, 0.0)	(91.0, 0.0)	(92.0, 0.0)	(93.0, 0.0)	(94.0, 0.0)	(95.0, 0.0)	(96.0, 0.0)	(97.0, 0.0)	(98.0, 0.0)	(99.0, 0.0)	(100.0, 0.0)
SRR1653590_2	(0.0, 0.0)	(1.0, 0.0)	(2.0, 0.0)	(3.0, 0.0)	(4.0, 0.0)	(5.0, 0.0)	(6.0, 0.0)	(7.0, 0.0)	(8.0, 0.0)	(9.0, 0.0)	(10.0, 0.0)	(11.0, 0.0)	(12.0, 0.0)	(13.0, 0.0)	(14.0, 0.0)	(15.0, 0.0)	(16.0, 0.0)	(17.0, 0.0)	(18.0, 0.0)	(19.0, 0.0)	(20.0, 0.0)	(21.0, 0.0)	(22.0, 0.0)	(23.0, 0.0)	(24.0, 0.0)	(25.0, 0.0)	(26.0, 0.0)	(27.0, 0.0)	(28.0, 0.0)	(29.0, 0.0)	(30.0, 0.0014211610886093208)	(31.0, 0.004263483265827962)	(32.0, 0.0014211610886093208)	(33.0, 0.0)	(34.0, 0.0014211610886093208)	(35.0, 0.0)	(36.0, 0.0014211610886093208)	(37.0, 0.0014211610886093208)	(38.0, 0.0028423221772186417)	(39.0, 0.0028423221772186417)	(40.0, 0.005684644354437283)	(41.0, 0.007105805443046604)	(42.0, 0.009948127620265246)	(43.0, 0.06821573225324745)	(44.0, 0.11227172600013623)	(45.0, 0.13927378668371326)	(46.0, 0.3169189227598787)	(47.0, 0.6039934626589599)	(48.0, 1.3771050948624282)	(49.0, 6.484758047324048)	(50.0, 8.328003979249917)	(51.0, 7.384353016413543)	(52.0, 10.870461166772873)	(53.0, 17.0482484189604)	(54.0, 17.103673701416188)	(55.0, 10.951467348823641)	(56.0, 5.6178497832725585)	(57.0, 4.375754991828294)	(58.0, 3.8584523555744465)	(59.0, 1.921409791799767)	(60.0, 1.6798124067361961)	(61.0, 0.9678107013429563)	(62.0, 0.2472820294180224)	(63.0, 0.10658708164569897)	(64.0, 0.04974063810132624)	(65.0, 0.06253108789881015)	(66.0, 0.19043558587364917)	(67.0, 0.05116179918993556)	(68.0, 0.01563277197470253)	(69.0, 0.008526966531655925)	(70.0, 0.0028423221772186417)	(71.0, 0.0014211610886093208)	(72.0, 0.004263483265827962)	(73.0, 0.0028423221772186417)	(74.0, 0.0028423221772186417)	(75.0, 0.0014211610886093208)	(76.0, 0.0)	(77.0, 0.0)	(78.0, 0.0014211610886093208)	(79.0, 0.0014211610886093208)	(80.0, 0.0)	(81.0, 0.0)	(82.0, 0.0)	(83.0, 0.0)	(84.0, 0.0)	(85.0, 0.0)	(86.0, 0.0)	(87.0, 0.0)	(88.0, 0.0)	(89.0, 0.0)	(90.0, 0.0)	(91.0, 0.0)	(92.0, 0.0)	(93.0, 0.0)	(94.0, 0.0)	(95.0, 0.0)	(96.0, 0.0)	(97.0, 0.0)	(98.0, 0.0)	(99.0, 0.0)	(100.0, 0.0)
SRR1653591_1	(0.0, 0.0)	(1.0, 0.0)	(2.0, 0.0)	(3.0, 0.0)	(4.0, 0.0)	(5.0, 0.0)	(6.0, 0.0)	(7.0, 0.0)	(8.0, 0.0)	(9.0, 0.0)	(10.0, 0.0)	(11.0, 0.0)	(12.0, 0.0)	(13.0, 0.0)	(14.0, 0.0)	(15.0, 0.0)	(16.0, 0.0)	(17.0, 0.0)	(18.0, 0.0)	(19.0, 0.0)	(20.0, 0.0)	(21.0, 0.0)	(22.0, 0.0)	(23.0, 0.0)	(24.0, 0.0)	(25.0, 0.0)	(26.0, 0.0)	(27.0, 0.0)	(28.0, 0.0)	(29.0, 0.0012551303452862422)	(30.0, 0.0012551303452862422)	(31.0, 0.0012551303452862422)	(32.0, 0.0037653910358587273)	(33.0, 0.012551303452862424)	(34.0, 0.01757182483400739)	(35.0, 0.007530782071717454)	(36.0, 0.01129617310757618)	(37.0, 0.020082085524579872)	(38.0, 0.01631669448872115)	(39.0, 0.013806433798148669)	(40.0, 0.01882695517929363)	(41.0, 0.021337215869866116)	(42.0, 0.03137825863215605)	(43.0, 0.10794120969461671)	(44.0, 0.2660876332006837)	(45.0, 0.5999523050468245)	(46.0, 3.080089867332526)	(47.0, 2.552935122312244)	(48.0, 1.5387898033209115)	(49.0, 2.693509720984319)	(50.0, 9.919295118797477)	(51.0, 12.334165903129305)	(52.0, 15.120555269666031)	(53.0, 13.84032231747348)	(54.0, 14.515582443237784)	(55.0, 11.160619030286135)	(56.0, 7.166794271583867)	(57.0, 2.152548542165887)	(58.0, 1.6956810964816826)	(59.0, 0.6539229098941344)	(60.0, 0.12927842556448285)	(61.0, 0.10543094900404425)	(62.0, 0.10166555796818552)	(63.0, 0.01631669448872115)	(64.0, 0.008785912417003695)	(65.0, 0.0037653910358587273)	(66.0, 0.01129617310757618)	(67.0, 0.008785912417003695)	(68.0, 0.01506156414343491)	(69.0, 0.013806433798148669)	(70.0, 0.006275651726431212)	(71.0, 0.0012551303452862422)	(72.0, 0.0012551303452862422)	(73.0, 0.0)	(74.0, 0.0)	(75.0, 0.0)	(76.0, 0.0)	(77.0, 0.0)	(78.0, 0.0)	(79.0, 0.0)	(80.0, 0.0)	(81.0, 0.0)	(82.0, 0.0)	(83.0, 0.0)	(84.0, 0.0)	(85.0, 0.0)	(86.0, 0.0)	(87.0, 0.0)	(88.0, 0.0)	(89.0, 0.0)	(90.0, 0.0)	(91.0, 0.0)	(92.0, 0.0)	(93.0, 0.0)	(94.0, 0.0)	(95.0, 0.0)	(96.0, 0.0)	(97.0, 0.0)	(98.0, 0.0)	(99.0, 0.0)	(100.0, 0.0)
SRR1653591_2	(0.0, 0.0)	(1.0, 0.0)	(2.0, 0.0)	(3.0, 0.0)	(4.0, 0.0)	(5.0, 0.0)	(6.0, 0.0)	(7.0, 0.0)	(8.0, 0.0)	(9.0, 0.0)	(10.0, 0.0)	(11.0, 0.0)	(12.0, 0.0)	(13.0, 0.0)	(14.0, 0.0)	(15.0, 0.0)	(16.0, 0.0)	(17.0, 0.0)	(18.0, 0.0)	(19.0, 0.0)	(20.0, 0.0)	(21.0, 0.0)	(22.0, 0.0)	(23.0, 0.0)	(24.0, 0.0)	(25.0, 0.0)	(26.0, 0.0)	(27.0, 0.0)	(28.0, 0.001258574035617552)	(29.0, 0.002517148071235104)	(30.0, 0.00629287017808776)	(31.0, 0.00629287017808776)	(32.0, 0.001258574035617552)	(33.0, 0.003775722106852656)	(34.0, 0.00755144421370531)	(35.0, 0.00755144421370531)	(36.0, 0.00755144421370531)	(37.0, 0.010068592284940416)	(38.0, 0.012585740356175521)	(39.0, 0.02013718456988083)	(40.0, 0.02265433264111593)	(41.0, 0.027688628783586133)	(42.0, 0.03146435089043879)	(43.0, 0.15102888427410627)	(44.0, 0.2743691397646265)	(45.0, 0.27940343590709665)	(46.0, 0.6531999244855116)	(47.0, 2.393807815744592)	(48.0, 4.022402617833836)	(49.0, 3.7618777924610267)	(50.0, 4.046315524510564)	(51.0, 5.058209049146846)	(52.0, 9.567679818764761)	(53.0, 13.636649675918159)	(54.0, 15.8341199421069)	(55.0, 16.89635642816715)	(56.0, 11.709772827386809)	(57.0, 5.343905355231965)	(58.0, 2.364860612925385)	(59.0, 1.053426467811897)	(60.0, 1.5002202504561026)	(61.0, 0.767730161726712)	(62.0, 0.22276760430430725)	(63.0, 0.07425586810143556)	(64.0, 0.02013718456988083)	(65.0, 0.039015795104144116)	(66.0, 0.11578881127681463)	(67.0, 0.02643005474796858)	(68.0, 0.003775722106852656)	(69.0, 0.0)	(70.0, 0.001258574035617552)	(71.0, 0.003775722106852656)	(72.0, 0.002517148071235104)	(73.0, 0.002517148071235104)	(74.0, 0.003775722106852656)	(75.0, 0.0)	(76.0, 0.0)	(77.0, 0.0)	(78.0, 0.0)	(79.0, 0.0)	(80.0, 0.0)	(81.0, 0.0)	(82.0, 0.0)	(83.0, 0.0)	(84.0, 0.0)	(85.0, 0.0)	(86.0, 0.0)	(87.0, 0.0)	(88.0, 0.0)	(89.0, 0.0)	(90.0, 0.0)	(91.0, 0.0)	(92.0, 0.0)	(93.0, 0.0)	(94.0, 0.0)	(95.0, 0.0)	(96.0, 0.0)	(97.0, 0.0)	(98.0, 0.0)	(99.0, 0.0)	(100.0, 0.0)
SRR1653593_1	(0.0, 0.0)	(1.0, 0.0)	(2.0, 0.0)	(3.0, 0.0)	(4.0, 0.0)	(5.0, 0.0)	(6.0, 0.0)	(7.0, 0.0)	(8.0, 0.0)	(9.0, 0.0)	(10.0, 0.0)	(11.0, 0.0)	(12.0, 0.0)	(13.0, 0.0)	(14.0, 0.0)	(15.0, 0.0)	(16.0, 0.0)	(17.0, 0.0)	(18.0, 0.0)	(19.0, 0.0)	(20.0, 0.0)	(21.0, 0.0)	(22.0, 0.0)	(23.0, 0.0)	(24.0, 0.0)	(25.0, 0.0)	(26.0, 0.0)	(27.0, 0.0)	(28.0, 0.0)	(29.0, 0.0)	(30.0, 0.0)	(31.0, 0.0)	(32.0, 0.0)	(33.0, 0.0010622364325852361)	(34.0, 0.0021244728651704722)	(35.0, 0.0010622364325852361)	(36.0, 0.0042489457303409445)	(37.0, 0.0021244728651704722)	(38.0, 0.005311182162926181)	(39.0, 0.0021244728651704722)	(40.0, 0.0010622364325852361)	(41.0, 0.003186709297755709)	(42.0, 0.008497891460681889)	(43.0, 0.016995782921363778)	(44.0, 0.07754325957872218)	(45.0, 0.22944306943841122)	(46.0, 0.518371379101596)	(47.0, 0.7191340648602115)	(48.0, 0.8582870375288777)	(49.0, 2.6640889729238526)	(50.0, 14.61106213021088)	(51.0, 24.343272325547964)	(52.0, 17.061641580182794)	(53.0, 10.390796783549943)	(54.0, 9.551630001807226)	(55.0, 7.078743586747671)	(56.0, 5.415281333319193)	(57.0, 3.437397095845933)	(58.0, 2.1489043031199544)	(59.0, 0.2825548910676723)	(60.0, 0.059485240224773236)	(61.0, 0.2039493950563659)	(62.0, 0.17633124780914958)	(63.0, 0.022306965084289955)	(64.0, 0.016995782921363778)	(65.0, 0.007435655028096654)	(66.0, 0.01380907362360807)	(67.0, 0.01805801935394901)	(68.0, 0.019120255786534247)	(69.0, 0.019120255786534247)	(70.0, 0.005311182162926181)	(71.0, 0.0010622364325852361)	(72.0, 0.0)	(73.0, 0.0)	(74.0, 0.0)	(75.0, 0.0)	(76.0, 0.0)	(77.0, 0.0)	(78.0, 0.0)	(79.0, 0.0)	(80.0, 0.0)	(81.0, 0.0)	(82.0, 0.0)	(83.0, 0.0010622364325852361)	(84.0, 0.0)	(85.0, 0.0)	(86.0, 0.0)	(87.0, 0.0)	(88.0, 0.0)	(89.0, 0.0)	(90.0, 0.0)	(91.0, 0.0)	(92.0, 0.0)	(93.0, 0.0)	(94.0, 0.0)	(95.0, 0.0)	(96.0, 0.0)	(97.0, 0.0)	(98.0, 0.0)	(99.0, 0.0)	(100.0, 0.0)
SRR1653593_2	(0.0, 0.0)	(1.0, 0.0)	(2.0, 0.0)	(3.0, 0.0)	(4.0, 0.0)	(5.0, 0.0)	(6.0, 0.0)	(7.0, 0.0)	(8.0, 0.0)	(9.0, 0.0)	(10.0, 0.0)	(11.0, 0.0)	(12.0, 0.0)	(13.0, 0.0)	(14.0, 0.0)	(15.0, 0.0)	(16.0, 0.0)	(17.0, 0.0)	(18.0, 0.0)	(19.0, 0.0)	(20.0, 0.0)	(21.0, 0.0)	(22.0, 0.0)	(23.0, 0.0)	(24.0, 0.0)	(25.0, 0.0)	(26.0, 0.0)	(27.0, 0.0)	(28.0, 0.0)	(29.0, 0.0010381089806807886)	(30.0, 0.0010381089806807886)	(31.0, 0.0010381089806807886)	(32.0, 0.0)	(33.0, 0.0010381089806807886)	(34.0, 0.0)	(35.0, 0.0010381089806807886)	(36.0, 0.0010381089806807886)	(37.0, 0.002076217961361577)	(38.0, 0.0031143269420423657)	(39.0, 0.005190544903403943)	(40.0, 0.00726676286476552)	(41.0, 0.00726676286476552)	(42.0, 0.018685961652254193)	(43.0, 0.05501977597608182)	(44.0, 0.08512493641582458)	(45.0, 0.08927737233854773)	(46.0, 0.3436140726053395)	(47.0, 0.6633516386550292)	(48.0, 1.1097385003477545)	(49.0, 7.095474882952936)	(50.0, 9.297304030977891)	(51.0, 6.643897476356588)	(52.0, 11.669383051834572)	(53.0, 17.137103053076792)	(54.0, 15.592396889825185)	(55.0, 9.842311245835552)	(56.0, 6.46430462269873)	(57.0, 4.398467751144371)	(58.0, 3.8140123950212197)	(59.0, 2.1115136667047465)	(60.0, 2.189371840255814)	(61.0, 0.7765055175492384)	(62.0, 0.14741147525667217)	(63.0, 0.03218137840110445)	(64.0, 0.02387650655565813)	(65.0, 0.0695533017056128)	(66.0, 0.19620259734866957)	(67.0, 0.04671490413063552)	(68.0, 0.009342980826127098)	(69.0, 0.012457307768169463)	(70.0, 0.006228653884084731)	(71.0, 0.004152435922723154)	(72.0, 0.013495416748850252)	(73.0, 0.0031143269420423657)	(74.0, 0.0031143269420423657)	(75.0, 0.002076217961361577)	(76.0, 0.0)	(77.0, 0.0)	(78.0, 0.0)	(79.0, 0.0)	(80.0, 0.0)	(81.0, 0.0)	(82.0, 0.0)	(83.0, 0.0)	(84.0, 0.0)	(85.0, 0.0)	(86.0, 0.0)	(87.0, 0.0010381089806807886)	(88.0, 0.0)	(89.0, 0.0)	(90.0, 0.0)	(91.0, 0.0010381089806807886)	(92.0, 0.0)	(93.0, 0.0)	(94.0, 0.0)	(95.0, 0.0)	(96.0, 0.0)	(97.0, 0.0)	(98.0, 0.0)	(99.0, 0.0)	(100.0, 0.0)
SRR1653595_1	(0.0, 0.0)	(1.0, 0.0)	(2.0, 0.0)	(3.0, 0.0)	(4.0, 0.0)	(5.0, 0.0)	(6.0, 0.0)	(7.0, 0.0)	(8.0, 0.0)	(9.0, 0.0)	(10.0, 0.0)	(11.0, 0.0)	(12.0, 0.0)	(13.0, 0.0)	(14.0, 0.0)	(15.0, 0.0)	(16.0, 0.0)	(17.0, 0.0)	(18.0, 0.0)	(19.0, 0.0)	(20.0, 0.0)	(21.0, 0.0)	(22.0, 0.0)	(23.0, 0.0)	(24.0, 0.0)	(25.0, 0.0)	(26.0, 0.0)	(27.0, 0.0)	(28.0, 0.0)	(29.0, 0.0)	(30.0, 0.0)	(31.0, 0.0)	(32.0, 0.0)	(33.0, 0.0)	(34.0, 0.0)	(35.0, 0.0014370087226428798)	(36.0, 0.0014370087226428798)	(37.0, 0.0)	(38.0, 0.0)	(39.0, 0.0)	(40.0, 0.0)	(41.0, 0.0)	(42.0, 0.0014370087226428798)	(43.0, 0.025866157007571826)	(44.0, 0.0962795844170729)	(45.0, 0.18106309905300294)	(46.0, 0.31901593642671944)	(47.0, 0.5862995588382928)	(48.0, 2.612481857764751)	(49.0, 10.576384198651587)	(50.0, 15.851643219475998)	(51.0, 14.163157970369845)	(52.0, 12.912960381669972)	(53.0, 10.666915748178129)	(54.0, 7.866185747746539)	(55.0, 6.342956501745432)	(56.0, 4.845593412751892)	(57.0, 4.916006840161378)	(58.0, 4.525140467602603)	(59.0, 0.671083073474225)	(60.0, 0.24429148284929011)	(61.0, 1.0475793588066704)	(62.0, 1.054764402419885)	(63.0, 0.06322838379628674)	(64.0, 0.03736222678871486)	(65.0, 0.02730316573021471)	(66.0, 0.03592521806607198)	(67.0, 0.10490163675293016)	(68.0, 0.06466539251892964)	(69.0, 0.11783471525671603)	(70.0, 0.02730316573021471)	(71.0, 0.00431102616792864)	(72.0, 0.0028740174452857596)	(73.0, 0.0028740174452857596)	(74.0, 0.0014370087226428798)	(75.0, 0.0)	(76.0, 0.0)	(77.0, 0.0)	(78.0, 0.0)	(79.0, 0.0)	(80.0, 0.0)	(81.0, 0.0)	(82.0, 0.0)	(83.0, 0.0)	(84.0, 0.0)	(85.0, 0.0)	(86.0, 0.0)	(87.0, 0.0)	(88.0, 0.0)	(89.0, 0.0)	(90.0, 0.0)	(91.0, 0.0)	(92.0, 0.0)	(93.0, 0.0)	(94.0, 0.0)	(95.0, 0.0)	(96.0, 0.0)	(97.0, 0.0)	(98.0, 0.0)	(99.0, 0.0)	(100.0, 0.0)
SRR1653595_2	(0.0, 0.0)	(1.0, 0.0)	(2.0, 0.0)	(3.0, 0.0)	(4.0, 0.0)	(5.0, 0.0)	(6.0, 0.0)	(7.0, 0.0)	(8.0, 0.0)	(9.0, 0.0)	(10.0, 0.0)	(11.0, 0.0)	(12.0, 0.0)	(13.0, 0.0)	(14.0, 0.0)	(15.0, 0.0)	(16.0, 0.0)	(17.0, 0.0)	(18.0, 0.0)	(19.0, 0.0)	(20.0, 0.0)	(21.0, 0.0)	(22.0, 0.0)	(23.0, 0.0)	(24.0, 0.0)	(25.0, 0.0)	(26.0, 0.0)	(27.0, 0.0)	(28.0, 0.0)	(29.0, 0.0)	(30.0, 0.0)	(31.0, 0.0)	(32.0, 0.0)	(33.0, 0.0)	(34.0, 0.0)	(35.0, 0.0)	(36.0, 0.0)	(37.0, 0.0)	(38.0, 0.0)	(39.0, 0.0030365601846228376)	(40.0, 0.004554840276934257)	(41.0, 0.0030365601846228376)	(42.0, 0.006073120369245675)	(43.0, 0.07287744443094817)	(44.0, 0.12449896756953623)	(45.0, 0.11690756710797914)	(46.0, 0.1973764120004846)	(47.0, 0.5496173934167308)	(48.0, 2.3168954208671733)	(49.0, 12.364873071784729)	(50.0, 7.0144540264784325)	(51.0, 5.614599781367622)	(52.0, 9.422446252883859)	(53.0, 13.729806874773315)	(54.0, 13.615935867849908)	(55.0, 9.237216081621845)	(56.0, 7.182983116724961)	(57.0, 4.314952022349225)	(58.0, 2.6023320782217496)	(59.0, 2.6144783189602423)	(60.0, 4.351390744564703)	(61.0, 1.6382242196040075)	(62.0, 0.5511356735090422)	(63.0, 0.2019312522774189)	(64.0, 0.1336086481234047)	(65.0, 0.25962589578525325)	(66.0, 1.0567229442487578)	(67.0, 0.3476861411393149)	(68.0, 0.10476132636948784)	(69.0, 0.059212923600145365)	(70.0, 0.01214624073849135)	(71.0, 0.03036560184622837)	(72.0, 0.08957852544637371)	(73.0, 0.03188388193853978)	(74.0, 0.009109680553868512)	(75.0, 0.004554840276934257)	(76.0, 0.0015182800923114188)	(77.0, 0.0)	(78.0, 0.0)	(79.0, 0.0030365601846228376)	(80.0, 0.0015182800923114188)	(81.0, 0.0015182800923114188)	(82.0, 0.0)	(83.0, 0.0)	(84.0, 0.0)	(85.0, 0.0)	(86.0, 0.0)	(87.0, 0.0)	(88.0, 0.0)	(89.0, 0.0)	(90.0, 0.0)	(91.0, 0.0015182800923114188)	(92.0, 0.0)	(93.0, 0.0)	(94.0, 0.0)	(95.0, 0.0)	(96.0, 0.0)	(97.0, 0.0)	(98.0, 0.0)	(99.0, 0.0)	(100.0, 0.0)
SRR1653599_1	(0.0, 0.0)	(1.0, 0.0)	(2.0, 0.0)	(3.0, 0.0)	(4.0, 0.0)	(5.0, 0.0)	(6.0, 0.0)	(7.0, 0.0)	(8.0, 0.0)	(9.0, 0.0)	(10.0, 0.0)	(11.0, 0.0)	(12.0, 0.0)	(13.0, 0.0)	(14.0, 0.0)	(15.0, 0.0)	(16.0, 0.0)	(17.0, 0.0)	(18.0, 0.0)	(19.0, 0.0)	(20.0, 0.0)	(21.0, 0.0)	(22.0, 0.0)	(23.0, 0.0)	(24.0, 0.0)	(25.0, 0.0)	(26.0, 0.0)	(27.0, 0.0)	(28.0, 0.0)	(29.0, 0.0)	(30.0, 0.0)	(31.0, 0.0)	(32.0, 0.0)	(33.0, 0.0)	(34.0, 0.0)	(35.0, 0.0)	(36.0, 0.0)	(37.0, 0.0)	(38.0, 0.0)	(39.0, 0.0)	(40.0, 0.0)	(41.0, 0.0)	(42.0, 0.005106209150326619)	(43.0, 0.08425245098038917)	(44.0, 0.0574448529411745)	(45.0, 0.09446486928104236)	(46.0, 0.2821180555555458)	(47.0, 0.7544424019607626)	(48.0, 1.5982434640522076)	(49.0, 5.34237132352908)	(50.0, 8.164828431371696)	(51.0, 7.932495915031729)	(52.0, 7.614634395423908)	(53.0, 7.877604166665693)	(54.0, 11.393229166667169)	(55.0, 9.28181168300615)	(56.0, 4.909620098038997)	(57.0, 1.410590277777715)	(58.0, 0.7391237745097823)	(59.0, 0.5118974673202413)	(60.0, 0.5374285130718751)	(61.0, 15.558619281048003)	(62.0, 15.34032883987144)	(63.0, 0.29360702614378054)	(64.0, 0.04084967320261296)	(65.0, 0.007659313725489928)	(66.0, 0.021701388888888125)	(67.0, 0.06638071895424608)	(68.0, 0.025531045751633084)	(69.0, 0.0395731209150313)	(70.0, 0.011488970588234892)	(71.0, 0.0012765522875816547)	(72.0, 0.0)	(73.0, 0.0012765522875816547)	(74.0, 0.0)	(75.0, 0.0)	(76.0, 0.0)	(77.0, 0.0)	(78.0, 0.0)	(79.0, 0.0)	(80.0, 0.0)	(81.0, 0.0)	(82.0, 0.0)	(83.0, 0.0)	(84.0, 0.0)	(85.0, 0.0)	(86.0, 0.0)	(87.0, 0.0)	(88.0, 0.0)	(89.0, 0.0)	(90.0, 0.0)	(91.0, 0.0)	(92.0, 0.0)	(93.0, 0.0)	(94.0, 0.0)	(95.0, 0.0)	(96.0, 0.0)	(97.0, 0.0)	(98.0, 0.0)	(99.0, 0.0)	(100.0, 0.0)
SRR1653599_2	(0.0, 0.0)	(1.0, 0.0)	(2.0, 0.0)	(3.0, 0.0)	(4.0, 0.0)	(5.0, 0.0)	(6.0, 0.0)	(7.0, 0.0)	(8.0, 0.0)	(9.0, 0.0)	(10.0, 0.0)	(11.0, 0.0)	(12.0, 0.0)	(13.0, 0.0)	(14.0, 0.0)	(15.0, 0.0)	(16.0, 0.0)	(17.0, 0.0)	(18.0, 0.0)	(19.0, 0.0)	(20.0, 0.0)	(21.0, 0.0)	(22.0, 0.0)	(23.0, 0.0)	(24.0, 0.0)	(25.0, 0.0)	(26.0, 0.0)	(27.0, 0.0)	(28.0, 0.0)	(29.0, 0.0)	(30.0, 0.0)	(31.0, 0.0)	(32.0, 0.0)	(33.0, 0.0)	(34.0, 0.0)	(35.0, 0.0)	(36.0, 0.0)	(37.0, 0.0)	(38.0, 0.0)	(39.0, 0.002758925122772107)	(40.0, 0.004138387684158161)	(41.0, 0.002758925122772107)	(42.0, 0.012415163052474483)	(43.0, 0.04552226452573978)	(44.0, 0.12553109308613072)	(45.0, 0.10070076698118183)	(46.0, 0.2841692876455275)	(47.0, 0.5007449097831349)	(48.0, 1.186337802792011)	(49.0, 3.895602273354369)	(50.0, 3.7052364398830724)	(51.0, 5.203332781548166)	(52.0, 7.7636152954801005)	(53.0, 9.205153672128697)	(54.0, 9.403796280968377)	(55.0, 11.987529658445633)	(56.0, 9.686586106052648)	(57.0, 4.466699773768182)	(58.0, 2.5161397119681586)	(59.0, 1.740881752469173)	(60.0, 1.1049495116702384)	(61.0, 0.7973293604811437)	(62.0, 0.6428295536059012)	(63.0, 0.6911107432544145)	(64.0, 0.9642443304088607)	(65.0, 3.26932627048503)	(66.0, 15.407217348123215)	(67.0, 4.330132980190993)	(68.0, 0.5600617999227355)	(69.0, 0.16139711968216827)	(70.0, 0.06207581526237246)	(71.0, 0.04138387684158161)	(72.0, 0.05517850245544217)	(73.0, 0.03586602659603739)	(74.0, 0.017933013298018694)	(75.0, 0.012415163052474483)	(76.0, 0.0013794625613860534)	(77.0, 0.0)	(78.0, 0.0)	(79.0, 0.0013794625613860534)	(80.0, 0.0013794625613860534)	(81.0, 0.0)	(82.0, 0.0)	(83.0, 0.0)	(84.0, 0.0)	(85.0, 0.0)	(86.0, 0.0)	(87.0, 0.0)	(88.0, 0.0)	(89.0, 0.0013794625613860534)	(90.0, 0.0013794625613860534)	(91.0, 0.0)	(92.0, 0.0)	(93.0, 0.0)	(94.0, 0.0)	(95.0, 0.0)	(96.0, 0.0)	(97.0, 0.0)	(98.0, 0.0)	(99.0, 0.0)	(100.0, 0.0)
SRR1653602_1	(0.0, 0.0)	(1.0, 0.0)	(2.0, 0.0)	(3.0, 0.0)	(4.0, 0.0)	(5.0, 0.0)	(6.0, 0.0)	(7.0, 0.0)	(8.0, 0.0)	(9.0, 0.0)	(10.0, 0.0)	(11.0, 0.0)	(12.0, 0.0)	(13.0, 0.0)	(14.0, 0.0)	(15.0, 0.0)	(16.0, 0.0)	(17.0, 0.0)	(18.0, 0.0)	(19.0, 0.0)	(20.0, 0.0)	(21.0, 0.0)	(22.0, 0.0)	(23.0, 0.0)	(24.0, 0.0)	(25.0, 0.0)	(26.0, 0.0)	(27.0, 0.0)	(28.0, 0.0)	(29.0, 0.0008615342201392584)	(30.0, 0.0008615342201392584)	(31.0, 0.003446136880557034)	(32.0, 0.003446136880557034)	(33.0, 0.0051692053208355505)	(34.0, 0.011199944861810359)	(35.0, 0.016369150182645908)	(36.0, 0.016369150182645908)	(37.0, 0.017230684402785162)	(38.0, 0.012923013302088875)	(39.0, 0.011199944861810359)	(40.0, 0.012061479081949617)	(41.0, 0.012061479081949617)	(42.0, 0.01895375284306368)	(43.0, 0.05083051898821624)	(44.0, 0.029292163484734794)	(45.0, 0.0827072851333687)	(46.0, 0.2360603763181563)	(47.0, 0.6409814597836152)	(48.0, 1.3560548624991664)	(49.0, 5.110620993865641)	(50.0, 7.16968777999928)	(51.0, 7.015473154594283)	(52.0, 7.149872492936068)	(53.0, 7.8580536218908605)	(54.0, 11.031084154664587)	(55.0, 9.401061410160976)	(56.0, 5.117513267626753)	(57.0, 1.3801778206630684)	(58.0, 0.6814735681301598)	(59.0, 0.4919360396995193)	(60.0, 0.6082431594183224)	(61.0, 17.06268522985405)	(62.0, 16.867116961882616)	(63.0, 0.33169067475361264)	(64.0, 0.037045971465988134)	(65.0, 0.011199944861810359)	(66.0, 0.016369150182645908)	(67.0, 0.058584326969469545)	(68.0, 0.024984492384038492)	(69.0, 0.026707560824317016)	(70.0, 0.006892273761114068)	(71.0, 0.0025846026604177752)	(72.0, 0.0008615342201392584)	(73.0, 0.0)	(74.0, 0.0)	(75.0, 0.0)	(76.0, 0.0)	(77.0, 0.0)	(78.0, 0.0)	(79.0, 0.0)	(80.0, 0.0)	(81.0, 0.0)	(82.0, 0.0)	(83.0, 0.0)	(84.0, 0.0)	(85.0, 0.0)	(86.0, 0.0)	(87.0, 0.0)	(88.0, 0.0)	(89.0, 0.0)	(90.0, 0.0)	(91.0, 0.0)	(92.0, 0.0)	(93.0, 0.0)	(94.0, 0.0)	(95.0, 0.0)	(96.0, 0.0)	(97.0, 0.0)	(98.0, 0.0)	(99.0, 0.0)	(100.0, 0.0)
SRR1653602_2	(0.0, 0.0)	(1.0, 0.0)	(2.0, 0.0)	(3.0, 0.0)	(4.0, 0.0)	(5.0, 0.0)	(6.0, 0.0)	(7.0, 0.0)	(8.0, 0.0)	(9.0, 0.0)	(10.0, 0.0)	(11.0, 0.0)	(12.0, 0.0)	(13.0, 0.0)	(14.0, 0.0)	(15.0, 0.0)	(16.0, 0.0)	(17.0, 0.0)	(18.0, 0.0)	(19.0, 0.0)	(20.0, 0.0)	(21.0, 0.0)	(22.0, 0.0)	(23.0, 0.0)	(24.0, 0.0)	(25.0, 0.0)	(26.0, 0.0)	(27.0, 0.0)	(28.0, 0.0)	(29.0, 0.0)	(30.0, 0.0)	(31.0, 0.0018812374780130035)	(32.0, 0.0018812374780130035)	(33.0, 0.0)	(34.0, 0.0009406187390065018)	(35.0, 0.003762474956026007)	(36.0, 0.007524949912052014)	(37.0, 0.014109281085097522)	(38.0, 0.011287424868078022)	(39.0, 0.01222804360708452)	(40.0, 0.014109281085097522)	(41.0, 0.02257484973615603)	(42.0, 0.029159180909201558)	(43.0, 0.03668413082125358)	(44.0, 0.09500249263965657)	(45.0, 0.09312125516164355)	(46.0, 0.27560129052890414)	(47.0, 0.45620008841815396)	(48.0, 1.0168088568660199)	(49.0, 3.3711775605993233)	(50.0, 3.2931062052618016)	(51.0, 5.000329216558215)	(52.0, 7.475097118884914)	(53.0, 8.809835109535747)	(54.0, 8.880381514961268)	(55.0, 11.592185339518199)	(56.0, 9.957389971124202)	(57.0, 4.514029328491963)	(58.0, 2.3750623159914896)	(59.0, 1.5529615380997137)	(60.0, 1.1202769181567291)	(61.0, 0.8126945905016206)	(62.0, 0.6706611609116424)	(63.0, 0.7167514791229623)	(64.0, 1.132504961763813)	(65.0, 3.788812280718115)	(66.0, 16.975346382847512)	(67.0, 4.8385427934491325)	(68.0, 0.6132834178322442)	(69.0, 0.17495508545520977)	(70.0, 0.07995259281555256)	(71.0, 0.0517340306453576)	(72.0, 0.0423278432552926)	(73.0, 0.02539670595317554)	(74.0, 0.017871756041123527)	(75.0, 0.009406187390065017)	(76.0, 0.0018812374780130035)	(77.0, 0.004703093695032508)	(78.0, 0.0028218562170195054)	(79.0, 0.0009406187390065018)	(80.0, 0.0)	(81.0, 0.0)	(82.0, 0.0)	(83.0, 0.0)	(84.0, 0.0009406187390065018)	(85.0, 0.0009406187390065018)	(86.0, 0.0009406187390065018)	(87.0, 0.0)	(88.0, 0.0)	(89.0, 0.0)	(90.0, 0.0009406187390065018)	(91.0, 0.0)	(92.0, 0.0)	(93.0, 0.0009406187390065018)	(94.0, 0.0)	(95.0, 0.0)	(96.0, 0.0)	(97.0, 0.0)	(98.0, 0.0)	(99.0, 0.0)	(100.0, 0.0)
SRR1653603_1	(0.0, 0.0)	(1.0, 0.0)	(2.0, 0.0)	(3.0, 0.0)	(4.0, 0.0)	(5.0, 0.0)	(6.0, 0.0)	(7.0, 0.0)	(8.0, 0.0)	(9.0, 0.0)	(10.0, 0.0)	(11.0, 0.0)	(12.0, 0.0)	(13.0, 0.0)	(14.0, 0.0)	(15.0, 0.0)	(16.0, 0.0)	(17.0, 0.0)	(18.0, 0.0)	(19.0, 0.0)	(20.0, 0.0)	(21.0, 0.0)	(22.0, 0.0)	(23.0, 0.0)	(24.0, 0.0)	(25.0, 0.0)	(26.0, 0.0)	(27.0, 0.0)	(28.0, 0.0)	(29.0, 0.0)	(30.0, 0.0)	(31.0, 0.0)	(32.0, 0.0)	(33.0, 0.0)	(34.0, 0.0)	(35.0, 0.0)	(36.0, 0.0014738827968399965)	(37.0, 0.0)	(38.0, 0.0014738827968399965)	(39.0, 0.005895531187359986)	(40.0, 0.010317179577879976)	(41.0, 0.011791062374719972)	(42.0, 0.00442164839051999)	(43.0, 0.02063435915575995)	(44.0, 0.0677986086546399)	(45.0, 0.6293479542506771)	(46.0, 1.3544982902959573)	(47.0, 3.155583068034482)	(48.0, 2.5365522933616136)	(49.0, 8.29796014620853)	(50.0, 13.4005423888704)	(51.0, 11.509550760523826)	(52.0, 12.298078056833582)	(53.0, 10.107888220728352)	(54.0, 9.689305506425603)	(55.0, 6.863872184883539)	(56.0, 3.8026176158473146)	(57.0, 1.12162480839525)	(58.0, 0.8283221318240823)	(59.0, 6.516035844829378)	(60.0, 6.408442400660083)	(61.0, 0.6381912510317174)	(62.0, 0.4303737766772777)	(63.0, 0.038320952717839904)	(64.0, 0.010317179577879976)	(65.0, 0.007369413984199983)	(66.0, 0.016212710765239967)	(67.0, 0.0501120150925599)	(68.0, 0.06337696026411989)	(69.0, 0.05453366348307989)	(70.0, 0.03389930432731991)	(71.0, 0.007369413984199983)	(72.0, 0.00442164839051999)	(73.0, 0.0014738827968399965)	(74.0, 0.0)	(75.0, 0.0)	(76.0, 0.0)	(77.0, 0.0)	(78.0, 0.0)	(79.0, 0.0)	(80.0, 0.0)	(81.0, 0.0)	(82.0, 0.0)	(83.0, 0.0)	(84.0, 0.0)	(85.0, 0.0)	(86.0, 0.0)	(87.0, 0.0)	(88.0, 0.0)	(89.0, 0.0)	(90.0, 0.0)	(91.0, 0.0)	(92.0, 0.0)	(93.0, 0.0)	(94.0, 0.0)	(95.0, 0.0)	(96.0, 0.0)	(97.0, 0.0)	(98.0, 0.0)	(99.0, 0.0)	(100.0, 0.0)
SRR1653603_2	(0.0, 0.0)	(1.0, 0.0)	(2.0, 0.0)	(3.0, 0.0)	(4.0, 0.0)	(5.0, 0.0)	(6.0, 0.0)	(7.0, 0.0)	(8.0, 0.0)	(9.0, 0.0)	(10.0, 0.0)	(11.0, 0.0)	(12.0, 0.0)	(13.0, 0.0)	(14.0, 0.0)	(15.0, 0.0)	(16.0, 0.0)	(17.0, 0.0)	(18.0, 0.0)	(19.0, 0.0)	(20.0, 0.0)	(21.0, 0.0)	(22.0, 0.0)	(23.0, 0.0)	(24.0, 0.0)	(25.0, 0.0)	(26.0, 0.0)	(27.0, 0.0)	(28.0, 0.0)	(29.0, 0.0)	(30.0, 0.0)	(31.0, 0.0)	(32.0, 0.0)	(33.0, 0.0)	(34.0, 0.0)	(35.0, 0.0014902463377196272)	(36.0, 0.0014902463377196272)	(37.0, 0.0)	(38.0, 0.0014902463377196272)	(39.0, 0.0014902463377196272)	(40.0, 0.007451231688598136)	(41.0, 0.013412217039476646)	(42.0, 0.007451231688598136)	(43.0, 0.03129517309211217)	(44.0, 0.08494404125001875)	(45.0, 0.14008315574564478)	(46.0, 0.3159322235965613)	(47.0, 0.7346914444957776)	(48.0, 3.3768982012727466)	(49.0, 7.983249631163478)	(50.0, 7.194909318509973)	(51.0, 10.612044170901296)	(52.0, 13.318331520201369)	(53.0, 13.154404423052135)	(54.0, 10.451097566427503)	(55.0, 8.026466774957337)	(56.0, 5.202449964979285)	(57.0, 2.5602432082022983)	(58.0, 2.1817206384214884)	(59.0, 1.928378761009166)	(60.0, 1.4082827891450458)	(61.0, 1.9492422097372397)	(62.0, 6.3916665424792765)	(63.0, 1.9313592536846054)	(64.0, 0.2876175431798888)	(65.0, 0.11921970701757006)	(66.0, 0.3457371503509535)	(67.0, 0.11176847532897195)	(68.0, 0.05662936083334586)	(69.0, 0.029804926754392537)	(70.0, 0.005960985350878509)	(71.0, 0.0)	(72.0, 0.007451231688598136)	(73.0, 0.01043172436403739)	(74.0, 0.005960985350878509)	(75.0, 0.0)	(76.0, 0.0)	(77.0, 0.0029804926754392544)	(78.0, 0.0029804926754392544)	(79.0, 0.0)	(80.0, 0.0)	(81.0, 0.0)	(82.0, 0.0)	(83.0, 0.0)	(84.0, 0.0014902463377196272)	(85.0, 0.0)	(86.0, 0.0)	(87.0, 0.0)	(88.0, 0.0)	(89.0, 0.0)	(90.0, 0.0)	(91.0, 0.0)	(92.0, 0.0)	(93.0, 0.0)	(94.0, 0.0)	(95.0, 0.0)	(96.0, 0.0)	(97.0, 0.0)	(98.0, 0.0)	(99.0, 0.0)	(100.0, 0.0)
SRR1653604_1	(0.0, 0.0)	(1.0, 0.0)	(2.0, 0.0)	(3.0, 0.0)	(4.0, 0.0)	(5.0, 0.0)	(6.0, 0.0)	(7.0, 0.0)	(8.0, 0.0)	(9.0, 0.0)	(10.0, 0.0)	(11.0, 0.0)	(12.0, 0.0)	(13.0, 0.0)	(14.0, 0.0)	(15.0, 0.0)	(16.0, 0.0)	(17.0, 0.0)	(18.0, 0.0)	(19.0, 0.0)	(20.0, 0.0)	(21.0, 0.0)	(22.0, 0.0)	(23.0, 0.0)	(24.0, 0.0)	(25.0, 0.0)	(26.0, 0.0)	(27.0, 0.0)	(28.0, 0.0)	(29.0, 0.0)	(30.0, 0.0)	(31.0, 0.0)	(32.0, 0.003464883406673398)	(33.0, 0.006929766813346796)	(34.0, 0.003464883406673398)	(35.0, 0.001732441703336699)	(36.0, 0.008662208516683494)	(37.0, 0.010394650220020193)	(38.0, 0.006929766813346796)	(39.0, 0.01212709192335689)	(40.0, 0.01559197533003029)	(41.0, 0.02425418384671378)	(42.0, 0.03984615917674406)	(43.0, 0.10914382731021201)	(44.0, 0.14552510308028255)	(45.0, 0.37593984962406396)	(46.0, 0.8488964346349839)	(47.0, 2.2002009632375734)	(48.0, 3.32455562870314)	(49.0, 7.026783548733505)	(50.0, 12.321125394130398)	(51.0, 12.113232389729898)	(52.0, 13.686289456360337)	(53.0, 13.7122760819104)	(54.0, 10.642389383596374)	(55.0, 7.420047815390846)	(56.0, 6.122448979591953)	(57.0, 3.5480406084335994)	(58.0, 1.9126156404836978)	(59.0, 0.6669900557846253)	(60.0, 0.5665084369910981)	(61.0, 0.8107827171615755)	(62.0, 0.7345552822147585)	(63.0, 0.08662208516683499)	(64.0, 0.043311042583417454)	(65.0, 0.02425418384671378)	(66.0, 0.12300336093690553)	(67.0, 0.3516856657773505)	(68.0, 0.40365891687745076)	(69.0, 0.32050171511729014)	(70.0, 0.14552510308028255)	(71.0, 0.05890301791344778)	(72.0, 0.01732441703336699)	(73.0, 0.003464883406673398)	(74.0, 0.0)	(75.0, 0.0)	(76.0, 0.0)	(77.0, 0.0)	(78.0, 0.0)	(79.0, 0.0)	(80.0, 0.0)	(81.0, 0.0)	(82.0, 0.0)	(83.0, 0.0)	(84.0, 0.0)	(85.0, 0.0)	(86.0, 0.0)	(87.0, 0.0)	(88.0, 0.0)	(89.0, 0.0)	(90.0, 0.0)	(91.0, 0.0)	(92.0, 0.0)	(93.0, 0.0)	(94.0, 0.0)	(95.0, 0.0)	(96.0, 0.0)	(97.0, 0.0)	(98.0, 0.0)	(99.0, 0.0)	(100.0, 0.0)
SRR1653604_2	(0.0, 0.0)	(1.0, 0.0)	(2.0, 0.0)	(3.0, 0.0)	(4.0, 0.0)	(5.0, 0.0)	(6.0, 0.0)	(7.0, 0.0)	(8.0, 0.0)	(9.0, 0.0)	(10.0, 0.0)	(11.0, 0.0)	(12.0, 0.0)	(13.0, 0.0)	(14.0, 0.0)	(15.0, 0.0)	(16.0, 0.0)	(17.0, 0.0)	(18.0, 0.0)	(19.0, 0.0)	(20.0, 0.0)	(21.0, 0.0)	(22.0, 0.0)	(23.0, 0.0)	(24.0, 0.0)	(25.0, 0.0)	(26.0, 0.0)	(27.0, 0.0)	(28.0, 0.0)	(29.0, 0.0)	(30.0, 0.0)	(31.0, 0.0)	(32.0, 0.0)	(33.0, 0.0)	(34.0, 0.0)	(35.0, 0.0)	(36.0, 0.0017593553721916792)	(37.0, 0.0035187107443833583)	(38.0, 0.0052780661165750375)	(39.0, 0.008796776860958394)	(40.0, 0.022871619838491827)	(41.0, 0.06509614877109215)	(42.0, 0.07741163637643392)	(43.0, 0.07389292563205055)	(44.0, 0.1988071570576597)	(45.0, 0.20408522317423478)	(46.0, 0.2867749256672443)	(47.0, 0.7442073224370783)	(48.0, 2.6777388764756753)	(49.0, 7.4966132409085136)	(50.0, 8.042013406287811)	(51.0, 8.703531026231731)	(52.0, 11.704991291190664)	(53.0, 13.918260349408804)	(54.0, 11.4393286299896)	(55.0, 9.73275391896363)	(56.0, 7.709495240943659)	(57.0, 5.073980893401011)	(58.0, 3.4219461989128357)	(59.0, 2.0672425623251978)	(60.0, 1.8473231408012503)	(61.0, 0.8831963968402249)	(62.0, 0.6509614877109178)	(63.0, 0.2744594380619024)	(64.0, 0.12139552068122579)	(65.0, 0.27270008268971074)	(66.0, 0.811062826580364)	(67.0, 0.471507239747369)	(68.0, 0.649202132338726)	(69.0, 0.2128820000351932)	(70.0, 0.024630975210683505)	(71.0, 0.02111226446630015)	(72.0, 0.04398388430479196)	(73.0, 0.029909041327258537)	(74.0, 0.0052780661165750375)	(75.0, 0.0)	(76.0, 0.0)	(77.0, 0.0)	(78.0, 0.0)	(79.0, 0.0)	(80.0, 0.0)	(81.0, 0.0)	(82.0, 0.0)	(83.0, 0.0)	(84.0, 0.0)	(85.0, 0.0)	(86.0, 0.0)	(87.0, 0.0)	(88.0, 0.0)	(89.0, 0.0)	(90.0, 0.0)	(91.0, 0.0)	(92.0, 0.0)	(93.0, 0.0)	(94.0, 0.0)	(95.0, 0.0)	(96.0, 0.0)	(97.0, 0.0)	(98.0, 0.0)	(99.0, 0.0)	(100.0, 0.0)
