Sample	0	1	2	3	4	5	6	7	8	9	10	11	12	13	14	15
SRR1560315	(1.0, 1.1568123393316194)	(2.0, 0.6748071979434447)	(3.0, 0.43380462724935737)	(4.0, 0.4177377892030848)	(5.0, 0.4820051413881748)	(6.0, 0.43380462724935737)	(7.0, 0.4498714652956298)	(8.0, 0.1928020565552699)	(9.0, 0.3615038560411311)	('>10', 2.1288560411311055)	('>50', 0.0)	('>100', 4.538881748071979)	('>500', 0.0)	('>1k', 14.934125964010283)	('>5k', 73.79498714652956)	('>10k+', 0.0)
SRR1560316	(1.0, 1.7418432341089303)	(2.0, 1.013908748212661)	(3.0, 0.6239438450539451)	(4.0, 0.6499415052645262)	(5.0, 0.8124268815806577)	(6.0, 0.4679578837904589)	(7.0, 0.13648771610555052)	(8.0, 0.0519953204211621)	(9.0, 0.05849473547380736)	('>10', 0.7864292213700768)	('>50', 1.1568958793708566)	('>100', 3.0547250747432733)	('>500', 3.776160145586897)	('>1k', 85.6687898089172)	('>5k', 0.0)	('>10k+', 0.0)
SRR1560317	(1.0, 2.006920415224913)	(2.0, 1.045751633986928)	(3.0, 0.7151095732410611)	(4.0, 0.7074202229911573)	(5.0, 0.4229142637447136)	(6.0, 0.5074971164936563)	(7.0, 0.21530180699730872)	(8.0, 0.30757400999615536)	(9.0, 0.27681660899653976)	('>10', 2.160707420222991)	('>50', 2.0607458669742407)	('>100', 3.4063821607074205)	('>500', 0.0)	('>1k', 47.435601691657055)	('>5k', 38.731257208765854)	('>10k+', 0.0)
SRR1560318	(1.0, 2.0017157563625965)	(2.0, 1.0294538175579067)	(3.0, 0.829282241921647)	(4.0, 0.8769421408826613)	(5.0, 0.33361929272709945)	(6.0, 0.6863025450386046)	(7.0, 0.4670670098179392)	(8.0, 0.15251167667524546)	(9.0, 0.3431512725193023)	('>10', 2.4020589076351158)	('>50', 3.1932132303879515)	('>100', 8.32141835859308)	('>500', 7.74949957106091)	('>1k', 71.61376417881993)	('>5k', 0.0)	('>10k+', 0.0)
SRR1560319	(1.0, 1.6893283889575605)	(2.0, 0.9476720230737536)	(3.0, 0.638648537288834)	(4.0, 0.2472187886279357)	(5.0, 0.4463672572448839)	(6.0, 0.288421920065925)	(7.0, 0.33649224007691253)	(8.0, 0.16481252575195715)	(9.0, 0.2472187886279357)	('>10', 1.9365471775854965)	('>50', 0.9270704573547589)	('>100', 10.520532893833265)	('>500', 0.0)	('>1k', 28.25848097788765)	('>5k', 53.35118802362313)	('>10k+', 0.0)
SRR1560320	(1.0, 2.3117889130961027)	(2.0, 1.065117404986686)	(3.0, 0.7625272331154684)	(4.0, 0.38731541999515856)	(5.0, 0.6656983781166788)	(6.0, 0.2178649237472767)	(7.0, 0.08472524812394094)	(8.0, 0.4841442749939482)	(9.0, 0.4357298474945534)	('>10', 3.146937787460663)	('>50', 2.868554829339143)	('>100', 11.244250786734447)	('>500', 0.0)	('>1k', 76.32534495279593)	('>5k', 0.0)	('>10k+', 0.0)
SRR1560321	(1.0, 2.261686708608744)	(2.0, 1.1786254678665287)	(3.0, 0.8839691008998964)	(4.0, 0.6370948474954209)	(5.0, 0.6370948474954209)	(6.0, 0.7167317034323485)	(7.0, 0.6689495898701919)	(8.0, 0.12741896949908418)	(9.0, 0.35836585171617424)	('>10', 3.480130604443737)	('>50', 1.0910249263359084)	('>100', 21.54973321653261)	('>500', 0.0)	('>1k', 66.40917416580393)	('>5k', 0.0)	('>10k+', 0.0)
SRR1560322	(1.0, 1.7319277108433735)	(2.0, 0.9203480589022758)	(3.0, 0.5020080321285141)	(4.0, 0.6024096385542169)	(5.0, 0.5438420348058902)	(6.0, 0.30120481927710846)	(7.0, 0.40997322623828647)	(8.0, 0.535475234270415)	(9.0, 0.4518072289156626)	('>10', 1.3888888888888888)	('>50', 1.0207496653279786)	('>100', 7.948460508701473)	('>500', 5.103748326639893)	('>1k', 27.878179384203484)	('>5k', 50.66097724230254)	('>10k+', 0.0)
SRR1560323	(1.0, 1.5641293013555788)	(2.0, 1.167883211678832)	(3.0, 0.6882168925964547)	(4.0, 0.7924921793534931)	(5.0, 0.5735140771637122)	(6.0, 0.3753910323253389)	(7.0, 0.21897810218978103)	(8.0, 0.5005213764337852)	(9.0, 0.09384775808133472)	('>10', 2.18978102189781)	('>50', 3.1595411887382694)	('>100', 0.0)	('>500', 7.518248175182482)	('>1k', 81.15745568300314)	('>5k', 0.0)	('>10k+', 0.0)
SRR1560324	(1.0, 1.6807738814993953)	(2.0, 1.1366384522370012)	(3.0, 1.0157194679564692)	(4.0, 0.8222490931076178)	(5.0, 0.6045949214026602)	(6.0, 0.3264812575574365)	(7.0, 0.3385731559854897)	(8.0, 0.3385731559854897)	(9.0, 0.3264812575574365)	('>10', 2.128174123337364)	('>50', 0.0)	('>100', 1.233373639661427)	('>500', 4.141475211608222)	('>1k', 55.63482466747279)	('>5k', 30.272067714631195)	('>10k+', 0.0)
SRR1560325	(1.0, 1.2543458995159862)	(2.0, 0.6953439225577749)	(3.0, 0.5317335878382985)	(4.0, 0.3817574476787784)	(5.0, 0.30676937759901834)	(6.0, 0.6544413388779058)	(7.0, 0.33403776671893104)	(8.0, 0.3272206694389529)	(9.0, 0.49083100415842934)	('>10', 3.019974095030336)	('>50', 1.2338946076760515)	('>100', 1.5611152771150045)	('>500', 0.0)	('>1k', 0.0)	('>5k', 89.20853500579453)	('>10k+', 0.0)
SRR1560326	(1.0, 2.455716586151369)	(2.0, 1.2238325281803542)	(3.0, 0.8212560386473431)	(4.0, 0.7407407407407408)	(5.0, 0.28180354267310787)	(6.0, 0.14492753623188406)	(7.0, 0.22544283413848631)	(8.0, 0.06441223832528181)	(9.0, 0.21739130434782608)	('>10', 4.814814814814815)	('>50', 3.107890499194847)	('>100', 5.869565217391305)	('>500', 18.389694041867955)	('>1k', 61.64251207729469)	('>5k', 0.0)	('>10k+', 0.0)
SRR1560327	(1.0, 0.982909117582337)	(2.0, 0.5134599867967432)	(3.0, 0.528130272133793)	(4.0, 0.528130272133793)	(5.0, 0.3300814200836206)	(6.0, 0.22005428005574706)	(7.0, 0.35942199075772024)	(8.0, 0.2347245653927969)	(9.0, 0.06601628401672413)	('>10', 3.476857624880804)	('>50', 2.0465048045184475)	('>100', 2.919386782072911)	('>500', 0.0)	('>1k', 0.0)	('>5k', 0.0)	('>10k+', 87.79432259957456)
SRR1560328	(1.0, 1.0099188458070334)	(2.0, 0.5461806002833955)	(3.0, 0.4405513332474559)	(4.0, 0.3916011851088497)	(5.0, 0.4122117737987891)	(6.0, 0.2782429473141827)	(7.0, 0.2344454463480613)	(8.0, 0.2885482416591524)	(9.0, 0.2318691227618189)	('>10', 3.107046245008373)	('>50', 0.34265103697024346)	('>100', 0.870797372149942)	('>500', 1.8472240113358236)	('>1k', 18.04972304521448)	('>5k', 26.70617029498905)	('>10k+', 45.24281849800335)
SRR1560329	(1.0, 2.3022077141139077)	(2.0, 1.0308392749763766)	(3.0, 0.6442745468602353)	(4.0, 0.5154196374881883)	(5.0, 0.17180654582939608)	(6.0, 0.6700455287346448)	(7.0, 0.30066145520144316)	(8.0, 0.2061678549952753)	(9.0, 0.07731294562322824)	('>10', 3.367408298256164)	('>50', 0.5583712739455373)	('>100', 17.713254875010737)	('>500', 5.016751138218367)	('>1k', 67.42547891074649)	('>5k', 0.0)	('>10k+', 0.0)
SRR1560330	(1.0, 2.3565497119772574)	(2.0, 1.0772798683324605)	(3.0, 0.5610832647564898)	(4.0, 0.5087154933792175)	(5.0, 0.3366499588538939)	(6.0, 0.4039799506246727)	(7.0, 0.3142066282636343)	(8.0, 0.17954664472207674)	(9.0, 0.13465998354155756)	('>10', 4.354006134510361)	('>50', 2.072267524500636)	('>100', 15.912321388494052)	('>500', 16.054462482232363)	('>1k', 0.0)	('>5k', 55.73427096581133)	('>10k+', 0.0)
SRR1560331	(1.0, 0.9076218691085375)	(2.0, 0.4363048747643415)	(3.0, 0.3070293563156477)	(4.0, 0.3016428763802855)	(5.0, 0.25585779692970645)	(6.0, 0.1454349582547805)	(7.0, 0.1319687584163749)	(8.0, 0.25855103689738757)	(9.0, 0.12119579854565042)	('>10', 2.771343926743873)	('>50', 0.0)	('>100', 1.5378400215459198)	('>500', 2.391597091300835)	('>1k', 23.926743872879076)	('>5k', 0.0)	('>10k+', 66.50686776191759)
SRR1560332	(1.0, 2.062754212667054)	(2.0, 1.1185357350377687)	(3.0, 1.1548518303312028)	(4.0, 0.6972690296339338)	(5.0, 0.762638001162115)	(6.0, 0.5229517722254503)	(7.0, 0.2542126670540384)	(8.0, 0.2324230098779779)	(9.0, 0.13073794305636258)	('>10', 1.568855316676351)	('>50', 1.4816966879721092)	('>100', 0.0)	('>500', 5.374782103428239)	('>1k', 84.6382916908774)	('>5k', 0.0)	('>10k+', 0.0)
SRR1560333	(1.0, 2.356852604359069)	(2.0, 1.4776505356483192)	(3.0, 1.06390838566679)	(4.0, 0.8274842999630587)	(5.0, 0.5171776874769117)	(6.0, 0.4432951606944958)	(7.0, 0.3620243812338382)	(8.0, 0.4728481714074621)	(9.0, 0.06649427410417437)	('>10', 2.7927595123753233)	('>50', 1.2412264499445882)	('>100', 6.8932397487994095)	('>500', 21.322497229405247)	('>1k', 17.761359438492796)	('>5k', 42.40118212042852)	('>10k+', 0.0)
SRR1560334	(1.0, 1.3539967373572592)	(2.0, 0.9951060358890701)	(3.0, 0.6851549755301795)	(4.0, 0.48939641109298526)	(5.0, 0.5301794453507341)	(6.0, 0.5383360522022839)	(7.0, 0.4567699836867863)	(8.0, 0.26101141924959215)	(9.0, 0.1468189233278956)	('>10', 2.732463295269168)	('>50', 0.5464926590538336)	('>100', 0.0)	('>500', 6.721044045676998)	('>1k', 26.26427406199021)	('>5k', 58.278955954322996)	('>10k+', 0.0)
SRR1560335	(1.0, 1.375188580712545)	(2.0, 0.8703725194383196)	(3.0, 0.487408610885459)	(4.0, 0.5802483462922131)	(5.0, 0.4932110943483811)	(6.0, 0.2088894046651967)	(7.0, 0.36555645816409427)	(8.0, 0.23209933851688525)	(9.0, 0.10444470233259835)	('>10', 2.0192642450969016)	('>50', 1.775559939654172)	('>100', 1.154694209121504)	('>500', 0.0)	('>1k', 29.697110363235463)	('>5k', 0.0)	('>10k+', 60.63595218753627)
SRR1560336	(1.0, 1.9443989294882298)	(2.0, 0.8738871593205527)	(3.0, 0.6718007537276749)	(4.0, 0.5461794745753454)	(5.0, 0.5461794745753454)	(6.0, 0.3277076847452073)	(7.0, 0.22939537932164508)	(8.0, 0.480637937626304)	(9.0, 0.2949369162706866)	('>10', 4.686219891856465)	('>50', 0.3222458899994538)	('>100', 5.030312960838932)	('>500', 13.97673275438309)	('>1k', 13.070074826588016)	('>5k', 0.0)	('>10k+', 56.99928996668305)
SRR1560337	(1.0, 1.146847770374167)	(2.0, 0.5381855458739108)	(3.0, 0.5189646335212712)	(4.0, 0.23065094823167606)	(5.0, 0.4164531009738595)	(6.0, 0.3075345976422348)	(7.0, 0.1345463864684777)	(8.0, 0.3075345976422348)	(9.0, 0.28831368528959506)	('>10', 2.626858021527422)	('>50', 0.3908252178370067)	('>100', 2.293695540748334)	('>500', 3.2098923628908254)	('>1k', 9.405433111225014)	('>5k', 0.0)	('>10k+', 78.18426447975398)
SRR1560338	(1.0, 1.4591403106314167)	(2.0, 0.7972622315821142)	(3.0, 0.6092286863976534)	(4.0, 0.34598172313940806)	(5.0, 0.5641006355533826)	(6.0, 0.5189725847091121)	(7.0, 0.15794817795494717)	(8.0, 0.21059757060659623)	(9.0, 0.13538415253281186)	('>10', 2.1623857696213005)	('>50', 1.0567485239366703)	('>100', 4.975367605580836)	('>500', 3.760670903689218)	('>1k', 29.265540972509495)	('>5k', 53.98067015155503)	('>10k+', 0.0)
SRR1560339	(1.0, 1.6550695825049704)	(2.0, 0.8846918489065606)	(3.0, 0.7455268389662028)	(4.0, 0.3976143141153081)	(5.0, 0.4721669980119284)	(6.0, 0.41749502982107356)	(7.0, 0.3827037773359841)	(8.0, 0.15904572564612326)	(9.0, 0.268389662027833)	('>10', 3.1113320079522864)	('>50', 0.7157057654075547)	('>100', 7.649105367793241)	('>500', 0.0)	('>1k', 34.72166998011929)	('>5k', 48.419483101391656)	('>10k+', 0.0)
SRR1560340	(1.0, 2.0617420066152152)	(2.0, 0.8599779492833517)	(3.0, 0.8103638368246967)	(4.0, 0.5292171995589856)	(5.0, 0.5512679162072767)	(6.0, 0.42998897464167585)	(7.0, 0.3858875413450937)	(8.0, 0.2205071664829107)	(9.0, 0.39691289966923926)	('>10', 4.327453142227123)	('>50', 1.085997794928335)	('>100', 12.447629547960307)	('>500', 8.379272326350605)	('>1k', 67.51378169790519)	('>5k', 0.0)	('>10k+', 0.0)
SRR1560341	(1.0, 1.8082701768381866)	(2.0, 1.103576652040952)	(3.0, 0.9772636617471081)	(4.0, 0.6913974205557771)	(5.0, 0.46536364845100386)	(6.0, 0.5185480654168328)	(7.0, 0.2792181890706023)	(8.0, 0.26592208482914503)	(9.0, 0.059832469086557635)	('>10', 1.881398750166201)	('>50', 2.2869299295306478)	('>100', 2.0941364180295174)	('>500', 0.0)	('>1k', 87.56814253423747)	('>5k', 0.0)	('>10k+', 0.0)
SRR1560342	(1.0, 3.3977152278883525)	(2.0, 1.4485926274879284)	(3.0, 0.741962077493817)	(4.0, 0.8715110116594041)	(5.0, 0.6477446708279355)	(6.0, 0.4239783299964668)	(7.0, 0.3709810387469085)	(8.0, 0.3297609233305853)	(9.0, 0.05299729124955835)	('>10', 3.6685902720527617)	('>50', 5.064185608291131)	('>100', 5.888587916617595)	('>500', 17.67754092568602)	('>1k', 59.41585207867154)	('>5k', 0.0)	('>10k+', 0.0)
SRR1560343	(1.0, 1.517978899016723)	(2.0, 0.9760999066963325)	(3.0, 0.893562046938922)	(4.0, 0.7177205196296562)	(5.0, 0.5203473767315008)	(6.0, 0.36603746501112466)	(7.0, 0.3265628364314936)	(8.0, 0.34450584942223494)	(9.0, 0.4521639273666834)	('>10', 2.006028852364889)	('>50', 0.2834996052537142)	('>100', 2.2859398550204553)	('>500', 1.823010119859327)	('>1k', 49.328931314146274)	('>5k', 38.15761142611067)	('>10k+', 0.0)
SRR1560344	(1.0, 1.6720911310008135)	(2.0, 0.6672091131000814)	(3.0, 0.5126118795768918)	(4.0, 0.3580146460537022)	(5.0, 0.5288852725793327)	(6.0, 0.29292107404393813)	(7.0, 0.3417412530512612)	(8.0, 0.2278275020341741)	(9.0, 0.2563059397884459)	('>10', 4.235150528885272)	('>50', 0.8950366151342555)	('>100', 2.5386493083807973)	('>500', 2.2782750203417415)	('>1k', 13.209926769731489)	('>5k', 21.484947111472742)	('>10k+', 50.500406834825064)
SRR1560345	(1.0, 1.0584069419043542)	(2.0, 0.5914627028289038)	(3.0, 0.43192342114479165)	(4.0, 0.4358146231370871)	(5.0, 0.2723841394606794)	(6.0, 0.30351375539904274)	(7.0, 0.4358146231370871)	(8.0, 0.3112961593836336)	(9.0, 0.315187361375929)	('>10', 1.9339273901708236)	('>50', 0.0)	('>100', 3.6071442468578545)	('>500', 3.1985680376668353)	('>1k', 0.0)	('>5k', 43.50752947585509)	('>10k+', 43.59702712167788)
SRR1560346	(1.0, 2.0733523893876566)	(2.0, 1.0064817424211925)	(3.0, 0.7850557590885302)	(4.0, 0.7246668545432586)	(5.0, 0.402592696968477)	(6.0, 0.6280446072708241)	(7.0, 0.5636297757558678)	(8.0, 0.28986674181730343)	(9.0, 0.43480011272595515)	('>10', 5.277990257256733)	('>50', 1.0588187930270945)	('>100', 3.615282418776923)	('>500', 5.68863480816458)	('>1k', 47.497886388340916)	('>5k', 29.952896654454687)	('>10k+', 0.0)
SRR1560347	(1.0, 1.228615142102091)	(2.0, 0.6954425332653346)	(3.0, 0.6954425332653346)	(4.0, 0.5192637581714498)	(5.0, 0.2781770133061338)	(6.0, 0.4172655199592007)	(7.0, 0.19472390931429367)	(8.0, 0.29672214752654275)	(9.0, 0.2503593119755204)	('>10', 2.823496685057258)	('>50', 0.2920858639714405)	('>100', 2.61950020863276)	('>500', 2.3876860308776484)	('>1k', 32.74607074968705)	('>5k', 0.0)	('>10k+', 54.55514859288794)
SRR1560348	(1.0, 1.0667596304688862)	(2.0, 0.49503224681889485)	(3.0, 0.5333798152344431)	(4.0, 0.26494683632560573)	(5.0, 0.3311835454070071)	(6.0, 0.2510022659926791)	(7.0, 0.31723897507408055)	(8.0, 0.13944570332926615)	(9.0, 0.12550113299633955)	('>10', 3.2246818894892804)	('>50', 0.0)	('>100', 5.333798152344431)	('>500', 0.0)	('>1k', 3.541920864563361)	('>5k', 19.466620184765556)	('>10k+', 64.90848875719017)
SRR1560349	(1.0, 1.273681807806437)	(2.0, 0.8125998630449669)	(3.0, 0.6299931522483452)	(4.0, 0.4017347637525679)	(5.0, 0.47934261584113214)	(6.0, 0.5204291257703721)	(7.0, 0.47934261584113214)	(8.0, 0.2921707372745948)	(9.0, 0.1643460397169596)	('>10', 2.0725861675416573)	('>50', 0.0)	('>100', 3.9123487788176217)	('>500', 0.0)	('>1k', 6.847751654873317)	('>5k', 82.1136726774709)	('>10k+', 0.0)
SRR1560350	(1.0, 1.1594719942918301)	(2.0, 0.520870495897253)	(3.0, 0.4602211915804495)	(4.0, 0.22832679272208348)	(5.0, 0.41027470567249374)	(6.0, 0.17124509454156261)	(7.0, 0.19978594363182306)	(8.0, 0.3139493399928648)	(9.0, 0.19265073135925795)	('>10', 2.896896182661434)	('>50', 0.8205494113449875)	('>100', 3.621120228326793)	('>500', 4.912593649661077)	('>1k', 4.841241526935426)	('>5k', 0.0)	('>10k+', 79.25080271138066)
SRR1560351	(1.0, 1.6021068802809173)	(2.0, 0.9217601229013498)	(3.0, 0.8723801163173488)	(4.0, 0.6145067486008998)	(5.0, 0.6584000877866784)	(6.0, 0.3621200482826731)	(7.0, 0.1920333589377812)	(8.0, 0.39504005267200704)	(9.0, 0.34566004608800616)	('>10', 1.5856468780862505)	('>50', 0.910786788104905)	('>100', 4.175353890047186)	('>500', 3.379787117304949)	('>1k', 83.98441786458905)	('>5k', 0.0)	('>10k+', 0.0)
SRR1560352	(1.0, 1.9217906987113749)	(2.0, 1.1325634280108796)	(3.0, 0.7624738038970884)	(4.0, 0.6777544923529674)	(5.0, 0.4458911133901101)	(6.0, 0.5618228028715389)	(7.0, 0.3433361573103848)	(8.0, 0.10701386721362643)	(9.0, 0.24078120123065946)	('>10', 2.4033531011726934)	('>50', 0.3834663575154947)	('>100', 4.0174789316448924)	('>500', 7.0004904802247285)	('>1k', 55.81664957417398)	('>5k', 24.185133990279574)	('>10k+', 0.0)
SRR1560353	(1.0, 1.7217957223643887)	(2.0, 0.9414589454396108)	(3.0, 0.7013553217704483)	(4.0, 0.4170220832148612)	(5.0, 0.36331469370991687)	(6.0, 0.36015543550374374)	(7.0, 0.17691845954569868)	(8.0, 0.3285628534420118)	(9.0, 0.2843332385555872)	('>10', 3.4562284775534704)	('>50', 0.8119293589865099)	('>100', 8.789056329573816)	('>500', 5.582409250308028)	('>1k', 15.698354026474584)	('>5k', 24.04195494897798)	('>10k+', 36.32515085457935)
SRR1560354	(1.0, 1.5821540880503144)	(2.0, 0.7763364779874213)	(3.0, 0.6043632075471699)	(4.0, 0.43238993710691825)	(5.0, 0.4913522012578616)	(6.0, 0.6191037735849056)	(7.0, 0.4471305031446541)	(8.0, 0.2358490566037736)	(9.0, 0.486438679245283)	('>10', 1.960495283018868)	('>50', 2.16686320754717)	('>100', 2.9628537735849054)	('>500', 4.201061320754717)	('>1k', 26.35121855345912)	('>5k', 56.68238993710691)	('>10k+', 0.0)
SRR1560355	(1.0, 1.3069103954898778)	(2.0, 0.6662680447595455)	(3.0, 0.5637652686426924)	(4.0, 0.5637652686426924)	(5.0, 0.4270949004868882)	(6.0, 0.2050055522337063)	(7.0, 0.38865635944306826)	(8.0, 0.2391731442726574)	(9.0, 0.07687708208763988)	('>10', 2.3276672076535405)	('>50', 1.1104467412659091)	('>100', 2.7334073631160845)	('>500', 3.391133509865892)	('>1k', 24.6775433501324)	('>5k', 61.322285811907406)	('>10k+', 0.0)
SRR1560356	(1.0, 1.1411877482083352)	(2.0, 0.7668781667960013)	(3.0, 0.4929931072260008)	(4.0, 0.4564750992833341)	(5.0, 0.36518007942666725)	(6.0, 0.38343908339800065)	(7.0, 0.38343908339800065)	(8.0, 0.2921440635413338)	(9.0, 0.2464965536130004)	('>10', 4.0032866207148405)	('>50', 0.8490436846670014)	('>100', 2.725156342721504)	('>500', 0.0)	('>1k', 5.870269776783676)	('>5k', 34.78796731638289)	('>10k+', 47.236043273839414)
SRR1560357	(1.0, 1.407384313900147)	(2.0, 0.7660446265532446)	(3.0, 0.7615908787244466)	(4.0, 0.5522647307709437)	(5.0, 0.5789872177437314)	(6.0, 0.5611722264285396)	(7.0, 0.4052910524206119)	(8.0, 0.32066984367345125)	(9.0, 0.3607535741326326)	('>10', 3.2735046541664814)	('>50', 0.9308332962187681)	('>100', 1.282679374693805)	('>500', 2.961742306150626)	('>1k', 52.834810493029885)	('>5k', 33.002271411392684)	('>10k+', 0.0)
SRR1560358	(1.0, 1.7500441930351778)	(2.0, 1.0017087973602026)	(3.0, 0.6894113487714336)	(4.0, 0.7777974191267456)	(5.0, 0.41246832832478936)	(6.0, 0.4949619939897472)	(7.0, 0.2474809969948736)	(8.0, 0.42425313770549766)	(9.0, 0.265158211065936)	('>10', 2.345177066760945)	('>50', 1.797183430558011)	('>100', 1.9091391196747391)	('>500', 0.0)	('>1k', 56.87938247598845)	('>5k', 31.005833480643453)	('>10k+', 0.0)
