Sample	0	1	2	3	4	5	6	7	8	9	10	11	12	13	14	15	16	17	18	19	20	21	22	23	24	25	26	27	28	29	30	31	32	33	34	35	36	37	38	39	40	41	42	43	44	45	46	47	48	49	50	51	52	53	54	55	56	57	58	59	60	61	62	63	64	65	66	67	68	69	70	71	72	73	74	75	76	77	78	79	80	81	82	83	84	85	86	87	88	89	90	91	92	93	94	95	96	97	98	99	100
SRR1560315	(0.0, 0.0)	(1.0, 0.0)	(2.0, 0.0)	(3.0, 0.0)	(4.0, 0.0)	(5.0, 0.0)	(6.0, 0.0)	(7.0, 0.0)	(8.0, 0.0)	(9.0, 0.0)	(10.0, 0.0)	(11.0, 0.0)	(12.0, 0.0)	(13.0, 0.0)	(14.0, 0.0)	(15.0, 0.0)	(16.0, 0.0)	(17.0, 0.0)	(18.0, 0.0)	(19.0, 0.0)	(20.0, 0.0)	(21.0, 0.0)	(22.0, 0.0)	(23.0, 0.0)	(24.0, 0.0)	(25.0, 0.0)	(26.0, 0.0)	(27.0, 0.0)	(28.0, 0.0)	(29.0, 0.0)	(30.0, 0.0)	(31.0, 0.0)	(32.0, 0.0)	(33.0, 0.0)	(34.0, 0.0)	(35.0, 0.0)	(36.0, 0.0)	(37.0, 0.0)	(38.0, 0.0)	(39.0, 0.0)	(40.0, 0.0)	(41.0, 0.0)	(42.0, 0.0)	(43.0, 0.0)	(44.0, 0.0)	(45.0, 0.0073387890823282224)	(46.0, 0.0073387890823282224)	(47.0, 0.05504091811746166)	(48.0, 0.03791707692536248)	(49.0, 0.855012611359586)	(50.0, 5.696924319320117)	(51.0, 1.5650841383431857)	(52.0, 38.958049210073256)	(53.0, 48.10014185413543)	(54.0, 1.75204852686917)	(55.0, 0.6565304010793941)	(56.0, 1.6650314563215602)	(57.0, 0.3636195257220246)	(58.0, 0.07251422545633839)	(59.0, 0.04805159518191098)	(60.0, 0.03582028004469728)	(61.0, 0.006115657568606851)	(62.0, 0.018346972705820558)	(63.0, 0.036693945411641116)	(64.0, 0.036693945411641116)	(65.0, 0.018346972705820558)	(66.0, 0.0073387890823282224)	(67.0, 0.0)	(68.0, 0.0)	(69.0, 0.0)	(70.0, 0.0)	(71.0, 0.0)	(72.0, 0.0)	(73.0, 0.0)	(74.0, 0.0)	(75.0, 0.0)	(76.0, 0.0)	(77.0, 0.0)	(78.0, 0.0)	(79.0, 0.0)	(80.0, 0.0)	(81.0, 0.0)	(82.0, 0.0)	(83.0, 0.0)	(84.0, 0.0)	(85.0, 0.0)	(86.0, 0.0)	(87.0, 0.0)	(88.0, 0.0)	(89.0, 0.0)	(90.0, 0.0)	(91.0, 0.0)	(92.0, 0.0)	(93.0, 0.0)	(94.0, 0.0)	(95.0, 0.0)	(96.0, 0.0)	(97.0, 0.0)	(98.0, 0.0)	(99.0, 0.0)	(100.0, 0.0)
SRR1560316	(0.0, 0.0)	(1.0, 0.0)	(2.0, 0.0)	(3.0, 0.0)	(4.0, 0.0)	(5.0, 0.0)	(6.0, 0.0)	(7.0, 0.0)	(8.0, 0.0)	(9.0, 0.0)	(10.0, 0.0)	(11.0, 0.0)	(12.0, 0.0)	(13.0, 0.0)	(14.0, 0.0)	(15.0, 0.0)	(16.0, 0.0)	(17.0, 0.0)	(18.0, 0.0)	(19.0, 0.0)	(20.0, 0.0)	(21.0, 0.0)	(22.0, 0.0)	(23.0, 0.0)	(24.0, 0.0)	(25.0, 0.0)	(26.0, 0.0)	(27.0, 0.0)	(28.0, 0.0)	(29.0, 0.0)	(30.0, 0.0)	(31.0, 0.0)	(32.0, 0.0)	(33.0, 0.0)	(34.0, 0.0)	(35.0, 0.0)	(36.0, 0.0)	(37.0, 0.0)	(38.0, 0.0)	(39.0, 0.0)	(40.0, 0.0)	(41.0, 0.007053016743190019)	(42.0, 0.0)	(43.0, 0.0)	(44.0, 0.009404022324253358)	(45.0, 0.009404022324253358)	(46.0, 0.009404022324253358)	(47.0, 0.11755027905316698)	(48.0, 0.13803761340243323)	(49.0, 11.204556741407396)	(50.0, 20.92744259404119)	(51.0, 8.710408506251648)	(52.0, 11.47908702168806)	(53.0, 15.691685993425306)	(54.0, 8.210786234481587)	(55.0, 15.247077252252605)	(56.0, 5.443719837158094)	(57.0, 2.302239008153287)	(58.0, 0.2516695498204948)	(59.0, 0.07321703095311545)	(60.0, 0.03224236225458295)	(61.0, 0.05172212278339348)	(62.0, 0.05172212278339348)	(63.0, 0.014106033486380037)	(64.0, 0.008732306443949548)	(65.0, 0.008732306443949548)	(66.0, 0.0)	(67.0, 0.0)	(68.0, 0.0)	(69.0, 0.0)	(70.0, 0.0)	(71.0, 0.0)	(72.0, 0.0)	(73.0, 0.0)	(74.0, 0.0)	(75.0, 0.0)	(76.0, 0.0)	(77.0, 0.0)	(78.0, 0.0)	(79.0, 0.0)	(80.0, 0.0)	(81.0, 0.0)	(82.0, 0.0)	(83.0, 0.0)	(84.0, 0.0)	(85.0, 0.0)	(86.0, 0.0)	(87.0, 0.0)	(88.0, 0.0)	(89.0, 0.0)	(90.0, 0.0)	(91.0, 0.0)	(92.0, 0.0)	(93.0, 0.0)	(94.0, 0.0)	(95.0, 0.0)	(96.0, 0.0)	(97.0, 0.0)	(98.0, 0.0)	(99.0, 0.0)	(100.0, 0.0)
SRR1560317	(0.0, 0.0)	(1.0, 0.0)	(2.0, 0.0)	(3.0, 0.0)	(4.0, 0.0)	(5.0, 0.0)	(6.0, 0.0)	(7.0, 0.0)	(8.0, 0.0)	(9.0, 0.0)	(10.0, 0.0)	(11.0, 0.0)	(12.0, 0.0)	(13.0, 0.0)	(14.0, 0.0)	(15.0, 0.0)	(16.0, 0.0)	(17.0, 0.0)	(18.0, 0.0)	(19.0, 0.0)	(20.0, 0.0)	(21.0, 0.0)	(22.0, 0.0)	(23.0, 0.0)	(24.0, 0.0)	(25.0, 0.0)	(26.0, 0.0)	(27.0, 0.0)	(28.0, 0.0)	(29.0, 0.0)	(30.0, 0.0)	(31.0, 0.0)	(32.0, 0.0)	(33.0, 0.0)	(34.0, 0.0)	(35.0, 0.0)	(36.0, 0.0)	(37.0, 0.0)	(38.0, 0.0)	(39.0, 0.0)	(40.0, 0.0)	(41.0, 0.0165198669099448)	(42.0, 0.0)	(43.0, 0.0)	(44.0, 0.011013244606629866)	(45.0, 0.005506622303314933)	(46.0, 0.005506622303314933)	(47.0, 0.14317217988618827)	(48.0, 0.2819390619297246)	(49.0, 7.970285121817872)	(50.0, 10.498454087302608)	(51.0, 6.63060258145433)	(52.0, 9.565317604989492)	(53.0, 26.022895319790347)	(54.0, 14.663741863562855)	(55.0, 16.73381229743472)	(56.0, 4.804973733828758)	(57.0, 2.120141363814631)	(58.0, 0.26227255370360003)	(59.0, 0.09203925849826389)	(60.0, 0.07158608994309414)	(61.0, 0.050660925190497384)	(62.0, 0.0330397338198896)	(63.0, 0.0165198669099448)	(64.0, 0.0)	(65.0, 0.0)	(66.0, 0.0)	(67.0, 0.0)	(68.0, 0.0)	(69.0, 0.0)	(70.0, 0.0)	(71.0, 0.0)	(72.0, 0.0)	(73.0, 0.0)	(74.0, 0.0)	(75.0, 0.0)	(76.0, 0.0)	(77.0, 0.0)	(78.0, 0.0)	(79.0, 0.0)	(80.0, 0.0)	(81.0, 0.0)	(82.0, 0.0)	(83.0, 0.0)	(84.0, 0.0)	(85.0, 0.0)	(86.0, 0.0)	(87.0, 0.0)	(88.0, 0.0)	(89.0, 0.0)	(90.0, 0.0)	(91.0, 0.0)	(92.0, 0.0)	(93.0, 0.0)	(94.0, 0.0)	(95.0, 0.0)	(96.0, 0.0)	(97.0, 0.0)	(98.0, 0.0)	(99.0, 0.0)	(100.0, 0.0)
SRR1560318	(0.0, 0.0)	(1.0, 0.0)	(2.0, 0.0)	(3.0, 0.0)	(4.0, 0.0)	(5.0, 0.0)	(6.0, 0.0)	(7.0, 0.0)	(8.0, 0.0)	(9.0, 0.0)	(10.0, 0.0)	(11.0, 0.0)	(12.0, 0.0)	(13.0, 0.0)	(14.0, 0.0)	(15.0, 0.0)	(16.0, 0.0)	(17.0, 0.0)	(18.0, 0.0)	(19.0, 0.0)	(20.0, 0.0)	(21.0, 0.0)	(22.0, 0.0)	(23.0, 0.0)	(24.0, 0.0)	(25.0, 0.0)	(26.0, 0.0)	(27.0, 0.0)	(28.0, 0.0)	(29.0, 0.0)	(30.0, 0.0)	(31.0, 0.0)	(32.0, 0.0)	(33.0, 0.0)	(34.0, 0.0)	(35.0, 0.0)	(36.0, 0.0)	(37.0, 0.0)	(38.0, 0.12988023702112517)	(39.0, 0.25976047404225033)	(40.0, 1.5585628442535022)	(41.0, 1.482799372657846)	(42.0, 0.07576347159565636)	(43.0, 0.036077843616979216)	(44.0, 0.04329341234037506)	(45.0, 0.04329341234037506)	(46.0, 0.11184131521263556)	(47.0, 0.5570419054461591)	(48.0, 0.3265560245102576)	(49.0, 0.5916766353184589)	(50.0, 7.589541342374086)	(51.0, 3.777040988038162)	(52.0, 15.033328196535841)	(53.0, 14.64513059921709)	(54.0, 4.509421213462845)	(55.0, 10.484015195987597)	(56.0, 28.691368994391674)	(57.0, 8.84097865789383)	(58.0, 0.7135166671906569)	(59.0, 0.33171000216982616)	(60.0, 0.10823353085093765)	(61.0, 0.04329341234037506)	(62.0, 0.015874251191470855)	(63.0, 0.0)	(64.0, 0.0)	(65.0, 0.0)	(66.0, 0.0)	(67.0, 0.0)	(68.0, 0.0)	(69.0, 0.0)	(70.0, 0.0)	(71.0, 0.0)	(72.0, 0.0)	(73.0, 0.0)	(74.0, 0.0)	(75.0, 0.0)	(76.0, 0.0)	(77.0, 0.0)	(78.0, 0.0)	(79.0, 0.0)	(80.0, 0.0)	(81.0, 0.0)	(82.0, 0.0)	(83.0, 0.0)	(84.0, 0.0)	(85.0, 0.0)	(86.0, 0.0)	(87.0, 0.0)	(88.0, 0.0)	(89.0, 0.0)	(90.0, 0.0)	(91.0, 0.0)	(92.0, 0.0)	(93.0, 0.0)	(94.0, 0.0)	(95.0, 0.0)	(96.0, 0.0)	(97.0, 0.0)	(98.0, 0.0)	(99.0, 0.0)	(100.0, 0.0)
SRR1560319	(0.0, 0.0)	(1.0, 0.0)	(2.0, 0.0)	(3.0, 0.0)	(4.0, 0.0)	(5.0, 0.0)	(6.0, 0.0)	(7.0, 0.0)	(8.0, 0.0)	(9.0, 0.0)	(10.0, 0.0)	(11.0, 0.0)	(12.0, 0.0)	(13.0, 0.0)	(14.0, 0.0)	(15.0, 0.0)	(16.0, 0.0)	(17.0, 0.0)	(18.0, 0.0)	(19.0, 0.0)	(20.0, 0.0)	(21.0, 0.0)	(22.0, 0.0)	(23.0, 0.0)	(24.0, 0.0)	(25.0, 0.0)	(26.0, 0.0)	(27.0, 0.0)	(28.0, 0.0)	(29.0, 0.0)	(30.0, 0.0)	(31.0, 0.0)	(32.0, 0.0)	(33.0, 0.0)	(34.0, 0.0)	(35.0, 0.0)	(36.0, 0.0)	(37.0, 0.0)	(38.0, 0.0)	(39.0, 0.0)	(40.0, 0.0)	(41.0, 0.0)	(42.0, 0.0)	(43.0, 0.0)	(44.0, 0.0)	(45.0, 0.015750773577765886)	(46.0, 0.14700722005914826)	(47.0, 0.7035345531402097)	(48.0, 1.500561198017015)	(49.0, 2.9811339143270152)	(50.0, 16.395317733673835)	(51.0, 23.237528779537595)	(52.0, 9.507466946274254)	(53.0, 11.910261092596123)	(54.0, 16.175594442263545)	(55.0, 10.63589736759577)	(56.0, 3.568937783512518)	(57.0, 2.3200639467770108)	(58.0, 0.5586274362247631)	(59.0, 0.14805727163099933)	(60.0, 0.06825335217031883)	(61.0, 0.03675180501478707)	(62.0, 0.03150154715553177)	(63.0, 0.015750773577765886)	(64.0, 0.0)	(65.0, 0.017850876721468005)	(66.0, 0.0)	(67.0, 0.01155056729036165)	(68.0, 0.006300309431106355)	(69.0, 0.006300309431106355)	(70.0, 0.0)	(71.0, 0.0)	(72.0, 0.0)	(73.0, 0.0)	(74.0, 0.0)	(75.0, 0.0)	(76.0, 0.0)	(77.0, 0.0)	(78.0, 0.0)	(79.0, 0.0)	(80.0, 0.0)	(81.0, 0.0)	(82.0, 0.0)	(83.0, 0.0)	(84.0, 0.0)	(85.0, 0.0)	(86.0, 0.0)	(87.0, 0.0)	(88.0, 0.0)	(89.0, 0.0)	(90.0, 0.0)	(91.0, 0.0)	(92.0, 0.0)	(93.0, 0.0)	(94.0, 0.0)	(95.0, 0.0)	(96.0, 0.0)	(97.0, 0.0)	(98.0, 0.0)	(99.0, 0.0)	(100.0, 0.0)
SRR1560320	(0.0, 0.0)	(1.0, 0.0)	(2.0, 0.0)	(3.0, 0.0)	(4.0, 0.0)	(5.0, 0.0)	(6.0, 0.0)	(7.0, 0.0)	(8.0, 0.0)	(9.0, 0.0)	(10.0, 0.0)	(11.0, 0.0)	(12.0, 0.0)	(13.0, 0.0)	(14.0, 0.0)	(15.0, 0.0)	(16.0, 0.0)	(17.0, 0.0)	(18.0, 0.0)	(19.0, 0.0)	(20.0, 0.0)	(21.0, 0.0)	(22.0, 0.0)	(23.0, 0.0)	(24.0, 0.0)	(25.0, 0.0)	(26.0, 0.0)	(27.0, 0.0)	(28.0, 0.0)	(29.0, 0.0)	(30.0, 0.0)	(31.0, 0.0)	(32.0, 0.0)	(33.0, 0.0)	(34.0, 0.0)	(35.0, 0.0)	(36.0, 0.0)	(37.0, 0.0)	(38.0, 0.0)	(39.0, 0.0)	(40.0, 0.04499316532393384)	(41.0, 0.04499316532393384)	(42.0, 0.029995443549289225)	(43.0, 0.049992405915482034)	(44.0, 0.019996962366192816)	(45.0, 0.0)	(46.0, 0.019996962366192816)	(47.0, 0.38565570277657574)	(48.0, 0.7821668994090845)	(49.0, 1.779872486036635)	(50.0, 35.175751873882234)	(51.0, 7.773343001705959)	(52.0, 19.580168536303304)	(53.0, 17.419496752635936)	(54.0, 7.611415218354944)	(55.0, 5.148217961176354)	(56.0, 1.9117810199307708)	(57.0, 1.2463106794729675)	(58.0, 0.4619298306590543)	(59.0, 0.13397964785349187)	(60.0, 0.12398116667039547)	(61.0, 0.019996962366192816)	(62.0, 0.029995443549289225)	(63.0, 0.029995443549289225)	(64.0, 0.009998481183096408)	(65.0, 0.033994836022527786)	(66.0, 0.08398724193800983)	(67.0, 0.035994532259147075)	(68.0, 0.01199817741971569)	(69.0, 0.0)	(70.0, 0.0)	(71.0, 0.0)	(72.0, 0.0)	(73.0, 0.0)	(74.0, 0.0)	(75.0, 0.0)	(76.0, 0.0)	(77.0, 0.0)	(78.0, 0.0)	(79.0, 0.0)	(80.0, 0.0)	(81.0, 0.0)	(82.0, 0.0)	(83.0, 0.0)	(84.0, 0.0)	(85.0, 0.0)	(86.0, 0.0)	(87.0, 0.0)	(88.0, 0.0)	(89.0, 0.0)	(90.0, 0.0)	(91.0, 0.0)	(92.0, 0.0)	(93.0, 0.0)	(94.0, 0.0)	(95.0, 0.0)	(96.0, 0.0)	(97.0, 0.0)	(98.0, 0.0)	(99.0, 0.0)	(100.0, 0.0)
SRR1560321	(0.0, 0.0)	(1.0, 0.0)	(2.0, 0.0)	(3.0, 0.0)	(4.0, 0.0)	(5.0, 0.0)	(6.0, 0.0)	(7.0, 0.0)	(8.0, 0.0)	(9.0, 0.0)	(10.0, 0.0)	(11.0, 0.0)	(12.0, 0.0)	(13.0, 0.0)	(14.0, 0.0)	(15.0, 0.0)	(16.0, 0.0)	(17.0, 0.0)	(18.0, 0.0)	(19.0, 0.0)	(20.0, 0.0)	(21.0, 0.0)	(22.0, 0.0)	(23.0, 0.0)	(24.0, 0.0)	(25.0, 0.0)	(26.0, 0.0)	(27.0, 0.0)	(28.0, 0.0)	(29.0, 0.0)	(30.0, 0.0)	(31.0, 0.0)	(32.0, 0.0)	(33.0, 0.0)	(34.0, 0.0)	(35.0, 0.0)	(36.0, 0.0)	(37.0, 0.0)	(38.0, 0.0)	(39.0, 0.0)	(40.0, 0.009211691244580027)	(41.0, 0.018423382489160055)	(42.0, 0.0)	(43.0, 0.0)	(44.0, 0.0)	(45.0, 0.09825803994218697)	(46.0, 0.2333628448626941)	(47.0, 0.5211185332648126)	(48.0, 1.12136988084021)	(49.0, 1.8249676311405096)	(50.0, 4.825522525875086)	(51.0, 4.3439703997655625)	(52.0, 21.384985089489227)	(53.0, 41.47642940225513)	(54.0, 12.589574558771133)	(55.0, 5.58142221201958)	(56.0, 2.264716225078193)	(57.0, 1.6121336981943095)	(58.0, 0.628851455629996)	(59.0, 0.48433025521502965)	(60.0, 0.46426923872683323)	(61.0, 0.20634188387859262)	(62.0, 0.08351933395085892)	(63.0, 0.042987892474706794)	(64.0, 0.03684676497832011)	(65.0, 0.018423382489160055)	(66.0, 0.10685561843712835)	(67.0, 0.014738705991328047)	(68.0, 0.0073693529956640235)	(69.0, 0.0)	(70.0, 0.0)	(71.0, 0.0)	(72.0, 0.0)	(73.0, 0.0)	(74.0, 0.0)	(75.0, 0.0)	(76.0, 0.0)	(77.0, 0.0)	(78.0, 0.0)	(79.0, 0.0)	(80.0, 0.0)	(81.0, 0.0)	(82.0, 0.0)	(83.0, 0.0)	(84.0, 0.0)	(85.0, 0.0)	(86.0, 0.0)	(87.0, 0.0)	(88.0, 0.0)	(89.0, 0.0)	(90.0, 0.0)	(91.0, 0.0)	(92.0, 0.0)	(93.0, 0.0)	(94.0, 0.0)	(95.0, 0.0)	(96.0, 0.0)	(97.0, 0.0)	(98.0, 0.0)	(99.0, 0.0)	(100.0, 0.0)
SRR1560322	(0.0, 0.0)	(1.0, 0.0)	(2.0, 0.0)	(3.0, 0.0)	(4.0, 0.0)	(5.0, 0.0)	(6.0, 0.0)	(7.0, 0.0)	(8.0, 0.0)	(9.0, 0.0)	(10.0, 0.0)	(11.0, 0.0)	(12.0, 0.0)	(13.0, 0.0)	(14.0, 0.0)	(15.0, 0.0)	(16.0, 0.0)	(17.0, 0.0)	(18.0, 0.0)	(19.0, 0.0)	(20.0, 0.0)	(21.0, 0.0)	(22.0, 0.0)	(23.0, 0.0)	(24.0, 0.0)	(25.0, 0.0)	(26.0, 0.0)	(27.0, 0.0)	(28.0, 0.0)	(29.0, 0.0)	(30.0, 0.0)	(31.0, 0.0)	(32.0, 0.0)	(33.0, 0.0)	(34.0, 0.0)	(35.0, 0.0)	(36.0, 0.0)	(37.0, 0.0)	(38.0, 0.0)	(39.0, 0.0)	(40.0, 0.0)	(41.0, 0.0)	(42.0, 0.0)	(43.0, 0.0)	(44.0, 0.0)	(45.0, 0.011947439644288469)	(46.0, 0.056750338310370234)	(47.0, 0.358423189328654)	(48.0, 0.242533024779056)	(49.0, 0.17955295008273534)	(50.0, 2.7888737683953355)	(51.0, 1.4234520947623686)	(52.0, 3.7029382400380353)	(53.0, 39.34464104189298)	(54.0, 28.116507086887143)	(55.0, 20.920308172567758)	(56.0, 1.5012811301594475)	(57.0, 0.6443083522455565)	(58.0, 0.36439690915079836)	(59.0, 0.22222237738376555)	(60.0, 0.05495822236372696)	(61.0, 0.023894879288576937)	(62.0, 0.0)	(63.0, 0.0)	(64.0, 0.0)	(65.0, 0.0)	(66.0, 0.02150539135971925)	(67.0, 0.014336927573146165)	(68.0, 0.007168463786573083)	(69.0, 0.0)	(70.0, 0.0)	(71.0, 0.0)	(72.0, 0.0)	(73.0, 0.0)	(74.0, 0.0)	(75.0, 0.0)	(76.0, 0.0)	(77.0, 0.0)	(78.0, 0.0)	(79.0, 0.0)	(80.0, 0.0)	(81.0, 0.0)	(82.0, 0.0)	(83.0, 0.0)	(84.0, 0.0)	(85.0, 0.0)	(86.0, 0.0)	(87.0, 0.0)	(88.0, 0.0)	(89.0, 0.0)	(90.0, 0.0)	(91.0, 0.0)	(92.0, 0.0)	(93.0, 0.0)	(94.0, 0.0)	(95.0, 0.0)	(96.0, 0.0)	(97.0, 0.0)	(98.0, 0.0)	(99.0, 0.0)	(100.0, 0.0)
SRR1560323	(0.0, 0.0)	(1.0, 0.0)	(2.0, 0.0)	(3.0, 0.0)	(4.0, 0.0)	(5.0, 0.0)	(6.0, 0.0)	(7.0, 0.0)	(8.0, 0.0)	(9.0, 0.0)	(10.0, 0.0)	(11.0, 0.0)	(12.0, 0.0)	(13.0, 0.0)	(14.0, 0.0)	(15.0, 0.0)	(16.0, 0.0)	(17.0, 0.0)	(18.0, 0.0)	(19.0, 0.0)	(20.0, 0.0)	(21.0, 0.0)	(22.0, 0.0)	(23.0, 0.0)	(24.0, 0.0)	(25.0, 0.0)	(26.0, 0.0)	(27.0, 0.0)	(28.0, 0.0)	(29.0, 0.0)	(30.0, 0.0)	(31.0, 0.0)	(32.0, 0.0)	(33.0, 0.0)	(34.0, 0.0)	(35.0, 0.0)	(36.0, 0.0)	(37.0, 0.0)	(38.0, 0.0)	(39.0, 0.0)	(40.0, 0.0)	(41.0, 0.012143332963250793)	(42.0, 0.0)	(43.0, 0.0)	(44.0, 0.016191110617667724)	(45.0, 0.025905776988268358)	(46.0, 0.0)	(47.0, 0.1190046630398578)	(48.0, 0.14733910662077626)	(49.0, 8.527857962325523)	(50.0, 10.270021464786478)	(51.0, 7.961978646238077)	(52.0, 28.94427019725418)	(53.0, 3.013050035157826)	(54.0, 7.496484215980156)	(55.0, 29.542126956811487)	(56.0, 2.330421246437953)	(57.0, 1.060517745457236)	(58.0, 0.31734576810628745)	(59.0, 0.09714666370600634)	(60.0, 0.04857333185300317)	(61.0, 0.024286665926501586)	(62.0, 0.0)	(63.0, 0.0)	(64.0, 0.0)	(65.0, 0.016191110617667724)	(66.0, 0.0)	(67.0, 0.009714666370600636)	(68.0, 0.01942933274120127)	(69.0, 0.0)	(70.0, 0.0)	(71.0, 0.0)	(72.0, 0.0)	(73.0, 0.0)	(74.0, 0.0)	(75.0, 0.0)	(76.0, 0.0)	(77.0, 0.0)	(78.0, 0.0)	(79.0, 0.0)	(80.0, 0.0)	(81.0, 0.0)	(82.0, 0.0)	(83.0, 0.0)	(84.0, 0.0)	(85.0, 0.0)	(86.0, 0.0)	(87.0, 0.0)	(88.0, 0.0)	(89.0, 0.0)	(90.0, 0.0)	(91.0, 0.0)	(92.0, 0.0)	(93.0, 0.0)	(94.0, 0.0)	(95.0, 0.0)	(96.0, 0.0)	(97.0, 0.0)	(98.0, 0.0)	(99.0, 0.0)	(100.0, 0.0)
SRR1560324	(0.0, 0.0)	(1.0, 0.0)	(2.0, 0.0)	(3.0, 0.0)	(4.0, 0.0)	(5.0, 0.0)	(6.0, 0.0)	(7.0, 0.0)	(8.0, 0.0)	(9.0, 0.0)	(10.0, 0.0)	(11.0, 0.0)	(12.0, 0.0)	(13.0, 0.0)	(14.0, 0.0)	(15.0, 0.0)	(16.0, 0.0)	(17.0, 0.0)	(18.0, 0.0)	(19.0, 0.0)	(20.0, 0.0)	(21.0, 0.0)	(22.0, 0.0)	(23.0, 0.0)	(24.0, 0.0)	(25.0, 0.0)	(26.0, 0.0)	(27.0, 0.0)	(28.0, 0.0)	(29.0, 0.0)	(30.0, 0.0)	(31.0, 0.0)	(32.0, 0.0)	(33.0, 0.0)	(34.0, 0.0)	(35.0, 0.0)	(36.0, 0.0)	(37.0, 0.0)	(38.0, 0.01389527733008594)	(39.0, 0.01389527733008594)	(40.0, 0.02779055466017188)	(41.0, 0.02779055466017188)	(42.0, 0.0)	(43.0, 0.0)	(44.0, 0.01389527733008594)	(45.0, 0.01389527733008594)	(46.0, 0.009263518220057294)	(47.0, 0.034738193325214856)	(48.0, 0.08337166398051564)	(49.0, 1.9340241003861163)	(50.0, 3.7669435161990457)	(51.0, 3.6917766826420095)	(52.0, 21.304106866512317)	(53.0, 24.581506528775765)	(54.0, 17.35104483262151)	(55.0, 23.708033956608123)	(56.0, 1.9573483159044582)	(57.0, 0.8895624210746453)	(58.0, 0.40852115350452667)	(59.0, 0.14358453241088803)	(60.0, 0.01389527733008594)	(61.0, 0.0)	(62.0, 0.0)	(63.0, 0.0055581109320343765)	(64.0, 0.0055581109320343765)	(65.0, 0.0)	(66.0, 0.0)	(67.0, 0.0)	(68.0, 0.0)	(69.0, 0.0)	(70.0, 0.0)	(71.0, 0.0)	(72.0, 0.0)	(73.0, 0.0)	(74.0, 0.0)	(75.0, 0.0)	(76.0, 0.0)	(77.0, 0.0)	(78.0, 0.0)	(79.0, 0.0)	(80.0, 0.0)	(81.0, 0.0)	(82.0, 0.0)	(83.0, 0.0)	(84.0, 0.0)	(85.0, 0.0)	(86.0, 0.0)	(87.0, 0.0)	(88.0, 0.0)	(89.0, 0.0)	(90.0, 0.0)	(91.0, 0.0)	(92.0, 0.0)	(93.0, 0.0)	(94.0, 0.0)	(95.0, 0.0)	(96.0, 0.0)	(97.0, 0.0)	(98.0, 0.0)	(99.0, 0.0)	(100.0, 0.0)
SRR1560325	(0.0, 0.0)	(1.0, 0.0)	(2.0, 0.0)	(3.0, 0.0)	(4.0, 0.0)	(5.0, 0.0)	(6.0, 0.0)	(7.0, 0.0)	(8.0, 0.0)	(9.0, 0.0)	(10.0, 0.0)	(11.0, 0.0)	(12.0, 0.0)	(13.0, 0.0)	(14.0, 0.0)	(15.0, 0.0)	(16.0, 0.0)	(17.0, 0.0)	(18.0, 0.0)	(19.0, 0.0)	(20.0, 0.0)	(21.0, 0.0)	(22.0, 0.0)	(23.0, 0.0)	(24.0, 0.0)	(25.0, 0.0)	(26.0, 0.0)	(27.0, 0.0)	(28.0, 0.0)	(29.0, 0.0)	(30.0, 0.0)	(31.0, 0.0)	(32.0, 0.0)	(33.0, 0.0)	(34.0, 0.0)	(35.0, 0.0)	(36.0, 0.0)	(37.0, 0.0)	(38.0, 0.0)	(39.0, 0.0)	(40.0, 0.0)	(41.0, 0.0)	(42.0, 0.0)	(43.0, 0.0)	(44.0, 0.009821800751697444)	(45.0, 0.0)	(46.0, 0.0)	(47.0, 0.17433696334262966)	(48.0, 0.2367053981159086)	(49.0, 16.153915696316425)	(50.0, 18.481682474469125)	(51.0, 8.900375529748894)	(52.0, 20.342856316780985)	(53.0, 3.9191684931514406)	(54.0, 6.2563467673918645)	(55.0, 21.521108872800745)	(56.0, 2.0154685921081423)	(57.0, 1.090500506317037)	(58.0, 0.41939089209748076)	(59.0, 0.19741819510911865)	(60.0, 0.11786160902036934)	(61.0, 0.12277250939621807)	(62.0, 0.034376302630941054)	(63.0, 0.0)	(64.0, 0.0)	(65.0, 0.0)	(66.0, 0.0)	(67.0, 0.0058930804510184676)	(68.0, 0.0)	(69.0, 0.0)	(70.0, 0.0)	(71.0, 0.0)	(72.0, 0.0)	(73.0, 0.0)	(74.0, 0.0)	(75.0, 0.0)	(76.0, 0.0)	(77.0, 0.0)	(78.0, 0.0)	(79.0, 0.0)	(80.0, 0.0)	(81.0, 0.0)	(82.0, 0.0)	(83.0, 0.0)	(84.0, 0.0)	(85.0, 0.0)	(86.0, 0.0)	(87.0, 0.0)	(88.0, 0.0)	(89.0, 0.0)	(90.0, 0.0)	(91.0, 0.0)	(92.0, 0.0)	(93.0, 0.0)	(94.0, 0.0)	(95.0, 0.0)	(96.0, 0.0)	(97.0, 0.0)	(98.0, 0.0)	(99.0, 0.0)	(100.0, 0.0)
SRR1560326	(0.0, 0.0)	(1.0, 0.0)	(2.0, 0.0)	(3.0, 0.0)	(4.0, 0.0)	(5.0, 0.0)	(6.0, 0.0)	(7.0, 0.0)	(8.0, 0.0)	(9.0, 0.0)	(10.0, 0.0)	(11.0, 0.0)	(12.0, 0.0)	(13.0, 0.0)	(14.0, 0.0)	(15.0, 0.0)	(16.0, 0.0)	(17.0, 0.0)	(18.0, 0.0)	(19.0, 0.0)	(20.0, 0.0)	(21.0, 0.0)	(22.0, 0.0)	(23.0, 0.0)	(24.0, 0.0)	(25.0, 0.0)	(26.0, 0.0)	(27.0, 0.0)	(28.0, 0.0)	(29.0, 0.0)	(30.0, 0.0)	(31.0, 0.0)	(32.0, 0.0)	(33.0, 0.0)	(34.0, 0.0)	(35.0, 0.0)	(36.0, 0.0)	(37.0, 0.0)	(38.0, 0.0)	(39.0, 0.0)	(40.0, 0.0)	(41.0, 0.0)	(42.0, 0.0)	(43.0, 0.0)	(44.0, 0.018968139246615747)	(45.0, 0.056904417739847245)	(46.0, 0.21406900006894922)	(47.0, 0.8282754137688881)	(48.0, 1.182708644262795)	(49.0, 2.0008677171001508)	(50.0, 7.05903818286429)	(51.0, 12.21548167482059)	(52.0, 26.737218108611)	(53.0, 9.978776759753933)	(54.0, 9.34695707389643)	(55.0, 21.072247835901518)	(56.0, 3.6007549921583735)	(57.0, 3.1983895748698337)	(58.0, 0.9601491437691688)	(59.0, 0.24062439501421123)	(60.0, 0.412240892959782)	(61.0, 0.32878108027467307)	(62.0, 0.05058170465764199)	(63.0, 0.026555394945262045)	(64.0, 0.11633792071257655)	(65.0, 0.03920082110967254)	(66.0, 0.13404151734275133)	(67.0, 0.12898334687698712)	(68.0, 0.051846247274083046)	(69.0, 0.0)	(70.0, 0.0)	(71.0, 0.0)	(72.0, 0.0)	(73.0, 0.0)	(74.0, 0.0)	(75.0, 0.0)	(76.0, 0.0)	(77.0, 0.0)	(78.0, 0.0)	(79.0, 0.0)	(80.0, 0.0)	(81.0, 0.0)	(82.0, 0.0)	(83.0, 0.0)	(84.0, 0.0)	(85.0, 0.0)	(86.0, 0.0)	(87.0, 0.0)	(88.0, 0.0)	(89.0, 0.0)	(90.0, 0.0)	(91.0, 0.0)	(92.0, 0.0)	(93.0, 0.0)	(94.0, 0.0)	(95.0, 0.0)	(96.0, 0.0)	(97.0, 0.0)	(98.0, 0.0)	(99.0, 0.0)	(100.0, 0.0)
SRR1560327	(0.0, 0.0)	(1.0, 0.0)	(2.0, 0.0)	(3.0, 0.0)	(4.0, 0.0)	(5.0, 0.0)	(6.0, 0.0)	(7.0, 0.0)	(8.0, 0.0)	(9.0, 0.0)	(10.0, 0.0)	(11.0, 0.0)	(12.0, 0.0)	(13.0, 0.0)	(14.0, 0.0)	(15.0, 0.0)	(16.0, 0.0)	(17.0, 0.0)	(18.0, 0.0)	(19.0, 0.0)	(20.0, 0.0)	(21.0, 0.0)	(22.0, 0.0)	(23.0, 0.0)	(24.0, 0.0)	(25.0, 0.0)	(26.0, 0.0)	(27.0, 0.0)	(28.0, 0.0)	(29.0, 0.0)	(30.0, 0.0)	(31.0, 0.0)	(32.0, 0.0)	(33.0, 0.0)	(34.0, 0.0)	(35.0, 0.0)	(36.0, 0.0)	(37.0, 0.0)	(38.0, 0.0)	(39.0, 0.0)	(40.0, 0.0)	(41.0, 0.0)	(42.0, 0.0)	(43.0, 0.0)	(44.0, 0.0)	(45.0, 0.016554740021602905)	(46.0, 0.016554740021602905)	(47.0, 0.07725545343414689)	(48.0, 0.09991968084467466)	(49.0, 0.26050065905422304)	(50.0, 0.7670362876676021)	(51.0, 1.2145660929182671)	(52.0, 1.7761265240796367)	(53.0, 2.467799328601279)	(54.0, 43.877392442115784)	(55.0, 47.00112855311116)	(56.0, 1.6713586693714921)	(57.0, 0.5830421771417857)	(58.0, 0.06621896008641162)	(59.0, 0.03310948004320581)	(60.0, 0.03862772671707345)	(61.0, 0.014046446078935798)	(62.0, 0.0)	(63.0, 0.0055182466738676345)	(64.0, 0.0)	(65.0, 0.006621896008641163)	(66.0, 0.006621896008641163)	(67.0, 0.0)	(68.0, 0.0)	(69.0, 0.0)	(70.0, 0.0)	(71.0, 0.0)	(72.0, 0.0)	(73.0, 0.0)	(74.0, 0.0)	(75.0, 0.0)	(76.0, 0.0)	(77.0, 0.0)	(78.0, 0.0)	(79.0, 0.0)	(80.0, 0.0)	(81.0, 0.0)	(82.0, 0.0)	(83.0, 0.0)	(84.0, 0.0)	(85.0, 0.0)	(86.0, 0.0)	(87.0, 0.0)	(88.0, 0.0)	(89.0, 0.0)	(90.0, 0.0)	(91.0, 0.0)	(92.0, 0.0)	(93.0, 0.0)	(94.0, 0.0)	(95.0, 0.0)	(96.0, 0.0)	(97.0, 0.0)	(98.0, 0.0)	(99.0, 0.0)	(100.0, 0.0)
SRR1560328	(0.0, 0.0)	(1.0, 0.0)	(2.0, 0.0)	(3.0, 0.0)	(4.0, 0.0)	(5.0, 0.0)	(6.0, 0.0)	(7.0, 0.0)	(8.0, 0.0)	(9.0, 0.0)	(10.0, 0.0)	(11.0, 0.0)	(12.0, 0.0)	(13.0, 0.0)	(14.0, 0.0)	(15.0, 0.0)	(16.0, 0.0)	(17.0, 0.0)	(18.0, 0.0)	(19.0, 0.0)	(20.0, 0.0)	(21.0, 0.0)	(22.0, 0.0)	(23.0, 0.0)	(24.0, 0.0)	(25.0, 0.0)	(26.0, 0.0)	(27.0, 0.0)	(28.0, 0.0)	(29.0, 0.0)	(30.0, 0.0)	(31.0, 0.0)	(32.0, 0.0)	(33.0, 0.0)	(34.0, 0.0)	(35.0, 0.0)	(36.0, 0.0)	(37.0, 0.0)	(38.0, 0.0)	(39.0, 0.0)	(40.0, 0.007977476437832033)	(41.0, 0.005522868303114484)	(42.0, 0.03743277405444262)	(43.0, 0.01943231439984726)	(44.0, 0.012273040673587744)	(45.0, 0.014523098130412164)	(46.0, 0.03313720981868691)	(47.0, 2.274515873595355)	(48.0, 0.5279160781167531)	(49.0, 0.4206438583245135)	(50.0, 34.160640173488034)	(51.0, 10.028184648286343)	(52.0, 9.483802240599466)	(53.0, 15.957699699053626)	(54.0, 7.209802613953414)	(55.0, 5.47590931177546)	(56.0, 9.091751644891868)	(57.0, 4.601455163782239)	(58.0, 0.4164067371395843)	(59.0, 0.1645171880769024)	(60.0, 0.037228223376549484)	(61.0, 0.0020455067789312904)	(62.0, 0.012273040673587742)	(63.0, 0.0)	(64.0, 0.0)	(65.0, 0.0)	(66.0, 0.0)	(67.0, 0.004909216269435098)	(68.0, 0.0)	(69.0, 0.0)	(70.0, 0.0)	(71.0, 0.0)	(72.0, 0.0)	(73.0, 0.0)	(74.0, 0.0)	(75.0, 0.0)	(76.0, 0.0)	(77.0, 0.0)	(78.0, 0.0)	(79.0, 0.0)	(80.0, 0.0)	(81.0, 0.0)	(82.0, 0.0)	(83.0, 0.0)	(84.0, 0.0)	(85.0, 0.0)	(86.0, 0.0)	(87.0, 0.0)	(88.0, 0.0)	(89.0, 0.0)	(90.0, 0.0)	(91.0, 0.0)	(92.0, 0.0)	(93.0, 0.0)	(94.0, 0.0)	(95.0, 0.0)	(96.0, 0.0)	(97.0, 0.0)	(98.0, 0.0)	(99.0, 0.0)	(100.0, 0.0)
SRR1560329	(0.0, 0.0)	(1.0, 0.0)	(2.0, 0.0)	(3.0, 0.0)	(4.0, 0.0)	(5.0, 0.0)	(6.0, 0.0)	(7.0, 0.0)	(8.0, 0.0)	(9.0, 0.0)	(10.0, 0.0)	(11.0, 0.0)	(12.0, 0.0)	(13.0, 0.0)	(14.0, 0.0)	(15.0, 0.0)	(16.0, 0.0)	(17.0, 0.0)	(18.0, 0.0)	(19.0, 0.0)	(20.0, 0.0)	(21.0, 0.0)	(22.0, 0.0)	(23.0, 0.0)	(24.0, 0.0)	(25.0, 0.0)	(26.0, 0.0)	(27.0, 0.0)	(28.0, 0.0)	(29.0, 0.0)	(30.0, 0.0)	(31.0, 0.0)	(32.0, 0.0)	(33.0, 0.007044802005420259)	(34.0, 0.02113440601626078)	(35.0, 0.0)	(36.0, 0.0)	(37.0, 0.0)	(38.0, 0.0)	(39.0, 0.008806002506775323)	(40.0, 0.2553740726964843)	(41.0, 0.32582209275068696)	(42.0, 0.06868681955284751)	(43.0, 0.06164201754742725)	(44.0, 0.0440300125338766)	(45.0, 0.0217214728500458)	(46.0, 0.244806869688354)	(47.0, 3.225345184814912)	(48.0, 1.5012137606788392)	(49.0, 4.22688120325219)	(50.0, 8.65814553135186)	(51.0, 4.041116483704499)	(52.0, 13.64959741891895)	(53.0, 15.761402620079703)	(54.0, 6.075554662841158)	(55.0, 9.298761247047132)	(56.0, 14.537913405125833)	(57.0, 16.144841129231562)	(58.0, 1.0166320227345773)	(59.0, 0.4969940081442908)	(60.0, 0.1262193692637796)	(61.0, 0.0)	(62.0, 0.0)	(63.0, 0.017612005013550647)	(64.0, 0.03757227736224138)	(65.0, 0.057868016473094974)	(66.0, 0.046126679797394536)	(67.0, 0.02113440601626078)	(68.0, 0.0)	(69.0, 0.0)	(70.0, 0.0)	(71.0, 0.0)	(72.0, 0.0)	(73.0, 0.0)	(74.0, 0.0)	(75.0, 0.0)	(76.0, 0.0)	(77.0, 0.0)	(78.0, 0.0)	(79.0, 0.0)	(80.0, 0.0)	(81.0, 0.0)	(82.0, 0.0)	(83.0, 0.0)	(84.0, 0.0)	(85.0, 0.0)	(86.0, 0.0)	(87.0, 0.0)	(88.0, 0.0)	(89.0, 0.0)	(90.0, 0.0)	(91.0, 0.0)	(92.0, 0.0)	(93.0, 0.0)	(94.0, 0.0)	(95.0, 0.0)	(96.0, 0.0)	(97.0, 0.0)	(98.0, 0.0)	(99.0, 0.0)	(100.0, 0.0)
SRR1560330	(0.0, 0.0)	(1.0, 0.0)	(2.0, 0.0)	(3.0, 0.0)	(4.0, 0.0)	(5.0, 0.0)	(6.0, 0.0)	(7.0, 0.0)	(8.0, 0.0)	(9.0, 0.0)	(10.0, 0.0)	(11.0, 0.0)	(12.0, 0.0)	(13.0, 0.0)	(14.0, 0.0)	(15.0, 0.0)	(16.0, 0.0)	(17.0, 0.0)	(18.0, 0.0)	(19.0, 0.0)	(20.0, 0.0)	(21.0, 0.0)	(22.0, 0.0)	(23.0, 0.0)	(24.0, 0.0)	(25.0, 0.0)	(26.0, 0.0)	(27.0, 0.0)	(28.0, 0.0)	(29.0, 0.0)	(30.0, 0.0)	(31.0, 0.0)	(32.0, 0.0)	(33.0, 0.006554882354582115)	(34.0, 0.0)	(35.0, 0.0)	(36.0, 0.0)	(37.0, 0.008193602943227645)	(38.0, 0.008193602943227645)	(39.0, 0.01638720588645529)	(40.0, 0.07210370590040328)	(41.0, 0.06391010295717563)	(42.0, 0.029496970595619516)	(43.0, 0.05189281864044174)	(44.0, 0.06281762256474525)	(45.0, 0.05462401962151763)	(46.0, 0.09395331374901032)	(47.0, 0.7423404266564251)	(48.0, 0.8281001374622078)	(49.0, 3.9098702730376487)	(50.0, 9.64004698280536)	(51.0, 5.159316687566083)	(52.0, 26.631316491959527)	(53.0, 34.401115077236796)	(54.0, 5.139313891809441)	(55.0, 6.461670366813614)	(56.0, 2.4830908805235725)	(57.0, 2.2008797848646817)	(58.0, 0.7412621343210384)	(59.0, 0.33484524027990314)	(60.0, 0.1854237175152244)	(61.0, 0.08771056864940831)	(62.0, 0.12017284316733878)	(63.0, 0.043699215697214105)	(64.0, 0.027312009810758816)	(65.0, 0.05025409805179623)	(66.0, 0.14748485297809763)	(67.0, 0.16387205886455294)	(68.0, 0.03277441177291058)	(69.0, 0.0)	(70.0, 0.0)	(71.0, 0.0)	(72.0, 0.0)	(73.0, 0.0)	(74.0, 0.0)	(75.0, 0.0)	(76.0, 0.0)	(77.0, 0.0)	(78.0, 0.0)	(79.0, 0.0)	(80.0, 0.0)	(81.0, 0.0)	(82.0, 0.0)	(83.0, 0.0)	(84.0, 0.0)	(85.0, 0.0)	(86.0, 0.0)	(87.0, 0.0)	(88.0, 0.0)	(89.0, 0.0)	(90.0, 0.0)	(91.0, 0.0)	(92.0, 0.0)	(93.0, 0.0)	(94.0, 0.0)	(95.0, 0.0)	(96.0, 0.0)	(97.0, 0.0)	(98.0, 0.0)	(99.0, 0.0)	(100.0, 0.0)
SRR1560331	(0.0, 0.0)	(1.0, 0.0)	(2.0, 0.0)	(3.0, 0.0)	(4.0, 0.0)	(5.0, 0.0)	(6.0, 0.0)	(7.0, 0.0)	(8.0, 0.0)	(9.0, 0.0)	(10.0, 0.0)	(11.0, 0.0)	(12.0, 0.0)	(13.0, 0.0)	(14.0, 0.0)	(15.0, 0.0)	(16.0, 0.0)	(17.0, 0.0)	(18.0, 0.0)	(19.0, 0.0)	(20.0, 0.0)	(21.0, 0.0)	(22.0, 0.0)	(23.0, 0.0)	(24.0, 0.0)	(25.0, 0.0)	(26.0, 0.0)	(27.0, 0.0)	(28.0, 0.0)	(29.0, 0.0)	(30.0, 0.0)	(31.0, 0.0)	(32.0, 0.0)	(33.0, 0.0)	(34.0, 0.0)	(35.0, 0.0)	(36.0, 0.0)	(37.0, 0.0)	(38.0, 0.0)	(39.0, 0.0)	(40.0, 0.00660456592512692)	(41.0, 0.009906848887690379)	(42.0, 0.0026418263700507677)	(43.0, 0.0)	(44.0, 0.0026418263700507677)	(45.0, 0.0022015219750423066)	(46.0, 0.016511414812817298)	(47.0, 0.08158211433228205)	(48.0, 0.060038649290796615)	(49.0, 0.18162556294099022)	(50.0, 5.21244922936601)	(51.0, 1.6481065259875811)	(52.0, 7.686724051959064)	(53.0, 9.095808192084744)	(54.0, 9.824071661428475)	(55.0, 48.697854789804715)	(56.0, 8.393412605947443)	(57.0, 8.142674978147003)	(58.0, 0.5400647907918072)	(59.0, 0.20298032609890063)	(60.0, 0.09919429013262049)	(61.0, 0.04931409224094766)	(62.0, 0.029500394465566907)	(63.0, 0.0022015219750423066)	(64.0, 0.004843348345093075)	(65.0, 0.004403043950084613)	(66.0, 0.0)	(67.0, 0.0)	(68.0, 0.0026418263700507677)	(69.0, 0.0)	(70.0, 0.0)	(71.0, 0.0)	(72.0, 0.0)	(73.0, 0.0)	(74.0, 0.0)	(75.0, 0.0)	(76.0, 0.0)	(77.0, 0.0)	(78.0, 0.0)	(79.0, 0.0)	(80.0, 0.0)	(81.0, 0.0)	(82.0, 0.0)	(83.0, 0.0)	(84.0, 0.0)	(85.0, 0.0)	(86.0, 0.0)	(87.0, 0.0)	(88.0, 0.0)	(89.0, 0.0)	(90.0, 0.0)	(91.0, 0.0)	(92.0, 0.0)	(93.0, 0.0)	(94.0, 0.0)	(95.0, 0.0)	(96.0, 0.0)	(97.0, 0.0)	(98.0, 0.0)	(99.0, 0.0)	(100.0, 0.0)
SRR1560332	(0.0, 0.0)	(1.0, 0.0)	(2.0, 0.0)	(3.0, 0.0)	(4.0, 0.0)	(5.0, 0.0)	(6.0, 0.0)	(7.0, 0.0)	(8.0, 0.0)	(9.0, 0.0)	(10.0, 0.0)	(11.0, 0.0)	(12.0, 0.0)	(13.0, 0.0)	(14.0, 0.0)	(15.0, 0.0)	(16.0, 0.0)	(17.0, 0.0)	(18.0, 0.0)	(19.0, 0.0)	(20.0, 0.0)	(21.0, 0.0)	(22.0, 0.0)	(23.0, 0.0)	(24.0, 0.0)	(25.0, 0.0)	(26.0, 0.0)	(27.0, 0.0)	(28.0, 0.0)	(29.0, 0.0)	(30.0, 0.0)	(31.0, 0.0)	(32.0, 0.0)	(33.0, 0.0)	(34.0, 0.0)	(35.0, 0.0)	(36.0, 0.0)	(37.0, 0.0)	(38.0, 0.0)	(39.0, 0.0)	(40.0, 0.008827921117059946)	(41.0, 0.02648376335117984)	(42.0, 0.005044526352605683)	(43.0, 0.0)	(44.0, 0.0)	(45.0, 0.0)	(46.0, 0.01765584223411989)	(47.0, 0.0765086496811862)	(48.0, 0.12989655357959637)	(49.0, 0.5917229411606463)	(50.0, 21.699702709247042)	(51.0, 5.601988552288206)	(52.0, 21.65447012295202)	(53.0, 21.85192129193689)	(54.0, 9.03693265893605)	(55.0, 2.643247733326165)	(56.0, 9.66808698108627)	(57.0, 5.902768436062314)	(58.0, 0.4467768839624433)	(59.0, 0.28249347574591827)	(60.0, 0.13536145712825248)	(61.0, 0.08357098657483415)	(62.0, 0.07650864968118619)	(63.0, 0.01765584223411989)	(64.0, 0.0)	(65.0, 0.007062336893647957)	(66.0, 0.028249347574591827)	(67.0, 0.0)	(68.0, 0.007062336893647957)	(69.0, 0.0)	(70.0, 0.0)	(71.0, 0.0)	(72.0, 0.0)	(73.0, 0.0)	(74.0, 0.0)	(75.0, 0.0)	(76.0, 0.0)	(77.0, 0.0)	(78.0, 0.0)	(79.0, 0.0)	(80.0, 0.0)	(81.0, 0.0)	(82.0, 0.0)	(83.0, 0.0)	(84.0, 0.0)	(85.0, 0.0)	(86.0, 0.0)	(87.0, 0.0)	(88.0, 0.0)	(89.0, 0.0)	(90.0, 0.0)	(91.0, 0.0)	(92.0, 0.0)	(93.0, 0.0)	(94.0, 0.0)	(95.0, 0.0)	(96.0, 0.0)	(97.0, 0.0)	(98.0, 0.0)	(99.0, 0.0)	(100.0, 0.0)
SRR1560333	(0.0, 0.0)	(1.0, 0.0)	(2.0, 0.0)	(3.0, 0.0)	(4.0, 0.0)	(5.0, 0.0)	(6.0, 0.0)	(7.0, 0.0)	(8.0, 0.0)	(9.0, 0.0)	(10.0, 0.0)	(11.0, 0.0)	(12.0, 0.0)	(13.0, 0.0)	(14.0, 0.0)	(15.0, 0.0)	(16.0, 0.0)	(17.0, 0.0)	(18.0, 0.0)	(19.0, 0.0)	(20.0, 0.0)	(21.0, 0.0)	(22.0, 0.0)	(23.0, 0.0)	(24.0, 0.0)	(25.0, 0.0)	(26.0, 0.0)	(27.0, 0.0)	(28.0, 0.0)	(29.0, 0.0)	(30.0, 0.0)	(31.0, 0.0)	(32.0, 0.0)	(33.0, 0.0)	(34.0, 0.0179311031129247)	(35.0, 0.00896555155646235)	(36.0, 0.0)	(37.0, 0.0537933093387741)	(38.0, 0.0179311031129247)	(39.0, 0.00896555155646235)	(40.0, 0.12193150116788798)	(41.0, 0.21158701673251148)	(42.0, 0.026298951232289564)	(43.0, 0.04482775778231175)	(44.0, 0.09264403275011095)	(45.0, 0.08427618463074607)	(46.0, 0.19305821018248934)	(47.0, 1.485036882571364)	(48.0, 0.7312474621861288)	(49.0, 0.9538492994022941)	(50.0, 4.090255392468759)	(51.0, 3.0399196810778384)	(52.0, 4.356148035771845)	(53.0, 16.69283236366961)	(54.0, 16.20768346992161)	(55.0, 44.87268645106432)	(56.0, 2.989541819951056)	(57.0, 1.6006498045470756)	(58.0, 1.0531534561657787)	(59.0, 0.6730140701717734)	(60.0, 0.10400039805496325)	(61.0, 0.005977034370974899)	(62.0, 0.0179311031129247)	(63.0, 0.0)	(64.0, 0.007172441245169881)	(65.0, 0.07291981932589378)	(66.0, 0.09921877055818334)	(67.0, 0.0645519712065289)	(68.0, 0.0)	(69.0, 0.0)	(70.0, 0.0)	(71.0, 0.0)	(72.0, 0.0)	(73.0, 0.0)	(74.0, 0.0)	(75.0, 0.0)	(76.0, 0.0)	(77.0, 0.0)	(78.0, 0.0)	(79.0, 0.0)	(80.0, 0.0)	(81.0, 0.0)	(82.0, 0.0)	(83.0, 0.0)	(84.0, 0.0)	(85.0, 0.0)	(86.0, 0.0)	(87.0, 0.0)	(88.0, 0.0)	(89.0, 0.0)	(90.0, 0.0)	(91.0, 0.0)	(92.0, 0.0)	(93.0, 0.0)	(94.0, 0.0)	(95.0, 0.0)	(96.0, 0.0)	(97.0, 0.0)	(98.0, 0.0)	(99.0, 0.0)	(100.0, 0.0)
SRR1560334	(0.0, 0.0)	(1.0, 0.0)	(2.0, 0.0)	(3.0, 0.0)	(4.0, 0.0)	(5.0, 0.0)	(6.0, 0.0)	(7.0, 0.0)	(8.0, 0.0)	(9.0, 0.0)	(10.0, 0.0)	(11.0, 0.0)	(12.0, 0.0)	(13.0, 0.0)	(14.0, 0.0)	(15.0, 0.0)	(16.0, 0.0)	(17.0, 0.0)	(18.0, 0.0)	(19.0, 0.0)	(20.0, 0.0)	(21.0, 0.0)	(22.0, 0.0)	(23.0, 0.0)	(24.0, 0.0)	(25.0, 0.0)	(26.0, 0.0)	(27.0, 0.0)	(28.0, 0.0)	(29.0, 0.0)	(30.0, 0.0)	(31.0, 0.0)	(32.0, 0.0)	(33.0, 0.0)	(34.0, 0.0)	(35.0, 0.0)	(36.0, 0.0)	(37.0, 0.0)	(38.0, 0.0)	(39.0, 0.0)	(40.0, 0.0)	(41.0, 0.0)	(42.0, 0.0)	(43.0, 0.0)	(44.0, 0.0)	(45.0, 0.0)	(46.0, 0.0)	(47.0, 0.018888855575211475)	(48.0, 0.02338620214073802)	(49.0, 0.31202590471623154)	(50.0, 8.83548706263327)	(51.0, 3.2126795190838915)	(52.0, 30.976733727100676)	(53.0, 38.262435163252995)	(54.0, 6.659850688094279)	(55.0, 10.366203939675911)	(56.0, 0.8242736785297047)	(57.0, 0.2721794141456664)	(58.0, 0.15066110994513915)	(59.0, 0.05958984199322668)	(60.0, 0.0)	(61.0, 0.018049350882979855)	(62.0, 0.00755554223008459)	(63.0, 0.0)	(64.0, 0.0)	(65.0, 0.0)	(66.0, 0.0)	(67.0, 0.0)	(68.0, 0.0)	(69.0, 0.0)	(70.0, 0.0)	(71.0, 0.0)	(72.0, 0.0)	(73.0, 0.0)	(74.0, 0.0)	(75.0, 0.0)	(76.0, 0.0)	(77.0, 0.0)	(78.0, 0.0)	(79.0, 0.0)	(80.0, 0.0)	(81.0, 0.0)	(82.0, 0.0)	(83.0, 0.0)	(84.0, 0.0)	(85.0, 0.0)	(86.0, 0.0)	(87.0, 0.0)	(88.0, 0.0)	(89.0, 0.0)	(90.0, 0.0)	(91.0, 0.0)	(92.0, 0.0)	(93.0, 0.0)	(94.0, 0.0)	(95.0, 0.0)	(96.0, 0.0)	(97.0, 0.0)	(98.0, 0.0)	(99.0, 0.0)	(100.0, 0.0)
SRR1560335	(0.0, 0.0)	(1.0, 0.0)	(2.0, 0.0)	(3.0, 0.0)	(4.0, 0.0)	(5.0, 0.0)	(6.0, 0.0)	(7.0, 0.0)	(8.0, 0.0)	(9.0, 0.0)	(10.0, 0.0)	(11.0, 0.0)	(12.0, 0.0)	(13.0, 0.0)	(14.0, 0.0)	(15.0, 0.0)	(16.0, 0.0)	(17.0, 0.0)	(18.0, 0.0)	(19.0, 0.0)	(20.0, 0.0)	(21.0, 0.0)	(22.0, 0.0)	(23.0, 0.0)	(24.0, 0.0)	(25.0, 0.0)	(26.0, 0.0)	(27.0, 0.0)	(28.0, 0.0)	(29.0, 0.0)	(30.0, 0.0)	(31.0, 0.0)	(32.0, 0.0)	(33.0, 0.0)	(34.0, 0.0)	(35.0, 0.0)	(36.0, 0.0)	(37.0, 0.0)	(38.0, 0.0)	(39.0, 0.0)	(40.0, 0.0)	(41.0, 0.0)	(42.0, 0.013956081761372282)	(43.0, 0.013956081761372282)	(44.0, 0.0)	(45.0, 0.013956081761372282)	(46.0, 0.03256419077653533)	(47.0, 0.1279307494792459)	(48.0, 0.29121690608730155)	(49.0, 2.5211993989580113)	(50.0, 40.374612247991685)	(51.0, 11.991298050734132)	(52.0, 17.14206693115236)	(53.0, 10.511521410069067)	(54.0, 5.205618496991811)	(55.0, 3.87633493798727)	(56.0, 4.265776076661739)	(57.0, 2.192965647436969)	(58.0, 0.7182730079852935)	(59.0, 0.3745989564838179)	(60.0, 0.16840338658722556)	(61.0, 0.0893189232727826)	(62.0, 0.055824327045489126)	(63.0, 0.013956081761372282)	(64.0, 0.0)	(65.0, 0.0)	(66.0, 0.0)	(67.0, 0.0046520272537907605)	(68.0, 0.0)	(69.0, 0.0)	(70.0, 0.0)	(71.0, 0.0)	(72.0, 0.0)	(73.0, 0.0)	(74.0, 0.0)	(75.0, 0.0)	(76.0, 0.0)	(77.0, 0.0)	(78.0, 0.0)	(79.0, 0.0)	(80.0, 0.0)	(81.0, 0.0)	(82.0, 0.0)	(83.0, 0.0)	(84.0, 0.0)	(85.0, 0.0)	(86.0, 0.0)	(87.0, 0.0)	(88.0, 0.0)	(89.0, 0.0)	(90.0, 0.0)	(91.0, 0.0)	(92.0, 0.0)	(93.0, 0.0)	(94.0, 0.0)	(95.0, 0.0)	(96.0, 0.0)	(97.0, 0.0)	(98.0, 0.0)	(99.0, 0.0)	(100.0, 0.0)
SRR1560336	(0.0, 0.0)	(1.0, 0.0)	(2.0, 0.0)	(3.0, 0.0)	(4.0, 0.0)	(5.0, 0.0)	(6.0, 0.0)	(7.0, 0.0)	(8.0, 0.0)	(9.0, 0.0)	(10.0, 0.0)	(11.0, 0.0)	(12.0, 0.0)	(13.0, 0.0)	(14.0, 0.0)	(15.0, 0.0)	(16.0, 0.0)	(17.0, 0.0)	(18.0, 0.0)	(19.0, 0.0)	(20.0, 0.0)	(21.0, 0.0)	(22.0, 0.0)	(23.0, 0.0)	(24.0, 0.0)	(25.0, 0.0)	(26.0, 0.0)	(27.0, 0.0)	(28.0, 0.0)	(29.0, 0.0)	(30.0, 0.0)	(31.0, 0.0)	(32.0, 0.0)	(33.0, 0.0)	(34.0, 0.0)	(35.0, 0.0)	(36.0, 0.0)	(37.0, 0.0)	(38.0, 0.0)	(39.0, 0.0)	(40.0, 0.006086066197342662)	(41.0, 0.01825819859202799)	(42.0, 0.030430330986713317)	(43.0, 0.030430330986713317)	(44.0, 0.01825819859202799)	(45.0, 0.0486885295787413)	(46.0, 0.1704098535255946)	(47.0, 0.6611786391722649)	(48.0, 0.8522231552336118)	(49.0, 3.1132836913492627)	(50.0, 4.681373137728322)	(51.0, 3.7725495668594755)	(52.0, 6.1334215886113865)	(53.0, 11.450324943680489)	(54.0, 14.943118334335463)	(55.0, 36.332974741378074)	(56.0, 10.352002524356202)	(57.0, 4.98274933956719)	(58.0, 1.0560009864169317)	(59.0, 0.6887108433983384)	(60.0, 0.39924594254567847)	(61.0, 0.07303279436811194)	(62.0, 0.008114754929790217)	(63.0, 0.016229509859580434)	(64.0, 0.027822016902137883)	(65.0, 0.03651639718405598)	(66.0, 0.04787705408576228)	(67.0, 0.02921311774724478)	(68.0, 0.019475411831496522)	(69.0, 0.0)	(70.0, 0.0)	(71.0, 0.0)	(72.0, 0.0)	(73.0, 0.0)	(74.0, 0.0)	(75.0, 0.0)	(76.0, 0.0)	(77.0, 0.0)	(78.0, 0.0)	(79.0, 0.0)	(80.0, 0.0)	(81.0, 0.0)	(82.0, 0.0)	(83.0, 0.0)	(84.0, 0.0)	(85.0, 0.0)	(86.0, 0.0)	(87.0, 0.0)	(88.0, 0.0)	(89.0, 0.0)	(90.0, 0.0)	(91.0, 0.0)	(92.0, 0.0)	(93.0, 0.0)	(94.0, 0.0)	(95.0, 0.0)	(96.0, 0.0)	(97.0, 0.0)	(98.0, 0.0)	(99.0, 0.0)	(100.0, 0.0)
SRR1560337	(0.0, 0.0)	(1.0, 0.0)	(2.0, 0.0)	(3.0, 0.0)	(4.0, 0.0)	(5.0, 0.0)	(6.0, 0.0)	(7.0, 0.0)	(8.0, 0.0)	(9.0, 0.0)	(10.0, 0.0)	(11.0, 0.0)	(12.0, 0.0)	(13.0, 0.0)	(14.0, 0.0)	(15.0, 0.0)	(16.0, 0.0)	(17.0, 0.0)	(18.0, 0.0)	(19.0, 0.0)	(20.0, 0.0)	(21.0, 0.0)	(22.0, 0.0)	(23.0, 0.0)	(24.0, 0.0)	(25.0, 0.0)	(26.0, 0.0)	(27.0, 0.0)	(28.0, 0.0)	(29.0, 0.0)	(30.0, 0.0)	(31.0, 0.0)	(32.0, 0.0)	(33.0, 0.0)	(34.0, 0.0)	(35.0, 0.0)	(36.0, 0.0)	(37.0, 0.0)	(38.0, 0.0)	(39.0, 0.0)	(40.0, 0.008409676632642174)	(41.0, 0.0)	(42.0, 0.0)	(43.0, 0.0)	(44.0, 0.0)	(45.0, 0.01681935326528435)	(46.0, 0.03924515761899681)	(47.0, 0.1345548261222748)	(48.0, 1.25023859271947)	(49.0, 0.5434252947854963)	(50.0, 4.080295009999619)	(51.0, 67.37072042569224)	(52.0, 7.176417577504698)	(53.0, 4.364421941945309)	(54.0, 4.311856002162314)	(55.0, 6.286513605454387)	(56.0, 2.425671109487622)	(57.0, 0.8846979817539578)	(58.0, 0.3251741631288307)	(59.0, 0.23547094571398092)	(60.0, 0.15698063047598723)	(61.0, 0.10652257068013422)	(62.0, 0.1009161195917061)	(63.0, 0.1009161195917061)	(64.0, 0.05045805979585305)	(65.0, 0.01681935326528435)	(66.0, 0.013455482612227482)	(67.0, 0.0)	(68.0, 0.0)	(69.0, 0.0)	(70.0, 0.0)	(71.0, 0.0)	(72.0, 0.0)	(73.0, 0.0)	(74.0, 0.0)	(75.0, 0.0)	(76.0, 0.0)	(77.0, 0.0)	(78.0, 0.0)	(79.0, 0.0)	(80.0, 0.0)	(81.0, 0.0)	(82.0, 0.0)	(83.0, 0.0)	(84.0, 0.0)	(85.0, 0.0)	(86.0, 0.0)	(87.0, 0.0)	(88.0, 0.0)	(89.0, 0.0)	(90.0, 0.0)	(91.0, 0.0)	(92.0, 0.0)	(93.0, 0.0)	(94.0, 0.0)	(95.0, 0.0)	(96.0, 0.0)	(97.0, 0.0)	(98.0, 0.0)	(99.0, 0.0)	(100.0, 0.0)
SRR1560338	(0.0, 0.0)	(1.0, 0.0)	(2.0, 0.0)	(3.0, 0.0)	(4.0, 0.0)	(5.0, 0.0)	(6.0, 0.0)	(7.0, 0.0)	(8.0, 0.0)	(9.0, 0.0)	(10.0, 0.0)	(11.0, 0.0)	(12.0, 0.0)	(13.0, 0.0)	(14.0, 0.0)	(15.0, 0.0)	(16.0, 0.0)	(17.0, 0.0)	(18.0, 0.0)	(19.0, 0.0)	(20.0, 0.0)	(21.0, 0.0)	(22.0, 0.0)	(23.0, 0.0)	(24.0, 0.0)	(25.0, 0.0)	(26.0, 0.0)	(27.0, 0.0)	(28.0, 0.0)	(29.0, 0.0)	(30.0, 0.0)	(31.0, 0.0)	(32.0, 0.0)	(33.0, 0.0)	(34.0, 0.0)	(35.0, 0.0)	(36.0, 0.0)	(37.0, 0.004168297545661646)	(38.0, 0.008336595091323291)	(39.0, 0.016673190182646583)	(40.0, 0.016673190182646583)	(41.0, 0.008336595091323291)	(42.0, 0.0)	(43.0, 0.005557730060882194)	(44.0, 0.011115460121764387)	(45.0, 0.0722504907914685)	(46.0, 0.11909421559033277)	(47.0, 0.2042465797374205)	(48.0, 0.3294542983947238)	(49.0, 5.388854463174972)	(50.0, 8.034532462514326)	(51.0, 5.349513673958444)	(52.0, 10.653573055633213)	(53.0, 26.037985184271907)	(54.0, 26.6894305435512)	(55.0, 4.030333513245475)	(56.0, 8.944690156127825)	(57.0, 3.3473414195255744)	(58.0, 0.3140117484398439)	(59.0, 0.22708740672139682)	(60.0, 0.09170254600455618)	(61.0, 0.022230920243528778)	(62.0, 0.022230920243528778)	(63.0, 0.011115460121764387)	(64.0, 0.002778865030441097)	(65.0, 0.0)	(66.0, 0.023342466255705213)	(67.0, 0.013338552146117266)	(68.0, 0.0)	(69.0, 0.0)	(70.0, 0.0)	(71.0, 0.0)	(72.0, 0.0)	(73.0, 0.0)	(74.0, 0.0)	(75.0, 0.0)	(76.0, 0.0)	(77.0, 0.0)	(78.0, 0.0)	(79.0, 0.0)	(80.0, 0.0)	(81.0, 0.0)	(82.0, 0.0)	(83.0, 0.0)	(84.0, 0.0)	(85.0, 0.0)	(86.0, 0.0)	(87.0, 0.0)	(88.0, 0.0)	(89.0, 0.0)	(90.0, 0.0)	(91.0, 0.0)	(92.0, 0.0)	(93.0, 0.0)	(94.0, 0.0)	(95.0, 0.0)	(96.0, 0.0)	(97.0, 0.0)	(98.0, 0.0)	(99.0, 0.0)	(100.0, 0.0)
SRR1560339	(0.0, 0.0)	(1.0, 0.0)	(2.0, 0.0)	(3.0, 0.0)	(4.0, 0.0)	(5.0, 0.0)	(6.0, 0.0)	(7.0, 0.0)	(8.0, 0.0)	(9.0, 0.0)	(10.0, 0.0)	(11.0, 0.0)	(12.0, 0.0)	(13.0, 0.0)	(14.0, 0.0)	(15.0, 0.0)	(16.0, 0.0)	(17.0, 0.0)	(18.0, 0.0)	(19.0, 0.0)	(20.0, 0.0)	(21.0, 0.0)	(22.0, 0.0)	(23.0, 0.0)	(24.0, 0.0)	(25.0, 0.0)	(26.0, 0.0)	(27.0, 0.0)	(28.0, 0.0)	(29.0, 0.0)	(30.0, 0.0)	(31.0, 0.0)	(32.0, 0.0)	(33.0, 0.0)	(34.0, 0.0)	(35.0, 0.0)	(36.0, 0.0)	(37.0, 0.0)	(38.0, 0.0)	(39.0, 0.021876538194090956)	(40.0, 0.04375307638818191)	(41.0, 0.03828394183965917)	(42.0, 0.032814807291136436)	(43.0, 0.03646089699015159)	(44.0, 0.018959666434878827)	(45.0, 0.12396704976651546)	(46.0, 0.28074890682416703)	(47.0, 0.28877030416200056)	(48.0, 0.46451182765453136)	(49.0, 1.8139817122557462)	(50.0, 2.636747896336388)	(51.0, 4.2145671700872835)	(52.0, 9.281746372791394)	(53.0, 31.424397027918282)	(54.0, 16.955463014326327)	(55.0, 9.186453214158089)	(56.0, 14.355514580451567)	(57.0, 6.8757438674070945)	(58.0, 0.7883887669184781)	(59.0, 0.40804952431549646)	(60.0, 0.16772012615469736)	(61.0, 0.19324275404780347)	(62.0, 0.19324275404780344)	(63.0, 0.12396704976651543)	(64.0, 0.021876538194090956)	(65.0, 0.0)	(66.0, 0.008750615277636384)	(67.0, 0.0)	(68.0, 0.0)	(69.0, 0.0)	(70.0, 0.0)	(71.0, 0.0)	(72.0, 0.0)	(73.0, 0.0)	(74.0, 0.0)	(75.0, 0.0)	(76.0, 0.0)	(77.0, 0.0)	(78.0, 0.0)	(79.0, 0.0)	(80.0, 0.0)	(81.0, 0.0)	(82.0, 0.0)	(83.0, 0.0)	(84.0, 0.0)	(85.0, 0.0)	(86.0, 0.0)	(87.0, 0.0)	(88.0, 0.0)	(89.0, 0.0)	(90.0, 0.0)	(91.0, 0.0)	(92.0, 0.0)	(93.0, 0.0)	(94.0, 0.0)	(95.0, 0.0)	(96.0, 0.0)	(97.0, 0.0)	(98.0, 0.0)	(99.0, 0.0)	(100.0, 0.0)
SRR1560340	(0.0, 0.0)	(1.0, 0.0)	(2.0, 0.0)	(3.0, 0.0)	(4.0, 0.0)	(5.0, 0.0)	(6.0, 0.0)	(7.0, 0.0)	(8.0, 0.0)	(9.0, 0.0)	(10.0, 0.0)	(11.0, 0.0)	(12.0, 0.0)	(13.0, 0.0)	(14.0, 0.0)	(15.0, 0.0)	(16.0, 0.0)	(17.0, 0.0)	(18.0, 0.0)	(19.0, 0.0)	(20.0, 0.0)	(21.0, 0.0)	(22.0, 0.0)	(23.0, 0.0)	(24.0, 0.0)	(25.0, 0.0)	(26.0, 0.0)	(27.0, 0.0)	(28.0, 0.0)	(29.0, 0.0)	(30.0, 0.0)	(31.0, 0.0)	(32.0, 0.0)	(33.0, 0.0)	(34.0, 0.0)	(35.0, 0.0)	(36.0, 0.0)	(37.0, 0.011664193425653214)	(38.0, 0.011664193425653214)	(39.0, 0.0)	(40.0, 0.05248887041543947)	(41.0, 0.06415306384109268)	(42.0, 0.029160483564133036)	(43.0, 0.0)	(44.0, 0.007776128950435476)	(45.0, 0.056376934890657204)	(46.0, 0.20878906231919261)	(47.0, 0.6174801824427945)	(48.0, 0.9390231145433012)	(49.0, 7.665208025335371)	(50.0, 11.18685019565329)	(51.0, 5.122330542875532)	(52.0, 7.264848471944319)	(53.0, 14.759703729486931)	(54.0, 14.570743795991348)	(55.0, 15.427395487438114)	(56.0, 12.550200003888346)	(57.0, 6.288222219547766)	(58.0, 1.2209633327748024)	(59.0, 0.6321252252994485)	(60.0, 0.4611244467608235)	(61.0, 0.21406572124984527)	(62.0, 0.1594106434839273)	(63.0, 0.14385838558305633)	(64.0, 0.03343735448687255)	(65.0, 0.040435870542264475)	(66.0, 0.07387322502913704)	(67.0, 0.12597328899705476)	(68.0, 0.051322451072874135)	(69.0, 0.009331354740522572)	(70.0, 0.0)	(71.0, 0.0)	(72.0, 0.0)	(73.0, 0.0)	(74.0, 0.0)	(75.0, 0.0)	(76.0, 0.0)	(77.0, 0.0)	(78.0, 0.0)	(79.0, 0.0)	(80.0, 0.0)	(81.0, 0.0)	(82.0, 0.0)	(83.0, 0.0)	(84.0, 0.0)	(85.0, 0.0)	(86.0, 0.0)	(87.0, 0.0)	(88.0, 0.0)	(89.0, 0.0)	(90.0, 0.0)	(91.0, 0.0)	(92.0, 0.0)	(93.0, 0.0)	(94.0, 0.0)	(95.0, 0.0)	(96.0, 0.0)	(97.0, 0.0)	(98.0, 0.0)	(99.0, 0.0)	(100.0, 0.0)
SRR1560341	(0.0, 0.0)	(1.0, 0.0)	(2.0, 0.0)	(3.0, 0.0)	(4.0, 0.0)	(5.0, 0.0)	(6.0, 0.0)	(7.0, 0.0)	(8.0, 0.0)	(9.0, 0.0)	(10.0, 0.0)	(11.0, 0.0)	(12.0, 0.0)	(13.0, 0.0)	(14.0, 0.0)	(15.0, 0.0)	(16.0, 0.0)	(17.0, 0.0)	(18.0, 0.0)	(19.0, 0.0)	(20.0, 0.0)	(21.0, 0.0)	(22.0, 0.0)	(23.0, 0.0)	(24.0, 0.0)	(25.0, 0.0)	(26.0, 0.0)	(27.0, 0.0)	(28.0, 0.0)	(29.0, 0.0)	(30.0, 0.0)	(31.0, 0.0)	(32.0, 0.0)	(33.0, 0.0)	(34.0, 0.0)	(35.0, 0.0)	(36.0, 0.0)	(37.0, 0.0)	(38.0, 0.0)	(39.0, 0.0)	(40.0, 0.0)	(41.0, 0.0)	(42.0, 0.0)	(43.0, 0.0)	(44.0, 0.005157637035960123)	(45.0, 0.025788185179800617)	(46.0, 0.020630548143840494)	(47.0, 0.07736455553940186)	(48.0, 0.27114434703333223)	(49.0, 0.5973280492932668)	(50.0, 6.368060767770787)	(51.0, 10.477051953614962)	(52.0, 30.12111605370849)	(53.0, 22.011615981012316)	(54.0, 6.013657422871263)	(55.0, 2.7051069448320053)	(56.0, 15.107050440708663)	(57.0, 5.299729936300792)	(58.0, 0.3348043241628972)	(59.0, 0.22988325074565125)	(60.0, 0.1340985629349632)	(61.0, 0.10757357246431114)	(62.0, 0.04641873332364111)	(63.0, 0.020630548143840494)	(64.0, 0.010315274071920247)	(65.0, 0.010315274071920247)	(66.0, 0.005157637035960123)	(67.0, 0.0)	(68.0, 0.0)	(69.0, 0.0)	(70.0, 0.0)	(71.0, 0.0)	(72.0, 0.0)	(73.0, 0.0)	(74.0, 0.0)	(75.0, 0.0)	(76.0, 0.0)	(77.0, 0.0)	(78.0, 0.0)	(79.0, 0.0)	(80.0, 0.0)	(81.0, 0.0)	(82.0, 0.0)	(83.0, 0.0)	(84.0, 0.0)	(85.0, 0.0)	(86.0, 0.0)	(87.0, 0.0)	(88.0, 0.0)	(89.0, 0.0)	(90.0, 0.0)	(91.0, 0.0)	(92.0, 0.0)	(93.0, 0.0)	(94.0, 0.0)	(95.0, 0.0)	(96.0, 0.0)	(97.0, 0.0)	(98.0, 0.0)	(99.0, 0.0)	(100.0, 0.0)
SRR1560342	(0.0, 0.0)	(1.0, 0.0)	(2.0, 0.0)	(3.0, 0.0)	(4.0, 0.0)	(5.0, 0.0)	(6.0, 0.0)	(7.0, 0.0)	(8.0, 0.0)	(9.0, 0.0)	(10.0, 0.0)	(11.0, 0.0)	(12.0, 0.0)	(13.0, 0.0)	(14.0, 0.0)	(15.0, 0.0)	(16.0, 0.0)	(17.0, 0.0)	(18.0, 0.0)	(19.0, 0.0)	(20.0, 0.0)	(21.0, 0.0)	(22.0, 0.0)	(23.0, 0.0)	(24.0, 0.0)	(25.0, 0.0)	(26.0, 0.0)	(27.0, 0.0)	(28.0, 0.0)	(29.0, 0.0)	(30.0, 0.0)	(31.0, 0.0)	(32.0, 0.0)	(33.0, 0.004728033879944536)	(34.0, 0.0)	(35.0, 0.0)	(36.0, 0.0)	(37.0, 0.0)	(38.0, 0.011820084699861339)	(39.0, 0.011820084699861339)	(40.0, 0.05811541644098491)	(41.0, 0.06501046584923736)	(42.0, 0.023640169399722678)	(43.0, 0.027580197633009788)	(44.0, 0.0453103246828018)	(45.0, 0.3126693833701414)	(46.0, 0.9523611101031138)	(47.0, 4.674290871458533)	(48.0, 3.16626297438715)	(49.0, 3.8961813476623752)	(50.0, 6.828913220050771)	(51.0, 8.139713708167509)	(52.0, 12.225410413851414)	(53.0, 15.479779924350048)	(54.0, 9.429988525392721)	(55.0, 8.83915314875247)	(56.0, 11.570765341871091)	(57.0, 8.160164330902244)	(58.0, 2.427911064488755)	(59.0, 1.131125819659111)	(60.0, 0.9274826461157867)	(61.0, 0.361300588992428)	(62.0, 0.2521618069303752)	(63.0, 0.15366110109819744)	(64.0, 0.07564854207911256)	(65.0, 0.15129708415822524)	(66.0, 0.35933057487578424)	(67.0, 0.13474896557841934)	(68.0, 0.05200837267938989)	(69.0, 0.03782427103955628)	(70.0, 0.011820084699861339)	(71.0, 0.0)	(72.0, 0.0)	(73.0, 0.0)	(74.0, 0.0)	(75.0, 0.0)	(76.0, 0.0)	(77.0, 0.0)	(78.0, 0.0)	(79.0, 0.0)	(80.0, 0.0)	(81.0, 0.0)	(82.0, 0.0)	(83.0, 0.0)	(84.0, 0.0)	(85.0, 0.0)	(86.0, 0.0)	(87.0, 0.0)	(88.0, 0.0)	(89.0, 0.0)	(90.0, 0.0)	(91.0, 0.0)	(92.0, 0.0)	(93.0, 0.0)	(94.0, 0.0)	(95.0, 0.0)	(96.0, 0.0)	(97.0, 0.0)	(98.0, 0.0)	(99.0, 0.0)	(100.0, 0.0)
SRR1560343	(0.0, 0.0)	(1.0, 0.0)	(2.0, 0.0)	(3.0, 0.0)	(4.0, 0.0)	(5.0, 0.0)	(6.0, 0.0)	(7.0, 0.0)	(8.0, 0.0)	(9.0, 0.0)	(10.0, 0.0)	(11.0, 0.0)	(12.0, 0.0)	(13.0, 0.0)	(14.0, 0.0)	(15.0, 0.0)	(16.0, 0.0)	(17.0, 0.0)	(18.0, 0.0)	(19.0, 0.0)	(20.0, 0.0)	(21.0, 0.0)	(22.0, 0.0)	(23.0, 0.0)	(24.0, 0.0)	(25.0, 0.0)	(26.0, 0.0)	(27.0, 0.0)	(28.0, 0.0)	(29.0, 0.0)	(30.0, 0.0)	(31.0, 0.0)	(32.0, 0.0)	(33.0, 0.0)	(34.0, 0.0)	(35.0, 0.0)	(36.0, 0.0)	(37.0, 0.0)	(38.0, 0.0)	(39.0, 0.0)	(40.0, 0.0)	(41.0, 0.0)	(42.0, 0.0)	(43.0, 0.0)	(44.0, 0.0)	(45.0, 0.014064281266337584)	(46.0, 0.036567131292477725)	(47.0, 0.2772270755898943)	(48.0, 0.38974132572059483)	(49.0, 0.9217729941957638)	(50.0, 5.045018424878308)	(51.0, 18.254794145132852)	(52.0, 5.598668902842883)	(53.0, 14.509054115470772)	(54.0, 13.756521305846162)	(55.0, 15.95516360710453)	(56.0, 16.9039802049921)	(57.0, 6.722183965889209)	(58.0, 0.7221204757049129)	(59.0, 0.435189046041246)	(60.0, 0.17439708770258605)	(61.0, 0.08776111510194654)	(62.0, 0.07032140633168792)	(63.0, 0.05906998131861786)	(64.0, 0.016877137519605102)	(65.0, 0.002812856253267517)	(66.0, 0.023065421276793643)	(67.0, 0.016877137519605102)	(68.0, 0.006750855007842041)	(69.0, 0.0)	(70.0, 0.0)	(71.0, 0.0)	(72.0, 0.0)	(73.0, 0.0)	(74.0, 0.0)	(75.0, 0.0)	(76.0, 0.0)	(77.0, 0.0)	(78.0, 0.0)	(79.0, 0.0)	(80.0, 0.0)	(81.0, 0.0)	(82.0, 0.0)	(83.0, 0.0)	(84.0, 0.0)	(85.0, 0.0)	(86.0, 0.0)	(87.0, 0.0)	(88.0, 0.0)	(89.0, 0.0)	(90.0, 0.0)	(91.0, 0.0)	(92.0, 0.0)	(93.0, 0.0)	(94.0, 0.0)	(95.0, 0.0)	(96.0, 0.0)	(97.0, 0.0)	(98.0, 0.0)	(99.0, 0.0)	(100.0, 0.0)
SRR1560344	(0.0, 0.0)	(1.0, 0.0)	(2.0, 0.0)	(3.0, 0.0)	(4.0, 0.0)	(5.0, 0.0)	(6.0, 0.0)	(7.0, 0.0)	(8.0, 0.0)	(9.0, 0.0)	(10.0, 0.0)	(11.0, 0.0)	(12.0, 0.0)	(13.0, 0.0)	(14.0, 0.0)	(15.0, 0.0)	(16.0, 0.0)	(17.0, 0.0)	(18.0, 0.0)	(19.0, 0.0)	(20.0, 0.0)	(21.0, 0.0)	(22.0, 0.0)	(23.0, 0.0)	(24.0, 0.0)	(25.0, 0.0)	(26.0, 0.0)	(27.0, 0.0)	(28.0, 0.0)	(29.0, 0.0)	(30.0, 0.0)	(31.0, 0.0)	(32.0, 0.0)	(33.0, 0.0)	(34.0, 0.0)	(35.0, 0.0)	(36.0, 0.0)	(37.0, 0.004382825141384951)	(38.0, 0.037692296215910574)	(39.0, 0.042075121357295533)	(40.0, 0.0715861439759542)	(41.0, 0.08035179425872412)	(42.0, 0.017531300565539806)	(43.0, 0.021914125706924754)	(44.0, 0.007889085254492912)	(45.0, 0.089994009569771)	(46.0, 0.18378646759540895)	(47.0, 0.360560414964602)	(48.0, 0.2643052266214238)	(49.0, 0.5905126407159319)	(50.0, 1.0993795102266346)	(51.0, 2.2336546568170847)	(52.0, 4.289116165742868)	(53.0, 29.0462344477167)	(54.0, 22.617590012715265)	(55.0, 13.231248207538949)	(56.0, 16.427295372327336)	(57.0, 7.151379257679608)	(58.0, 1.0561008511717862)	(59.0, 0.6418125654660479)	(60.0, 0.20219433318922572)	(61.0, 0.09642215311046892)	(62.0, 0.07012520226215922)	(63.0, 0.04382825141384951)	(64.0, 0.017531300565539806)	(65.0, 0.0)	(66.0, 0.0)	(67.0, 0.0)	(68.0, 0.003506260113107961)	(69.0, 0.0)	(70.0, 0.0)	(71.0, 0.0)	(72.0, 0.0)	(73.0, 0.0)	(74.0, 0.0)	(75.0, 0.0)	(76.0, 0.0)	(77.0, 0.0)	(78.0, 0.0)	(79.0, 0.0)	(80.0, 0.0)	(81.0, 0.0)	(82.0, 0.0)	(83.0, 0.0)	(84.0, 0.0)	(85.0, 0.0)	(86.0, 0.0)	(87.0, 0.0)	(88.0, 0.0)	(89.0, 0.0)	(90.0, 0.0)	(91.0, 0.0)	(92.0, 0.0)	(93.0, 0.0)	(94.0, 0.0)	(95.0, 0.0)	(96.0, 0.0)	(97.0, 0.0)	(98.0, 0.0)	(99.0, 0.0)	(100.0, 0.0)
SRR1560345	(0.0, 0.0)	(1.0, 0.0)	(2.0, 0.0)	(3.0, 0.0)	(4.0, 0.0)	(5.0, 0.0)	(6.0, 0.0)	(7.0, 0.0)	(8.0, 0.0)	(9.0, 0.0)	(10.0, 0.0)	(11.0, 0.0)	(12.0, 0.0)	(13.0, 0.0)	(14.0, 0.0)	(15.0, 0.0)	(16.0, 0.0)	(17.0, 0.0)	(18.0, 0.0)	(19.0, 0.0)	(20.0, 0.0)	(21.0, 0.0)	(22.0, 0.0)	(23.0, 0.0)	(24.0, 0.0)	(25.0, 0.0)	(26.0, 0.0)	(27.0, 0.0)	(28.0, 0.0)	(29.0, 0.0)	(30.0, 0.0)	(31.0, 0.0)	(32.0, 0.0)	(33.0, 0.0)	(34.0, 0.0)	(35.0, 0.0)	(36.0, 0.0)	(37.0, 0.0)	(38.0, 0.0)	(39.0, 0.0)	(40.0, 0.0)	(41.0, 0.0)	(42.0, 0.0)	(43.0, 0.0)	(44.0, 0.0)	(45.0, 0.0)	(46.0, 0.0)	(47.0, 0.052934092306536416)	(48.0, 0.23337212917683325)	(49.0, 0.20791335144845138)	(50.0, 0.5711420515137812)	(51.0, 2.1844555537007966)	(52.0, 4.8357393881238515)	(53.0, 31.28829168278876)	(54.0, 37.18250286112211)	(55.0, 9.270468017705777)	(56.0, 9.83718552766566)	(57.0, 2.7795649858977813)	(58.0, 0.6573910130259378)	(59.0, 0.507915219036528)	(60.0, 0.18821010597879617)	(61.0, 0.09704583589531675)	(62.0, 0.07057878974204855)	(63.0, 0.026467046153268208)	(64.0, 0.008822348717756069)	(65.0, 0.0)	(66.0, 0.0)	(67.0, 0.0)	(68.0, 0.0)	(69.0, 0.0)	(70.0, 0.0)	(71.0, 0.0)	(72.0, 0.0)	(73.0, 0.0)	(74.0, 0.0)	(75.0, 0.0)	(76.0, 0.0)	(77.0, 0.0)	(78.0, 0.0)	(79.0, 0.0)	(80.0, 0.0)	(81.0, 0.0)	(82.0, 0.0)	(83.0, 0.0)	(84.0, 0.0)	(85.0, 0.0)	(86.0, 0.0)	(87.0, 0.0)	(88.0, 0.0)	(89.0, 0.0)	(90.0, 0.0)	(91.0, 0.0)	(92.0, 0.0)	(93.0, 0.0)	(94.0, 0.0)	(95.0, 0.0)	(96.0, 0.0)	(97.0, 0.0)	(98.0, 0.0)	(99.0, 0.0)	(100.0, 0.0)
SRR1560346	(0.0, 0.0)	(1.0, 0.0)	(2.0, 0.0)	(3.0, 0.0)	(4.0, 0.0)	(5.0, 0.0)	(6.0, 0.0)	(7.0, 0.0)	(8.0, 0.0)	(9.0, 0.0)	(10.0, 0.0)	(11.0, 0.0)	(12.0, 0.0)	(13.0, 0.0)	(14.0, 0.0)	(15.0, 0.0)	(16.0, 0.0)	(17.0, 0.0)	(18.0, 0.0)	(19.0, 0.0)	(20.0, 0.0)	(21.0, 0.0)	(22.0, 0.0)	(23.0, 0.0)	(24.0, 0.0)	(25.0, 0.0)	(26.0, 0.0)	(27.0, 0.0)	(28.0, 0.0)	(29.0, 0.0)	(30.0, 0.0)	(31.0, 0.0)	(32.0, 0.004527182822517231)	(33.0, 0.0)	(34.0, 0.0)	(35.0, 0.0)	(36.0, 0.0)	(37.0, 0.0)	(38.0, 0.013581548467551694)	(39.0, 0.027163096935103388)	(40.0, 0.14486985032055139)	(41.0, 0.14849159657856517)	(42.0, 0.04225370634349416)	(43.0, 0.048893574483186104)	(44.0, 0.027766721311439018)	(45.0, 0.1107650730575883)	(46.0, 0.21549390235182014)	(47.0, 0.6555360727004954)	(48.0, 0.7214604778017223)	(49.0, 1.5313734847500589)	(50.0, 4.5218148771704385)	(51.0, 3.366801191065717)	(52.0, 5.325088015979117)	(53.0, 17.26977963901575)	(54.0, 38.09609254539381)	(55.0, 16.886435044015162)	(56.0, 5.916905786953853)	(57.0, 2.8781025843817223)	(58.0, 0.8118747861714241)	(59.0, 0.5633540072286687)	(60.0, 0.2900846288561515)	(61.0, 0.1279683677831538)	(62.0, 0.05855156450455619)	(63.0, 0.030784843193117178)	(64.0, 0.03863196008548037)	(65.0, 0.04225370634349415)	(66.0, 0.04285733071982979)	(67.0, 0.003621746258013785)	(68.0, 0.029577594440445908)	(69.0, 0.00724349251602757)	(70.0, 0.0)	(71.0, 0.0)	(72.0, 0.0)	(73.0, 0.0)	(74.0, 0.0)	(75.0, 0.0)	(76.0, 0.0)	(77.0, 0.0)	(78.0, 0.0)	(79.0, 0.0)	(80.0, 0.0)	(81.0, 0.0)	(82.0, 0.0)	(83.0, 0.0)	(84.0, 0.0)	(85.0, 0.0)	(86.0, 0.0)	(87.0, 0.0)	(88.0, 0.0)	(89.0, 0.0)	(90.0, 0.0)	(91.0, 0.0)	(92.0, 0.0)	(93.0, 0.0)	(94.0, 0.0)	(95.0, 0.0)	(96.0, 0.0)	(97.0, 0.0)	(98.0, 0.0)	(99.0, 0.0)	(100.0, 0.0)
SRR1560347	(0.0, 0.0)	(1.0, 0.0)	(2.0, 0.0)	(3.0, 0.0)	(4.0, 0.0)	(5.0, 0.0)	(6.0, 0.0)	(7.0, 0.0)	(8.0, 0.0)	(9.0, 0.0)	(10.0, 0.0)	(11.0, 0.0)	(12.0, 0.0)	(13.0, 0.0)	(14.0, 0.0)	(15.0, 0.0)	(16.0, 0.0)	(17.0, 0.0)	(18.0, 0.0)	(19.0, 0.0)	(20.0, 0.0)	(21.0, 0.0)	(22.0, 0.0)	(23.0, 0.0)	(24.0, 0.0)	(25.0, 0.0)	(26.0, 0.0)	(27.0, 0.0)	(28.0, 0.0)	(29.0, 0.0)	(30.0, 0.0)	(31.0, 0.0)	(32.0, 0.0)	(33.0, 0.0)	(34.0, 0.0)	(35.0, 0.0)	(36.0, 0.0)	(37.0, 0.0)	(38.0, 0.0)	(39.0, 0.0)	(40.0, 0.0)	(41.0, 0.0)	(42.0, 0.0)	(43.0, 0.0)	(44.0, 0.0)	(45.0, 0.0)	(46.0, 0.0)	(47.0, 0.0271316580664945)	(48.0, 0.07650158586963363)	(49.0, 0.15552253998829893)	(50.0, 0.7188435905938918)	(51.0, 1.4817276761564293)	(52.0, 5.4657209668846)	(53.0, 33.42988489152038)	(54.0, 26.784082146909522)	(55.0, 15.335539880023319)	(56.0, 10.134788623792337)	(57.0, 4.686872807513326)	(58.0, 0.8166629078014846)	(59.0, 0.3997074625867494)	(60.0, 0.14244120484909617)	(61.0, 0.1492241193657198)	(62.0, 0.12209246129922527)	(63.0, 0.061046230649612634)	(64.0, 0.0)	(65.0, 0.0040697487099741764)	(66.0, 0.0040697487099741764)	(67.0, 0.0040697487099741764)	(68.0, 0.0)	(69.0, 0.0)	(70.0, 0.0)	(71.0, 0.0)	(72.0, 0.0)	(73.0, 0.0)	(74.0, 0.0)	(75.0, 0.0)	(76.0, 0.0)	(77.0, 0.0)	(78.0, 0.0)	(79.0, 0.0)	(80.0, 0.0)	(81.0, 0.0)	(82.0, 0.0)	(83.0, 0.0)	(84.0, 0.0)	(85.0, 0.0)	(86.0, 0.0)	(87.0, 0.0)	(88.0, 0.0)	(89.0, 0.0)	(90.0, 0.0)	(91.0, 0.0)	(92.0, 0.0)	(93.0, 0.0)	(94.0, 0.0)	(95.0, 0.0)	(96.0, 0.0)	(97.0, 0.0)	(98.0, 0.0)	(99.0, 0.0)	(100.0, 0.0)
SRR1560348	(0.0, 0.0)	(1.0, 0.0)	(2.0, 0.0)	(3.0, 0.0)	(4.0, 0.0)	(5.0, 0.0)	(6.0, 0.0)	(7.0, 0.0)	(8.0, 0.0)	(9.0, 0.0)	(10.0, 0.0)	(11.0, 0.0)	(12.0, 0.0)	(13.0, 0.0)	(14.0, 0.0)	(15.0, 0.0)	(16.0, 0.0)	(17.0, 0.0)	(18.0, 0.0)	(19.0, 0.0)	(20.0, 0.0)	(21.0, 0.0)	(22.0, 0.0)	(23.0, 0.0)	(24.0, 0.0)	(25.0, 0.0)	(26.0, 0.0)	(27.0, 0.0)	(28.0, 0.0)	(29.0, 0.0)	(30.0, 0.0)	(31.0, 0.0)	(32.0, 0.0)	(33.0, 0.0)	(34.0, 0.0)	(35.0, 0.0)	(36.0, 0.0)	(37.0, 0.0)	(38.0, 0.0)	(39.0, 0.0)	(40.0, 0.0)	(41.0, 0.004108664390597257)	(42.0, 0.0)	(43.0, 0.0)	(44.0, 0.008217328781194515)	(45.0, 0.01095643837492602)	(46.0, 0.0)	(47.0, 0.05204308228089859)	(48.0, 0.12298602075854458)	(49.0, 0.21709400037174834)	(50.0, 0.4198272404449332)	(51.0, 1.3411071872279987)	(52.0, 3.201471293153347)	(53.0, 14.790722244506416)	(54.0, 8.21466793187481)	(55.0, 6.414975103450766)	(56.0, 46.33111921974229)	(57.0, 16.94898408381657)	(58.0, 0.8759281179382815)	(59.0, 0.5774043023586014)	(60.0, 0.22953738395470002)	(61.0, 0.1040861645617972)	(62.0, 0.05752130146836161)	(63.0, 0.041086643905972574)	(64.0, 0.008217328781194515)	(65.0, 0.008765150699940816)	(66.0, 0.009312972618687116)	(67.0, 0.0065738630249556115)	(68.0, 0.0032869315124778057)	(69.0, 0.0)	(70.0, 0.0)	(71.0, 0.0)	(72.0, 0.0)	(73.0, 0.0)	(74.0, 0.0)	(75.0, 0.0)	(76.0, 0.0)	(77.0, 0.0)	(78.0, 0.0)	(79.0, 0.0)	(80.0, 0.0)	(81.0, 0.0)	(82.0, 0.0)	(83.0, 0.0)	(84.0, 0.0)	(85.0, 0.0)	(86.0, 0.0)	(87.0, 0.0)	(88.0, 0.0)	(89.0, 0.0)	(90.0, 0.0)	(91.0, 0.0)	(92.0, 0.0)	(93.0, 0.0)	(94.0, 0.0)	(95.0, 0.0)	(96.0, 0.0)	(97.0, 0.0)	(98.0, 0.0)	(99.0, 0.0)	(100.0, 0.0)
SRR1560349	(0.0, 0.0)	(1.0, 0.0)	(2.0, 0.0)	(3.0, 0.0)	(4.0, 0.0)	(5.0, 0.0)	(6.0, 0.0)	(7.0, 0.0)	(8.0, 0.0)	(9.0, 0.0)	(10.0, 0.0)	(11.0, 0.0)	(12.0, 0.0)	(13.0, 0.0)	(14.0, 0.0)	(15.0, 0.0)	(16.0, 0.0)	(17.0, 0.0)	(18.0, 0.0)	(19.0, 0.0)	(20.0, 0.0)	(21.0, 0.0)	(22.0, 0.0)	(23.0, 0.0)	(24.0, 0.0)	(25.0, 0.0)	(26.0, 0.0)	(27.0, 0.0)	(28.0, 0.0)	(29.0, 0.0)	(30.0, 0.0)	(31.0, 0.0)	(32.0, 0.0)	(33.0, 0.0)	(34.0, 0.0)	(35.0, 0.0)	(36.0, 0.0)	(37.0, 0.0)	(38.0, 0.0)	(39.0, 0.0)	(40.0, 0.0)	(41.0, 0.0)	(42.0, 0.0)	(43.0, 0.007424953487970082)	(44.0, 0.007424953487970082)	(45.0, 0.007424953487970082)	(46.0, 0.007424953487970082)	(47.0, 0.018562383719925205)	(48.0, 0.5541136717307955)	(49.0, 0.5157160551215793)	(50.0, 1.7293777381123445)	(51.0, 22.19939111524137)	(52.0, 6.894387525872463)	(53.0, 23.236931937221268)	(54.0, 8.804730826793516)	(55.0, 6.948059332514155)	(56.0, 21.506572240971284)	(57.0, 6.728184281302865)	(58.0, 0.32555769275645946)	(59.0, 0.2109747498224642)	(60.0, 0.1187992558075213)	(61.0, 0.06682458139173074)	(62.0, 0.05939962790376067)	(63.0, 0.03341229069586537)	(64.0, 0.011137430231955124)	(65.0, 0.003712476743985041)	(66.0, 0.00445497209278205)	(67.0, 0.0)	(68.0, 0.0)	(69.0, 0.0)	(70.0, 0.0)	(71.0, 0.0)	(72.0, 0.0)	(73.0, 0.0)	(74.0, 0.0)	(75.0, 0.0)	(76.0, 0.0)	(77.0, 0.0)	(78.0, 0.0)	(79.0, 0.0)	(80.0, 0.0)	(81.0, 0.0)	(82.0, 0.0)	(83.0, 0.0)	(84.0, 0.0)	(85.0, 0.0)	(86.0, 0.0)	(87.0, 0.0)	(88.0, 0.0)	(89.0, 0.0)	(90.0, 0.0)	(91.0, 0.0)	(92.0, 0.0)	(93.0, 0.0)	(94.0, 0.0)	(95.0, 0.0)	(96.0, 0.0)	(97.0, 0.0)	(98.0, 0.0)	(99.0, 0.0)	(100.0, 0.0)
SRR1560350	(0.0, 0.0)	(1.0, 0.0)	(2.0, 0.0)	(3.0, 0.0)	(4.0, 0.0)	(5.0, 0.0)	(6.0, 0.0)	(7.0, 0.0)	(8.0, 0.0)	(9.0, 0.0)	(10.0, 0.0)	(11.0, 0.0)	(12.0, 0.0)	(13.0, 0.0)	(14.0, 0.0)	(15.0, 0.0)	(16.0, 0.0)	(17.0, 0.0)	(18.0, 0.0)	(19.0, 0.0)	(20.0, 0.0)	(21.0, 0.0)	(22.0, 0.0)	(23.0, 0.0)	(24.0, 0.0)	(25.0, 0.0)	(26.0, 0.0)	(27.0, 0.0)	(28.0, 0.0)	(29.0, 0.0)	(30.0, 0.0)	(31.0, 0.0)	(32.0, 0.0)	(33.0, 0.0)	(34.0, 0.0)	(35.0, 0.0)	(36.0, 0.0)	(37.0, 0.0)	(38.0, 0.0)	(39.0, 0.0)	(40.0, 0.0)	(41.0, 0.0)	(42.0, 0.0)	(43.0, 0.0)	(44.0, 0.0)	(45.0, 0.01670007072407551)	(46.0, 0.04787353607568313)	(47.0, 0.039523500713645375)	(48.0, 0.05288355729290578)	(49.0, 0.13193055872019654)	(50.0, 0.3686739422705433)	(51.0, 1.8463193342338664)	(52.0, 8.004821042927002)	(53.0, 37.1162252808457)	(54.0, 8.434218900369505)	(55.0, 5.1842056056796215)	(56.0, 28.70758785244997)	(57.0, 8.69509063285595)	(58.0, 0.6169820645517465)	(59.0, 0.46108822974494024)	(60.0, 0.16523792199765824)	(61.0, 0.052187721012735964)	(62.0, 0.03340014144815102)	(63.0, 0.01670007072407551)	(64.0, 0.008350035362037754)	(65.0, 0.0)	(66.0, 0.0)	(67.0, 0.0)	(68.0, 0.0)	(69.0, 0.0)	(70.0, 0.0)	(71.0, 0.0)	(72.0, 0.0)	(73.0, 0.0)	(74.0, 0.0)	(75.0, 0.0)	(76.0, 0.0)	(77.0, 0.0)	(78.0, 0.0)	(79.0, 0.0)	(80.0, 0.0)	(81.0, 0.0)	(82.0, 0.0)	(83.0, 0.0)	(84.0, 0.0)	(85.0, 0.0)	(86.0, 0.0)	(87.0, 0.0)	(88.0, 0.0)	(89.0, 0.0)	(90.0, 0.0)	(91.0, 0.0)	(92.0, 0.0)	(93.0, 0.0)	(94.0, 0.0)	(95.0, 0.0)	(96.0, 0.0)	(97.0, 0.0)	(98.0, 0.0)	(99.0, 0.0)	(100.0, 0.0)
SRR1560351	(0.0, 0.0)	(1.0, 0.0)	(2.0, 0.0)	(3.0, 0.0)	(4.0, 0.0)	(5.0, 0.0)	(6.0, 0.0)	(7.0, 0.0)	(8.0, 0.0)	(9.0, 0.0)	(10.0, 0.0)	(11.0, 0.0)	(12.0, 0.0)	(13.0, 0.0)	(14.0, 0.0)	(15.0, 0.0)	(16.0, 0.0)	(17.0, 0.0)	(18.0, 0.0)	(19.0, 0.0)	(20.0, 0.0)	(21.0, 0.0)	(22.0, 0.0)	(23.0, 0.0)	(24.0, 0.0)	(25.0, 0.0)	(26.0, 0.0)	(27.0, 0.0)	(28.0, 0.0)	(29.0, 0.0)	(30.0, 0.0)	(31.0, 0.0)	(32.0, 0.0)	(33.0, 0.0)	(34.0, 0.0)	(35.0, 0.0)	(36.0, 0.0)	(37.0, 0.0)	(38.0, 0.0)	(39.0, 0.0)	(40.0, 0.0)	(41.0, 0.0)	(42.0, 0.005098300971889558)	(43.0, 0.0)	(44.0, 0.07222593043510205)	(45.0, 0.18693770230261722)	(46.0, 0.10621460358103246)	(47.0, 0.10196601943779114)	(48.0, 0.3003748989271597)	(49.0, 1.1101550366289525)	(50.0, 3.9082725533676665)	(51.0, 1.5418111855822616)	(52.0, 3.887465526349282)	(53.0, 14.23876559171794)	(54.0, 19.3859252812544)	(55.0, 24.912341915309895)	(56.0, 21.246076807283213)	(57.0, 7.683180946950628)	(58.0, 0.6131424212123976)	(59.0, 0.3386728502755205)	(60.0, 0.13534775199182994)	(61.0, 0.07647451457834337)	(62.0, 0.06372876214861947)	(63.0, 0.05098300971889557)	(64.0, 0.025491504859447785)	(65.0, 0.004248584143241298)	(66.0, 0.005098300971889558)	(67.0, 0.0)	(68.0, 0.0)	(69.0, 0.0)	(70.0, 0.0)	(71.0, 0.0)	(72.0, 0.0)	(73.0, 0.0)	(74.0, 0.0)	(75.0, 0.0)	(76.0, 0.0)	(77.0, 0.0)	(78.0, 0.0)	(79.0, 0.0)	(80.0, 0.0)	(81.0, 0.0)	(82.0, 0.0)	(83.0, 0.0)	(84.0, 0.0)	(85.0, 0.0)	(86.0, 0.0)	(87.0, 0.0)	(88.0, 0.0)	(89.0, 0.0)	(90.0, 0.0)	(91.0, 0.0)	(92.0, 0.0)	(93.0, 0.0)	(94.0, 0.0)	(95.0, 0.0)	(96.0, 0.0)	(97.0, 0.0)	(98.0, 0.0)	(99.0, 0.0)	(100.0, 0.0)
SRR1560352	(0.0, 0.0)	(1.0, 0.0)	(2.0, 0.0)	(3.0, 0.0)	(4.0, 0.0)	(5.0, 0.0)	(6.0, 0.0)	(7.0, 0.0)	(8.0, 0.0)	(9.0, 0.0)	(10.0, 0.0)	(11.0, 0.0)	(12.0, 0.0)	(13.0, 0.0)	(14.0, 0.0)	(15.0, 0.0)	(16.0, 0.0)	(17.0, 0.0)	(18.0, 0.0)	(19.0, 0.0)	(20.0, 0.0)	(21.0, 0.0)	(22.0, 0.0)	(23.0, 0.0)	(24.0, 0.0)	(25.0, 0.0)	(26.0, 0.0)	(27.0, 0.0)	(28.0, 0.0)	(29.0, 0.0)	(30.0, 0.0)	(31.0, 0.0)	(32.0, 0.0)	(33.0, 0.0)	(34.0, 0.0)	(35.0, 0.0)	(36.0, 0.0)	(37.0, 0.0)	(38.0, 0.0)	(39.0, 0.0)	(40.0, 0.01437036292609326)	(41.0, 0.01847618090497705)	(42.0, 0.010948847943690105)	(43.0, 0.017107574912015786)	(44.0, 0.03147793783810905)	(45.0, 0.3457685283645702)	(46.0, 0.45814085614378286)	(47.0, 2.631878203249972)	(48.0, 0.9697388106554924)	(49.0, 2.6710626962627546)	(50.0, 13.944139916856537)	(51.0, 4.253725183694473)	(52.0, 6.326992187281677)	(53.0, 11.021954313814064)	(54.0, 15.882477033173242)	(55.0, 15.612152910170435)	(56.0, 17.272158669720323)	(57.0, 7.103602770109122)	(58.0, 0.6574522503330109)	(59.0, 0.3630716184184379)	(60.0, 0.16423271915535156)	(61.0, 0.05799467895173353)	(62.0, 0.03079363484162842)	(63.0, 0.03079363484162842)	(64.0, 0.04105817978883789)	(65.0, 0.023950604876822105)	(66.0, 0.04037387679235726)	(67.0, 0.0041058179788837895)	(68.0, 0.0)	(69.0, 0.0)	(70.0, 0.0)	(71.0, 0.0)	(72.0, 0.0)	(73.0, 0.0)	(74.0, 0.0)	(75.0, 0.0)	(76.0, 0.0)	(77.0, 0.0)	(78.0, 0.0)	(79.0, 0.0)	(80.0, 0.0)	(81.0, 0.0)	(82.0, 0.0)	(83.0, 0.0)	(84.0, 0.0)	(85.0, 0.0)	(86.0, 0.0)	(87.0, 0.0)	(88.0, 0.0)	(89.0, 0.0)	(90.0, 0.0)	(91.0, 0.0)	(92.0, 0.0)	(93.0, 0.0)	(94.0, 0.0)	(95.0, 0.0)	(96.0, 0.0)	(97.0, 0.0)	(98.0, 0.0)	(99.0, 0.0)	(100.0, 0.0)
SRR1560353	(0.0, 0.0)	(1.0, 0.0)	(2.0, 0.0)	(3.0, 0.0)	(4.0, 0.0)	(5.0, 0.0)	(6.0, 0.0)	(7.0, 0.0)	(8.0, 0.0)	(9.0, 0.0)	(10.0, 0.0)	(11.0, 0.0)	(12.0, 0.0)	(13.0, 0.0)	(14.0, 0.0)	(15.0, 0.0)	(16.0, 0.0)	(17.0, 0.0)	(18.0, 0.0)	(19.0, 0.0)	(20.0, 0.0)	(21.0, 0.0)	(22.0, 0.0)	(23.0, 0.0)	(24.0, 0.0)	(25.0, 0.0)	(26.0, 0.0)	(27.0, 0.0)	(28.0, 0.0)	(29.0, 0.0)	(30.0, 0.0)	(31.0, 0.0)	(32.0, 0.0)	(33.0, 0.01622174952134219)	(34.0, 0.005407249840447396)	(35.0, 0.0)	(36.0, 0.0033795311502796224)	(37.0, 0.02703624920223698)	(38.0, 0.010138593450838868)	(39.0, 0.015095239137915648)	(40.0, 0.1435174228485413)	(41.0, 0.13180171486090528)	(42.0, 0.06015565447497728)	(43.0, 0.041680884186782015)	(44.0, 0.038751957189873)	(45.0, 0.23904550336311178)	(46.0, 0.5880384201486537)	(47.0, 2.4508038041718234)	(48.0, 0.9976054095515906)	(49.0, 4.225701378287649)	(50.0, 9.735238361550106)	(51.0, 3.951991541126)	(52.0, 6.439728792868873)	(53.0, 17.84445554265899)	(54.0, 10.279294597729049)	(55.0, 8.703354850331513)	(56.0, 21.459153781982145)	(57.0, 9.781607674665846)	(58.0, 1.4662878600754614)	(59.0, 0.6306205126421781)	(60.0, 0.3848159469785066)	(61.0, 0.11580526741624841)	(62.0, 0.07885572683985786)	(63.0, 0.009012083067412326)	(64.0, 0.01622174952134219)	(65.0, 0.013646868644938666)	(66.0, 0.022980811821901433)	(67.0, 0.04280739457020856)	(68.0, 0.029739874122460673)	(69.0, 0.0)	(70.0, 0.0)	(71.0, 0.0)	(72.0, 0.0)	(73.0, 0.0)	(74.0, 0.0)	(75.0, 0.0)	(76.0, 0.0)	(77.0, 0.0)	(78.0, 0.0)	(79.0, 0.0)	(80.0, 0.0)	(81.0, 0.0)	(82.0, 0.0)	(83.0, 0.0)	(84.0, 0.0)	(85.0, 0.0)	(86.0, 0.0)	(87.0, 0.0)	(88.0, 0.0)	(89.0, 0.0)	(90.0, 0.0)	(91.0, 0.0)	(92.0, 0.0)	(93.0, 0.0)	(94.0, 0.0)	(95.0, 0.0)	(96.0, 0.0)	(97.0, 0.0)	(98.0, 0.0)	(99.0, 0.0)	(100.0, 0.0)
SRR1560354	(0.0, 0.0)	(1.0, 0.0)	(2.0, 0.0)	(3.0, 0.0)	(4.0, 0.0)	(5.0, 0.0)	(6.0, 0.0)	(7.0, 0.0)	(8.0, 0.0)	(9.0, 0.0)	(10.0, 0.0)	(11.0, 0.0)	(12.0, 0.0)	(13.0, 0.0)	(14.0, 0.0)	(15.0, 0.0)	(16.0, 0.0)	(17.0, 0.0)	(18.0, 0.0)	(19.0, 0.0)	(20.0, 0.0)	(21.0, 0.0)	(22.0, 0.0)	(23.0, 0.0)	(24.0, 0.0)	(25.0, 0.0)	(26.0, 0.0)	(27.0, 0.0)	(28.0, 0.0)	(29.0, 0.0)	(30.0, 0.0)	(31.0, 0.0)	(32.0, 0.0)	(33.0, 0.0)	(34.0, 0.0)	(35.0, 0.0)	(36.0, 0.0)	(37.0, 0.011305495852766967)	(38.0, 0.011305495852766967)	(39.0, 0.011305495852766967)	(40.0, 0.04522198341106787)	(41.0, 0.028263739631917417)	(42.0, 0.0056527479263834834)	(43.0, 0.010767138907397111)	(44.0, 0.025841133377753067)	(45.0, 0.03090168866422971)	(46.0, 0.04543732618921581)	(47.0, 0.26627134517993045)	(48.0, 0.47181602692214125)	(49.0, 0.5100932057379384)	(50.0, 1.772001885684877)	(51.0, 6.487416534484841)	(52.0, 6.840578690647411)	(53.0, 31.21285897865689)	(54.0, 20.59139946067405)	(55.0, 6.316542040024423)	(56.0, 18.172830883598493)	(57.0, 6.1044294035487034)	(58.0, 0.5395413306496695)	(59.0, 0.2576576340540128)	(60.0, 0.1263344298467928)	(61.0, 0.030147988940711915)	(62.0, 0.007536997235177977)	(63.0, 0.0)	(64.0, 0.010767138907397111)	(65.0, 0.011305495852766967)	(66.0, 0.004522198341106787)	(67.0, 0.03090168866422971)	(68.0, 0.009044396682213574)	(69.0, 0.0)	(70.0, 0.0)	(71.0, 0.0)	(72.0, 0.0)	(73.0, 0.0)	(74.0, 0.0)	(75.0, 0.0)	(76.0, 0.0)	(77.0, 0.0)	(78.0, 0.0)	(79.0, 0.0)	(80.0, 0.0)	(81.0, 0.0)	(82.0, 0.0)	(83.0, 0.0)	(84.0, 0.0)	(85.0, 0.0)	(86.0, 0.0)	(87.0, 0.0)	(88.0, 0.0)	(89.0, 0.0)	(90.0, 0.0)	(91.0, 0.0)	(92.0, 0.0)	(93.0, 0.0)	(94.0, 0.0)	(95.0, 0.0)	(96.0, 0.0)	(97.0, 0.0)	(98.0, 0.0)	(99.0, 0.0)	(100.0, 0.0)
SRR1560355	(0.0, 0.0)	(1.0, 0.0)	(2.0, 0.0)	(3.0, 0.0)	(4.0, 0.0)	(5.0, 0.0)	(6.0, 0.0)	(7.0, 0.0)	(8.0, 0.0)	(9.0, 0.0)	(10.0, 0.0)	(11.0, 0.0)	(12.0, 0.0)	(13.0, 0.0)	(14.0, 0.0)	(15.0, 0.0)	(16.0, 0.0)	(17.0, 0.0)	(18.0, 0.0)	(19.0, 0.0)	(20.0, 0.0)	(21.0, 0.0)	(22.0, 0.0)	(23.0, 0.0)	(24.0, 0.0)	(25.0, 0.0)	(26.0, 0.0)	(27.0, 0.0)	(28.0, 0.0)	(29.0, 0.0)	(30.0, 0.0)	(31.0, 0.0)	(32.0, 0.0)	(33.0, 0.0)	(34.0, 0.0)	(35.0, 0.0)	(36.0, 0.0)	(37.0, 0.0)	(38.0, 0.010083596874006253)	(39.0, 0.010083596874006253)	(40.0, 0.010083596874006253)	(41.0, 0.02520899218501563)	(42.0, 0.010083596874006253)	(43.0, 0.0)	(44.0, 0.0)	(45.0, 0.1327673588410824)	(46.0, 0.3041885056991882)	(47.0, 0.32502793923880147)	(48.0, 0.3515814110070179)	(49.0, 1.357828344776898)	(50.0, 2.3721181474820208)	(51.0, 2.473122176169985)	(52.0, 3.4668366395392782)	(53.0, 14.245481440932659)	(54.0, 12.171861769484952)	(55.0, 20.130268576600884)	(56.0, 30.43057547953336)	(57.0, 11.076599810843097)	(58.0, 0.613114701358228)	(59.0, 0.2430947132101698)	(60.0, 0.11226404519726962)	(61.0, 0.0436955864540271)	(62.0, 0.02756183145561709)	(63.0, 0.010083596874006253)	(64.0, 0.006722397916004168)	(65.0, 0.016805994790010423)	(66.0, 0.018822714164811672)	(67.0, 0.004033438749602502)	(68.0, 0.0)	(69.0, 0.0)	(70.0, 0.0)	(71.0, 0.0)	(72.0, 0.0)	(73.0, 0.0)	(74.0, 0.0)	(75.0, 0.0)	(76.0, 0.0)	(77.0, 0.0)	(78.0, 0.0)	(79.0, 0.0)	(80.0, 0.0)	(81.0, 0.0)	(82.0, 0.0)	(83.0, 0.0)	(84.0, 0.0)	(85.0, 0.0)	(86.0, 0.0)	(87.0, 0.0)	(88.0, 0.0)	(89.0, 0.0)	(90.0, 0.0)	(91.0, 0.0)	(92.0, 0.0)	(93.0, 0.0)	(94.0, 0.0)	(95.0, 0.0)	(96.0, 0.0)	(97.0, 0.0)	(98.0, 0.0)	(99.0, 0.0)	(100.0, 0.0)
SRR1560356	(0.0, 0.0)	(1.0, 0.0)	(2.0, 0.0)	(3.0, 0.0)	(4.0, 0.0)	(5.0, 0.0)	(6.0, 0.0)	(7.0, 0.0)	(8.0, 0.0)	(9.0, 0.0)	(10.0, 0.0)	(11.0, 0.0)	(12.0, 0.0)	(13.0, 0.0)	(14.0, 0.0)	(15.0, 0.0)	(16.0, 0.0)	(17.0, 0.0)	(18.0, 0.0)	(19.0, 0.0)	(20.0, 0.0)	(21.0, 0.0)	(22.0, 0.0)	(23.0, 0.0)	(24.0, 0.0)	(25.0, 0.0)	(26.0, 0.0)	(27.0, 0.0)	(28.0, 0.0)	(29.0, 0.0)	(30.0, 0.0)	(31.0, 0.0)	(32.0, 0.0)	(33.0, 0.0)	(34.0, 0.0)	(35.0, 0.0)	(36.0, 0.0)	(37.0, 0.0)	(38.0, 0.0)	(39.0, 0.0)	(40.0, 0.004576578377804993)	(41.0, 0.010297301350061233)	(42.0, 0.019069076574187466)	(43.0, 0.007627630629674987)	(44.0, 0.0038138153148374937)	(45.0, 0.0572072297225624)	(46.0, 0.07818321395416862)	(47.0, 0.25514424456262835)	(48.0, 0.878920980842264)	(49.0, 0.7824314533768759)	(50.0, 2.823095062194595)	(51.0, 39.787737238199206)	(52.0, 5.358628449650291)	(53.0, 6.404794312560794)	(54.0, 2.438308338465442)	(55.0, 2.647414383870394)	(56.0, 26.82847452298957)	(57.0, 10.13505074995317)	(58.0, 0.42769214602106165)	(59.0, 0.33932059686868443)	(60.0, 0.2440841801495996)	(61.0, 0.21565392052990198)	(62.0, 0.15255261259349973)	(63.0, 0.04957959909288743)	(64.0, 0.019069076574187466)	(65.0, 0.0)	(66.0, 0.009153156755609985)	(67.0, 0.01372973513341498)	(68.0, 0.008390393692642488)	(69.0, 0.0)	(70.0, 0.0)	(71.0, 0.0)	(72.0, 0.0)	(73.0, 0.0)	(74.0, 0.0)	(75.0, 0.0)	(76.0, 0.0)	(77.0, 0.0)	(78.0, 0.0)	(79.0, 0.0)	(80.0, 0.0)	(81.0, 0.0)	(82.0, 0.0)	(83.0, 0.0)	(84.0, 0.0)	(85.0, 0.0)	(86.0, 0.0)	(87.0, 0.0)	(88.0, 0.0)	(89.0, 0.0)	(90.0, 0.0)	(91.0, 0.0)	(92.0, 0.0)	(93.0, 0.0)	(94.0, 0.0)	(95.0, 0.0)	(96.0, 0.0)	(97.0, 0.0)	(98.0, 0.0)	(99.0, 0.0)	(100.0, 0.0)
SRR1560357	(0.0, 0.0)	(1.0, 0.0)	(2.0, 0.0)	(3.0, 0.0)	(4.0, 0.0)	(5.0, 0.0)	(6.0, 0.0)	(7.0, 0.0)	(8.0, 0.0)	(9.0, 0.0)	(10.0, 0.0)	(11.0, 0.0)	(12.0, 0.0)	(13.0, 0.0)	(14.0, 0.0)	(15.0, 0.0)	(16.0, 0.0)	(17.0, 0.0)	(18.0, 0.0)	(19.0, 0.0)	(20.0, 0.0)	(21.0, 0.0)	(22.0, 0.0)	(23.0, 0.0)	(24.0, 0.0)	(25.0, 0.0)	(26.0, 0.0)	(27.0, 0.0)	(28.0, 0.0)	(29.0, 0.0)	(30.0, 0.0)	(31.0, 0.0)	(32.0, 0.0)	(33.0, 0.0)	(34.0, 0.0)	(35.0, 0.0)	(36.0, 0.0)	(37.0, 0.0)	(38.0, 0.0)	(39.0, 0.0)	(40.0, 0.026205796776700856)	(41.0, 0.041929274842721374)	(42.0, 0.020964637421360687)	(43.0, 0.006988212473786895)	(44.0, 0.006988212473786895)	(45.0, 0.014675246194952479)	(46.0, 0.056604521037673855)	(47.0, 0.15548772754175844)	(48.0, 0.21962953489044534)	(49.0, 0.27848026708040785)	(50.0, 0.4895741995921564)	(51.0, 2.6233749626596263)	(52.0, 4.05377130003758)	(53.0, 21.705437859386077)	(54.0, 21.49411930575907)	(55.0, 17.134406483777788)	(56.0, 22.611043641582427)	(57.0, 8.025521103214498)	(58.0, 0.6054786950502503)	(59.0, 0.28655074492757004)	(60.0, 0.06430063035945474)	(61.0, 0.01347726691373187)	(62.0, 0.010482318710680344)	(63.0, 0.0)	(64.0, 0.0)	(65.0, 0.004192927484272137)	(66.0, 0.004192927484272137)	(67.0, 0.020964637421360687)	(68.0, 0.025157564905632826)	(69.0, 0.0)	(70.0, 0.0)	(71.0, 0.0)	(72.0, 0.0)	(73.0, 0.0)	(74.0, 0.0)	(75.0, 0.0)	(76.0, 0.0)	(77.0, 0.0)	(78.0, 0.0)	(79.0, 0.0)	(80.0, 0.0)	(81.0, 0.0)	(82.0, 0.0)	(83.0, 0.0)	(84.0, 0.0)	(85.0, 0.0)	(86.0, 0.0)	(87.0, 0.0)	(88.0, 0.0)	(89.0, 0.0)	(90.0, 0.0)	(91.0, 0.0)	(92.0, 0.0)	(93.0, 0.0)	(94.0, 0.0)	(95.0, 0.0)	(96.0, 0.0)	(97.0, 0.0)	(98.0, 0.0)	(99.0, 0.0)	(100.0, 0.0)
SRR1560358	(0.0, 0.0)	(1.0, 0.0)	(2.0, 0.0)	(3.0, 0.0)	(4.0, 0.0)	(5.0, 0.0)	(6.0, 0.0)	(7.0, 0.0)	(8.0, 0.0)	(9.0, 0.0)	(10.0, 0.0)	(11.0, 0.0)	(12.0, 0.0)	(13.0, 0.0)	(14.0, 0.0)	(15.0, 0.0)	(16.0, 0.0)	(17.0, 0.0)	(18.0, 0.0)	(19.0, 0.0)	(20.0, 0.0)	(21.0, 0.0)	(22.0, 0.0)	(23.0, 0.0)	(24.0, 0.0)	(25.0, 0.0)	(26.0, 0.0)	(27.0, 0.0)	(28.0, 0.0)	(29.0, 0.0)	(30.0, 0.0)	(31.0, 0.0)	(32.0, 0.0)	(33.0, 0.0)	(34.0, 0.0)	(35.0, 0.0)	(36.0, 0.0)	(37.0, 0.0)	(38.0, 0.0)	(39.0, 0.0)	(40.0, 0.0)	(41.0, 0.0)	(42.0, 0.0)	(43.0, 0.032297640675325756)	(44.0, 0.05075343534694047)	(45.0, 0.16610215204453252)	(46.0, 0.31104605376910666)	(47.0, 0.2432649507191883)	(48.0, 0.28735013168180146)	(49.0, 2.1793986532843137)	(50.0, 20.682651082625267)	(51.0, 4.341066560973373)	(52.0, 23.3293109088629)	(53.0, 20.113322773783015)	(54.0, 10.601403940689654)	(55.0, 2.911269782342442)	(56.0, 9.653138619107184)	(57.0, 4.3278728649015745)	(58.0, 0.37452080472898147)	(59.0, 0.21805401561690246)	(60.0, 0.09227897335807358)	(61.0, 0.041525538011133116)	(62.0, 0.02768369200742208)	(63.0, 0.0)	(64.0, 0.0)	(65.0, 0.004613948667903679)	(66.0, 0.0)	(67.0, 0.005536738401484415)	(68.0, 0.005536738401484415)	(69.0, 0.0)	(70.0, 0.0)	(71.0, 0.0)	(72.0, 0.0)	(73.0, 0.0)	(74.0, 0.0)	(75.0, 0.0)	(76.0, 0.0)	(77.0, 0.0)	(78.0, 0.0)	(79.0, 0.0)	(80.0, 0.0)	(81.0, 0.0)	(82.0, 0.0)	(83.0, 0.0)	(84.0, 0.0)	(85.0, 0.0)	(86.0, 0.0)	(87.0, 0.0)	(88.0, 0.0)	(89.0, 0.0)	(90.0, 0.0)	(91.0, 0.0)	(92.0, 0.0)	(93.0, 0.0)	(94.0, 0.0)	(95.0, 0.0)	(96.0, 0.0)	(97.0, 0.0)	(98.0, 0.0)	(99.0, 0.0)	(100.0, 0.0)
