Sample	0	1	2	3	4	5	6	7	8	9	10	11	12	13	14	15	16	17	18	19	20	21	22	23	24	25	26	27	28	29	30	31	32	33	34	35	36	37	38	39	40	41	42	43	44	45	46	47	48	49	50	51	52	53	54	55	56	57	58	59	60	61	62	63	64	65	66	67	68	69	70	71	72
SRR1560315	(1, 0.0)	(2, 0.0)	(3, 0.0)	(4, 0.0)	(5, 0.0)	(6, 0.0)	(7, 0.0)	(8, 0.0)	(9, 0.0)	(10, 0.0)	(20, 0.0)	(40, 0.0)	(60, 0.0)	(80, 0.0)	(100, 0.0)	(120, 0.0)	(140, 0.0)	(160, 0.0012085857934768596)	(180, 0.0)	(200, 0.0004031103998452056)	(220, 0.0004031526537523434)	(240, 0.012096383987613302)	(260, 0.0)	(280, 0.0)	(300, 0.0)	(320, 0.0004032501965844708)	(340, 0.0016130333091378339)	(360, 0.0012100677637947727)	(380, 0.006051852270251515)	(400, 0.0064561165651845845)	(420, 0.06134053277481164)	(440, 0.030268786827023973)	(460, 0.025436457307127056)	(480, 0.028699044038885183)	(500, 0.0473937589902635)	(520, 0.09665489998319046)	(540, 0.19871558667157974)	(560, 1.1451375032532316)	(580, 1.3248847926267282)	(600, 0.69164265129683)	(620, 0.511770726714432)	(640, 0.5692599620493358)	(660, 0.0)	(680, 0.0)	(700, 0.0)	(720, 0.0)	(740, 0.0)	(760, 0.0)	(780, 0.0)	(800, 0.0)	(820, 5.0)	(840, 0.0)																					
SRR1560316	(1, 0.0)	(2, 0.0)	(3, 0.0)	(4, 0.0)	(5, 0.0)	(6, 0.0)	(7, 0.0)	(8, 0.0)	(9, 0.0)	(10, 0.0006499415052645262)	(20, 0.0)	(40, 0.0)	(60, 0.00032538843244122673)	(80, 0.0)	(100, 0.00032578277456157785)	(120, 0.00032584965297011956)	(140, 0.0006517927559753101)	(160, 0.0003259686157416764)	(180, 0.00032601750061943323)	(200, 0.00391459655189287)	(220, 0.0)	(240, 0.0016319975976995362)	(260, 0.00032643041809207946)	(280, 0.0009797901942597358)	(300, 0.000326797385620915)	(320, 0.0006536374926465783)	(340, 0.003595429228878487)	(360, 0.01438872447227718)	(380, 0.008506183340967088)	(400, 0.009488255829551663)	(420, 0.04122497055359246)	(440, 0.017013479911006414)	(460, 0.134269948093203)	(480, 0.10209857348589607)	(500, 0.30412543089069277)	(520, 0.21804499441112107)	(540, 0.48096722951109017)	(560, 1.648047782324964)	(580, 1.3869232946504388)	(600, 0.4681100058513751)	(620, 0.1440922190201729)	(640, 0.0)	(660, 0.9009009009009009)	(680, 1.6129032258064515)	(700, 0.0)	(720, 0.0)	(740, 0.0)	(760, 0.0)	(780, 0.0)	(800, 0.0)	(820, 0.0)	(840, 0.0)	(860, 5.0)	(880, 0.0)																			
SRR1560317	(1, 0.0)	(2, 0.0)	(3, 0.0)	(4, 0.0)	(5, 0.0)	(6, 0.0)	(7, 0.0)	(8, 0.0)	(9, 0.0)	(10, 0.0)	(50, 0.00030793059860168714)	(100, 0.0006167072151660639)	(150, 0.0006173534981564282)	(200, 0.002161895055437166)	(250, 0.0003092117265455175)	(300, 0.00046474520344221286)	(350, 0.004806782835753781)	(400, 0.021408625504188646)	(450, 0.07270392346383235)	(500, 0.21075044540042584)	(550, 0.6470696986503974)	(600, 0.0)	(650, 1.0723860589812333)	(700, 2.0338983050847457)	(750, 0.4)	(800, 0.8130081300813009)	(850, 0.0)	(900, 0.0)	(950, 0.0)	(1000, 0.0)	(1050, 0.0)	(1100, 0.0)	(1150, 0.0)	(1200, 0.0)	(1250, 0.0)	(1300, 0.0)	(1350, 0.0)																																				
SRR1560318	(1, 0.0)	(2, 0.0)	(3, 0.0)	(4, 0.0)	(5, 0.0)	(6, 0.0)	(7, 0.0)	(8, 0.0)	(9, 0.0)	(10, 0.0)	(20, 0.0)	(40, 0.0)	(60, 0.0)	(80, 0.0)	(100, 0.00047952891079803205)	(120, 0.0004816862873547716)	(140, 0.00048432013560963794)	(160, 0.0)	(180, 0.0)	(200, 0.0)	(220, 0.0)	(240, 0.0004861968708369393)	(260, 0.0004862701619765909)	(280, 0.0)	(300, 0.0)	(320, 0.0009744736624130891)	(340, 0.00048737693732332587)	(360, 0.0029307035153788665)	(380, 0.001957713390759593)	(400, 0.009788806499767514)	(420, 0.05922662750856584)	(440, 0.033778987511565634)	(460, 0.0386337520307485)	(480, 0.11840487382796885)	(500, 0.11320754716981132)	(520, 0.12976816209024886)	(540, 0.22435414469168047)	(560, 1.1894273127753305)	(580, 0.7421875)	(600, 0.28308563340410475)	(620, 0.0)	(640, 0.0)	(660, 0.0)	(680, 3.225806451612903)	(700, 0.0)	(720, 0.0)																											
SRR1560319	(1, 0.0)	(2, 0.0)	(3, 0.0)	(4, 0.0)	(5, 0.0)	(6, 0.0)	(7, 0.0)	(8, 0.0)	(9, 0.0)	(10, 0.0)	(20, 0.0)	(40, 0.0003436248990601859)	(60, 0.0006883567890909216)	(80, 0.0)	(100, 0.0006967621463061154)	(120, 0.0)	(140, 0.00034894270360806757)	(160, 0.00034896583973394846)	(180, 0.0006981509472162976)	(200, 0.0013965212655275708)	(220, 0.0006983362139702159)	(240, 0.00034919371171963936)	(260, 0.0)	(280, 0.0003494377546527637)	(300, 0.06471518323142149)	(320, 0.000699741095794556)	(340, 0.002099252666050886)	(360, 0.012947112793846973)	(380, 0.005949048152295633)	(400, 0.0027998460084695345)	(420, 0.05494890102197956)	(440, 0.09274814503709926)	(460, 0.03640232974910394)	(480, 0.045958945680736184)	(500, 0.13137987006107046)	(520, 0.28554869170636543)	(540, 0.5794029323441088)	(560, 0.7395129414764758)	(580, 0.2678400612205854)	(600, 0.1688374336710082)	(620, 0.2724795640326975)	(640, 0.6785934608266502)	(660, 1.2195121951219512)	(680, 0.6097560975609756)	(700, 1.1695906432748537)	(720, 0.0)	(740, 0.8333333333333334)	(760, 0.0)	(780, 0.0)	(800, 0.0)	(820, 0.0)	(840, 0.0)	(860, 0.0)	(880, 0.0)	(900, 0.0)	(920, 0.0)	(940, 0.0)	(960, 0.0)	(980, 0.0)	(1000, 0.0)	(1020, 0.0)	(1040, 0.0)	(1060, 0.0)	(1080, 0.0)	(1100, 0.0)								
SRR1560320	(1, 0.0)	(2, 0.0)	(3, 0.0)	(4, 0.0)	(5, 0.0)	(6, 0.0)	(7, 0.0)	(8, 0.0)	(9, 0.0)	(10, 0.0)	(20, 0.0)	(40, 0.0)	(60, 0.0)	(80, 0.0006070613374775387)	(100, 0.0006095256671258426)	(120, 0.0)	(140, 0.0006108362348054486)	(160, 0.0)	(180, 0.0018355921314283969)	(200, 0.0006119202056051891)	(220, 0.0012238628784031036)	(240, 0.0)	(260, 0.0)	(280, 0.0)	(300, 0.0024515361938674822)	(320, 0.0012259784840776044)	(340, 0.003678837487353996)	(360, 0.002453265296109121)	(380, 0.00245398773006135)	(400, 0.019021322288694586)	(420, 0.08468335787923417)	(440, 0.07302405498281787)	(460, 0.05432702399031991)	(480, 0.03429975491266035)	(500, 0.06512643738652212)	(520, 0.07000950128946071)	(540, 0.29100365302458053)	(560, 0.5575072552314037)	(580, 1.1475017929715514)	(600, 0.4317111459968602)	(620, 0.28388928317955997)	(640, 0.15600624024961)	(660, 0.6472491909385114)	(680, 0.0)	(700, 0.0)	(720, 0.0)	(740, 0.0)	(760, 0.0)	(780, 0.0)	(800, 0.0)	(820, 0.0)	(840, 0.0)	(860, 0.0)	(880, 0.0)	(900, 0.0)	(920, 0.0)	(940, 0.0)	(960, 0.0)	(980, 0.0)														
SRR1560321	(1, 0.0)	(2, 0.0)	(3, 0.0)	(4, 0.0)	(5, 0.0)	(6, 0.0)	(7, 0.0)	(8, 0.0)	(9, 0.0)	(10, 0.0)	(20, 0.0)	(40, 0.0)	(60, 0.0)	(80, 0.0)	(100, 0.0)	(120, 0.00040110866434825854)	(140, 0.0012037702082923717)	(160, 0.0004013630288459609)	(180, 0.0)	(200, 0.00040152096140179)	(220, 0.00040160642570281126)	(240, 0.008032322063985476)	(260, 0.00080327737167644)	(280, 0.0)	(300, 0.006447635128328088)	(320, 0.00040303079155247463)	(340, 0.0012092337085988609)	(360, 0.007660147477997235)	(380, 0.00282258064516129)	(400, 0.004032258064516129)	(420, 0.03225806451612903)	(440, 0.025403225806451612)	(460, 0.03148322307478073)	(480, 0.03815879742955845)	(500, 0.08491009856456036)	(520, 0.12892744291420735)	(540, 0.2366246891794337)	(560, 1.211120286264795)	(580, 0.8036001285760206)	(600, 0.2552322613578356)	(620, 0.24213075060532688)	(640, 0.625)	(660, 0.0)	(680, 0.0)	(700, 0.0)	(720, 0.0)	(740, 0.0)	(760, 0.0)	(780, 0.0)	(800, 0.0)	(820, 0.0)	(840, 0.0)	(860, 0.0)	(880, 0.0)																			
SRR1560322	(1, 0.0)	(2, 0.0)	(3, 0.0)	(4, 0.0)	(5, 0.0)	(6, 0.0)	(7, 0.0)	(8, 0.0)	(9, 0.0)	(10, 0.0)	(50, 0.0005024637472406366)	(100, 0.0006713414409001346)	(150, 0.0026865741813504734)	(200, 0.0003360096501971537)	(250, 0.0011771828333109109)	(300, 0.0008418231194934245)	(350, 0.0023597268784690093)	(400, 0.026650473973619405)	(450, 0.06839752491154358)	(500, 0.4658840792369772)	(550, 0.9293300653594772)	(600, 0.5277044854881267)	(650, 1.6528925619834711)	(700, 0.0)	(750, 0.0)	(800, 0.0)	(850, 0.0)	(900, 0.0)	(950, 0.0)	(1000, 0.0)	(1050, 0.0)	(1100, 0.0)	(1150, 0.0)	(1200, 0.0)	(1250, 0.0)	(1300, 0.0)	(1350, 0.0)	(1400, 0.0)																																			
SRR1560323	(1, 0.0)	(2, 0.0)	(3, 0.0)	(4, 0.0)	(5, 0.0)	(6, 0.0)	(7, 0.0)	(8, 0.0)	(9, 0.0)	(10, 0.0)	(20, 0.0)	(40, 0.0)	(60, 0.00470824570764933)	(80, 0.0)	(100, 0.0)	(120, 0.0)	(140, 0.0)	(160, 0.0005254308532997058)	(180, 0.0005255440694979477)	(200, 0.0005256048397693646)	(220, 0.0)	(240, 0.0)	(260, 0.0005256518082422204)	(280, 0.0)	(300, 0.0010527978101805549)	(320, 0.0005264266161297116)	(340, 0.0036852967190329784)	(360, 0.006847439057792386)	(380, 0.0052698145025295105)	(400, 0.0052698145025295105)	(420, 0.05533800983435489)	(440, 0.026351849899862972)	(460, 0.06647708387192082)	(480, 0.11343110270084295)	(500, 0.31827782760915485)	(520, 0.4796546486529699)	(540, 0.6060606060606061)	(560, 0.3184713375796179)	(580, 0.3838771593090211)	(600, 0.3401360544217687)	(620, 0.591715976331361)	(640, 0.0)	(660, 0.0)	(680, 0.0)	(700, 0.0)	(720, 0.0)																											
SRR1560324	(1, 0.0)	(2, 0.0)	(3, 0.0)	(4, 0.0)	(5, 0.0)	(6, 0.0)	(7, 0.0)	(8, 0.0)	(9, 0.0)	(10, 0.0)	(20, 0.0)	(40, 0.0)	(60, 0.0036333138547340565)	(80, 0.002122575715308016)	(100, 0.0)	(120, 0.0012136695602571767)	(140, 0.0003035610749704787)	(160, 0.0018223234624145787)	(180, 0.0009117404821891496)	(200, 0.0009118596465632011)	(220, 0.0)	(240, 0.0036494130527340183)	(260, 0.0006084353476599576)	(280, 0.0006090671831556379)	(300, 0.0006092879860594908)	(320, 0.0006094086603064716)	(340, 0.0021330733015403835)	(360, 0.009751697404829528)	(380, 0.006095665372353719)	(400, 0.008838768668088998)	(420, 0.0719303860162453)	(440, 0.03048222886057429)	(460, 0.151510070694538)	(480, 0.07994616957915004)	(500, 0.31428166217557796)	(520, 0.16993830081010358)	(540, 0.21596663687816503)	(560, 1.1161492849668644)	(580, 1.1268985791278785)	(600, 0.4439511653718091)	(620, 0.43859649122807015)	(640, 0.0)	(660, 0.0)	(680, 0.0)	(700, 1.5151515151515151)	(720, 0.0)	(740, 0.0)	(760, 0.0)	(780, 0.0)	(800, 0.0)	(820, 0.0)	(840, 0.0)	(860, 0.0)	(880, 0.0)	(900, 0.0)	(920, 0.0)	(940, 0.0)	(960, 0.0)	(980, 0.0)	(1000, 0.0)	(1020, 0.0)	(1040, 0.0)											
SRR1560325	(1, 0.0)	(2, 0.0)	(3, 0.0)	(4, 0.0)	(5, 0.0)	(6, 0.0)	(7, 0.0)	(8, 0.0)	(9, 0.0)	(10, 0.0)	(20, 0.0)	(40, 0.0)	(60, 0.008195349821921877)	(80, 0.00034221846542395733)	(100, 0.0)	(120, 0.0)	(140, 0.00034267229563024286)	(160, 0.0003427650859483453)	(180, 0.0)	(200, 0.0010288242253810936)	(220, 0.00034298257648511456)	(240, 0.0)	(260, 0.00137211855104281)	(280, 0.0010295338956876256)	(300, 0.0010298837947784892)	(320, 0.0006866551995248346)	(340, 0.0037766943624253243)	(360, 0.006869169792138922)	(380, 0.005497223901929526)	(400, 0.004466939493586506)	(420, 0.047419910177068696)	(440, 0.0292107261786528)	(460, 0.016154478055688266)	(480, 0.07398817612031615)	(500, 0.11359620336244762)	(520, 1.5376285868976718)	(540, 0.5261899067208802)	(560, 0.2952755905511811)	(580, 1.015228426395939)	(600, 0.5405405405405406)	(620, 0.0)	(640, 0.0)	(660, 0.0)	(680, 0.0)	(700, 0.0)	(720, 0.0)	(740, 0.0)	(760, 0.0)	(780, 0.0)	(800, 3.3333333333333335)	(820, 0.0)	(840, 0.0)	(860, 0.0)	(880, 0.0)	(900, 0.0)	(920, 0.0)	(940, 0.0)	(960, 0.0)	(980, 5.0)	(1000, 0.0)	(1020, 0.0)												
SRR1560326	(1, 0.0)	(2, 0.0)	(3, 0.0)	(4, 0.0)	(5, 0.0)	(6, 0.0)	(7, 0.0)	(8, 0.0)	(9, 0.0)	(10, 0.0)	(20, 0.0)	(40, 0.0)	(60, 0.0032263788736711352)	(80, 0.0)	(100, 0.0008136464787414517)	(120, 0.000407205915887546)	(140, 0.00040728552344335476)	(160, 0.0008148099863111922)	(180, 0.000407494641445465)	(200, 0.0008151985619897366)	(220, 0.0016307893020221789)	(240, 0.0)	(260, 0.0004077405465354286)	(280, 0.0004081182890048852)	(300, 0.008174208736594298)	(320, 0.001226291693917593)	(340, 0.0020438194898626553)	(360, 0.009820127989001457)	(380, 0.0061445442591522995)	(400, 0.008603243012937639)	(420, 0.03851196329072436)	(440, 0.052445690029582645)	(460, 0.02966662134266184)	(480, 0.06580546730264647)	(500, 0.14548485202947714)	(520, 0.30042753148711626)	(540, 0.6060847721201005)	(560, 0.8042895442359249)	(580, 0.516795865633075)	(600, 0.2691790040376851)	(620, 0.0)	(640, 0.0)	(660, 0.0)	(680, 0.0)	(700, 0.0)	(720, 0.0)	(740, 0.0)	(760, 0.0)	(780, 0.0)	(800, 0.0)	(820, 0.0)	(840, 0.0)	(860, 0.0)	(880, 0.0)	(900, 0.0)	(920, 0.0)	(940, 0.0)																
SRR1560327	(1, 0.0)	(2, 0.0)	(3, 0.0)	(4, 0.0)	(5, 0.0)	(6, 0.0)	(7, 0.0)	(8, 0.0)	(9, 0.0)	(10, 0.0)	(20, 0.0)	(40, 0.00036680152736155995)	(60, 0.005507841330106962)	(80, 0.007726809453199451)	(100, 0.0)	(120, 0.0)	(140, 0.0011064843672200318)	(160, 0.00036896829086508306)	(180, 0.0)	(200, 0.0)	(220, 0.0007381708127260648)	(240, 0.0)	(260, 0.0)	(280, 0.0007387816013829992)	(300, 0.0022175981194767947)	(320, 0.001478524432616249)	(340, 0.0029572674848440043)	(360, 0.06285773445934953)	(380, 0.008136696501220503)	(400, 0.005548096448108654)	(420, 0.10506183480876158)	(440, 0.017758046614872364)	(460, 0.5188403437224759)	(480, 0.07309643163257355)	(500, 0.542333876689999)	(520, 0.21114495052202428)	(540, 1.2018420757048187)	(560, 1.3934183219685738)	(580, 1.1699507389162562)	(600, 0.1349527665317139)	(620, 0.6928406466512702)	(640, 0.7874015748031495)	(660, 0.0)	(680, 0.0)	(700, 0.0)	(720, 1.3513513513513513)	(740, 0.0)	(760, 1.1235955056179776)	(780, 0.0)	(800, 0.0)	(820, 0.0)	(840, 0.0)	(860, 0.0)	(880, 0.0)	(900, 0.0)	(920, 0.0)	(940, 0.0)	(960, 4.081632653061225)	(980, 0.0)	(1000, 5.0)	(1020, 0.0)	(1040, 0.0)	(1060, 0.0)	(1080, 0.0)	(1100, 0.0)	(1120, 0.0)	(1140, 0.0)	(1160, 0.0)					
SRR1560328	(1, 0.0)	(2, 0.0)	(3, 0.0)	(4, 0.0)	(5, 0.0)	(6, 0.0)	(7, 0.0)	(8, 0.0)	(9, 0.0)	(10, 0.0)	(20, 0.0)	(40, 0.0)	(60, 0.00012899547354883317)	(80, 0.0002581028152564574)	(100, 0.00012907489441673636)	(120, 0.0005164048924199508)	(140, 0.0001291187259597072)	(160, 0.0001291465736122555)	(180, 0.0007750876494950304)	(200, 0.0012920564370251693)	(220, 0.002067437217746364)	(240, 0.0012922117107978502)	(260, 0.0003877251390640832)	(280, 0.0005173272288720327)	(300, 0.0)	(320, 0.0010350627506792599)	(340, 0.002458617584032961)	(360, 0.0009153509586339826)	(380, 0.003564196458508793)	(400, 0.010561502268082612)	(420, 0.03617715716202085)	(440, 0.02455990239419436)	(460, 0.03477318101886743)	(480, 0.0675570123630703)	(500, 0.03770056701652793)	(520, 0.057800962386023724)	(540, 0.2654472505856171)	(560, 0.678388050412323)	(580, 1.1574604629841854)	(600, 0.3904863329783458)	(620, 0.1367053998632946)	(640, 0.07955449482895784)	(660, 0.0)	(680, 0.0)	(700, 0.0)	(720, 0.0)	(740, 0.0)	(760, 0.0)	(780, 0.0)	(800, 0.0)	(820, 0.0)	(840, 0.0)	(860, 0.0)																				
SRR1560329	(1, 0.0)	(2, 0.0)	(3, 0.0)	(4, 0.0)	(5, 0.0)	(6, 0.0)	(7, 0.0)	(8, 0.0)	(9, 0.0)	(10, 0.0)	(20, 0.0)	(40, 0.0)	(60, 0.0012899175742670044)	(80, 0.0)	(100, 0.0)	(120, 0.00043432184986362293)	(140, 0.0)	(160, 0.0004345256717766886)	(180, 0.0)	(200, 0.0)	(220, 0.0008696446197261489)	(240, 0.003478896146252794)	(260, 0.0)	(280, 0.0008712015611931976)	(300, 0.0017445841565589821)	(320, 0.0004362697193913165)	(340, 0.0021890843497981666)	(360, 0.0080042689434365)	(380, 0.00495448628733318)	(400, 0.004954530918524992)	(420, 0.04459901431673409)	(440, 0.026131658504277934)	(460, 0.08310599627829668)	(480, 0.09567494323591885)	(500, 0.18520330430650098)	(520, 0.14659939944797745)	(540, 0.22488622881731093)	(560, 0.5750324615099239)	(580, 0.5006827492034593)	(600, 0.4132231404958678)	(620, 0.16366612111292964)	(640, 1.21580547112462)	(660, 0.0)	(680, 0.0)	(700, 0.0)	(720, 0.0)	(740, 0.0)	(760, 0.0)	(780, 0.0)																								
SRR1560330	(1, 0.0)	(2, 0.0)	(3, 0.0)	(4, 0.0)	(5, 0.0)	(6, 0.0)	(7, 0.0)	(8, 0.0)	(9, 0.0)	(10, 0.0)	(20, 0.0)	(40, 0.0)	(60, 0.000374787308202595)	(80, 0.0)	(100, 0.0)	(120, 0.0003788050972013879)	(140, 0.0)	(160, 0.0)	(180, 0.0007586015938219487)	(200, 0.0003794547993443021)	(220, 0.0)	(240, 0.0064546748932130995)	(260, 0.0)	(280, 0.0)	(300, 0.004946991087805287)	(320, 0.001142000098973342)	(340, 0.000761466737229251)	(360, 0.004192744265469321)	(380, 0.001525977865691058)	(400, 0.008393390586430939)	(420, 0.033582402820921835)	(440, 0.03741729060635101)	(460, 0.022661366211518888)	(480, 0.029727213699551742)	(500, 0.05502559790814687)	(520, 0.10331818347848319)	(540, 0.16332752613240417)	(560, 0.903861955628595)	(580, 0.3852504127682994)	(600, 0.0482392667631452)	(620, 0.10351966873706005)	(640, 0.0)	(660, 0.0)	(680, 0.0)	(700, 0.0)	(720, 1.1627906976744187)	(740, 0.0)	(760, 0.0)	(780, 0.0)	(800, 0.0)	(820, 1.6666666666666667)	(840, 0.0)	(860, 0.0)	(880, 0.0)	(900, 0.0)	(920, 0.0)	(940, 0.0)	(960, 0.0)	(980, 0.0)	(1000, 0.0)	(1020, 0.0)	(1040, 0.0)	(1060, 0.0)	(1080, 0.0)	(1100, 0.0)	(1120, 0.0)	(1140, 0.0)	(1160, 0.0)	(1180, 2.5)	(1200, 0.0)	(1220, 0.0)	(1240, 0.0)	(1260, 0.0)
SRR1560331	(1, 0.0)	(2, 0.0)	(3, 0.0)	(4, 0.0)	(5, 0.0)	(6, 0.0)	(7, 0.0026932399676811206)	(8, 0.0)	(9, 0.0)	(10, 0.0005386479935362241)	(20, 0.00026932472212421794)	(40, 0.0)	(60, 0.0005390436018893478)	(80, 0.00013482122032079362)	(100, 0.0005394237875101817)	(120, 0.00013487395354671292)	(140, 0.0006743961456911481)	(160, 0.0004046693446784632)	(180, 0.0)	(200, 0.001079492476612121)	(220, 0.0010799208957943832)	(240, 0.0006749824504562881)	(260, 0.0)	(280, 0.0)	(300, 0.00027022754510435515)	(320, 0.00013512271845289892)	(340, 0.0005405346969221954)	(360, 0.0021625099171353234)	(380, 0.0027037147689067394)	(400, 0.005137078894716919)	(420, 0.08259882117557994)	(440, 0.03163427533175432)	(460, 0.04530020513555579)	(480, 0.07298184542169736)	(500, 0.13511819359511903)	(520, 0.1682427699389573)	(540, 0.2629997648677599)	(560, 0.4610815879962488)	(580, 0.9412435824301199)	(600, 0.24509803921568626)	(620, 0.09363295880149813)	(640, 0.228310502283105)	(660, 0.0)	(680, 0.0)	(700, 0.0)	(720, 0.0)	(740, 0.0)																										
SRR1560332	(1, 0.0)	(2, 0.0)	(3, 0.0)	(4, 0.0)	(5, 0.0)	(6, 0.0)	(7, 0.0)	(8, 0.0)	(9, 0.0)	(10, 0.0)	(20, 0.0)	(40, 0.0)	(60, 0.0003637659966097009)	(80, 0.0014566058897859154)	(100, 0.0003643093423487752)	(120, 0.00036439695947177017)	(140, 0.0)	(160, 0.0007291871750559651)	(180, 0.0)	(200, 0.001094407214332357)	(220, 0.0014592149423610097)	(240, 0.0014594438789099413)	(260, 0.0)	(280, 0.0003651807462103368)	(300, 0.0003652847942898681)	(320, 0.0003653128173655101)	(340, 0.0021922693275944595)	(360, 0.0014619883040935674)	(380, 0.0010968640656363457)	(400, 0.011336210049001682)	(420, 0.09288378556278798)	(440, 0.022306735902874276)	(460, 0.045362755714243905)	(480, 0.07077676553966337)	(500, 0.08281485571103986)	(520, 0.04975038035901262)	(540, 0.16848177701099848)	(560, 0.3814538225971095)	(580, 0.9660697455230914)	(600, 0.6875805758487323)	(620, 0.09066183136899365)	(640, 0.6593406593406593)	(660, 0.5681818181818182)	(680, 0.0)	(700, 0.0)	(720, 0.0)	(740, 0.0)	(760, 0.0)																									
SRR1560333	(1, 0.0)	(2, 0.0)	(3, 0.0)	(4, 0.0)	(5, 0.0)	(6, 0.0)	(7, 0.0)	(8, 0.0)	(9, 0.0)	(10, 0.0)	(20, 0.0003694126339120798)	(40, 0.0)	(60, 0.0)	(80, 0.0)	(100, 0.0)	(120, 0.0)	(140, 0.0007439728896279019)	(160, 0.0007440614594765528)	(180, 0.0)	(200, 0.0011177180667948318)	(220, 0.001117992979004092)	(240, 0.00037286302876638264)	(260, 0.00037305498457417636)	(280, 0.0)	(300, 0.0018683626417153065)	(320, 0.001121344417199928)	(340, 0.0007484609771158056)	(360, 0.004516558833824509)	(380, 0.0030267145392016285)	(400, 0.0052980332943549455)	(420, 0.06474207288215807)	(440, 0.0272643620707283)	(460, 0.05626520681265207)	(480, 0.0620871499247488)	(500, 0.21594752067799375)	(520, 0.19562027930228768)	(540, 0.3349540788762831)	(560, 0.47980807676929227)	(580, 0.5082592121982211)	(600, 0.40816326530612246)	(620, 0.36231884057971014)	(640, 0.546448087431694)	(660, 0.0)	(680, 0.0)	(700, 0.0)	(720, 0.0)	(740, 0.0)	(760, 0.0)	(780, 0.0)	(800, 0.0)	(820, 0.0)	(840, 0.0)	(860, 0.0)	(880, 0.0)	(900, 0.0)	(920, 0.0)	(940, 0.0)	(960, 0.0)	(980, 0.0)	(1000, 0.0)	(1020, 0.0)	(1040, 0.0)	(1060, 0.0)	(1080, 0.0)	(1100, 0.0)	(1120, 0.0)	(1140, 0.0)						
SRR1560334	(1, 0.0)	(2, 0.008156606851549755)	(3, 0.0)	(4, 0.0)	(5, 0.0)	(6, 0.0)	(7, 0.0)	(8, 0.0)	(9, 0.0)	(10, 0.0)	(20, 0.0)	(40, 0.0)	(60, 0.0)	(80, 0.0016332263570069492)	(100, 0.0)	(120, 0.00040853344663327587)	(140, 0.00040870709597260027)	(160, 0.00040894276028184337)	(180, 0.00040903643287507616)	(200, 0.0004090950000409095)	(220, 0.00040909834724267715)	(240, 0.006136475208640157)	(260, 0.0004091184316035806)	(280, 0.0)	(300, 0.0)	(320, 0.0)	(340, 0.0028667376525513964)	(360, 0.006553053108399785)	(380, 0.002457606291472106)	(400, 0.01228803145736053)	(420, 0.06225935938396003)	(440, 0.030721840361124995)	(460, 0.12252240438949831)	(480, 0.03356688520550157)	(500, 0.1503618081007424)	(520, 0.07004088201836958)	(540, 0.148738379814077)	(560, 0.5917639429312581)	(580, 1.1265164644714039)	(600, 0.12070006035003018)	(620, 0.0)	(640, 0.5420054200542005)	(660, 0.0)	(680, 0.0)	(700, 3.0)	(720, 2.3255813953488373)	(740, 0.0)	(760, 2.5)	(780, 0.0)	(800, 0.0)																							
SRR1560335	(1, 0.0)	(2, 0.0)	(3, 0.0)	(4, 0.0)	(5, 0.0)	(6, 0.0)	(7, 0.0)	(8, 0.0)	(9, 0.0)	(10, 0.000580248346292213)	(20, 0.0)	(40, 0.002323022019344966)	(60, 0.0014569613613846961)	(80, 0.004674385245302973)	(100, 0.0002923814174066353)	(120, 0.0017553354884952388)	(140, 0.0008782638480252238)	(160, 0.004102732419791581)	(180, 0.0038127863255884888)	(200, 0.001467390187855292)	(220, 0.005283829719780897)	(240, 0.004698502939500902)	(260, 0.0)	(280, 0.0008815673091333312)	(300, 0.0014701385458565615)	(320, 0.006470550173234275)	(340, 0.0014708261630557884)	(360, 0.004412945817851248)	(380, 0.0026483206704370904)	(400, 0.04708873872813316)	(420, 0.10745249275063663)	(440, 0.1796051043181778)	(460, 0.0765935885274588)	(480, 0.08327554515200059)	(500, 0.08471478785435888)	(520, 0.10346254655814593)	(540, 0.3135953541429016)	(560, 3.467613314811956)	(580, 2.363003769208466)	(600, 0.9257435493401615)	(620, 0.34762456546929316)	(640, 0.45801526717557256)	(660, 0.3546099290780142)	(680, 0.625)	(700, 0.0)	(720, 0.0)	(740, 0.0)	(760, 0.0)	(780, 0.0)	(800, 3.8461538461538463)	(820, 0.0)																						
SRR1560336	(1, 0.0)	(2, 0.0054617947457534545)	(3, 0.0)	(4, 0.0)	(5, 0.0)	(6, 0.0)	(7, 0.0)	(8, 0.0)	(9, 0.0)	(10, 0.0)	(20, 0.0010925857133492122)	(40, 0.0008204499894708918)	(60, 0.0002743981077506489)	(80, 0.0)	(100, 0.000828285394015362)	(120, 0.0011079933409600207)	(140, 0.0008315800853201167)	(160, 0.001941489066642999)	(180, 0.0013884029478571389)	(200, 0.001389209178782886)	(220, 0.0011116700341004782)	(240, 0.0013904222156099922)	(260, 0.0002781873313489304)	(280, 0.001113911360503488)	(300, 0.012820048326008256)	(320, 0.0008362579130905026)	(340, 0.0013940701830692966)	(360, 0.006421047635798178)	(380, 0.0041930479265378)	(400, 0.013698706730258487)	(420, 0.10819969133731465)	(440, 0.07661506800286327)	(460, 0.05327530997818516)	(480, 0.17639177231031997)	(500, 0.39173298818604907)	(520, 1.3433995781059176)	(540, 0.7683342685716753)	(560, 1.6661571384897587)	(580, 1.961385228317499)	(600, 0.5847953216374269)	(620, 0.5149330587023687)	(640, 1.5050167224080269)	(660, 1.21580547112462)	(680, 0.5952380952380952)	(700, 0.0)	(720, 0.0)	(740, 0.0)	(760, 0.0)	(780, 0.0)	(800, 0.0)	(820, 0.0)	(840, 0.0)	(860, 3.571428571428571)	(880, 2.5)	(900, 4.0)	(920, 0.0)	(940, 0.0)	(960, 0.0)	(980, 0.0)	(1000, 0.0)	(1020, 0.0)	(1040, 0.0)	(1060, 0.0)	(1080, 5.0)	(1100, 0.0)	(1120, 0.0)							
SRR1560337	(1, 0.0)	(2, 0.0)	(3, 0.0)	(4, 0.0)	(5, 0.0)	(6, 0.0)	(7, 0.0)	(8, 0.0)	(9, 0.0)	(10, 0.0006406970784213225)	(20, 0.0)	(40, 0.00032062997377246816)	(60, 0.0009637068018426074)	(80, 0.0)	(100, 0.0006439087838816753)	(120, 0.0012882323198165557)	(140, 0.0003221566454472823)	(160, 0.0009671086353130048)	(180, 0.0003225754423315753)	(200, 0.0019379782365044043)	(220, 0.0012929752653831731)	(240, 0.0006465649619981443)	(260, 0.0)	(280, 0.0003239936756434514)	(300, 0.005526604096839108)	(320, 0.001625778341380936)	(340, 0.0009756732145180175)	(360, 0.001300999167360533)	(380, 0.0035782248751687457)	(400, 0.010086844477127266)	(420, 0.03938302103574091)	(440, 0.027670351706446866)	(460, 0.042002852286713424)	(480, 0.037027813458463316)	(500, 0.04396396396396396)	(520, 0.1563699428538936)	(540, 2.2103589958911916)	(560, 1.8318132632555262)	(580, 1.0631001371742113)	(600, 0.2829854969932791)	(620, 0.3243243243243243)	(640, 1.2269938650306749)	(660, 0.0)	(680, 0.0)	(700, 0.0)	(720, 1.3888888888888888)	(740, 0.0)	(760, 0.0)	(780, 0.0)	(800, 0.0)	(820, 0.0)	(840, 0.0)	(860, 0.0)	(880, 0.0)	(900, 0.0)	(920, 0.0)	(940, 0.0)	(960, 0.0)	(980, 0.0)	(1000, 0.0)	(1020, 0.0)	(1040, 0.0)	(1060, 0.0)	(1080, 0.0)	(1100, 0.0)	(1120, 0.0)	(1140, 0.0)	(1160, 0.0)	(1180, 0.0)	(1200, 0.0)			
SRR1560338	(1, 0.0)	(2, 0.0)	(3, 0.0)	(4, 0.0)	(5, 0.0)	(6, 0.0)	(7, 0.0)	(8, 0.0)	(9, 0.0)	(10, 0.0003761130595857115)	(50, 0.0005280711296723923)	(100, 0.0003781155778324449)	(150, 0.0009080597109797283)	(200, 0.002498374164085644)	(250, 0.0009855174421425452)	(300, 0.003493290603807687)	(350, 0.007221901671148047)	(400, 0.0411556131007217)	(450, 0.08514381410455209)	(500, 0.4194749971268836)	(550, 1.080819765534626)	(600, 0.28551034975017847)	(650, 1.4198782961460445)	(700, 0.23923444976076555)	(750, 0.0)	(800, 0.0)	(850, 0.0)	(900, 0.0)	(950, 0.0)	(1000, 0.0)	(1050, 0.0)	(1100, 0.0)	(1150, 0.0)	(1200, 0.0)	(1250, 0.0)	(1300, 0.0)	(1350, 0.0)	(1400, 0.0)	(1450, 0.0)																																		
SRR1560339	(1, 0.0)	(2, 0.0)	(3, 0.0)	(4, 0.0)	(5, 0.0)	(6, 0.0)	(7, 0.0)	(8, 0.0)	(9, 0.0)	(10, 0.0)	(20, 0.0)	(40, 0.0)	(60, 0.0004985641352903638)	(80, 0.001747208833887864)	(100, 0.0049985878989185556)	(120, 0.0012518245342586821)	(140, 0.0015034202811395926)	(160, 0.0007520587608578483)	(180, 0.0005017448176032152)	(200, 0.010539390973764443)	(220, 0.004517709420930046)	(240, 0.0007532672969003051)	(260, 0.0010049569501566476)	(280, 0.002014184897138095)	(300, 0.003024521306492387)	(320, 0.0017648200765931913)	(340, 0.004539482145964527)	(360, 0.008075159547488248)	(380, 0.011359419609387425)	(400, 0.020954251567150802)	(420, 0.059093296698856525)	(440, 0.02399407977652672)	(460, 0.10795040854299814)	(480, 0.17526930423994172)	(500, 1.6471116829539767)	(520, 0.9828712152861759)	(540, 1.9489448197524961)	(560, 2.0328542094455853)	(580, 1.324828263002944)	(600, 0.356718192627824)	(620, 1.7721518987341773)	(640, 3.237410071942446)	(660, 1.1627906976744187)	(680, 0.0)	(700, 0.0)	(720, 0.0)	(740, 0.0)	(760, 1.5625)	(780, 0.0)	(800, 0.0)	(820, 5.0)	(840, 10.0)	(860, 15.0)	(880, 0.0)	(900, 10.0)	(920, 0.0)																	
SRR1560340	(1, 0.0)	(2, 0.0)	(3, 0.0)	(4, 0.0)	(5, 0.0)	(6, 0.0)	(7, 0.0)	(8, 0.0)	(9, 0.0)	(10, 0.0)	(20, 0.0005513089452632914)	(40, 0.00027662211206515004)	(60, 0.0016725065018690262)	(80, 0.0008374624886593621)	(100, 0.0)	(120, 0.0011224761824585035)	(140, 0.0002807529794909949)	(160, 0.0016848442642285097)	(180, 0.0028099280377429535)	(200, 0.0014054458214690282)	(220, 0.0025303643724696357)	(240, 0.0014070397010322044)	(260, 0.0002814760604610578)	(280, 0.0)	(300, 0.011018287532101358)	(320, 0.002260678881868225)	(340, 0.00282739862362235)	(360, 0.014444195840638037)	(380, 0.009643994769551072)	(400, 0.017020359186313363)	(420, 0.0556167213375254)	(440, 0.08201606266140704)	(460, 0.06835898231283138)	(480, 0.09790637967669676)	(500, 0.2513292849463928)	(520, 0.4233842702930044)	(540, 0.719938728618841)	(560, 1.4390602055800295)	(580, 0.9660750393170073)	(600, 0.2407318247472316)	(620, 0.46029919447640966)	(640, 0.672645739910314)	(660, 0.0)	(680, 0.0)	(700, 0.0)	(720, 0.8130081300813009)	(740, 1.0869565217391304)	(760, 0.0)	(780, 0.0)	(800, 0.0)	(820, 0.0)	(840, 0.0)																					
SRR1560341	(1, 0.0)	(2, 0.0)	(3, 0.0)	(4, 0.0)	(5, 0.0)	(6, 0.0)	(7, 0.0)	(8, 0.0)	(9, 0.0)	(10, 0.0006648052120728626)	(20, 0.0006648317310888615)	(40, 0.0)	(60, 0.0013329023615697591)	(80, 0.005681913133575093)	(100, 0.00033459923376775465)	(120, 0.007028512331692232)	(140, 0.0006696196894973499)	(160, 0.0003351745589102805)	(180, 0.0006708392870320057)	(200, 0.0016772501148916328)	(220, 0.0036911141460271866)	(240, 0.005706153247136854)	(260, 0.00033569663766247715)	(280, 0.001008267795926598)	(300, 0.0020186863062414415)	(320, 0.002018876495230404)	(340, 0.0010094891984655766)	(360, 0.0043744531933508305)	(380, 0.0016826008971627983)	(400, 0.0471166304878254)	(420, 0.15684954560753955)	(440, 0.05823131633068655)	(460, 0.08112402213574978)	(480, 0.10508948746458162)	(500, 0.23449424839056052)	(520, 0.15219952867242734)	(540, 0.3956358324330082)	(560, 2.064220183486239)	(580, 2.3530472412549583)	(600, 0.7073217358057733)	(620, 0.28317152103559873)	(640, 0.26595744680851063)	(660, 0.7604562737642585)	(680, 0.0)	(700, 0.0)	(720, 0.0)	(740, 0.0)	(760, 0.0)	(780, 0.0)	(800, 0.0)																							
SRR1560342	(1, 0.0)	(2, 0.0)	(3, 0.0)	(4, 0.0)	(5, 0.0)	(6, 0.0)	(7, 0.0)	(8, 0.0)	(9, 0.0)	(10, 0.0)	(20, 0.0002945308565251839)	(40, 0.0)	(60, 0.001186492964096723)	(80, 0.0002981407940085626)	(100, 0.0006038610877953636)	(120, 0.0009082844625832215)	(140, 0.0012115521497478457)	(160, 0.0015154178613210807)	(180, 0.003948967193195626)	(200, 0.004256574126718212)	(220, 0.006996431819771916)	(240, 0.006392110309560771)	(260, 0.0006089355198178065)	(280, 0.002136836931868481)	(300, 0.023278037783930804)	(320, 0.0015322195118961522)	(340, 0.003988770078087845)	(360, 0.01879451951810852)	(380, 0.009905988969201961)	(400, 0.0159789333742394)	(420, 0.071607361492502)	(440, 0.0831265826022457)	(460, 0.06856215819510923)	(480, 0.09677981086077103)	(500, 0.29030827751977784)	(520, 0.5387494531490513)	(540, 1.021193519926414)	(560, 2.5852620720778803)	(580, 1.1533708636550872)	(600, 0.6649850951616602)	(620, 1.088646967340591)	(640, 1.0396975425330812)	(660, 2.054794520547945)	(680, 0.8310249307479225)	(700, 0.3861003861003861)	(720, 1.2658227848101267)	(740, 0.9950248756218906)	(760, 0.0)	(780, 0.0)	(800, 6.666666666666667)	(820, 1.5625)	(840, 0.0)	(860, 0.0)	(880, 0.0)	(900, 0.0)	(920, 0.0)	(940, 0.0)	(960, 0.0)	(980, 5.0)	(1000, 0.0)	(1020, 10.0)	(1040, 0.0)											
SRR1560343	(1, 0.0)	(2, 0.0)	(3, 0.0)	(4, 0.0035886025981482807)	(5, 0.0)	(6, 0.0)	(7, 0.0)	(8, 0.0)	(9, 0.0)	(10, 0.0003588602598148281)	(20, 0.0)	(40, 0.00017962963960905406)	(60, 0.0007196250753357501)	(80, 0.0005403750202640633)	(100, 0.0007218340359184616)	(120, 0.0009032836166030754)	(140, 0.0005422424980750391)	(160, 0.0003616420719920873)	(180, 0.0012662944966841175)	(200, 0.0016286409172505648)	(220, 0.003077301821762679)	(240, 0.0007241168941902291)	(260, 0.000724719080766318)	(280, 0.0019971749053157534)	(300, 0.024728801416814855)	(320, 0.0012729749242125286)	(340, 0.003819730545293819)	(360, 0.004369929061484902)	(380, 0.014034115659339156)	(400, 0.011667101144652001)	(420, 0.0461325261660771)	(440, 0.0494179261247593)	(460, 0.05565084114877933)	(480, 0.11845315067280987)	(500, 0.3178627220678133)	(520, 0.3231720372551119)	(540, 0.9891107078039927)	(560, 0.5441119315973572)	(580, 0.20164986251145736)	(600, 0.21710811984368217)	(620, 0.8040201005025126)	(640, 1.4957264957264957)	(660, 0.7246376811594203)	(680, 0.0)	(700, 3.149606299212598)	(720, 0.0)	(740, 0.0)	(760, 0.0)	(780, 0.0)	(800, 0.0)	(820, 0.0)	(840, 0.0)	(860, 0.0)	(880, 10.0)	(900, 0.0)	(920, 0.0)																	
SRR1560344	(1, 0.0)	(2, 0.0)	(3, 0.0)	(4, 0.0)	(5, 0.0)	(6, 0.0)	(7, 0.0)	(8, 0.0)	(9, 0.0)	(10, 0.00040683482506102527)	(20, 0.0016274121299163103)	(40, 0.0006111398573192147)	(60, 0.0012252599593213693)	(80, 0.00020445424007425777)	(100, 0.0012275260440109004)	(120, 0.0008196351803812123)	(140, 0.0020506174409114586)	(160, 0.002257345607821087)	(180, 0.0022599612930265813)	(200, 0.004728793417519563)	(220, 0.0022628204205143187)	(240, 0.0006181080947436088)	(260, 0.0008252918954272639)	(280, 0.0012407178793650006)	(300, 0.001034472770607732)	(320, 0.0006208146744033971)	(340, 0.0028985627269678136)	(360, 0.0058060449221989975)	(380, 0.019519001956053175)	(400, 0.01308498176410478)	(420, 0.0363686240606504)	(440, 0.014142565378168038)	(460, 0.09457557904054849)	(480, 0.1407687522039914)	(500, 0.8489045430123574)	(520, 0.5176277498974213)	(540, 0.5443483829650976)	(560, 0.9252669039145907)	(580, 0.6261180679785331)	(600, 0.0)	(620, 0.0)	(640, 0.6097560975609756)	(660, 0.0)	(680, 0.0)	(700, 0.0)	(720, 0.0)	(740, 1.6666666666666667)	(760, 0.0)	(780, 0.0)	(800, 0.0)	(820, 0.0)	(840, 0.0)	(860, 0.0)	(880, 0.0)	(900, 0.0)	(920, 0.0)	(940, 0.0)	(960, 0.0)	(980, 0.0)	(1000, 0.0)	(1020, 0.0)	(1040, 0.0)	(1060, 0.0)	(1080, 0.0)	(1100, 0.0)	(1120, 0.0)	(1140, 0.0)	(1160, 0.0)	(1180, 0.0)				
SRR1560345	(1, 0.0)	(2, 0.0)	(3, 0.0)	(4, 0.00389120199229542)	(5, 0.0)	(6, 0.0)	(7, 0.0)	(8, 0.0)	(9, 0.00389120199229542)	(10, 0.0011673605976886261)	(20, 0.0)	(40, 0.0005842611725342718)	(60, 0.0009747348721147848)	(80, 0.0003903109216802105)	(100, 0.0017576992107930544)	(120, 0.0007818990372868103)	(140, 0.00195554651658499)	(160, 0.0011739201890794118)	(180, 0.0019573378639180425)	(200, 0.005091559956055921)	(220, 0.004309171287599968)	(240, 0.0007835501481889218)	(260, 0.000979854197695383)	(280, 0.0015701976486290211)	(300, 0.0015713542127024347)	(320, 0.0007858175645942039)	(340, 0.006288949725742833)	(360, 0.004324213828442713)	(380, 0.006488476073252928)	(400, 0.011209417483938085)	(420, 0.030490563662329793)	(440, 0.009050147655126416)	(460, 0.04309471194431927)	(480, 0.12421049391808264)	(500, 1.0161948892049366)	(520, 1.1817670230725943)	(540, 1.0171173406102705)	(560, 0.6686478454680534)	(580, 0.5385996409335727)	(600, 0.2008032128514056)	(620, 0.3508771929824561)	(640, 0.0)	(660, 0.0)	(680, 0.0)	(700, 0.0)	(720, 0.0)	(740, 0.0)	(760, 0.0)	(780, 0.0)	(800, 0.0)	(820, 0.0)	(840, 0.0)	(860, 0.0)	(880, 0.0)	(900, 0.0)	(920, 0.0)	(940, 0.0)	(960, 0.0)	(980, 0.0)	(1000, 0.0)	(1020, 0.0)	(1040, 0.0)	(1060, 0.0)	(1080, 0.0)	(1100, 0.0)	(1120, 0.0)	(1140, 0.0)	(1160, 0.0)	(1180, 0.0)				
SRR1560346	(1, 0.0)	(2, 0.0)	(3, 0.0)	(4, 0.0)	(5, 0.0)	(6, 0.0)	(7, 0.0)	(8, 0.0)	(9, 0.0)	(10, 0.000402592696968477)	(20, 0.00040260485340150776)	(40, 0.0006045023333790068)	(60, 0.0014127571974933651)	(80, 0.0020211125416096545)	(100, 0.0020255461885297374)	(120, 0.001217176798987309)	(140, 0.0020300158138231894)	(160, 0.0024372509434192197)	(180, 0.002033260068195543)	(200, 0.003865095945921205)	(220, 0.009157248267245134)	(240, 0.00040715037488370763)	(260, 0.00020366018076877645)	(280, 0.002040566461249643)	(300, 0.014707834986262474)	(320, 0.0024518667900772953)	(340, 0.006543084164509494)	(360, 0.005938497642006885)	(380, 0.007381481094181547)	(400, 0.015998031011567805)	(420, 0.03262622656144196)	(440, 0.03263848261846845)	(460, 0.04438260697240434)	(480, 0.11137542067241814)	(500, 0.3651044409338248)	(520, 0.4406929516757384)	(540, 0.48455332546241636)	(560, 1.7235909908004652)	(580, 1.354872329338197)	(600, 0.6060606060606061)	(620, 0.29910269192422734)	(640, 0.683371298405467)	(660, 1.0)	(680, 0.0)	(700, 0.0)	(720, 0.0)	(740, 0.0)	(760, 0.0)	(780, 0.0)	(800, 0.0)																							
SRR1560347	(1, 0.00463628355510223)	(2, 0.0)	(3, 0.0)	(4, 0.0)	(5, 0.0)	(6, 0.0)	(7, 0.0)	(8, 0.0)	(9, 0.00463628355510223)	(10, 0.000463628355510223)	(20, 0.0016227895288346515)	(40, 0.0023197550338684234)	(60, 0.0009290960360117623)	(80, 0.0006974424784315914)	(100, 0.0009301892935212316)	(120, 0.0)	(140, 0.0009309383392990966)	(160, 0.0025622391174716756)	(180, 0.0020983178485247662)	(200, 0.0048969540945531876)	(220, 0.0011660937259493167)	(240, 0.00046648971156941136)	(260, 0.0011673133582671465)	(280, 0.0021039491124841326)	(300, 0.0014033118158854898)	(320, 0.00046785267319321145)	(340, 0.0030418322125351565)	(360, 0.0035105867594709783)	(380, 0.014981343545615852)	(400, 0.015455081911934133)	(420, 0.03466521135238827)	(440, 0.01054115971496704)	(460, 0.09679793372740014)	(480, 0.10606984699424571)	(500, 1.233462494403878)	(520, 1.0918706815661519)	(540, 0.6530089628681177)	(560, 1.2429378531073447)	(580, 0.6472491909385114)	(600, 1.6025641025641024)	(620, 0.0)	(640, 0.0)	(660, 0.0)	(680, 0.0)	(700, 0.0)	(720, 0.0)	(740, 0.0)	(760, 0.0)	(780, 0.0)	(800, 0.0)	(820, 0.0)	(840, 0.0)	(860, 0.0)	(880, 0.0)	(900, 0.0)	(920, 0.0)	(940, 0.0)																
SRR1560348	(1, 0.0)	(2, 0.0)	(3, 0.0)	(4, 0.003486142583231654)	(5, 0.0)	(6, 0.0)	(7, 0.0)	(8, 0.0)	(9, 0.0)	(10, 0.0)	(20, 0.0010458737665226267)	(40, 0.000348847147389664)	(60, 0.0010478628836487983)	(80, 0.0013987358924372098)	(100, 0.0007000154003388075)	(120, 0.0008758592178927529)	(140, 0.0022779602092919747)	(160, 0.0019281703941706149)	(180, 0.001227648036815411)	(200, 0.007368369344776528)	(220, 0.0036848246637597496)	(240, 0.0003509824877287748)	(260, 0.0008778968400981138)	(280, 0.0026399666308217864)	(300, 0.0026423430184012767)	(320, 0.0017619344630857112)	(340, 0.004405969560037503)	(360, 0.004583452326807202)	(380, 0.009169442480263657)	(400, 0.013758215241985838)	(420, 0.038646899689236576)	(440, 0.013589378400653702)	(460, 0.052650269700123146)	(480, 0.1785425723530965)	(500, 0.7204096213384139)	(520, 1.1021327328122932)	(540, 0.6920985416495015)	(560, 0.5301524188204109)	(580, 0.5027422303473492)	(600, 0.46904315196998125)	(620, 1.5317286652078774)	(640, 0.5555555555555556)	(660, 2.197802197802198)	(680, 2.5)	(700, 2.7027027027027026)	(720, 0.0)	(740, 0.0)	(760, 0.0)	(780, 0.0)																								
SRR1560349	(1, 0.0)	(2, 0.0)	(3, 0.0)	(4, 0.0)	(5, 0.0)	(6, 0.0)	(7, 0.0)	(8, 0.0)	(9, 0.0)	(10, 0.0006848142441362781)	(50, 0.0005486311196372452)	(100, 0.0016482912713820005)	(150, 0.0006416326066691294)	(200, 0.007430435983124655)	(250, 0.0007351272275503631)	(300, 0.003043732907825622)	(350, 0.006920491853196991)	(400, 0.023913085628235537)	(450, 0.08753504802283489)	(500, 0.4382032691458122)	(550, 2.318715345286959)	(600, 0.2680965147453083)	(650, 1.0526315789473684)	(700, 0.8385744234800839)	(750, 0.2777777777777778)	(800, 0.0)	(850, 0.0)	(900, 0.0)	(950, 0.0)	(1000, 0.0)	(1050, 0.0)	(1100, 0.0)	(1150, 0.0)	(1200, 0.0)	(1250, 0.0)	(1300, 0.0)	(1350, 0.0)	(1400, 0.0)	(1450, 0.0)	(1500, 0.0)	(1550, 0.0)																																
SRR1560350	(1, 0.0)	(2, 0.0)	(3, 0.0)	(4, 0.0)	(5, 0.0)	(6, 0.0)	(7, 0.0)	(8, 0.0)	(9, 0.0)	(10, 0.0012487757537699648)	(50, 0.0009287658059865386)	(100, 0.0006438334703267885)	(150, 0.001073742486486951)	(200, 0.007090877836351135)	(250, 0.0014339035011621789)	(300, 0.0008615181385464753)	(350, 0.004237896853900302)	(400, 0.02291897173566307)	(450, 0.10433165190995375)	(500, 1.243297282559302)	(550, 0.732772061116308)	(600, 0.0)	(650, 0.0)	(700, 1.2302284710017575)	(750, 0.2)	(800, 0.0)	(850, 0.0)	(900, 0.0)	(950, 0.0)	(1000, 0.8)	(1050, 0.0)	(1100, 0.0)	(1150, 0.0)	(1200, 0.0)	(1250, 0.0)	(1300, 0.0)	(1350, 0.0)	(1400, 0.0)	(1450, 0.0)	(1500, 0.0)																																	
SRR1560351	(1, 0.0)	(2, 0.0)	(3, 0.0)	(4, 0.0)	(5, 0.0)	(6, 0.0)	(7, 0.0)	(8, 0.0)	(9, 0.0)	(10, 0.0016460002194666958)	(20, 0.0002743491751692049)	(40, 0.0002746701897696341)	(60, 0.0005500640824656072)	(80, 0.0011011699931176876)	(100, 0.0008268494555196335)	(120, 0.000551725659932855)	(140, 0.0011036309458117206)	(160, 0.0005518520153635601)	(180, 0.0008281093435577233)	(200, 0.003313169018556508)	(220, 0.006350889400641715)	(240, 0.0005523808997732477)	(260, 0.0008297630473324502)	(280, 0.0016646552082899828)	(300, 0.0038885972440955816)	(320, 0.0011112561917805935)	(340, 0.0033344170188644644)	(360, 0.00444677900342124)	(380, 0.009173954864142068)	(400, 0.010008340283569641)	(420, 0.026410897970531)	(440, 0.008340770520380672)	(460, 0.04287555786947455)	(480, 0.12485474818898806)	(500, 0.7929284743607325)	(520, 1.7135453671584402)	(540, 0.7643735460285809)	(560, 0.8560727661851256)	(580, 0.390625)	(600, 0.2506265664160401)	(620, 1.1450381679389312)	(640, 0.966183574879227)	(660, 0.5813953488372093)	(680, 0.0)	(700, 0.0)	(720, 0.0)	(740, 0.0)	(760, 0.0)	(780, 0.0)	(800, 0.0)	(820, 0.0)	(840, 0.0)	(860, 0.0)	(880, 0.0)	(900, 0.0)	(920, 0.0)	(940, 0.0)	(960, 1.6666666666666667)	(980, 18.333333333333332)	(1000, 9.090909090909092)	(1020, 0.0)	(1040, 0.0)	(1060, 0.0)	(1080, 0.0)									
SRR1560352	(1, 0.0)	(2, 0.0)	(3, 0.0)	(4, 0.0)	(5, 0.0)	(6, 0.0)	(7, 0.0)	(8, 0.0)	(9, 0.0)	(10, 0.0008917822267802202)	(20, 0.0)	(40, 0.0)	(60, 0.0006706833145169403)	(80, 0.0013430931435095025)	(100, 0.00044819031953728834)	(120, 0.0008972150445018663)	(140, 0.0004488088612821571)	(160, 0.0015713035084962625)	(180, 0.0020220902121846664)	(200, 0.004495008293290301)	(220, 0.005844587911593865)	(240, 0.0022480750857078627)	(260, 0.00044987898255369305)	(280, 0.0009008765528859579)	(300, 0.006535712032020482)	(320, 0.0029304491702320462)	(340, 0.00879533261016154)	(360, 0.006159630239678056)	(380, 0.008531714920816462)	(400, 0.015915229490689593)	(420, 0.045677374704423554)	(440, 0.050304480560087315)	(460, 0.046425469798037654)	(480, 0.12346204606411512)	(500, 0.234422898909633)	(520, 0.2182377976999004)	(540, 0.3351968683035447)	(560, 1.281956280103742)	(580, 1.0337698139214335)	(600, 0.722495894909688)	(620, 0.7223113964686998)	(640, 0.9917355371900827)	(660, 0.0)	(680, 0.0)	(700, 0.4098360655737705)	(720, 0.47393364928909953)	(740, 0.0)	(760, 1.2738853503184715)	(780, 1.4285714285714286)	(800, 0.0)	(820, 0.0)	(840, 0.0)	(860, 2.5)	(880, 0.0)	(900, 0.0)	(920, 0.0)	(940, 0.0)	(960, 5.0)	(980, 3.7037037037037033)	(1000, 0.0)	(1020, 0.0)	(1040, 0.0)	(1060, 0.0)	(1080, 0.0)	(1100, 0.0)	(1120, 11.11111111111111)							
SRR1560353	(1, 0.0)	(2, 0.0)	(3, 0.0)	(4, 0.0)	(5, 0.0)	(6, 0.0)	(7, 0.0)	(8, 0.0)	(9, 0.0)	(10, 0.0)	(20, 0.00015796939816818686)	(40, 0.0001581898024525747)	(60, 0.00047576379913252397)	(80, 0.0003175888653343814)	(100, 0.000636213258684311)	(120, 0.000478827829473449)	(140, 0.00031973653709343504)	(160, 0.0014395531626982985)	(180, 0.0008026287697466744)	(200, 0.0036982189056166295)	(220, 0.0022523174738007215)	(240, 0.0006438144719836085)	(260, 0.00032209127422529)	(280, 0.0009679199078540248)	(300, 0.005167024052496964)	(320, 0.0012920418298542416)	(340, 0.005825648062891107)	(360, 0.004580237583466651)	(380, 0.006772393082908957)	(400, 0.014208722834078464)	(420, 0.04992395688686107)	(440, 0.04795060756726726)	(460, 0.06752643676631528)	(480, 0.1336616522591914)	(500, 0.2758178319435536)	(520, 0.2600303510836019)	(540, 0.393269548003959)	(560, 1.2093023255813953)	(580, 0.9962883375659308)	(600, 0.5828476269775187)	(620, 0.7640878701050621)	(640, 0.2066115702479339)	(660, 0.0)	(680, 0.5208333333333333)	(700, 1.2658227848101267)	(720, 0.0)	(740, 0.0)	(760, 2.666666666666667)	(780, 0.0)	(800, 0.0)	(820, 1.9230769230769231)	(840, 0.0)	(860, 0.0)	(880, 0.0)	(900, 0.0)	(920, 0.0)	(940, 0.0)	(960, 0.0)	(980, 0.0)	(1000, 0.0)													
SRR1560354	(1, 0.0)	(2, 0.0)	(3, 0.0)	(4, 0.0)	(5, 0.0)	(6, 0.0)	(7, 0.0)	(8, 0.0)	(9, 0.0)	(10, 0.0)	(20, 0.0)	(40, 0.00024582225084685764)	(60, 0.0017231108551060696)	(80, 0.0007391893556732783)	(100, 0.0007400774120973054)	(120, 0.00024686969230161554)	(140, 0.0007410517995207865)	(160, 0.00024710821610107714)	(180, 0.0002472854242552381)	(200, 0.0064321886511453)	(220, 0.0024742614948003398)	(240, 0.0004949698687092423)	(260, 0.0007432328647663028)	(280, 0.002734189548933293)	(300, 0.004977811405659274)	(320, 0.0017425245695964313)	(340, 0.004980774211543443)	(360, 0.007974839381750577)	(380, 0.00797949270375136)	(400, 0.015463737535479301)	(420, 0.03991886490707637)	(440, 0.018463073852295408)	(460, 0.10066644684911523)	(480, 0.11819769306613132)	(500, 0.37015859640675314)	(520, 0.4245108896271687)	(540, 0.8575942225231324)	(560, 1.000270343336037)	(580, 0.471976401179941)	(600, 0.5382131324004306)	(620, 0.7104795737122558)	(640, 0.49019607843137253)	(660, 0.8163265306122449)	(680, 0.0)	(700, 0.0)	(720, 0.0)	(740, 0.0)	(760, 0.0)	(780, 0.0)	(800, 0.0)	(820, 0.0)	(840, 0.0)																					
SRR1560355	(1, 0.0)	(2, 0.0)	(3, 0.0)	(4, 0.0)	(5, 0.0)	(6, 0.0)	(7, 0.0)	(8, 0.0)	(9, 0.004270949004868882)	(10, 0.00042713138561421496)	(50, 0.0002569087032105024)	(100, 0.00034330520519352116)	(150, 0.0009449993213186692)	(200, 0.002321717864845064)	(250, 0.000775610664129558)	(300, 0.0008639152119054427)	(350, 0.0073504486367944434)	(400, 0.019383349875522548)	(450, 0.06534426179409997)	(500, 0.4822801689449167)	(550, 0.715659869180454)	(600, 0.6093432633716994)	(650, 1.0025062656641603)	(700, 0.0)	(750, 0.0)	(800, 0.0)	(850, 0.0)	(900, 0.0)	(950, 0.6666666666666667)	(1000, 0.0)	(1050, 0.0)	(1100, 0.0)	(1150, 0.0)	(1200, 0.0)	(1250, 0.0)	(1300, 0.0)	(1350, 2.0)	(1400, 0.0)																																			
SRR1560356	(1, 0.0)	(2, 0.0)	(3, 0.0)	(4, 0.0)	(5, 0.0)	(6, 0.0)	(7, 0.0)	(8, 0.0)	(9, 0.0)	(10, 0.0)	(20, 0.000456479266711706)	(40, 0.00045685673429669187)	(60, 0.0006864925721503693)	(80, 0.0004583129956941494)	(100, 0.0006884112844377744)	(120, 0.00022962165240333503)	(140, 0.0009187946333205468)	(160, 0.00045960634716365437)	(180, 0.00045982085379536134)	(200, 0.0029896603745814473)	(220, 0.002070498161857743)	(240, 0.0)	(260, 0.0)	(280, 0.000922634768107284)	(300, 0.007168740591027975)	(320, 0.00046255073603385875)	(340, 0.0009253689908851154)	(360, 0.001850964931155673)	(380, 0.00647878198898607)	(400, 0.009256109610850011)	(420, 0.01921242928437173)	(440, 0.014584008518912913)	(460, 0.03290571354417708)	(480, 0.06405215948987714)	(500, 0.07188322886055772)	(520, 0.17034106308061542)	(540, 1.4582114406588955)	(560, 1.391797019337357)	(580, 0.5263157894736842)	(600, 0.16556291390728478)	(620, 0.0)	(640, 0.0)	(660, 0.0)	(680, 0.0)	(700, 0.0)	(720, 0.0)	(740, 1.1111111111111112)	(760, 2.564102564102564)	(780, 0.0)	(800, 0.0)	(820, 0.0)	(840, 0.0)	(860, 0.0)	(880, 0.0)	(900, 0.0)	(920, 0.0)	(940, 0.0)	(960, 0.0)	(980, 0.0)	(1000, 0.0)	(1020, 0.0)	(1040, 0.0)											
SRR1560357	(1, 0.0)	(2, 0.0)	(3, 0.0)	(4, 0.0)	(5, 0.0)	(6, 0.0)	(7, 0.0)	(8, 0.0)	(9, 0.004453747828797933)	(10, 0.0)	(20, 0.0008907614674404415)	(40, 0.0006684119645741659)	(60, 0.00044608803101203986)	(80, 0.0008928810593140889)	(100, 0.0011171486790834018)	(120, 0.0004470732350666363)	(140, 0.0029076984671955694)	(160, 0.0020142249038767115)	(180, 0.0035827847194231715)	(200, 0.004927631018989298)	(220, 0.003360644168274175)	(240, 0.0004481340817172498)	(260, 0.0006729143021205773)	(280, 0.0020230629172567267)	(300, 0.0011247607071595519)	(320, 0.00022499263149131863)	(340, 0.004053415002139302)	(360, 0.0040562191980854645)	(380, 0.013078999411445026)	(400, 0.01443496147669656)	(420, 0.03136472664174036)	(440, 0.010154804350769509)	(460, 0.0503551960691334)	(480, 0.1312199493936648)	(500, 0.3782114896901533)	(520, 0.8923861438368208)	(540, 0.8067344791301297)	(560, 0.6989951944080385)	(580, 0.49059689288634506)	(600, 0.4032258064516129)	(620, 0.20533880903490762)	(640, 0.0)	(660, 0.0)	(680, 0.6666666666666667)	(700, 0.0)	(720, 0.0)	(740, 1.2048192771084338)	(760, 0.0)	(780, 0.0)	(800, 0.0)	(820, 0.0)	(840, 1.25)	(860, 0.0)	(880, 0.0)	(900, 0.0)	(920, 17.5)	(940, 15.0)	(960, 27.500000000000004)	(980, 20.0)	(1000, 10.256410256410255)	(1020, 0.0)	(1040, 0.0)	(1060, 0.0)	(1080, 0.0)	(1100, 0.0)	(1120, 0.0)	(1140, 0.0)	(1160, 0.0)	(1180, 0.0)	(1200, 0.0)	(1220, 0.0)	(1240, 0.0)	(1260, 0.0)
SRR1560358	(1, 0.0)	(2, 0.0)	(3, 0.0)	(4, 0.0)	(5, 0.0)	(6, 0.0)	(7, 0.0)	(8, 0.0)	(9, 0.0)	(10, 0.0005892404690354134)	(20, 0.0005892491492715408)	(40, 0.0)	(60, 0.000295443667755869)	(80, 0.00207102429903224)	(100, 0.0023690857994035828)	(120, 0.0038516350190655937)	(140, 0.0002963577630916042)	(160, 0.0035583284159211477)	(180, 0.0023731126338583843)	(200, 0.0026706231454005935)	(220, 0.005638651471984805)	(240, 0.002968142922017981)	(260, 0.0005939106342668619)	(280, 0.0011891879035806447)	(300, 0.0026771929928935396)	(320, 0.003868207204982251)	(340, 0.0035710140787230055)	(360, 0.005654812394158281)	(380, 0.008929820540373206)	(400, 0.04346428188670707)	(420, 0.14292647921461898)	(440, 0.08099577154427967)	(460, 0.08876867716798131)	(480, 0.106105369263264)	(500, 0.17528683299945366)	(520, 0.10526263769390812)	(540, 0.2837189000436491)	(560, 1.621463983668708)	(580, 2.325006183527084)	(600, 0.517799352750809)	(620, 0.4478827361563518)	(640, 1.3605442176870748)	(660, 1.02880658436214)	(680, 0.0)	(700, 0.0)	(720, 0.0)	(740, 1.25)	(760, 0.0)	(780, 0.0)	(800, 0.0)	(820, 0.0)	(840, 0.0)	(860, 0.0)	(880, 0.0)	(900, 0.0)	(920, 0.0)	(940, 0.0)	(960, 0.0)	(980, 0.0)	(1000, 0.0)	(1020, 0.0)	(1040, 0.0)	(1060, 0.0)										
