Sample	0	1	2	3	4	5	6	7	8	9	10	11	12	13	14	15	16	17	18	19	20	21	22	23	24	25	26	27	28	29	30	31	32	33	34	35	36	37	38	39	40	41	42	43	44	45	46	47	48	49	50	51	52	53	54	55	56	57	58	59	60	61	62	63	64	65	66	67	68	69	70	71	72	73	74	75	76	77	78	79	80	81	82	83	84	85	86	87	88	89	90	91	92	93	94	95	96	97	98	99	100
SRR1560315	(0.0, 0.0)	(1.0, 0.0)	(2.0, 0.0)	(3.0, 0.0)	(4.0, 0.0)	(5.0, 0.0)	(6.0, 0.0)	(7.0, 0.0)	(8.0, 0.0)	(9.0, 0.0)	(10.0, 0.0)	(11.0, 0.0)	(12.0, 0.0)	(13.0, 0.0)	(14.0, 0.0)	(15.0, 0.0)	(16.0, 0.0)	(17.0, 0.0)	(18.0, 0.0)	(19.0, 0.0)	(20.0, 0.0)	(21.0, 0.0)	(22.0, 0.0)	(23.0, 0.0)	(24.0, 0.0)	(25.0, 0.0)	(26.0, 0.0)	(27.0, 0.0)	(28.0, 0.0)	(29.0, 0.0)	(30.0, 0.0)	(31.0, 0.0)	(32.0, 0.0)	(33.0, 0.0)	(34.0, 0.0)	(35.0, 0.0)	(36.0, 0.0)	(37.0, 0.0)	(38.0, 0.0)	(39.0, 0.0)	(40.0, 0.0)	(41.0, 0.0)	(42.0, 0.0)	(43.0, 0.0)	(44.0, 0.0)	(45.0, 0.2)	(46.0, 0.2)	(47.0, 1.5)	(48.0, 1.0333333333333332)	(49.0, 23.301190476190502)	(50.0, 155.25515873015866)	(51.0, 42.6523809523809)	(52.0, 1061.7023809523046)	(53.0, 1310.8468253968601)	(54.0, 47.74761904761908)	(55.0, 17.89206349206348)	(56.0, 45.37619047619041)	(57.0, 9.909523809523812)	(58.0, 1.976190476190476)	(59.0, 1.3095238095238095)	(60.0, 0.9761904761904762)	(61.0, 0.16666666666666666)	(62.0, 0.5)	(63.0, 1.0)	(64.0, 1.0)	(65.0, 0.5)	(66.0, 0.2)	(67.0, 0.0)	(68.0, 0.0)	(69.0, 0.0)	(70.0, 0.0)	(71.0, 0.0)	(72.0, 0.0)	(73.0, 0.0)	(74.0, 0.0)	(75.0, 0.0)	(76.0, 0.0)	(77.0, 0.0)	(78.0, 0.0)	(79.0, 0.0)	(80.0, 0.0)	(81.0, 0.0)	(82.0, 0.0)	(83.0, 0.0)	(84.0, 0.0)	(85.0, 0.0)	(86.0, 0.0)	(87.0, 0.0)	(88.0, 0.0)	(89.0, 0.0)	(90.0, 0.0)	(91.0, 0.0)	(92.0, 0.0)	(93.0, 0.0)	(94.0, 0.0)	(95.0, 0.0)	(96.0, 0.0)	(97.0, 0.0)	(98.0, 0.0)	(99.0, 0.0)	(100.0, 0.0)
SRR1560316	(0.0, 0.0)	(1.0, 0.0)	(2.0, 0.0)	(3.0, 0.0)	(4.0, 0.0)	(5.0, 0.0)	(6.0, 0.0)	(7.0, 0.0)	(8.0, 0.0)	(9.0, 0.0)	(10.0, 0.0)	(11.0, 0.0)	(12.0, 0.0)	(13.0, 0.0)	(14.0, 0.0)	(15.0, 0.0)	(16.0, 0.0)	(17.0, 0.0)	(18.0, 0.0)	(19.0, 0.0)	(20.0, 0.0)	(21.0, 0.0)	(22.0, 0.0)	(23.0, 0.0)	(24.0, 0.0)	(25.0, 0.0)	(26.0, 0.0)	(27.0, 0.0)	(28.0, 0.0)	(29.0, 0.0)	(30.0, 0.0)	(31.0, 0.0)	(32.0, 0.0)	(33.0, 0.0)	(34.0, 0.0)	(35.0, 0.0)	(36.0, 0.0)	(37.0, 0.0)	(38.0, 0.0)	(39.0, 0.0)	(40.0, 0.0)	(41.0, 0.25)	(42.0, 0.0)	(43.0, 0.0)	(44.0, 0.3333333333333333)	(45.0, 0.3333333333333333)	(46.0, 0.3333333333333333)	(47.0, 4.166666666666666)	(48.0, 4.892857142857142)	(49.0, 397.1547619047502)	(50.0, 741.7904761904721)	(51.0, 308.7476190476192)	(52.0, 406.8857142857202)	(53.0, 556.2047619047651)	(54.0, 291.0380952380923)	(55.0, 540.4452380952551)	(56.0, 192.95714285714092)	(57.0, 81.60476190476204)	(58.0, 8.920634920634924)	(59.0, 2.5952380952380953)	(60.0, 1.1428571428571428)	(61.0, 1.8333333333333333)	(62.0, 1.8333333333333335)	(63.0, 0.5)	(64.0, 0.30952380952380953)	(65.0, 0.30952380952380953)	(66.0, 0.0)	(67.0, 0.0)	(68.0, 0.0)	(69.0, 0.0)	(70.0, 0.0)	(71.0, 0.0)	(72.0, 0.0)	(73.0, 0.0)	(74.0, 0.0)	(75.0, 0.0)	(76.0, 0.0)	(77.0, 0.0)	(78.0, 0.0)	(79.0, 0.0)	(80.0, 0.0)	(81.0, 0.0)	(82.0, 0.0)	(83.0, 0.0)	(84.0, 0.0)	(85.0, 0.0)	(86.0, 0.0)	(87.0, 0.0)	(88.0, 0.0)	(89.0, 0.0)	(90.0, 0.0)	(91.0, 0.0)	(92.0, 0.0)	(93.0, 0.0)	(94.0, 0.0)	(95.0, 0.0)	(96.0, 0.0)	(97.0, 0.0)	(98.0, 0.0)	(99.0, 0.0)	(100.0, 0.0)
SRR1560317	(0.0, 0.0)	(1.0, 0.0)	(2.0, 0.0)	(3.0, 0.0)	(4.0, 0.0)	(5.0, 0.0)	(6.0, 0.0)	(7.0, 0.0)	(8.0, 0.0)	(9.0, 0.0)	(10.0, 0.0)	(11.0, 0.0)	(12.0, 0.0)	(13.0, 0.0)	(14.0, 0.0)	(15.0, 0.0)	(16.0, 0.0)	(17.0, 0.0)	(18.0, 0.0)	(19.0, 0.0)	(20.0, 0.0)	(21.0, 0.0)	(22.0, 0.0)	(23.0, 0.0)	(24.0, 0.0)	(25.0, 0.0)	(26.0, 0.0)	(27.0, 0.0)	(28.0, 0.0)	(29.0, 0.0)	(30.0, 0.0)	(31.0, 0.0)	(32.0, 0.0)	(33.0, 0.0)	(34.0, 0.0)	(35.0, 0.0)	(36.0, 0.0)	(37.0, 0.0)	(38.0, 0.0)	(39.0, 0.0)	(40.0, 0.0)	(41.0, 0.5)	(42.0, 0.0)	(43.0, 0.0)	(44.0, 0.3333333333333333)	(45.0, 0.16666666666666666)	(46.0, 0.16666666666666666)	(47.0, 4.333333333333333)	(48.0, 8.533333333333335)	(49.0, 241.2333333333284)	(50.0, 317.7523809523744)	(51.0, 200.68571428571167)	(52.0, 289.5095238095188)	(53.0, 787.624242424278)	(54.0, 443.82142857141974)	(55.0, 506.47539682541645)	(56.0, 145.43015873015932)	(57.0, 64.16944444444424)	(58.0, 7.938095238095244)	(59.0, 2.7857142857142856)	(60.0, 2.1666666666666665)	(61.0, 1.5333333333333332)	(62.0, 1.0)	(63.0, 0.5)	(64.0, 0.0)	(65.0, 0.0)	(66.0, 0.0)	(67.0, 0.0)	(68.0, 0.0)	(69.0, 0.0)	(70.0, 0.0)	(71.0, 0.0)	(72.0, 0.0)	(73.0, 0.0)	(74.0, 0.0)	(75.0, 0.0)	(76.0, 0.0)	(77.0, 0.0)	(78.0, 0.0)	(79.0, 0.0)	(80.0, 0.0)	(81.0, 0.0)	(82.0, 0.0)	(83.0, 0.0)	(84.0, 0.0)	(85.0, 0.0)	(86.0, 0.0)	(87.0, 0.0)	(88.0, 0.0)	(89.0, 0.0)	(90.0, 0.0)	(91.0, 0.0)	(92.0, 0.0)	(93.0, 0.0)	(94.0, 0.0)	(95.0, 0.0)	(96.0, 0.0)	(97.0, 0.0)	(98.0, 0.0)	(99.0, 0.0)	(100.0, 0.0)
SRR1560318	(0.0, 0.0)	(1.0, 0.0)	(2.0, 0.0)	(3.0, 0.0)	(4.0, 0.0)	(5.0, 0.0)	(6.0, 0.0)	(7.0, 0.0)	(8.0, 0.0)	(9.0, 0.0)	(10.0, 0.0)	(11.0, 0.0)	(12.0, 0.0)	(13.0, 0.0)	(14.0, 0.0)	(15.0, 0.0)	(16.0, 0.0)	(17.0, 0.0)	(18.0, 0.0)	(19.0, 0.0)	(20.0, 0.0)	(21.0, 0.0)	(22.0, 0.0)	(23.0, 0.0)	(24.0, 0.0)	(25.0, 0.0)	(26.0, 0.0)	(27.0, 0.0)	(28.0, 0.0)	(29.0, 0.0)	(30.0, 0.0)	(31.0, 0.0)	(32.0, 0.0)	(33.0, 0.0)	(34.0, 0.0)	(35.0, 0.0)	(36.0, 0.0)	(37.0, 0.0)	(38.0, 3.0)	(39.0, 6.0)	(40.0, 36.0)	(41.0, 34.25)	(42.0, 1.75)	(43.0, 0.8333333333333333)	(44.0, 1.0)	(45.0, 1.0)	(46.0, 2.583333333333333)	(47.0, 12.866666666666665)	(48.0, 7.542857142857144)	(49.0, 13.666666666666663)	(50.0, 175.30476190476085)	(51.0, 87.24285714285742)	(52.0, 347.2428571428612)	(53.0, 338.2761904761933)	(54.0, 104.15952380952422)	(55.0, 242.1619047619006)	(56.0, 662.7190476190382)	(57.0, 204.21071428571153)	(58.0, 16.480952380952367)	(59.0, 7.661904761904765)	(60.0, 2.5)	(61.0, 1.0)	(62.0, 0.3666666666666667)	(63.0, 0.0)	(64.0, 0.0)	(65.0, 0.0)	(66.0, 0.0)	(67.0, 0.0)	(68.0, 0.0)	(69.0, 0.0)	(70.0, 0.0)	(71.0, 0.0)	(72.0, 0.0)	(73.0, 0.0)	(74.0, 0.0)	(75.0, 0.0)	(76.0, 0.0)	(77.0, 0.0)	(78.0, 0.0)	(79.0, 0.0)	(80.0, 0.0)	(81.0, 0.0)	(82.0, 0.0)	(83.0, 0.0)	(84.0, 0.0)	(85.0, 0.0)	(86.0, 0.0)	(87.0, 0.0)	(88.0, 0.0)	(89.0, 0.0)	(90.0, 0.0)	(91.0, 0.0)	(92.0, 0.0)	(93.0, 0.0)	(94.0, 0.0)	(95.0, 0.0)	(96.0, 0.0)	(97.0, 0.0)	(98.0, 0.0)	(99.0, 0.0)	(100.0, 0.0)
SRR1560319	(0.0, 0.0)	(1.0, 0.0)	(2.0, 0.0)	(3.0, 0.0)	(4.0, 0.0)	(5.0, 0.0)	(6.0, 0.0)	(7.0, 0.0)	(8.0, 0.0)	(9.0, 0.0)	(10.0, 0.0)	(11.0, 0.0)	(12.0, 0.0)	(13.0, 0.0)	(14.0, 0.0)	(15.0, 0.0)	(16.0, 0.0)	(17.0, 0.0)	(18.0, 0.0)	(19.0, 0.0)	(20.0, 0.0)	(21.0, 0.0)	(22.0, 0.0)	(23.0, 0.0)	(24.0, 0.0)	(25.0, 0.0)	(26.0, 0.0)	(27.0, 0.0)	(28.0, 0.0)	(29.0, 0.0)	(30.0, 0.0)	(31.0, 0.0)	(32.0, 0.0)	(33.0, 0.0)	(34.0, 0.0)	(35.0, 0.0)	(36.0, 0.0)	(37.0, 0.0)	(38.0, 0.0)	(39.0, 0.0)	(40.0, 0.0)	(41.0, 0.0)	(42.0, 0.0)	(43.0, 0.0)	(44.0, 0.0)	(45.0, 0.5)	(46.0, 4.666666666666666)	(47.0, 22.333333333333336)	(48.0, 47.6345238095238)	(49.0, 94.63452380952401)	(50.0, 520.4607142857351)	(51.0, 737.6630952380702)	(52.0, 301.8095238095222)	(53.0, 378.0849567099641)	(54.0, 513.4857142857207)	(55.0, 337.6309523809554)	(56.0, 113.29404761904848)	(57.0, 73.64920634920625)	(58.0, 17.73333333333332)	(59.0, 4.699999999999999)	(60.0, 2.1666666666666665)	(61.0, 1.1666666666666667)	(62.0, 1.0)	(63.0, 0.5)	(64.0, 0.0)	(65.0, 0.5666666666666667)	(66.0, 0.0)	(67.0, 0.3666666666666667)	(68.0, 0.2)	(69.0, 0.2)	(70.0, 0.0)	(71.0, 0.0)	(72.0, 0.0)	(73.0, 0.0)	(74.0, 0.0)	(75.0, 0.0)	(76.0, 0.0)	(77.0, 0.0)	(78.0, 0.0)	(79.0, 0.0)	(80.0, 0.0)	(81.0, 0.0)	(82.0, 0.0)	(83.0, 0.0)	(84.0, 0.0)	(85.0, 0.0)	(86.0, 0.0)	(87.0, 0.0)	(88.0, 0.0)	(89.0, 0.0)	(90.0, 0.0)	(91.0, 0.0)	(92.0, 0.0)	(93.0, 0.0)	(94.0, 0.0)	(95.0, 0.0)	(96.0, 0.0)	(97.0, 0.0)	(98.0, 0.0)	(99.0, 0.0)	(100.0, 0.0)
SRR1560320	(0.0, 0.0)	(1.0, 0.0)	(2.0, 0.0)	(3.0, 0.0)	(4.0, 0.0)	(5.0, 0.0)	(6.0, 0.0)	(7.0, 0.0)	(8.0, 0.0)	(9.0, 0.0)	(10.0, 0.0)	(11.0, 0.0)	(12.0, 0.0)	(13.0, 0.0)	(14.0, 0.0)	(15.0, 0.0)	(16.0, 0.0)	(17.0, 0.0)	(18.0, 0.0)	(19.0, 0.0)	(20.0, 0.0)	(21.0, 0.0)	(22.0, 0.0)	(23.0, 0.0)	(24.0, 0.0)	(25.0, 0.0)	(26.0, 0.0)	(27.0, 0.0)	(28.0, 0.0)	(29.0, 0.0)	(30.0, 0.0)	(31.0, 0.0)	(32.0, 0.0)	(33.0, 0.0)	(34.0, 0.0)	(35.0, 0.0)	(36.0, 0.0)	(37.0, 0.0)	(38.0, 0.0)	(39.0, 0.0)	(40.0, 0.75)	(41.0, 0.75)	(42.0, 0.5)	(43.0, 0.8333333333333333)	(44.0, 0.3333333333333333)	(45.0, 0.0)	(46.0, 0.3333333333333333)	(47.0, 6.428571428571429)	(48.0, 13.038095238095233)	(49.0, 29.669047619047646)	(50.0, 586.3515873015947)	(51.0, 129.57539682539812)	(52.0, 326.3857142857166)	(53.0, 290.36904761904594)	(54.0, 126.8761904761916)	(55.0, 85.8166666666669)	(56.0, 31.867857142857165)	(57.0, 20.775000000000002)	(58.0, 7.700000000000004)	(59.0, 2.2333333333333334)	(60.0, 2.0666666666666664)	(61.0, 0.3333333333333333)	(62.0, 0.5)	(63.0, 0.5)	(64.0, 0.16666666666666666)	(65.0, 0.5666666666666667)	(66.0, 1.4)	(67.0, 0.6000000000000001)	(68.0, 0.2)	(69.0, 0.0)	(70.0, 0.0)	(71.0, 0.0)	(72.0, 0.0)	(73.0, 0.0)	(74.0, 0.0)	(75.0, 0.0)	(76.0, 0.0)	(77.0, 0.0)	(78.0, 0.0)	(79.0, 0.0)	(80.0, 0.0)	(81.0, 0.0)	(82.0, 0.0)	(83.0, 0.0)	(84.0, 0.0)	(85.0, 0.0)	(86.0, 0.0)	(87.0, 0.0)	(88.0, 0.0)	(89.0, 0.0)	(90.0, 0.0)	(91.0, 0.0)	(92.0, 0.0)	(93.0, 0.0)	(94.0, 0.0)	(95.0, 0.0)	(96.0, 0.0)	(97.0, 0.0)	(98.0, 0.0)	(99.0, 0.0)	(100.0, 0.0)
SRR1560321	(0.0, 0.0)	(1.0, 0.0)	(2.0, 0.0)	(3.0, 0.0)	(4.0, 0.0)	(5.0, 0.0)	(6.0, 0.0)	(7.0, 0.0)	(8.0, 0.0)	(9.0, 0.0)	(10.0, 0.0)	(11.0, 0.0)	(12.0, 0.0)	(13.0, 0.0)	(14.0, 0.0)	(15.0, 0.0)	(16.0, 0.0)	(17.0, 0.0)	(18.0, 0.0)	(19.0, 0.0)	(20.0, 0.0)	(21.0, 0.0)	(22.0, 0.0)	(23.0, 0.0)	(24.0, 0.0)	(25.0, 0.0)	(26.0, 0.0)	(27.0, 0.0)	(28.0, 0.0)	(29.0, 0.0)	(30.0, 0.0)	(31.0, 0.0)	(32.0, 0.0)	(33.0, 0.0)	(34.0, 0.0)	(35.0, 0.0)	(36.0, 0.0)	(37.0, 0.0)	(38.0, 0.0)	(39.0, 0.0)	(40.0, 0.25)	(41.0, 0.5)	(42.0, 0.0)	(43.0, 0.0)	(44.0, 0.0)	(45.0, 2.6666666666666665)	(46.0, 6.333333333333335)	(47.0, 14.142857142857132)	(48.0, 30.433333333333366)	(49.0, 49.52857142857136)	(50.0, 130.96190476190583)	(51.0, 117.89285714285818)	(52.0, 580.3761904761983)	(53.0, 1125.6464285713823)	(54.0, 341.6738095238098)	(55.0, 151.47658730158741)	(56.0, 61.46309523809501)	(57.0, 43.752380952380925)	(58.0, 17.06666666666665)	(59.0, 13.144444444444437)	(60.0, 12.599999999999994)	(61.0, 5.6)	(62.0, 2.2666666666666666)	(63.0, 1.1666666666666665)	(64.0, 0.9999999999999999)	(65.0, 0.5)	(66.0, 2.9000000000000004)	(67.0, 0.4)	(68.0, 0.2)	(69.0, 0.0)	(70.0, 0.0)	(71.0, 0.0)	(72.0, 0.0)	(73.0, 0.0)	(74.0, 0.0)	(75.0, 0.0)	(76.0, 0.0)	(77.0, 0.0)	(78.0, 0.0)	(79.0, 0.0)	(80.0, 0.0)	(81.0, 0.0)	(82.0, 0.0)	(83.0, 0.0)	(84.0, 0.0)	(85.0, 0.0)	(86.0, 0.0)	(87.0, 0.0)	(88.0, 0.0)	(89.0, 0.0)	(90.0, 0.0)	(91.0, 0.0)	(92.0, 0.0)	(93.0, 0.0)	(94.0, 0.0)	(95.0, 0.0)	(96.0, 0.0)	(97.0, 0.0)	(98.0, 0.0)	(99.0, 0.0)	(100.0, 0.0)
SRR1560322	(0.0, 0.0)	(1.0, 0.0)	(2.0, 0.0)	(3.0, 0.0)	(4.0, 0.0)	(5.0, 0.0)	(6.0, 0.0)	(7.0, 0.0)	(8.0, 0.0)	(9.0, 0.0)	(10.0, 0.0)	(11.0, 0.0)	(12.0, 0.0)	(13.0, 0.0)	(14.0, 0.0)	(15.0, 0.0)	(16.0, 0.0)	(17.0, 0.0)	(18.0, 0.0)	(19.0, 0.0)	(20.0, 0.0)	(21.0, 0.0)	(22.0, 0.0)	(23.0, 0.0)	(24.0, 0.0)	(25.0, 0.0)	(26.0, 0.0)	(27.0, 0.0)	(28.0, 0.0)	(29.0, 0.0)	(30.0, 0.0)	(31.0, 0.0)	(32.0, 0.0)	(33.0, 0.0)	(34.0, 0.0)	(35.0, 0.0)	(36.0, 0.0)	(37.0, 0.0)	(38.0, 0.0)	(39.0, 0.0)	(40.0, 0.0)	(41.0, 0.0)	(42.0, 0.0)	(43.0, 0.0)	(44.0, 0.0)	(45.0, 0.3333333333333333)	(46.0, 1.5833333333333333)	(47.0, 9.999999999999998)	(48.0, 6.766666666666668)	(49.0, 5.00952380952381)	(50.0, 77.80952380952377)	(51.0, 39.714285714285694)	(52.0, 103.31190476190554)	(53.0, 1097.7147186148197)	(54.0, 784.4500000000244)	(55.0, 583.6761904761971)	(56.0, 41.885714285714265)	(57.0, 17.976190476190467)	(58.0, 10.166666666666666)	(59.0, 6.2)	(60.0, 1.5333333333333332)	(61.0, 0.6666666666666666)	(62.0, 0.0)	(63.0, 0.0)	(64.0, 0.0)	(65.0, 0.0)	(66.0, 0.6000000000000001)	(67.0, 0.4)	(68.0, 0.2)	(69.0, 0.0)	(70.0, 0.0)	(71.0, 0.0)	(72.0, 0.0)	(73.0, 0.0)	(74.0, 0.0)	(75.0, 0.0)	(76.0, 0.0)	(77.0, 0.0)	(78.0, 0.0)	(79.0, 0.0)	(80.0, 0.0)	(81.0, 0.0)	(82.0, 0.0)	(83.0, 0.0)	(84.0, 0.0)	(85.0, 0.0)	(86.0, 0.0)	(87.0, 0.0)	(88.0, 0.0)	(89.0, 0.0)	(90.0, 0.0)	(91.0, 0.0)	(92.0, 0.0)	(93.0, 0.0)	(94.0, 0.0)	(95.0, 0.0)	(96.0, 0.0)	(97.0, 0.0)	(98.0, 0.0)	(99.0, 0.0)	(100.0, 0.0)
SRR1560323	(0.0, 0.0)	(1.0, 0.0)	(2.0, 0.0)	(3.0, 0.0)	(4.0, 0.0)	(5.0, 0.0)	(6.0, 0.0)	(7.0, 0.0)	(8.0, 0.0)	(9.0, 0.0)	(10.0, 0.0)	(11.0, 0.0)	(12.0, 0.0)	(13.0, 0.0)	(14.0, 0.0)	(15.0, 0.0)	(16.0, 0.0)	(17.0, 0.0)	(18.0, 0.0)	(19.0, 0.0)	(20.0, 0.0)	(21.0, 0.0)	(22.0, 0.0)	(23.0, 0.0)	(24.0, 0.0)	(25.0, 0.0)	(26.0, 0.0)	(27.0, 0.0)	(28.0, 0.0)	(29.0, 0.0)	(30.0, 0.0)	(31.0, 0.0)	(32.0, 0.0)	(33.0, 0.0)	(34.0, 0.0)	(35.0, 0.0)	(36.0, 0.0)	(37.0, 0.0)	(38.0, 0.0)	(39.0, 0.0)	(40.0, 0.0)	(41.0, 0.25)	(42.0, 0.0)	(43.0, 0.0)	(44.0, 0.3333333333333333)	(45.0, 0.5333333333333333)	(46.0, 0.0)	(47.0, 2.45)	(48.0, 3.0333333333333323)	(49.0, 175.56666666666527)	(50.0, 211.43333333333004)	(51.0, 163.91666666666612)	(52.0, 595.8880952380997)	(53.0, 62.03095238095216)	(54.0, 154.33333333333334)	(55.0, 608.1964285714316)	(56.0, 47.97738095238094)	(57.0, 21.833333333333336)	(58.0, 6.533333333333334)	(59.0, 2.0)	(60.0, 1.0)	(61.0, 0.5)	(62.0, 0.0)	(63.0, 0.0)	(64.0, 0.0)	(65.0, 0.3333333333333333)	(66.0, 0.0)	(67.0, 0.2)	(68.0, 0.4)	(69.0, 0.0)	(70.0, 0.0)	(71.0, 0.0)	(72.0, 0.0)	(73.0, 0.0)	(74.0, 0.0)	(75.0, 0.0)	(76.0, 0.0)	(77.0, 0.0)	(78.0, 0.0)	(79.0, 0.0)	(80.0, 0.0)	(81.0, 0.0)	(82.0, 0.0)	(83.0, 0.0)	(84.0, 0.0)	(85.0, 0.0)	(86.0, 0.0)	(87.0, 0.0)	(88.0, 0.0)	(89.0, 0.0)	(90.0, 0.0)	(91.0, 0.0)	(92.0, 0.0)	(93.0, 0.0)	(94.0, 0.0)	(95.0, 0.0)	(96.0, 0.0)	(97.0, 0.0)	(98.0, 0.0)	(99.0, 0.0)	(100.0, 0.0)
SRR1560324	(0.0, 0.0)	(1.0, 0.0)	(2.0, 0.0)	(3.0, 0.0)	(4.0, 0.0)	(5.0, 0.0)	(6.0, 0.0)	(7.0, 0.0)	(8.0, 0.0)	(9.0, 0.0)	(10.0, 0.0)	(11.0, 0.0)	(12.0, 0.0)	(13.0, 0.0)	(14.0, 0.0)	(15.0, 0.0)	(16.0, 0.0)	(17.0, 0.0)	(18.0, 0.0)	(19.0, 0.0)	(20.0, 0.0)	(21.0, 0.0)	(22.0, 0.0)	(23.0, 0.0)	(24.0, 0.0)	(25.0, 0.0)	(26.0, 0.0)	(27.0, 0.0)	(28.0, 0.0)	(29.0, 0.0)	(30.0, 0.0)	(31.0, 0.0)	(32.0, 0.0)	(33.0, 0.0)	(34.0, 0.0)	(35.0, 0.0)	(36.0, 0.0)	(37.0, 0.0)	(38.0, 0.5)	(39.0, 0.5)	(40.0, 1.0)	(41.0, 1.0)	(42.0, 0.0)	(43.0, 0.0)	(44.0, 0.5)	(45.0, 0.5)	(46.0, 0.3333333333333333)	(47.0, 1.25)	(48.0, 2.9999999999999996)	(49.0, 69.59285714285755)	(50.0, 135.54761904762023)	(51.0, 132.84285714285835)	(52.0, 766.5952380952066)	(53.0, 884.527380952379)	(54.0, 624.3504329004348)	(55.0, 853.0968253967728)	(56.0, 70.43214285714268)	(57.0, 32.00952380952383)	(58.0, 14.7)	(59.0, 5.166666666666666)	(60.0, 0.5)	(61.0, 0.0)	(62.0, 0.0)	(63.0, 0.2)	(64.0, 0.2)	(65.0, 0.0)	(66.0, 0.0)	(67.0, 0.0)	(68.0, 0.0)	(69.0, 0.0)	(70.0, 0.0)	(71.0, 0.0)	(72.0, 0.0)	(73.0, 0.0)	(74.0, 0.0)	(75.0, 0.0)	(76.0, 0.0)	(77.0, 0.0)	(78.0, 0.0)	(79.0, 0.0)	(80.0, 0.0)	(81.0, 0.0)	(82.0, 0.0)	(83.0, 0.0)	(84.0, 0.0)	(85.0, 0.0)	(86.0, 0.0)	(87.0, 0.0)	(88.0, 0.0)	(89.0, 0.0)	(90.0, 0.0)	(91.0, 0.0)	(92.0, 0.0)	(93.0, 0.0)	(94.0, 0.0)	(95.0, 0.0)	(96.0, 0.0)	(97.0, 0.0)	(98.0, 0.0)	(99.0, 0.0)	(100.0, 0.0)
SRR1560325	(0.0, 0.0)	(1.0, 0.0)	(2.0, 0.0)	(3.0, 0.0)	(4.0, 0.0)	(5.0, 0.0)	(6.0, 0.0)	(7.0, 0.0)	(8.0, 0.0)	(9.0, 0.0)	(10.0, 0.0)	(11.0, 0.0)	(12.0, 0.0)	(13.0, 0.0)	(14.0, 0.0)	(15.0, 0.0)	(16.0, 0.0)	(17.0, 0.0)	(18.0, 0.0)	(19.0, 0.0)	(20.0, 0.0)	(21.0, 0.0)	(22.0, 0.0)	(23.0, 0.0)	(24.0, 0.0)	(25.0, 0.0)	(26.0, 0.0)	(27.0, 0.0)	(28.0, 0.0)	(29.0, 0.0)	(30.0, 0.0)	(31.0, 0.0)	(32.0, 0.0)	(33.0, 0.0)	(34.0, 0.0)	(35.0, 0.0)	(36.0, 0.0)	(37.0, 0.0)	(38.0, 0.0)	(39.0, 0.0)	(40.0, 0.0)	(41.0, 0.0)	(42.0, 0.0)	(43.0, 0.0)	(44.0, 0.3333333333333333)	(45.0, 0.0)	(46.0, 0.0)	(47.0, 5.916666666666668)	(48.0, 8.033333333333339)	(49.0, 548.2333333333211)	(50.0, 627.2333333333348)	(51.0, 302.0619047619041)	(52.0, 690.398051948035)	(53.0, 133.0091630591642)	(54.0, 212.3285714285681)	(55.0, 730.3857142856883)	(56.0, 68.40119047619045)	(57.0, 37.009523809523834)	(58.0, 14.233333333333327)	(59.0, 6.7)	(60.0, 4.0)	(61.0, 4.166666666666667)	(62.0, 1.1666666666666665)	(63.0, 0.0)	(64.0, 0.0)	(65.0, 0.0)	(66.0, 0.0)	(67.0, 0.2)	(68.0, 0.0)	(69.0, 0.0)	(70.0, 0.0)	(71.0, 0.0)	(72.0, 0.0)	(73.0, 0.0)	(74.0, 0.0)	(75.0, 0.0)	(76.0, 0.0)	(77.0, 0.0)	(78.0, 0.0)	(79.0, 0.0)	(80.0, 0.0)	(81.0, 0.0)	(82.0, 0.0)	(83.0, 0.0)	(84.0, 0.0)	(85.0, 0.0)	(86.0, 0.0)	(87.0, 0.0)	(88.0, 0.0)	(89.0, 0.0)	(90.0, 0.0)	(91.0, 0.0)	(92.0, 0.0)	(93.0, 0.0)	(94.0, 0.0)	(95.0, 0.0)	(96.0, 0.0)	(97.0, 0.0)	(98.0, 0.0)	(99.0, 0.0)	(100.0, 0.0)
SRR1560326	(0.0, 0.0)	(1.0, 0.0)	(2.0, 0.0)	(3.0, 0.0)	(4.0, 0.0)	(5.0, 0.0)	(6.0, 0.0)	(7.0, 0.0)	(8.0, 0.0)	(9.0, 0.0)	(10.0, 0.0)	(11.0, 0.0)	(12.0, 0.0)	(13.0, 0.0)	(14.0, 0.0)	(15.0, 0.0)	(16.0, 0.0)	(17.0, 0.0)	(18.0, 0.0)	(19.0, 0.0)	(20.0, 0.0)	(21.0, 0.0)	(22.0, 0.0)	(23.0, 0.0)	(24.0, 0.0)	(25.0, 0.0)	(26.0, 0.0)	(27.0, 0.0)	(28.0, 0.0)	(29.0, 0.0)	(30.0, 0.0)	(31.0, 0.0)	(32.0, 0.0)	(33.0, 0.0)	(34.0, 0.0)	(35.0, 0.0)	(36.0, 0.0)	(37.0, 0.0)	(38.0, 0.0)	(39.0, 0.0)	(40.0, 0.0)	(41.0, 0.0)	(42.0, 0.0)	(43.0, 0.0)	(44.0, 0.5)	(45.0, 1.5)	(46.0, 5.642857142857144)	(47.0, 21.833333333333346)	(48.0, 31.176190476190516)	(49.0, 52.74285714285709)	(50.0, 186.07619047618883)	(51.0, 322.00000000000125)	(52.0, 704.7928571428374)	(53.0, 263.0404761904709)	(54.0, 246.3857142857092)	(55.0, 555.464285714298)	(56.0, 94.91587301587349)	(57.0, 84.309523809524)	(58.0, 25.309523809523817)	(59.0, 6.342857142857143)	(60.0, 10.86666666666666)	(61.0, 8.66666666666667)	(62.0, 1.3333333333333333)	(63.0, 0.7)	(64.0, 3.0666666666666655)	(65.0, 1.0333333333333332)	(66.0, 3.533333333333334)	(67.0, 3.400000000000001)	(68.0, 1.3666666666666667)	(69.0, 0.0)	(70.0, 0.0)	(71.0, 0.0)	(72.0, 0.0)	(73.0, 0.0)	(74.0, 0.0)	(75.0, 0.0)	(76.0, 0.0)	(77.0, 0.0)	(78.0, 0.0)	(79.0, 0.0)	(80.0, 0.0)	(81.0, 0.0)	(82.0, 0.0)	(83.0, 0.0)	(84.0, 0.0)	(85.0, 0.0)	(86.0, 0.0)	(87.0, 0.0)	(88.0, 0.0)	(89.0, 0.0)	(90.0, 0.0)	(91.0, 0.0)	(92.0, 0.0)	(93.0, 0.0)	(94.0, 0.0)	(95.0, 0.0)	(96.0, 0.0)	(97.0, 0.0)	(98.0, 0.0)	(99.0, 0.0)	(100.0, 0.0)
SRR1560327	(0.0, 0.0)	(1.0, 0.0)	(2.0, 0.0)	(3.0, 0.0)	(4.0, 0.0)	(5.0, 0.0)	(6.0, 0.0)	(7.0, 0.0)	(8.0, 0.0)	(9.0, 0.0)	(10.0, 0.0)	(11.0, 0.0)	(12.0, 0.0)	(13.0, 0.0)	(14.0, 0.0)	(15.0, 0.0)	(16.0, 0.0)	(17.0, 0.0)	(18.0, 0.0)	(19.0, 0.0)	(20.0, 0.0)	(21.0, 0.0)	(22.0, 0.0)	(23.0, 0.0)	(24.0, 0.0)	(25.0, 0.0)	(26.0, 0.0)	(27.0, 0.0)	(28.0, 0.0)	(29.0, 0.0)	(30.0, 0.0)	(31.0, 0.0)	(32.0, 0.0)	(33.0, 0.0)	(34.0, 0.0)	(35.0, 0.0)	(36.0, 0.0)	(37.0, 0.0)	(38.0, 0.0)	(39.0, 0.0)	(40.0, 0.0)	(41.0, 0.0)	(42.0, 0.0)	(43.0, 0.0)	(44.0, 0.0)	(45.0, 0.5)	(46.0, 0.5)	(47.0, 2.333333333333333)	(48.0, 3.0178571428571423)	(49.0, 7.867857142857147)	(50.0, 23.166666666666693)	(51.0, 36.68333333333335)	(52.0, 53.64404761904754)	(53.0, 74.53452380952386)	(54.0, 1325.22142857147)	(55.0, 1419.5670995671817)	(56.0, 50.47976190476181)	(57.0, 17.609523809523797)	(58.0, 2.0)	(59.0, 1.0)	(60.0, 1.1666666666666667)	(61.0, 0.4242424242424242)	(62.0, 0.0)	(63.0, 0.16666666666666666)	(64.0, 0.0)	(65.0, 0.2)	(66.0, 0.2)	(67.0, 0.0)	(68.0, 0.0)	(69.0, 0.0)	(70.0, 0.0)	(71.0, 0.0)	(72.0, 0.0)	(73.0, 0.0)	(74.0, 0.0)	(75.0, 0.0)	(76.0, 0.0)	(77.0, 0.0)	(78.0, 0.0)	(79.0, 0.0)	(80.0, 0.0)	(81.0, 0.0)	(82.0, 0.0)	(83.0, 0.0)	(84.0, 0.0)	(85.0, 0.0)	(86.0, 0.0)	(87.0, 0.0)	(88.0, 0.0)	(89.0, 0.0)	(90.0, 0.0)	(91.0, 0.0)	(92.0, 0.0)	(93.0, 0.0)	(94.0, 0.0)	(95.0, 0.0)	(96.0, 0.0)	(97.0, 0.0)	(98.0, 0.0)	(99.0, 0.0)	(100.0, 0.0)
SRR1560328	(0.0, 0.0)	(1.0, 0.0)	(2.0, 0.0)	(3.0, 0.0)	(4.0, 0.0)	(5.0, 0.0)	(6.0, 0.0)	(7.0, 0.0)	(8.0, 0.0)	(9.0, 0.0)	(10.0, 0.0)	(11.0, 0.0)	(12.0, 0.0)	(13.0, 0.0)	(14.0, 0.0)	(15.0, 0.0)	(16.0, 0.0)	(17.0, 0.0)	(18.0, 0.0)	(19.0, 0.0)	(20.0, 0.0)	(21.0, 0.0)	(22.0, 0.0)	(23.0, 0.0)	(24.0, 0.0)	(25.0, 0.0)	(26.0, 0.0)	(27.0, 0.0)	(28.0, 0.0)	(29.0, 0.0)	(30.0, 0.0)	(31.0, 0.0)	(32.0, 0.0)	(33.0, 0.0)	(34.0, 0.0)	(35.0, 0.0)	(36.0, 0.0)	(37.0, 0.0)	(38.0, 0.0)	(39.0, 0.0)	(40.0, 0.65)	(41.0, 0.45)	(42.0, 3.0500000000000007)	(43.0, 1.5833333333333333)	(44.0, 1.0)	(45.0, 1.1833333333333333)	(46.0, 2.7)	(47.0, 185.32619047619048)	(48.0, 43.01428571428575)	(49.0, 34.27380952380955)	(50.0, 2783.3884920632263)	(51.0, 817.0904761904316)	(52.0, 772.7345238095014)	(53.0, 1300.2238095238674)	(54.0, 587.4503968254016)	(55.0, 446.1738095238222)	(56.0, 740.7904761904535)	(57.0, 374.9238095238145)	(58.0, 33.928571428571445)	(59.0, 13.404761904761909)	(60.0, 3.033333333333333)	(61.0, 0.16666666666666666)	(62.0, 0.9999999999999999)	(63.0, 0.0)	(64.0, 0.0)	(65.0, 0.0)	(66.0, 0.0)	(67.0, 0.4)	(68.0, 0.0)	(69.0, 0.0)	(70.0, 0.0)	(71.0, 0.0)	(72.0, 0.0)	(73.0, 0.0)	(74.0, 0.0)	(75.0, 0.0)	(76.0, 0.0)	(77.0, 0.0)	(78.0, 0.0)	(79.0, 0.0)	(80.0, 0.0)	(81.0, 0.0)	(82.0, 0.0)	(83.0, 0.0)	(84.0, 0.0)	(85.0, 0.0)	(86.0, 0.0)	(87.0, 0.0)	(88.0, 0.0)	(89.0, 0.0)	(90.0, 0.0)	(91.0, 0.0)	(92.0, 0.0)	(93.0, 0.0)	(94.0, 0.0)	(95.0, 0.0)	(96.0, 0.0)	(97.0, 0.0)	(98.0, 0.0)	(99.0, 0.0)	(100.0, 0.0)
SRR1560329	(0.0, 0.0)	(1.0, 0.0)	(2.0, 0.0)	(3.0, 0.0)	(4.0, 0.0)	(5.0, 0.0)	(6.0, 0.0)	(7.0, 0.0)	(8.0, 0.0)	(9.0, 0.0)	(10.0, 0.0)	(11.0, 0.0)	(12.0, 0.0)	(13.0, 0.0)	(14.0, 0.0)	(15.0, 0.0)	(16.0, 0.0)	(17.0, 0.0)	(18.0, 0.0)	(19.0, 0.0)	(20.0, 0.0)	(21.0, 0.0)	(22.0, 0.0)	(23.0, 0.0)	(24.0, 0.0)	(25.0, 0.0)	(26.0, 0.0)	(27.0, 0.0)	(28.0, 0.0)	(29.0, 0.0)	(30.0, 0.0)	(31.0, 0.0)	(32.0, 0.0)	(33.0, 0.2)	(34.0, 0.6000000000000001)	(35.0, 0.0)	(36.0, 0.0)	(37.0, 0.0)	(38.0, 0.0)	(39.0, 0.25)	(40.0, 7.25)	(41.0, 9.25)	(42.0, 1.95)	(43.0, 1.7499999999999998)	(44.0, 1.2499999999999998)	(45.0, 0.6166666666666667)	(46.0, 6.950000000000001)	(47.0, 91.56666666666679)	(48.0, 42.61904761904758)	(49.0, 120.000000000001)	(50.0, 245.8023809523759)	(51.0, 114.72619047619142)	(52.0, 387.508333333342)	(53.0, 447.46190476191975)	(54.0, 172.4833333333325)	(55.0, 263.98928571428075)	(56.0, 412.72738095237844)	(57.0, 458.34761904762547)	(58.0, 28.861904761904807)	(59.0, 14.109523809523802)	(60.0, 3.583333333333333)	(61.0, 0.0)	(62.0, 0.0)	(63.0, 0.5)	(64.0, 1.0666666666666667)	(65.0, 1.6428571428571428)	(66.0, 1.3095238095238093)	(67.0, 0.6000000000000001)	(68.0, 0.0)	(69.0, 0.0)	(70.0, 0.0)	(71.0, 0.0)	(72.0, 0.0)	(73.0, 0.0)	(74.0, 0.0)	(75.0, 0.0)	(76.0, 0.0)	(77.0, 0.0)	(78.0, 0.0)	(79.0, 0.0)	(80.0, 0.0)	(81.0, 0.0)	(82.0, 0.0)	(83.0, 0.0)	(84.0, 0.0)	(85.0, 0.0)	(86.0, 0.0)	(87.0, 0.0)	(88.0, 0.0)	(89.0, 0.0)	(90.0, 0.0)	(91.0, 0.0)	(92.0, 0.0)	(93.0, 0.0)	(94.0, 0.0)	(95.0, 0.0)	(96.0, 0.0)	(97.0, 0.0)	(98.0, 0.0)	(99.0, 0.0)	(100.0, 0.0)
SRR1560330	(0.0, 0.0)	(1.0, 0.0)	(2.0, 0.0)	(3.0, 0.0)	(4.0, 0.0)	(5.0, 0.0)	(6.0, 0.0)	(7.0, 0.0)	(8.0, 0.0)	(9.0, 0.0)	(10.0, 0.0)	(11.0, 0.0)	(12.0, 0.0)	(13.0, 0.0)	(14.0, 0.0)	(15.0, 0.0)	(16.0, 0.0)	(17.0, 0.0)	(18.0, 0.0)	(19.0, 0.0)	(20.0, 0.0)	(21.0, 0.0)	(22.0, 0.0)	(23.0, 0.0)	(24.0, 0.0)	(25.0, 0.0)	(26.0, 0.0)	(27.0, 0.0)	(28.0, 0.0)	(29.0, 0.0)	(30.0, 0.0)	(31.0, 0.0)	(32.0, 0.0)	(33.0, 0.2)	(34.0, 0.0)	(35.0, 0.0)	(36.0, 0.0)	(37.0, 0.25)	(38.0, 0.25)	(39.0, 0.5)	(40.0, 2.2)	(41.0, 1.95)	(42.0, 0.8999999999999999)	(43.0, 1.583333333333333)	(44.0, 1.9166666666666663)	(45.0, 1.6666666666666667)	(46.0, 2.8666666666666663)	(47.0, 22.650000000000016)	(48.0, 25.266666666666683)	(49.0, 119.29642857142962)	(50.0, 294.13333333333117)	(51.0, 157.41904761904755)	(52.0, 812.5642857142419)	(53.0, 1049.6333333332548)	(54.0, 156.80873015873007)	(55.0, 197.15595238095028)	(56.0, 75.76309523809519)	(57.0, 67.15238095238068)	(58.0, 22.617099567099554)	(59.0, 10.216666666666669)	(60.0, 5.657575757575757)	(61.0, 2.676190476190476)	(62.0, 3.6666666666666665)	(63.0, 1.3333333333333333)	(64.0, 0.8333333333333333)	(65.0, 1.5333333333333334)	(66.0, 4.500000000000001)	(67.0, 5.000000000000002)	(68.0, 1.0)	(69.0, 0.0)	(70.0, 0.0)	(71.0, 0.0)	(72.0, 0.0)	(73.0, 0.0)	(74.0, 0.0)	(75.0, 0.0)	(76.0, 0.0)	(77.0, 0.0)	(78.0, 0.0)	(79.0, 0.0)	(80.0, 0.0)	(81.0, 0.0)	(82.0, 0.0)	(83.0, 0.0)	(84.0, 0.0)	(85.0, 0.0)	(86.0, 0.0)	(87.0, 0.0)	(88.0, 0.0)	(89.0, 0.0)	(90.0, 0.0)	(91.0, 0.0)	(92.0, 0.0)	(93.0, 0.0)	(94.0, 0.0)	(95.0, 0.0)	(96.0, 0.0)	(97.0, 0.0)	(98.0, 0.0)	(99.0, 0.0)	(100.0, 0.0)
SRR1560331	(0.0, 0.0)	(1.0, 0.0)	(2.0, 0.0)	(3.0, 0.0)	(4.0, 0.0)	(5.0, 0.0)	(6.0, 0.0)	(7.0, 0.0)	(8.0, 0.0)	(9.0, 0.0)	(10.0, 0.0)	(11.0, 0.0)	(12.0, 0.0)	(13.0, 0.0)	(14.0, 0.0)	(15.0, 0.0)	(16.0, 0.0)	(17.0, 0.0)	(18.0, 0.0)	(19.0, 0.0)	(20.0, 0.0)	(21.0, 0.0)	(22.0, 0.0)	(23.0, 0.0)	(24.0, 0.0)	(25.0, 0.0)	(26.0, 0.0)	(27.0, 0.0)	(28.0, 0.0)	(29.0, 0.0)	(30.0, 0.0)	(31.0, 0.0)	(32.0, 0.0)	(33.0, 0.0)	(34.0, 0.0)	(35.0, 0.0)	(36.0, 0.0)	(37.0, 0.0)	(38.0, 0.0)	(39.0, 0.0)	(40.0, 0.5)	(41.0, 0.75)	(42.0, 0.2)	(43.0, 0.0)	(44.0, 0.2)	(45.0, 0.16666666666666666)	(46.0, 1.25)	(47.0, 6.176190476190477)	(48.0, 4.545238095238095)	(49.0, 13.749999999999995)	(50.0, 394.6095238095335)	(51.0, 124.77023809523938)	(52.0, 581.9250000000075)	(53.0, 688.5999999999964)	(54.0, 743.7333333333097)	(55.0, 3686.680952379841)	(56.0, 635.4249999999923)	(57.0, 616.442857142843)	(58.0, 40.88571428571431)	(59.0, 15.366666666666664)	(60.0, 7.5095238095238095)	(61.0, 3.7333333333333334)	(62.0, 2.2333333333333334)	(63.0, 0.16666666666666666)	(64.0, 0.3666666666666667)	(65.0, 0.3333333333333333)	(66.0, 0.0)	(67.0, 0.0)	(68.0, 0.2)	(69.0, 0.0)	(70.0, 0.0)	(71.0, 0.0)	(72.0, 0.0)	(73.0, 0.0)	(74.0, 0.0)	(75.0, 0.0)	(76.0, 0.0)	(77.0, 0.0)	(78.0, 0.0)	(79.0, 0.0)	(80.0, 0.0)	(81.0, 0.0)	(82.0, 0.0)	(83.0, 0.0)	(84.0, 0.0)	(85.0, 0.0)	(86.0, 0.0)	(87.0, 0.0)	(88.0, 0.0)	(89.0, 0.0)	(90.0, 0.0)	(91.0, 0.0)	(92.0, 0.0)	(93.0, 0.0)	(94.0, 0.0)	(95.0, 0.0)	(96.0, 0.0)	(97.0, 0.0)	(98.0, 0.0)	(99.0, 0.0)	(100.0, 0.0)
SRR1560332	(0.0, 0.0)	(1.0, 0.0)	(2.0, 0.0)	(3.0, 0.0)	(4.0, 0.0)	(5.0, 0.0)	(6.0, 0.0)	(7.0, 0.0)	(8.0, 0.0)	(9.0, 0.0)	(10.0, 0.0)	(11.0, 0.0)	(12.0, 0.0)	(13.0, 0.0)	(14.0, 0.0)	(15.0, 0.0)	(16.0, 0.0)	(17.0, 0.0)	(18.0, 0.0)	(19.0, 0.0)	(20.0, 0.0)	(21.0, 0.0)	(22.0, 0.0)	(23.0, 0.0)	(24.0, 0.0)	(25.0, 0.0)	(26.0, 0.0)	(27.0, 0.0)	(28.0, 0.0)	(29.0, 0.0)	(30.0, 0.0)	(31.0, 0.0)	(32.0, 0.0)	(33.0, 0.0)	(34.0, 0.0)	(35.0, 0.0)	(36.0, 0.0)	(37.0, 0.0)	(38.0, 0.0)	(39.0, 0.0)	(40.0, 0.25)	(41.0, 0.75)	(42.0, 0.14285714285714285)	(43.0, 0.0)	(44.0, 0.0)	(45.0, 0.0)	(46.0, 0.5)	(47.0, 2.166666666666667)	(48.0, 3.678571428571429)	(49.0, 16.757142857142846)	(50.0, 614.519047619048)	(51.0, 158.6440476190473)	(52.0, 613.2380952380959)	(53.0, 618.8297619047615)	(54.0, 255.9190476190422)	(55.0, 74.85476190476182)	(56.0, 273.7928571428528)	(57.0, 167.1619047619043)	(58.0, 12.65238095238095)	(59.0, 8.0)	(60.0, 3.833333333333333)	(61.0, 2.3666666666666667)	(62.0, 2.1666666666666665)	(63.0, 0.5)	(64.0, 0.0)	(65.0, 0.2)	(66.0, 0.8)	(67.0, 0.0)	(68.0, 0.2)	(69.0, 0.0)	(70.0, 0.0)	(71.0, 0.0)	(72.0, 0.0)	(73.0, 0.0)	(74.0, 0.0)	(75.0, 0.0)	(76.0, 0.0)	(77.0, 0.0)	(78.0, 0.0)	(79.0, 0.0)	(80.0, 0.0)	(81.0, 0.0)	(82.0, 0.0)	(83.0, 0.0)	(84.0, 0.0)	(85.0, 0.0)	(86.0, 0.0)	(87.0, 0.0)	(88.0, 0.0)	(89.0, 0.0)	(90.0, 0.0)	(91.0, 0.0)	(92.0, 0.0)	(93.0, 0.0)	(94.0, 0.0)	(95.0, 0.0)	(96.0, 0.0)	(97.0, 0.0)	(98.0, 0.0)	(99.0, 0.0)	(100.0, 0.0)
SRR1560333	(0.0, 0.0)	(1.0, 0.0)	(2.0, 0.0)	(3.0, 0.0)	(4.0, 0.0)	(5.0, 0.0)	(6.0, 0.0)	(7.0, 0.0)	(8.0, 0.0)	(9.0, 0.0)	(10.0, 0.0)	(11.0, 0.0)	(12.0, 0.0)	(13.0, 0.0)	(14.0, 0.0)	(15.0, 0.0)	(16.0, 0.0)	(17.0, 0.0)	(18.0, 0.0)	(19.0, 0.0)	(20.0, 0.0)	(21.0, 0.0)	(22.0, 0.0)	(23.0, 0.0)	(24.0, 0.0)	(25.0, 0.0)	(26.0, 0.0)	(27.0, 0.0)	(28.0, 0.0)	(29.0, 0.0)	(30.0, 0.0)	(31.0, 0.0)	(32.0, 0.0)	(33.0, 0.0)	(34.0, 0.5)	(35.0, 0.25)	(36.0, 0.0)	(37.0, 1.5)	(38.0, 0.5)	(39.0, 0.25)	(40.0, 3.4000000000000004)	(41.0, 5.9)	(42.0, 0.7333333333333334)	(43.0, 1.25)	(44.0, 2.583333333333333)	(45.0, 2.3499999999999996)	(46.0, 5.3833333333333355)	(47.0, 41.40952380952382)	(48.0, 20.390476190476182)	(49.0, 26.59761904761904)	(50.0, 114.05476190476288)	(51.0, 84.7666666666668)	(52.0, 121.4690476190487)	(53.0, 465.4714285714372)	(54.0, 451.94329004329757)	(55.0, 1251.252813852824)	(56.0, 83.36190476190505)	(57.0, 44.63333333333326)	(58.0, 29.366666666666703)	(59.0, 18.76666666666666)	(60.0, 2.9)	(61.0, 0.16666666666666666)	(62.0, 0.5)	(63.0, 0.0)	(64.0, 0.2)	(65.0, 2.0333333333333337)	(66.0, 2.766666666666667)	(67.0, 1.7999999999999998)	(68.0, 0.0)	(69.0, 0.0)	(70.0, 0.0)	(71.0, 0.0)	(72.0, 0.0)	(73.0, 0.0)	(74.0, 0.0)	(75.0, 0.0)	(76.0, 0.0)	(77.0, 0.0)	(78.0, 0.0)	(79.0, 0.0)	(80.0, 0.0)	(81.0, 0.0)	(82.0, 0.0)	(83.0, 0.0)	(84.0, 0.0)	(85.0, 0.0)	(86.0, 0.0)	(87.0, 0.0)	(88.0, 0.0)	(89.0, 0.0)	(90.0, 0.0)	(91.0, 0.0)	(92.0, 0.0)	(93.0, 0.0)	(94.0, 0.0)	(95.0, 0.0)	(96.0, 0.0)	(97.0, 0.0)	(98.0, 0.0)	(99.0, 0.0)	(100.0, 0.0)
SRR1560334	(0.0, 0.0)	(1.0, 0.0)	(2.0, 0.0)	(3.0, 0.0)	(4.0, 0.0)	(5.0, 0.0)	(6.0, 0.0)	(7.0, 0.0)	(8.0, 0.0)	(9.0, 0.0)	(10.0, 0.0)	(11.0, 0.0)	(12.0, 0.0)	(13.0, 0.0)	(14.0, 0.0)	(15.0, 0.0)	(16.0, 0.0)	(17.0, 0.0)	(18.0, 0.0)	(19.0, 0.0)	(20.0, 0.0)	(21.0, 0.0)	(22.0, 0.0)	(23.0, 0.0)	(24.0, 0.0)	(25.0, 0.0)	(26.0, 0.0)	(27.0, 0.0)	(28.0, 0.0)	(29.0, 0.0)	(30.0, 0.0)	(31.0, 0.0)	(32.0, 0.0)	(33.0, 0.0)	(34.0, 0.0)	(35.0, 0.0)	(36.0, 0.0)	(37.0, 0.0)	(38.0, 0.0)	(39.0, 0.0)	(40.0, 0.0)	(41.0, 0.0)	(42.0, 0.0)	(43.0, 0.0)	(44.0, 0.0)	(45.0, 0.0)	(46.0, 0.0)	(47.0, 0.5)	(48.0, 0.6190476190476191)	(49.0, 8.259523809523811)	(50.0, 233.88095238094778)	(51.0, 85.04166666666683)	(52.0, 819.9738095237637)	(53.0, 1012.8309523808887)	(54.0, 176.290476190475)	(55.0, 274.3999999999961)	(56.0, 21.81904761904762)	(57.0, 7.204761904761906)	(58.0, 3.988095238095238)	(59.0, 1.5773809523809523)	(60.0, 0.0)	(61.0, 0.4777777777777778)	(62.0, 0.2)	(63.0, 0.0)	(64.0, 0.0)	(65.0, 0.0)	(66.0, 0.0)	(67.0, 0.0)	(68.0, 0.0)	(69.0, 0.0)	(70.0, 0.0)	(71.0, 0.0)	(72.0, 0.0)	(73.0, 0.0)	(74.0, 0.0)	(75.0, 0.0)	(76.0, 0.0)	(77.0, 0.0)	(78.0, 0.0)	(79.0, 0.0)	(80.0, 0.0)	(81.0, 0.0)	(82.0, 0.0)	(83.0, 0.0)	(84.0, 0.0)	(85.0, 0.0)	(86.0, 0.0)	(87.0, 0.0)	(88.0, 0.0)	(89.0, 0.0)	(90.0, 0.0)	(91.0, 0.0)	(92.0, 0.0)	(93.0, 0.0)	(94.0, 0.0)	(95.0, 0.0)	(96.0, 0.0)	(97.0, 0.0)	(98.0, 0.0)	(99.0, 0.0)	(100.0, 0.0)
SRR1560335	(0.0, 0.0)	(1.0, 0.0)	(2.0, 0.0)	(3.0, 0.0)	(4.0, 0.0)	(5.0, 0.0)	(6.0, 0.0)	(7.0, 0.0)	(8.0, 0.0)	(9.0, 0.0)	(10.0, 0.0)	(11.0, 0.0)	(12.0, 0.0)	(13.0, 0.0)	(14.0, 0.0)	(15.0, 0.0)	(16.0, 0.0)	(17.0, 0.0)	(18.0, 0.0)	(19.0, 0.0)	(20.0, 0.0)	(21.0, 0.0)	(22.0, 0.0)	(23.0, 0.0)	(24.0, 0.0)	(25.0, 0.0)	(26.0, 0.0)	(27.0, 0.0)	(28.0, 0.0)	(29.0, 0.0)	(30.0, 0.0)	(31.0, 0.0)	(32.0, 0.0)	(33.0, 0.0)	(34.0, 0.0)	(35.0, 0.0)	(36.0, 0.0)	(37.0, 0.0)	(38.0, 0.0)	(39.0, 0.0)	(40.0, 0.0)	(41.0, 0.0)	(42.0, 0.5)	(43.0, 0.5)	(44.0, 0.0)	(45.0, 0.5)	(46.0, 1.1666666666666667)	(47.0, 4.583333333333333)	(48.0, 10.433333333333332)	(49.0, 90.32619047619083)	(50.0, 1446.4880952381907)	(51.0, 429.6083333333469)	(52.0, 614.1432539682544)	(53.0, 376.59285714285915)	(54.0, 186.49999999999818)	(55.0, 138.8761904761912)	(56.0, 152.82857142857162)	(57.0, 78.56666666666683)	(58.0, 25.733333333333338)	(59.0, 13.420634920634921)	(60.0, 6.033333333333334)	(61.0, 3.2)	(62.0, 2.0)	(63.0, 0.5)	(64.0, 0.0)	(65.0, 0.0)	(66.0, 0.0)	(67.0, 0.16666666666666666)	(68.0, 0.0)	(69.0, 0.0)	(70.0, 0.0)	(71.0, 0.0)	(72.0, 0.0)	(73.0, 0.0)	(74.0, 0.0)	(75.0, 0.0)	(76.0, 0.0)	(77.0, 0.0)	(78.0, 0.0)	(79.0, 0.0)	(80.0, 0.0)	(81.0, 0.0)	(82.0, 0.0)	(83.0, 0.0)	(84.0, 0.0)	(85.0, 0.0)	(86.0, 0.0)	(87.0, 0.0)	(88.0, 0.0)	(89.0, 0.0)	(90.0, 0.0)	(91.0, 0.0)	(92.0, 0.0)	(93.0, 0.0)	(94.0, 0.0)	(95.0, 0.0)	(96.0, 0.0)	(97.0, 0.0)	(98.0, 0.0)	(99.0, 0.0)	(100.0, 0.0)
SRR1560336	(0.0, 0.0)	(1.0, 0.0)	(2.0, 0.0)	(3.0, 0.0)	(4.0, 0.0)	(5.0, 0.0)	(6.0, 0.0)	(7.0, 0.0)	(8.0, 0.0)	(9.0, 0.0)	(10.0, 0.0)	(11.0, 0.0)	(12.0, 0.0)	(13.0, 0.0)	(14.0, 0.0)	(15.0, 0.0)	(16.0, 0.0)	(17.0, 0.0)	(18.0, 0.0)	(19.0, 0.0)	(20.0, 0.0)	(21.0, 0.0)	(22.0, 0.0)	(23.0, 0.0)	(24.0, 0.0)	(25.0, 0.0)	(26.0, 0.0)	(27.0, 0.0)	(28.0, 0.0)	(29.0, 0.0)	(30.0, 0.0)	(31.0, 0.0)	(32.0, 0.0)	(33.0, 0.0)	(34.0, 0.0)	(35.0, 0.0)	(36.0, 0.0)	(37.0, 0.0)	(38.0, 0.0)	(39.0, 0.0)	(40.0, 0.25)	(41.0, 0.75)	(42.0, 1.25)	(43.0, 1.25)	(44.0, 0.75)	(45.0, 2.0)	(46.0, 7.000000000000002)	(47.0, 27.159523809523833)	(48.0, 35.00714285714288)	(49.0, 127.88571428571565)	(50.0, 192.29880952380753)	(51.0, 154.9666666666668)	(52.0, 251.94523809523304)	(53.0, 470.35000000000014)	(54.0, 613.8250000000008)	(55.0, 1492.4654761905979)	(56.0, 425.23373015874193)	(57.0, 204.67857142856863)	(58.0, 43.377813852813894)	(59.0, 28.290476190476195)	(60.0, 16.39999999999999)	(61.0, 2.9999999999999996)	(62.0, 0.3333333333333333)	(63.0, 0.6666666666666666)	(64.0, 1.1428571428571428)	(65.0, 1.5)	(66.0, 1.9666666666666666)	(67.0, 1.2)	(68.0, 0.8)	(69.0, 0.0)	(70.0, 0.0)	(71.0, 0.0)	(72.0, 0.0)	(73.0, 0.0)	(74.0, 0.0)	(75.0, 0.0)	(76.0, 0.0)	(77.0, 0.0)	(78.0, 0.0)	(79.0, 0.0)	(80.0, 0.0)	(81.0, 0.0)	(82.0, 0.0)	(83.0, 0.0)	(84.0, 0.0)	(85.0, 0.0)	(86.0, 0.0)	(87.0, 0.0)	(88.0, 0.0)	(89.0, 0.0)	(90.0, 0.0)	(91.0, 0.0)	(92.0, 0.0)	(93.0, 0.0)	(94.0, 0.0)	(95.0, 0.0)	(96.0, 0.0)	(97.0, 0.0)	(98.0, 0.0)	(99.0, 0.0)	(100.0, 0.0)
SRR1560337	(0.0, 0.0)	(1.0, 0.0)	(2.0, 0.0)	(3.0, 0.0)	(4.0, 0.0)	(5.0, 0.0)	(6.0, 0.0)	(7.0, 0.0)	(8.0, 0.0)	(9.0, 0.0)	(10.0, 0.0)	(11.0, 0.0)	(12.0, 0.0)	(13.0, 0.0)	(14.0, 0.0)	(15.0, 0.0)	(16.0, 0.0)	(17.0, 0.0)	(18.0, 0.0)	(19.0, 0.0)	(20.0, 0.0)	(21.0, 0.0)	(22.0, 0.0)	(23.0, 0.0)	(24.0, 0.0)	(25.0, 0.0)	(26.0, 0.0)	(27.0, 0.0)	(28.0, 0.0)	(29.0, 0.0)	(30.0, 0.0)	(31.0, 0.0)	(32.0, 0.0)	(33.0, 0.0)	(34.0, 0.0)	(35.0, 0.0)	(36.0, 0.0)	(37.0, 0.0)	(38.0, 0.0)	(39.0, 0.0)	(40.0, 0.25)	(41.0, 0.0)	(42.0, 0.0)	(43.0, 0.0)	(44.0, 0.0)	(45.0, 0.5)	(46.0, 1.1666666666666665)	(47.0, 4.0)	(48.0, 37.166666666666664)	(49.0, 16.15476190476189)	(50.0, 121.29761904762029)	(51.0, 2002.773809524158)	(52.0, 213.3380952380922)	(53.0, 129.7440476190487)	(54.0, 128.18138528138635)	(55.0, 186.88333333333156)	(56.0, 72.10952380952365)	(57.0, 26.30000000000003)	(58.0, 9.666666666666666)	(59.0, 7.0)	(60.0, 4.666666666666666)	(61.0, 3.166666666666667)	(62.0, 3.0)	(63.0, 3.0)	(64.0, 1.5)	(65.0, 0.5)	(66.0, 0.4)	(67.0, 0.0)	(68.0, 0.0)	(69.0, 0.0)	(70.0, 0.0)	(71.0, 0.0)	(72.0, 0.0)	(73.0, 0.0)	(74.0, 0.0)	(75.0, 0.0)	(76.0, 0.0)	(77.0, 0.0)	(78.0, 0.0)	(79.0, 0.0)	(80.0, 0.0)	(81.0, 0.0)	(82.0, 0.0)	(83.0, 0.0)	(84.0, 0.0)	(85.0, 0.0)	(86.0, 0.0)	(87.0, 0.0)	(88.0, 0.0)	(89.0, 0.0)	(90.0, 0.0)	(91.0, 0.0)	(92.0, 0.0)	(93.0, 0.0)	(94.0, 0.0)	(95.0, 0.0)	(96.0, 0.0)	(97.0, 0.0)	(98.0, 0.0)	(99.0, 0.0)	(100.0, 0.0)
SRR1560338	(0.0, 0.0)	(1.0, 0.0)	(2.0, 0.0)	(3.0, 0.0)	(4.0, 0.0)	(5.0, 0.0)	(6.0, 0.0)	(7.0, 0.0)	(8.0, 0.0)	(9.0, 0.0)	(10.0, 0.0)	(11.0, 0.0)	(12.0, 0.0)	(13.0, 0.0)	(14.0, 0.0)	(15.0, 0.0)	(16.0, 0.0)	(17.0, 0.0)	(18.0, 0.0)	(19.0, 0.0)	(20.0, 0.0)	(21.0, 0.0)	(22.0, 0.0)	(23.0, 0.0)	(24.0, 0.0)	(25.0, 0.0)	(26.0, 0.0)	(27.0, 0.0)	(28.0, 0.0)	(29.0, 0.0)	(30.0, 0.0)	(31.0, 0.0)	(32.0, 0.0)	(33.0, 0.0)	(34.0, 0.0)	(35.0, 0.0)	(36.0, 0.0)	(37.0, 0.25)	(38.0, 0.5)	(39.0, 1.0)	(40.0, 1.0)	(41.0, 0.5)	(42.0, 0.0)	(43.0, 0.3333333333333333)	(44.0, 0.6666666666666666)	(45.0, 4.333333333333332)	(46.0, 7.142857142857146)	(47.0, 12.249999999999993)	(48.0, 19.75952380952381)	(49.0, 323.20476190475415)	(50.0, 481.88333333333236)	(51.0, 320.84523809523904)	(52.0, 638.9642857142858)	(53.0, 1561.667857143031)	(54.0, 1600.73928571447)	(55.0, 241.725396825392)	(56.0, 536.4714285714463)	(57.0, 200.76190476190212)	(58.0, 18.833333333333332)	(59.0, 13.619913419913418)	(60.0, 5.499999999999999)	(61.0, 1.3333333333333335)	(62.0, 1.3333333333333335)	(63.0, 0.6666666666666666)	(64.0, 0.16666666666666666)	(65.0, 0.0)	(66.0, 1.4)	(67.0, 0.8)	(68.0, 0.0)	(69.0, 0.0)	(70.0, 0.0)	(71.0, 0.0)	(72.0, 0.0)	(73.0, 0.0)	(74.0, 0.0)	(75.0, 0.0)	(76.0, 0.0)	(77.0, 0.0)	(78.0, 0.0)	(79.0, 0.0)	(80.0, 0.0)	(81.0, 0.0)	(82.0, 0.0)	(83.0, 0.0)	(84.0, 0.0)	(85.0, 0.0)	(86.0, 0.0)	(87.0, 0.0)	(88.0, 0.0)	(89.0, 0.0)	(90.0, 0.0)	(91.0, 0.0)	(92.0, 0.0)	(93.0, 0.0)	(94.0, 0.0)	(95.0, 0.0)	(96.0, 0.0)	(97.0, 0.0)	(98.0, 0.0)	(99.0, 0.0)	(100.0, 0.0)
SRR1560339	(0.0, 0.0)	(1.0, 0.0)	(2.0, 0.0)	(3.0, 0.0)	(4.0, 0.0)	(5.0, 0.0)	(6.0, 0.0)	(7.0, 0.0)	(8.0, 0.0)	(9.0, 0.0)	(10.0, 0.0)	(11.0, 0.0)	(12.0, 0.0)	(13.0, 0.0)	(14.0, 0.0)	(15.0, 0.0)	(16.0, 0.0)	(17.0, 0.0)	(18.0, 0.0)	(19.0, 0.0)	(20.0, 0.0)	(21.0, 0.0)	(22.0, 0.0)	(23.0, 0.0)	(24.0, 0.0)	(25.0, 0.0)	(26.0, 0.0)	(27.0, 0.0)	(28.0, 0.0)	(29.0, 0.0)	(30.0, 0.0)	(31.0, 0.0)	(32.0, 0.0)	(33.0, 0.0)	(34.0, 0.0)	(35.0, 0.0)	(36.0, 0.0)	(37.0, 0.0)	(38.0, 0.0)	(39.0, 1.0)	(40.0, 2.0)	(41.0, 1.75)	(42.0, 1.5)	(43.0, 1.6666666666666665)	(44.0, 0.8666666666666666)	(45.0, 5.666666666666668)	(46.0, 12.833333333333321)	(47.0, 13.199999999999996)	(48.0, 21.233333333333334)	(49.0, 82.91904761904782)	(50.0, 120.52857142857258)	(51.0, 192.65238095237913)	(52.0, 424.278571428567)	(53.0, 1436.442857143014)	(54.0, 775.0523809524007)	(55.0, 419.92261904762563)	(56.0, 656.2059523809446)	(57.0, 314.2976190476194)	(58.0, 36.038095238095245)	(59.0, 18.65238095238095)	(60.0, 7.666666666666668)	(61.0, 8.833333333333334)	(62.0, 8.833333333333332)	(63.0, 5.666666666666667)	(64.0, 1.0)	(65.0, 0.0)	(66.0, 0.4)	(67.0, 0.0)	(68.0, 0.0)	(69.0, 0.0)	(70.0, 0.0)	(71.0, 0.0)	(72.0, 0.0)	(73.0, 0.0)	(74.0, 0.0)	(75.0, 0.0)	(76.0, 0.0)	(77.0, 0.0)	(78.0, 0.0)	(79.0, 0.0)	(80.0, 0.0)	(81.0, 0.0)	(82.0, 0.0)	(83.0, 0.0)	(84.0, 0.0)	(85.0, 0.0)	(86.0, 0.0)	(87.0, 0.0)	(88.0, 0.0)	(89.0, 0.0)	(90.0, 0.0)	(91.0, 0.0)	(92.0, 0.0)	(93.0, 0.0)	(94.0, 0.0)	(95.0, 0.0)	(96.0, 0.0)	(97.0, 0.0)	(98.0, 0.0)	(99.0, 0.0)	(100.0, 0.0)
SRR1560340	(0.0, 0.0)	(1.0, 0.0)	(2.0, 0.0)	(3.0, 0.0)	(4.0, 0.0)	(5.0, 0.0)	(6.0, 0.0)	(7.0, 0.0)	(8.0, 0.0)	(9.0, 0.0)	(10.0, 0.0)	(11.0, 0.0)	(12.0, 0.0)	(13.0, 0.0)	(14.0, 0.0)	(15.0, 0.0)	(16.0, 0.0)	(17.0, 0.0)	(18.0, 0.0)	(19.0, 0.0)	(20.0, 0.0)	(21.0, 0.0)	(22.0, 0.0)	(23.0, 0.0)	(24.0, 0.0)	(25.0, 0.0)	(26.0, 0.0)	(27.0, 0.0)	(28.0, 0.0)	(29.0, 0.0)	(30.0, 0.0)	(31.0, 0.0)	(32.0, 0.0)	(33.0, 0.0)	(34.0, 0.0)	(35.0, 0.0)	(36.0, 0.0)	(37.0, 0.5)	(38.0, 0.5)	(39.0, 0.0)	(40.0, 2.25)	(41.0, 2.75)	(42.0, 1.25)	(43.0, 0.0)	(44.0, 0.3333333333333333)	(45.0, 2.4166666666666665)	(46.0, 8.950000000000003)	(47.0, 26.46904761904763)	(48.0, 40.25238095238095)	(49.0, 328.5785714285729)	(50.0, 479.5380952381115)	(51.0, 219.5749999999967)	(52.0, 311.4166666666656)	(53.0, 632.6928571428574)	(54.0, 624.5928571428573)	(55.0, 661.3142857142801)	(56.0, 537.9797619047762)	(57.0, 269.5523809523767)	(58.0, 52.33809523809514)	(59.0, 27.09682539682543)	(60.0, 19.766666666666655)	(61.0, 9.17619047619048)	(62.0, 6.833333333333335)	(63.0, 6.166666666666668)	(64.0, 1.4333333333333333)	(65.0, 1.7333333333333334)	(66.0, 3.1666666666666674)	(67.0, 5.400000000000002)	(68.0, 2.1999999999999997)	(69.0, 0.4)	(70.0, 0.0)	(71.0, 0.0)	(72.0, 0.0)	(73.0, 0.0)	(74.0, 0.0)	(75.0, 0.0)	(76.0, 0.0)	(77.0, 0.0)	(78.0, 0.0)	(79.0, 0.0)	(80.0, 0.0)	(81.0, 0.0)	(82.0, 0.0)	(83.0, 0.0)	(84.0, 0.0)	(85.0, 0.0)	(86.0, 0.0)	(87.0, 0.0)	(88.0, 0.0)	(89.0, 0.0)	(90.0, 0.0)	(91.0, 0.0)	(92.0, 0.0)	(93.0, 0.0)	(94.0, 0.0)	(95.0, 0.0)	(96.0, 0.0)	(97.0, 0.0)	(98.0, 0.0)	(99.0, 0.0)	(100.0, 0.0)
SRR1560341	(0.0, 0.0)	(1.0, 0.0)	(2.0, 0.0)	(3.0, 0.0)	(4.0, 0.0)	(5.0, 0.0)	(6.0, 0.0)	(7.0, 0.0)	(8.0, 0.0)	(9.0, 0.0)	(10.0, 0.0)	(11.0, 0.0)	(12.0, 0.0)	(13.0, 0.0)	(14.0, 0.0)	(15.0, 0.0)	(16.0, 0.0)	(17.0, 0.0)	(18.0, 0.0)	(19.0, 0.0)	(20.0, 0.0)	(21.0, 0.0)	(22.0, 0.0)	(23.0, 0.0)	(24.0, 0.0)	(25.0, 0.0)	(26.0, 0.0)	(27.0, 0.0)	(28.0, 0.0)	(29.0, 0.0)	(30.0, 0.0)	(31.0, 0.0)	(32.0, 0.0)	(33.0, 0.0)	(34.0, 0.0)	(35.0, 0.0)	(36.0, 0.0)	(37.0, 0.0)	(38.0, 0.0)	(39.0, 0.0)	(40.0, 0.0)	(41.0, 0.0)	(42.0, 0.0)	(43.0, 0.0)	(44.0, 0.16666666666666666)	(45.0, 0.8333333333333333)	(46.0, 0.6666666666666666)	(47.0, 2.5)	(48.0, 8.761904761904763)	(49.0, 19.302380952380933)	(50.0, 205.78095238094943)	(51.0, 338.5611111111143)	(52.0, 973.3499999999281)	(53.0, 711.2952380952339)	(54.0, 194.32857142856915)	(55.0, 87.41428571428591)	(56.0, 488.17738095239963)	(57.0, 171.25833333333225)	(58.0, 10.81904761904762)	(59.0, 7.428571428571429)	(60.0, 4.333333333333333)	(61.0, 3.476190476190476)	(62.0, 1.5)	(63.0, 0.6666666666666666)	(64.0, 0.3333333333333333)	(65.0, 0.3333333333333333)	(66.0, 0.16666666666666666)	(67.0, 0.0)	(68.0, 0.0)	(69.0, 0.0)	(70.0, 0.0)	(71.0, 0.0)	(72.0, 0.0)	(73.0, 0.0)	(74.0, 0.0)	(75.0, 0.0)	(76.0, 0.0)	(77.0, 0.0)	(78.0, 0.0)	(79.0, 0.0)	(80.0, 0.0)	(81.0, 0.0)	(82.0, 0.0)	(83.0, 0.0)	(84.0, 0.0)	(85.0, 0.0)	(86.0, 0.0)	(87.0, 0.0)	(88.0, 0.0)	(89.0, 0.0)	(90.0, 0.0)	(91.0, 0.0)	(92.0, 0.0)	(93.0, 0.0)	(94.0, 0.0)	(95.0, 0.0)	(96.0, 0.0)	(97.0, 0.0)	(98.0, 0.0)	(99.0, 0.0)	(100.0, 0.0)
SRR1560342	(0.0, 0.0)	(1.0, 0.0)	(2.0, 0.0)	(3.0, 0.0)	(4.0, 0.0)	(5.0, 0.0)	(6.0, 0.0)	(7.0, 0.0)	(8.0, 0.0)	(9.0, 0.0)	(10.0, 0.0)	(11.0, 0.0)	(12.0, 0.0)	(13.0, 0.0)	(14.0, 0.0)	(15.0, 0.0)	(16.0, 0.0)	(17.0, 0.0)	(18.0, 0.0)	(19.0, 0.0)	(20.0, 0.0)	(21.0, 0.0)	(22.0, 0.0)	(23.0, 0.0)	(24.0, 0.0)	(25.0, 0.0)	(26.0, 0.0)	(27.0, 0.0)	(28.0, 0.0)	(29.0, 0.0)	(30.0, 0.0)	(31.0, 0.0)	(32.0, 0.0)	(33.0, 0.2)	(34.0, 0.0)	(35.0, 0.0)	(36.0, 0.0)	(37.0, 0.0)	(38.0, 0.5)	(39.0, 0.5)	(40.0, 2.458333333333333)	(41.0, 2.75)	(42.0, 1.0)	(43.0, 1.1666666666666665)	(44.0, 1.9166666666666665)	(45.0, 13.226190476190466)	(46.0, 40.28571428571429)	(47.0, 197.72662337662294)	(48.0, 133.93571428571462)	(49.0, 164.81190476190417)	(50.0, 288.8690476190446)	(51.0, 344.317063492066)	(52.0, 517.1456349206545)	(53.0, 654.8083333333323)	(54.0, 398.8968253968326)	(55.0, 373.90396825397374)	(56.0, 489.45357142858825)	(57.0, 345.18214285714765)	(58.0, 102.7027777777784)	(59.0, 47.84761904761901)	(60.0, 39.23333333333334)	(61.0, 15.28333333333332)	(62.0, 10.666666666666666)	(63.0, 6.500000000000002)	(64.0, 3.1999999999999997)	(65.0, 6.400000000000004)	(66.0, 15.19999999999998)	(67.0, 5.700000000000003)	(68.0, 2.1999999999999997)	(69.0, 1.5999999999999999)	(70.0, 0.5)	(71.0, 0.0)	(72.0, 0.0)	(73.0, 0.0)	(74.0, 0.0)	(75.0, 0.0)	(76.0, 0.0)	(77.0, 0.0)	(78.0, 0.0)	(79.0, 0.0)	(80.0, 0.0)	(81.0, 0.0)	(82.0, 0.0)	(83.0, 0.0)	(84.0, 0.0)	(85.0, 0.0)	(86.0, 0.0)	(87.0, 0.0)	(88.0, 0.0)	(89.0, 0.0)	(90.0, 0.0)	(91.0, 0.0)	(92.0, 0.0)	(93.0, 0.0)	(94.0, 0.0)	(95.0, 0.0)	(96.0, 0.0)	(97.0, 0.0)	(98.0, 0.0)	(99.0, 0.0)	(100.0, 0.0)
SRR1560343	(0.0, 0.0)	(1.0, 0.0)	(2.0, 0.0)	(3.0, 0.0)	(4.0, 0.0)	(5.0, 0.0)	(6.0, 0.0)	(7.0, 0.0)	(8.0, 0.0)	(9.0, 0.0)	(10.0, 0.0)	(11.0, 0.0)	(12.0, 0.0)	(13.0, 0.0)	(14.0, 0.0)	(15.0, 0.0)	(16.0, 0.0)	(17.0, 0.0)	(18.0, 0.0)	(19.0, 0.0)	(20.0, 0.0)	(21.0, 0.0)	(22.0, 0.0)	(23.0, 0.0)	(24.0, 0.0)	(25.0, 0.0)	(26.0, 0.0)	(27.0, 0.0)	(28.0, 0.0)	(29.0, 0.0)	(30.0, 0.0)	(31.0, 0.0)	(32.0, 0.0)	(33.0, 0.0)	(34.0, 0.0)	(35.0, 0.0)	(36.0, 0.0)	(37.0, 0.0)	(38.0, 0.0)	(39.0, 0.0)	(40.0, 0.0)	(41.0, 0.0)	(42.0, 0.0)	(43.0, 0.0)	(44.0, 0.0)	(45.0, 0.8333333333333333)	(46.0, 2.166666666666667)	(47.0, 16.426190476190477)	(48.0, 23.092857142857135)	(49.0, 54.616666666666575)	(50.0, 298.9261904761889)	(51.0, 1081.6285714285027)	(52.0, 331.73095238095107)	(53.0, 859.6869047619314)	(54.0, 815.0980158730165)	(55.0, 945.3714285713692)	(56.0, 1001.5904761903975)	(57.0, 398.3011904761973)	(58.0, 42.78690476190475)	(59.0, 25.785714285714292)	(60.0, 10.333333333333332)	(61.0, 5.2)	(62.0, 4.166666666666666)	(63.0, 3.5)	(64.0, 1.0)	(65.0, 0.16666666666666666)	(66.0, 1.3666666666666667)	(67.0, 1.0)	(68.0, 0.4)	(69.0, 0.0)	(70.0, 0.0)	(71.0, 0.0)	(72.0, 0.0)	(73.0, 0.0)	(74.0, 0.0)	(75.0, 0.0)	(76.0, 0.0)	(77.0, 0.0)	(78.0, 0.0)	(79.0, 0.0)	(80.0, 0.0)	(81.0, 0.0)	(82.0, 0.0)	(83.0, 0.0)	(84.0, 0.0)	(85.0, 0.0)	(86.0, 0.0)	(87.0, 0.0)	(88.0, 0.0)	(89.0, 0.0)	(90.0, 0.0)	(91.0, 0.0)	(92.0, 0.0)	(93.0, 0.0)	(94.0, 0.0)	(95.0, 0.0)	(96.0, 0.0)	(97.0, 0.0)	(98.0, 0.0)	(99.0, 0.0)	(100.0, 0.0)
SRR1560344	(0.0, 0.0)	(1.0, 0.0)	(2.0, 0.0)	(3.0, 0.0)	(4.0, 0.0)	(5.0, 0.0)	(6.0, 0.0)	(7.0, 0.0)	(8.0, 0.0)	(9.0, 0.0)	(10.0, 0.0)	(11.0, 0.0)	(12.0, 0.0)	(13.0, 0.0)	(14.0, 0.0)	(15.0, 0.0)	(16.0, 0.0)	(17.0, 0.0)	(18.0, 0.0)	(19.0, 0.0)	(20.0, 0.0)	(21.0, 0.0)	(22.0, 0.0)	(23.0, 0.0)	(24.0, 0.0)	(25.0, 0.0)	(26.0, 0.0)	(27.0, 0.0)	(28.0, 0.0)	(29.0, 0.0)	(30.0, 0.0)	(31.0, 0.0)	(32.0, 0.0)	(33.0, 0.0)	(34.0, 0.0)	(35.0, 0.0)	(36.0, 0.0)	(37.0, 0.25)	(38.0, 2.15)	(39.0, 2.4000000000000004)	(40.0, 4.083333333333333)	(41.0, 4.583333333333334)	(42.0, 1.0)	(43.0, 1.25)	(44.0, 0.45)	(45.0, 5.133333333333334)	(46.0, 10.483333333333333)	(47.0, 20.56666666666667)	(48.0, 15.07619047619047)	(49.0, 33.68333333333331)	(50.0, 62.7095238095237)	(51.0, 127.40952380952511)	(52.0, 244.65476190475673)	(53.0, 1656.8214285716538)	(54.0, 1290.1261904763223)	(55.0, 754.7214285714088)	(56.0, 937.0266233765599)	(57.0, 407.92063492064204)	(58.0, 60.24087301587303)	(59.0, 36.60952380952383)	(60.0, 11.533333333333333)	(61.0, 5.5)	(62.0, 4.0)	(63.0, 2.5)	(64.0, 1.0)	(65.0, 0.0)	(66.0, 0.0)	(67.0, 0.0)	(68.0, 0.2)	(69.0, 0.0)	(70.0, 0.0)	(71.0, 0.0)	(72.0, 0.0)	(73.0, 0.0)	(74.0, 0.0)	(75.0, 0.0)	(76.0, 0.0)	(77.0, 0.0)	(78.0, 0.0)	(79.0, 0.0)	(80.0, 0.0)	(81.0, 0.0)	(82.0, 0.0)	(83.0, 0.0)	(84.0, 0.0)	(85.0, 0.0)	(86.0, 0.0)	(87.0, 0.0)	(88.0, 0.0)	(89.0, 0.0)	(90.0, 0.0)	(91.0, 0.0)	(92.0, 0.0)	(93.0, 0.0)	(94.0, 0.0)	(95.0, 0.0)	(96.0, 0.0)	(97.0, 0.0)	(98.0, 0.0)	(99.0, 0.0)	(100.0, 0.0)
SRR1560345	(0.0, 0.0)	(1.0, 0.0)	(2.0, 0.0)	(3.0, 0.0)	(4.0, 0.0)	(5.0, 0.0)	(6.0, 0.0)	(7.0, 0.0)	(8.0, 0.0)	(9.0, 0.0)	(10.0, 0.0)	(11.0, 0.0)	(12.0, 0.0)	(13.0, 0.0)	(14.0, 0.0)	(15.0, 0.0)	(16.0, 0.0)	(17.0, 0.0)	(18.0, 0.0)	(19.0, 0.0)	(20.0, 0.0)	(21.0, 0.0)	(22.0, 0.0)	(23.0, 0.0)	(24.0, 0.0)	(25.0, 0.0)	(26.0, 0.0)	(27.0, 0.0)	(28.0, 0.0)	(29.0, 0.0)	(30.0, 0.0)	(31.0, 0.0)	(32.0, 0.0)	(33.0, 0.0)	(34.0, 0.0)	(35.0, 0.0)	(36.0, 0.0)	(37.0, 0.0)	(38.0, 0.0)	(39.0, 0.0)	(40.0, 0.0)	(41.0, 0.0)	(42.0, 0.0)	(43.0, 0.0)	(44.0, 0.0)	(45.0, 0.0)	(46.0, 0.0)	(47.0, 3.0)	(48.0, 13.226190476190482)	(49.0, 11.783333333333335)	(50.0, 32.3690476190477)	(51.0, 123.8023809523823)	(52.0, 274.06190476189903)	(53.0, 1773.2404761907223)	(54.0, 2107.290476190752)	(55.0, 525.3968253968363)	(56.0, 557.5151154401269)	(57.0, 157.52976190476141)	(58.0, 37.25714285714285)	(59.0, 28.785714285714285)	(60.0, 10.666666666666668)	(61.0, 5.5)	(62.0, 4.0)	(63.0, 1.5)	(64.0, 0.5)	(65.0, 0.0)	(66.0, 0.0)	(67.0, 0.0)	(68.0, 0.0)	(69.0, 0.0)	(70.0, 0.0)	(71.0, 0.0)	(72.0, 0.0)	(73.0, 0.0)	(74.0, 0.0)	(75.0, 0.0)	(76.0, 0.0)	(77.0, 0.0)	(78.0, 0.0)	(79.0, 0.0)	(80.0, 0.0)	(81.0, 0.0)	(82.0, 0.0)	(83.0, 0.0)	(84.0, 0.0)	(85.0, 0.0)	(86.0, 0.0)	(87.0, 0.0)	(88.0, 0.0)	(89.0, 0.0)	(90.0, 0.0)	(91.0, 0.0)	(92.0, 0.0)	(93.0, 0.0)	(94.0, 0.0)	(95.0, 0.0)	(96.0, 0.0)	(97.0, 0.0)	(98.0, 0.0)	(99.0, 0.0)	(100.0, 0.0)
SRR1560346	(0.0, 0.0)	(1.0, 0.0)	(2.0, 0.0)	(3.0, 0.0)	(4.0, 0.0)	(5.0, 0.0)	(6.0, 0.0)	(7.0, 0.0)	(8.0, 0.0)	(9.0, 0.0)	(10.0, 0.0)	(11.0, 0.0)	(12.0, 0.0)	(13.0, 0.0)	(14.0, 0.0)	(15.0, 0.0)	(16.0, 0.0)	(17.0, 0.0)	(18.0, 0.0)	(19.0, 0.0)	(20.0, 0.0)	(21.0, 0.0)	(22.0, 0.0)	(23.0, 0.0)	(24.0, 0.0)	(25.0, 0.0)	(26.0, 0.0)	(27.0, 0.0)	(28.0, 0.0)	(29.0, 0.0)	(30.0, 0.0)	(31.0, 0.0)	(32.0, 0.25)	(33.0, 0.0)	(34.0, 0.0)	(35.0, 0.0)	(36.0, 0.0)	(37.0, 0.0)	(38.0, 0.75)	(39.0, 1.5)	(40.0, 8.0)	(41.0, 8.2)	(42.0, 2.3333333333333335)	(43.0, 2.7)	(44.0, 1.5333333333333332)	(45.0, 6.116666666666669)	(46.0, 11.899999999999997)	(47.0, 36.20000000000002)	(48.0, 39.840476190476195)	(49.0, 84.56547619047642)	(50.0, 249.70357142856628)	(51.0, 185.92142857142713)	(52.0, 294.06190476190164)	(53.0, 953.6714285714057)	(54.0, 2103.741666666964)	(55.0, 932.5023809523261)	(56.0, 326.74325396825367)	(57.0, 158.93452380952348)	(58.0, 44.83333333333337)	(59.0, 31.10952380952385)	(60.0, 16.019047619047605)	(61.0, 7.06666666666667)	(62.0, 3.2333333333333334)	(63.0, 1.7000000000000002)	(64.0, 2.1333333333333333)	(65.0, 2.333333333333333)	(66.0, 2.3666666666666667)	(67.0, 0.2)	(68.0, 1.633333333333333)	(69.0, 0.4)	(70.0, 0.0)	(71.0, 0.0)	(72.0, 0.0)	(73.0, 0.0)	(74.0, 0.0)	(75.0, 0.0)	(76.0, 0.0)	(77.0, 0.0)	(78.0, 0.0)	(79.0, 0.0)	(80.0, 0.0)	(81.0, 0.0)	(82.0, 0.0)	(83.0, 0.0)	(84.0, 0.0)	(85.0, 0.0)	(86.0, 0.0)	(87.0, 0.0)	(88.0, 0.0)	(89.0, 0.0)	(90.0, 0.0)	(91.0, 0.0)	(92.0, 0.0)	(93.0, 0.0)	(94.0, 0.0)	(95.0, 0.0)	(96.0, 0.0)	(97.0, 0.0)	(98.0, 0.0)	(99.0, 0.0)	(100.0, 0.0)
SRR1560347	(0.0, 0.0)	(1.0, 0.0)	(2.0, 0.0)	(3.0, 0.0)	(4.0, 0.0)	(5.0, 0.0)	(6.0, 0.0)	(7.0, 0.0)	(8.0, 0.0)	(9.0, 0.0)	(10.0, 0.0)	(11.0, 0.0)	(12.0, 0.0)	(13.0, 0.0)	(14.0, 0.0)	(15.0, 0.0)	(16.0, 0.0)	(17.0, 0.0)	(18.0, 0.0)	(19.0, 0.0)	(20.0, 0.0)	(21.0, 0.0)	(22.0, 0.0)	(23.0, 0.0)	(24.0, 0.0)	(25.0, 0.0)	(26.0, 0.0)	(27.0, 0.0)	(28.0, 0.0)	(29.0, 0.0)	(30.0, 0.0)	(31.0, 0.0)	(32.0, 0.0)	(33.0, 0.0)	(34.0, 0.0)	(35.0, 0.0)	(36.0, 0.0)	(37.0, 0.0)	(38.0, 0.0)	(39.0, 0.0)	(40.0, 0.0)	(41.0, 0.0)	(42.0, 0.0)	(43.0, 0.0)	(44.0, 0.0)	(45.0, 0.0)	(46.0, 0.0)	(47.0, 1.3333333333333333)	(48.0, 3.75952380952381)	(49.0, 7.642857142857146)	(50.0, 35.32619047619052)	(51.0, 72.81666666666658)	(52.0, 268.602380952375)	(53.0, 1642.847619047836)	(54.0, 1316.2523809525073)	(55.0, 753.6357142856925)	(56.0, 498.0547619047785)	(57.0, 230.3273809523766)	(58.0, 40.13333333333333)	(59.0, 19.642857142857142)	(60.0, 7.0)	(61.0, 7.333333333333334)	(62.0, 6.0)	(63.0, 3.0)	(64.0, 0.0)	(65.0, 0.2)	(66.0, 0.2)	(67.0, 0.2)	(68.0, 0.0)	(69.0, 0.0)	(70.0, 0.0)	(71.0, 0.0)	(72.0, 0.0)	(73.0, 0.0)	(74.0, 0.0)	(75.0, 0.0)	(76.0, 0.0)	(77.0, 0.0)	(78.0, 0.0)	(79.0, 0.0)	(80.0, 0.0)	(81.0, 0.0)	(82.0, 0.0)	(83.0, 0.0)	(84.0, 0.0)	(85.0, 0.0)	(86.0, 0.0)	(87.0, 0.0)	(88.0, 0.0)	(89.0, 0.0)	(90.0, 0.0)	(91.0, 0.0)	(92.0, 0.0)	(93.0, 0.0)	(94.0, 0.0)	(95.0, 0.0)	(96.0, 0.0)	(97.0, 0.0)	(98.0, 0.0)	(99.0, 0.0)	(100.0, 0.0)
SRR1560348	(0.0, 0.0)	(1.0, 0.0)	(2.0, 0.0)	(3.0, 0.0)	(4.0, 0.0)	(5.0, 0.0)	(6.0, 0.0)	(7.0, 0.0)	(8.0, 0.0)	(9.0, 0.0)	(10.0, 0.0)	(11.0, 0.0)	(12.0, 0.0)	(13.0, 0.0)	(14.0, 0.0)	(15.0, 0.0)	(16.0, 0.0)	(17.0, 0.0)	(18.0, 0.0)	(19.0, 0.0)	(20.0, 0.0)	(21.0, 0.0)	(22.0, 0.0)	(23.0, 0.0)	(24.0, 0.0)	(25.0, 0.0)	(26.0, 0.0)	(27.0, 0.0)	(28.0, 0.0)	(29.0, 0.0)	(30.0, 0.0)	(31.0, 0.0)	(32.0, 0.0)	(33.0, 0.0)	(34.0, 0.0)	(35.0, 0.0)	(36.0, 0.0)	(37.0, 0.0)	(38.0, 0.0)	(39.0, 0.0)	(40.0, 0.0)	(41.0, 0.25)	(42.0, 0.0)	(43.0, 0.0)	(44.0, 0.5)	(45.0, 0.6666666666666666)	(46.0, 0.0)	(47.0, 3.1666666666666665)	(48.0, 7.483333333333334)	(49.0, 13.209523809523805)	(50.0, 25.545238095238105)	(51.0, 81.602380952381)	(52.0, 194.79999999999782)	(53.0, 899.971428571485)	(54.0, 499.8380952380905)	(55.0, 390.33214285714945)	(56.0, 2819.110714285388)	(57.0, 1031.2952380951695)	(58.0, 53.297619047619015)	(59.0, 35.13333333333334)	(60.0, 13.966666666666661)	(61.0, 6.333333333333334)	(62.0, 3.5)	(63.0, 2.5)	(64.0, 0.5)	(65.0, 0.5333333333333333)	(66.0, 0.5666666666666667)	(67.0, 0.4)	(68.0, 0.2)	(69.0, 0.0)	(70.0, 0.0)	(71.0, 0.0)	(72.0, 0.0)	(73.0, 0.0)	(74.0, 0.0)	(75.0, 0.0)	(76.0, 0.0)	(77.0, 0.0)	(78.0, 0.0)	(79.0, 0.0)	(80.0, 0.0)	(81.0, 0.0)	(82.0, 0.0)	(83.0, 0.0)	(84.0, 0.0)	(85.0, 0.0)	(86.0, 0.0)	(87.0, 0.0)	(88.0, 0.0)	(89.0, 0.0)	(90.0, 0.0)	(91.0, 0.0)	(92.0, 0.0)	(93.0, 0.0)	(94.0, 0.0)	(95.0, 0.0)	(96.0, 0.0)	(97.0, 0.0)	(98.0, 0.0)	(99.0, 0.0)	(100.0, 0.0)
SRR1560349	(0.0, 0.0)	(1.0, 0.0)	(2.0, 0.0)	(3.0, 0.0)	(4.0, 0.0)	(5.0, 0.0)	(6.0, 0.0)	(7.0, 0.0)	(8.0, 0.0)	(9.0, 0.0)	(10.0, 0.0)	(11.0, 0.0)	(12.0, 0.0)	(13.0, 0.0)	(14.0, 0.0)	(15.0, 0.0)	(16.0, 0.0)	(17.0, 0.0)	(18.0, 0.0)	(19.0, 0.0)	(20.0, 0.0)	(21.0, 0.0)	(22.0, 0.0)	(23.0, 0.0)	(24.0, 0.0)	(25.0, 0.0)	(26.0, 0.0)	(27.0, 0.0)	(28.0, 0.0)	(29.0, 0.0)	(30.0, 0.0)	(31.0, 0.0)	(32.0, 0.0)	(33.0, 0.0)	(34.0, 0.0)	(35.0, 0.0)	(36.0, 0.0)	(37.0, 0.0)	(38.0, 0.0)	(39.0, 0.0)	(40.0, 0.0)	(41.0, 0.0)	(42.0, 0.0)	(43.0, 0.3333333333333333)	(44.0, 0.3333333333333333)	(45.0, 0.3333333333333333)	(46.0, 0.3333333333333333)	(47.0, 0.8333333333333333)	(48.0, 24.876190476190462)	(49.0, 23.15238095238096)	(50.0, 77.63809523809518)	(51.0, 996.6119047618209)	(52.0, 309.5142857142812)	(53.0, 1043.1909090909805)	(54.0, 395.27658730158834)	(55.0, 311.9238095238086)	(56.0, 965.5087301586583)	(57.0, 302.052813852813)	(58.0, 14.615476190476183)	(59.0, 9.471428571428572)	(60.0, 5.333333333333333)	(61.0, 3.0)	(62.0, 2.666666666666667)	(63.0, 1.5)	(64.0, 0.5)	(65.0, 0.16666666666666666)	(66.0, 0.2)	(67.0, 0.0)	(68.0, 0.0)	(69.0, 0.0)	(70.0, 0.0)	(71.0, 0.0)	(72.0, 0.0)	(73.0, 0.0)	(74.0, 0.0)	(75.0, 0.0)	(76.0, 0.0)	(77.0, 0.0)	(78.0, 0.0)	(79.0, 0.0)	(80.0, 0.0)	(81.0, 0.0)	(82.0, 0.0)	(83.0, 0.0)	(84.0, 0.0)	(85.0, 0.0)	(86.0, 0.0)	(87.0, 0.0)	(88.0, 0.0)	(89.0, 0.0)	(90.0, 0.0)	(91.0, 0.0)	(92.0, 0.0)	(93.0, 0.0)	(94.0, 0.0)	(95.0, 0.0)	(96.0, 0.0)	(97.0, 0.0)	(98.0, 0.0)	(99.0, 0.0)	(100.0, 0.0)
SRR1560350	(0.0, 0.0)	(1.0, 0.0)	(2.0, 0.0)	(3.0, 0.0)	(4.0, 0.0)	(5.0, 0.0)	(6.0, 0.0)	(7.0, 0.0)	(8.0, 0.0)	(9.0, 0.0)	(10.0, 0.0)	(11.0, 0.0)	(12.0, 0.0)	(13.0, 0.0)	(14.0, 0.0)	(15.0, 0.0)	(16.0, 0.0)	(17.0, 0.0)	(18.0, 0.0)	(19.0, 0.0)	(20.0, 0.0)	(21.0, 0.0)	(22.0, 0.0)	(23.0, 0.0)	(24.0, 0.0)	(25.0, 0.0)	(26.0, 0.0)	(27.0, 0.0)	(28.0, 0.0)	(29.0, 0.0)	(30.0, 0.0)	(31.0, 0.0)	(32.0, 0.0)	(33.0, 0.0)	(34.0, 0.0)	(35.0, 0.0)	(36.0, 0.0)	(37.0, 0.0)	(38.0, 0.0)	(39.0, 0.0)	(40.0, 0.0)	(41.0, 0.0)	(42.0, 0.0)	(43.0, 0.0)	(44.0, 0.0)	(45.0, 1.0)	(46.0, 2.8666666666666667)	(47.0, 2.3666666666666667)	(48.0, 3.1666666666666665)	(49.0, 7.900000000000001)	(50.0, 22.076190476190483)	(51.0, 110.55757575757667)	(52.0, 479.3285714285582)	(53.0, 2222.519047619207)	(54.0, 505.04090909090513)	(55.0, 310.4301587301578)	(56.0, 1719.0099567101788)	(57.0, 520.661904761921)	(58.0, 36.944877344877334)	(59.0, 27.60995670995671)	(60.0, 9.894444444444444)	(61.0, 3.125)	(62.0, 2.0)	(63.0, 1.0)	(64.0, 0.5)	(65.0, 0.0)	(66.0, 0.0)	(67.0, 0.0)	(68.0, 0.0)	(69.0, 0.0)	(70.0, 0.0)	(71.0, 0.0)	(72.0, 0.0)	(73.0, 0.0)	(74.0, 0.0)	(75.0, 0.0)	(76.0, 0.0)	(77.0, 0.0)	(78.0, 0.0)	(79.0, 0.0)	(80.0, 0.0)	(81.0, 0.0)	(82.0, 0.0)	(83.0, 0.0)	(84.0, 0.0)	(85.0, 0.0)	(86.0, 0.0)	(87.0, 0.0)	(88.0, 0.0)	(89.0, 0.0)	(90.0, 0.0)	(91.0, 0.0)	(92.0, 0.0)	(93.0, 0.0)	(94.0, 0.0)	(95.0, 0.0)	(96.0, 0.0)	(97.0, 0.0)	(98.0, 0.0)	(99.0, 0.0)	(100.0, 0.0)
SRR1560351	(0.0, 0.0)	(1.0, 0.0)	(2.0, 0.0)	(3.0, 0.0)	(4.0, 0.0)	(5.0, 0.0)	(6.0, 0.0)	(7.0, 0.0)	(8.0, 0.0)	(9.0, 0.0)	(10.0, 0.0)	(11.0, 0.0)	(12.0, 0.0)	(13.0, 0.0)	(14.0, 0.0)	(15.0, 0.0)	(16.0, 0.0)	(17.0, 0.0)	(18.0, 0.0)	(19.0, 0.0)	(20.0, 0.0)	(21.0, 0.0)	(22.0, 0.0)	(23.0, 0.0)	(24.0, 0.0)	(25.0, 0.0)	(26.0, 0.0)	(27.0, 0.0)	(28.0, 0.0)	(29.0, 0.0)	(30.0, 0.0)	(31.0, 0.0)	(32.0, 0.0)	(33.0, 0.0)	(34.0, 0.0)	(35.0, 0.0)	(36.0, 0.0)	(37.0, 0.0)	(38.0, 0.0)	(39.0, 0.0)	(40.0, 0.0)	(41.0, 0.0)	(42.0, 0.2)	(43.0, 0.0)	(44.0, 2.8333333333333326)	(45.0, 7.333333333333337)	(46.0, 4.166666666666667)	(47.0, 3.9999999999999996)	(48.0, 11.78333333333333)	(49.0, 43.55000000000005)	(50.0, 153.31666666666652)	(51.0, 60.483333333333114)	(52.0, 152.5004329004331)	(53.0, 558.5690476190423)	(54.0, 760.4857142856944)	(55.0, 977.2801587300861)	(56.0, 833.4571428570991)	(57.0, 301.40162337662264)	(58.0, 24.05281385281386)	(59.0, 13.285714285714281)	(60.0, 5.30952380952381)	(61.0, 3.0)	(62.0, 2.5)	(63.0, 2.0)	(64.0, 1.0)	(65.0, 0.16666666666666666)	(66.0, 0.2)	(67.0, 0.0)	(68.0, 0.0)	(69.0, 0.0)	(70.0, 0.0)	(71.0, 0.0)	(72.0, 0.0)	(73.0, 0.0)	(74.0, 0.0)	(75.0, 0.0)	(76.0, 0.0)	(77.0, 0.0)	(78.0, 0.0)	(79.0, 0.0)	(80.0, 0.0)	(81.0, 0.0)	(82.0, 0.0)	(83.0, 0.0)	(84.0, 0.0)	(85.0, 0.0)	(86.0, 0.0)	(87.0, 0.0)	(88.0, 0.0)	(89.0, 0.0)	(90.0, 0.0)	(91.0, 0.0)	(92.0, 0.0)	(93.0, 0.0)	(94.0, 0.0)	(95.0, 0.0)	(96.0, 0.0)	(97.0, 0.0)	(98.0, 0.0)	(99.0, 0.0)	(100.0, 0.0)
SRR1560352	(0.0, 0.0)	(1.0, 0.0)	(2.0, 0.0)	(3.0, 0.0)	(4.0, 0.0)	(5.0, 0.0)	(6.0, 0.0)	(7.0, 0.0)	(8.0, 0.0)	(9.0, 0.0)	(10.0, 0.0)	(11.0, 0.0)	(12.0, 0.0)	(13.0, 0.0)	(14.0, 0.0)	(15.0, 0.0)	(16.0, 0.0)	(17.0, 0.0)	(18.0, 0.0)	(19.0, 0.0)	(20.0, 0.0)	(21.0, 0.0)	(22.0, 0.0)	(23.0, 0.0)	(24.0, 0.0)	(25.0, 0.0)	(26.0, 0.0)	(27.0, 0.0)	(28.0, 0.0)	(29.0, 0.0)	(30.0, 0.0)	(31.0, 0.0)	(32.0, 0.0)	(33.0, 0.0)	(34.0, 0.0)	(35.0, 0.0)	(36.0, 0.0)	(37.0, 0.0)	(38.0, 0.0)	(39.0, 0.0)	(40.0, 0.7)	(41.0, 0.9)	(42.0, 0.5333333333333333)	(43.0, 0.8333333333333333)	(44.0, 1.5333333333333334)	(45.0, 16.842857142857127)	(46.0, 22.31666666666667)	(47.0, 128.20238095238096)	(48.0, 47.23730158730156)	(49.0, 130.11111111111222)	(50.0, 679.2380952380846)	(51.0, 207.20476190475907)	(52.0, 308.1964285714262)	(53.0, 536.8944444444418)	(54.0, 773.6571428571251)	(55.0, 760.4892857142569)	(56.0, 841.3504329003861)	(57.0, 346.0261904761941)	(58.0, 32.02539682539684)	(59.0, 17.685714285714283)	(60.0, 8.0)	(61.0, 2.825)	(62.0, 1.5)	(63.0, 1.5)	(64.0, 2.0)	(65.0, 1.1666666666666667)	(66.0, 1.9666666666666666)	(67.0, 0.2)	(68.0, 0.0)	(69.0, 0.0)	(70.0, 0.0)	(71.0, 0.0)	(72.0, 0.0)	(73.0, 0.0)	(74.0, 0.0)	(75.0, 0.0)	(76.0, 0.0)	(77.0, 0.0)	(78.0, 0.0)	(79.0, 0.0)	(80.0, 0.0)	(81.0, 0.0)	(82.0, 0.0)	(83.0, 0.0)	(84.0, 0.0)	(85.0, 0.0)	(86.0, 0.0)	(87.0, 0.0)	(88.0, 0.0)	(89.0, 0.0)	(90.0, 0.0)	(91.0, 0.0)	(92.0, 0.0)	(93.0, 0.0)	(94.0, 0.0)	(95.0, 0.0)	(96.0, 0.0)	(97.0, 0.0)	(98.0, 0.0)	(99.0, 0.0)	(100.0, 0.0)
SRR1560353	(0.0, 0.0)	(1.0, 0.0)	(2.0, 0.0)	(3.0, 0.0)	(4.0, 0.0)	(5.0, 0.0)	(6.0, 0.0)	(7.0, 0.0)	(8.0, 0.0)	(9.0, 0.0)	(10.0, 0.0)	(11.0, 0.0)	(12.0, 0.0)	(13.0, 0.0)	(14.0, 0.0)	(15.0, 0.0)	(16.0, 0.0)	(17.0, 0.0)	(18.0, 0.0)	(19.0, 0.0)	(20.0, 0.0)	(21.0, 0.0)	(22.0, 0.0)	(23.0, 0.0)	(24.0, 0.0)	(25.0, 0.0)	(26.0, 0.0)	(27.0, 0.0)	(28.0, 0.0)	(29.0, 0.0)	(30.0, 0.0)	(31.0, 0.0)	(32.0, 0.0)	(33.0, 1.2)	(34.0, 0.4)	(35.0, 0.0)	(36.0, 0.25)	(37.0, 2.0)	(38.0, 0.75)	(39.0, 1.1166666666666667)	(40.0, 10.616666666666667)	(41.0, 9.75)	(42.0, 4.45)	(43.0, 3.0833333333333335)	(44.0, 2.8666666666666667)	(45.0, 17.68333333333332)	(46.0, 43.49999999999996)	(47.0, 181.29761904761878)	(48.0, 73.79761904761912)	(49.0, 312.5952380952321)	(50.0, 720.1619047618938)	(51.0, 292.34761904761643)	(52.0, 476.37738095238814)	(53.0, 1320.0392857144207)	(54.0, 760.4083333333487)	(55.0, 643.828571428569)	(56.0, 1587.4357142858867)	(57.0, 723.5920634920406)	(58.0, 108.46829004329054)	(59.0, 46.650000000000034)	(60.0, 28.466666666666683)	(61.0, 8.566666666666668)	(62.0, 5.833333333333334)	(63.0, 0.6666666666666666)	(64.0, 1.2000000000000002)	(65.0, 1.0095238095238095)	(66.0, 1.7)	(67.0, 3.1666666666666674)	(68.0, 2.1999999999999997)	(69.0, 0.0)	(70.0, 0.0)	(71.0, 0.0)	(72.0, 0.0)	(73.0, 0.0)	(74.0, 0.0)	(75.0, 0.0)	(76.0, 0.0)	(77.0, 0.0)	(78.0, 0.0)	(79.0, 0.0)	(80.0, 0.0)	(81.0, 0.0)	(82.0, 0.0)	(83.0, 0.0)	(84.0, 0.0)	(85.0, 0.0)	(86.0, 0.0)	(87.0, 0.0)	(88.0, 0.0)	(89.0, 0.0)	(90.0, 0.0)	(91.0, 0.0)	(92.0, 0.0)	(93.0, 0.0)	(94.0, 0.0)	(95.0, 0.0)	(96.0, 0.0)	(97.0, 0.0)	(98.0, 0.0)	(99.0, 0.0)	(100.0, 0.0)
SRR1560354	(0.0, 0.0)	(1.0, 0.0)	(2.0, 0.0)	(3.0, 0.0)	(4.0, 0.0)	(5.0, 0.0)	(6.0, 0.0)	(7.0, 0.0)	(8.0, 0.0)	(9.0, 0.0)	(10.0, 0.0)	(11.0, 0.0)	(12.0, 0.0)	(13.0, 0.0)	(14.0, 0.0)	(15.0, 0.0)	(16.0, 0.0)	(17.0, 0.0)	(18.0, 0.0)	(19.0, 0.0)	(20.0, 0.0)	(21.0, 0.0)	(22.0, 0.0)	(23.0, 0.0)	(24.0, 0.0)	(25.0, 0.0)	(26.0, 0.0)	(27.0, 0.0)	(28.0, 0.0)	(29.0, 0.0)	(30.0, 0.0)	(31.0, 0.0)	(32.0, 0.0)	(33.0, 0.0)	(34.0, 0.0)	(35.0, 0.0)	(36.0, 0.0)	(37.0, 0.5)	(38.0, 0.5)	(39.0, 0.5)	(40.0, 2.0)	(41.0, 1.25)	(42.0, 0.25)	(43.0, 0.47619047619047616)	(44.0, 1.1428571428571428)	(45.0, 1.3666666666666667)	(46.0, 2.0095238095238095)	(47.0, 11.776190476190472)	(48.0, 20.86666666666666)	(49.0, 22.559523809523817)	(50.0, 78.3690476190475)	(51.0, 286.91428571428276)	(52.0, 302.53333333332796)	(53.0, 1380.4285714287219)	(54.0, 910.6809523809786)	(55.0, 279.35714285713874)	(56.0, 803.7166666666274)	(57.0, 269.97619047618656)	(58.0, 23.861904761904775)	(59.0, 11.395238095238094)	(60.0, 5.587301587301588)	(61.0, 1.3333333333333335)	(62.0, 0.3333333333333333)	(63.0, 0.0)	(64.0, 0.47619047619047616)	(65.0, 0.5)	(66.0, 0.2)	(67.0, 1.3666666666666667)	(68.0, 0.4)	(69.0, 0.0)	(70.0, 0.0)	(71.0, 0.0)	(72.0, 0.0)	(73.0, 0.0)	(74.0, 0.0)	(75.0, 0.0)	(76.0, 0.0)	(77.0, 0.0)	(78.0, 0.0)	(79.0, 0.0)	(80.0, 0.0)	(81.0, 0.0)	(82.0, 0.0)	(83.0, 0.0)	(84.0, 0.0)	(85.0, 0.0)	(86.0, 0.0)	(87.0, 0.0)	(88.0, 0.0)	(89.0, 0.0)	(90.0, 0.0)	(91.0, 0.0)	(92.0, 0.0)	(93.0, 0.0)	(94.0, 0.0)	(95.0, 0.0)	(96.0, 0.0)	(97.0, 0.0)	(98.0, 0.0)	(99.0, 0.0)	(100.0, 0.0)
SRR1560355	(0.0, 0.0)	(1.0, 0.0)	(2.0, 0.0)	(3.0, 0.0)	(4.0, 0.0)	(5.0, 0.0)	(6.0, 0.0)	(7.0, 0.0)	(8.0, 0.0)	(9.0, 0.0)	(10.0, 0.0)	(11.0, 0.0)	(12.0, 0.0)	(13.0, 0.0)	(14.0, 0.0)	(15.0, 0.0)	(16.0, 0.0)	(17.0, 0.0)	(18.0, 0.0)	(19.0, 0.0)	(20.0, 0.0)	(21.0, 0.0)	(22.0, 0.0)	(23.0, 0.0)	(24.0, 0.0)	(25.0, 0.0)	(26.0, 0.0)	(27.0, 0.0)	(28.0, 0.0)	(29.0, 0.0)	(30.0, 0.0)	(31.0, 0.0)	(32.0, 0.0)	(33.0, 0.0)	(34.0, 0.0)	(35.0, 0.0)	(36.0, 0.0)	(37.0, 0.0)	(38.0, 0.5)	(39.0, 0.5)	(40.0, 0.5)	(41.0, 1.25)	(42.0, 0.5)	(43.0, 0.0)	(44.0, 0.0)	(45.0, 6.583333333333337)	(46.0, 15.08333333333331)	(47.0, 16.11666666666666)	(48.0, 17.433333333333326)	(49.0, 67.32857142857137)	(50.0, 117.6226190476201)	(51.0, 122.63095238095349)	(52.0, 171.9047619047612)	(53.0, 706.3690476190601)	(54.0, 603.5476190476178)	(55.0, 998.1690476189696)	(56.0, 1508.9147186148455)	(57.0, 549.2385281385372)	(58.0, 30.401587301587313)	(59.0, 12.053968253968252)	(60.0, 5.566666666666667)	(61.0, 2.166666666666667)	(62.0, 1.3666666666666667)	(63.0, 0.5)	(64.0, 0.3333333333333333)	(65.0, 0.8333333333333333)	(66.0, 0.9333333333333333)	(67.0, 0.2)	(68.0, 0.0)	(69.0, 0.0)	(70.0, 0.0)	(71.0, 0.0)	(72.0, 0.0)	(73.0, 0.0)	(74.0, 0.0)	(75.0, 0.0)	(76.0, 0.0)	(77.0, 0.0)	(78.0, 0.0)	(79.0, 0.0)	(80.0, 0.0)	(81.0, 0.0)	(82.0, 0.0)	(83.0, 0.0)	(84.0, 0.0)	(85.0, 0.0)	(86.0, 0.0)	(87.0, 0.0)	(88.0, 0.0)	(89.0, 0.0)	(90.0, 0.0)	(91.0, 0.0)	(92.0, 0.0)	(93.0, 0.0)	(94.0, 0.0)	(95.0, 0.0)	(96.0, 0.0)	(97.0, 0.0)	(98.0, 0.0)	(99.0, 0.0)	(100.0, 0.0)
SRR1560356	(0.0, 0.0)	(1.0, 0.0)	(2.0, 0.0)	(3.0, 0.0)	(4.0, 0.0)	(5.0, 0.0)	(6.0, 0.0)	(7.0, 0.0)	(8.0, 0.0)	(9.0, 0.0)	(10.0, 0.0)	(11.0, 0.0)	(12.0, 0.0)	(13.0, 0.0)	(14.0, 0.0)	(15.0, 0.0)	(16.0, 0.0)	(17.0, 0.0)	(18.0, 0.0)	(19.0, 0.0)	(20.0, 0.0)	(21.0, 0.0)	(22.0, 0.0)	(23.0, 0.0)	(24.0, 0.0)	(25.0, 0.0)	(26.0, 0.0)	(27.0, 0.0)	(28.0, 0.0)	(29.0, 0.0)	(30.0, 0.0)	(31.0, 0.0)	(32.0, 0.0)	(33.0, 0.0)	(34.0, 0.0)	(35.0, 0.0)	(36.0, 0.0)	(37.0, 0.0)	(38.0, 0.0)	(39.0, 0.0)	(40.0, 0.2)	(41.0, 0.45)	(42.0, 0.8333333333333333)	(43.0, 0.3333333333333333)	(44.0, 0.16666666666666666)	(45.0, 2.4999999999999996)	(46.0, 3.4166666666666665)	(47.0, 11.15)	(48.0, 38.409523809523826)	(49.0, 34.192857142857186)	(50.0, 123.37142857142986)	(51.0, 1738.754761904989)	(52.0, 234.1761904761864)	(53.0, 279.89444444443865)	(54.0, 106.5559523809531)	(55.0, 115.69404761904856)	(56.0, 1172.4249999999772)	(57.0, 442.9095238095373)	(58.0, 18.690476190476183)	(59.0, 14.828571428571427)	(60.0, 10.666666666666666)	(61.0, 9.424242424242426)	(62.0, 6.666666666666666)	(63.0, 2.166666666666667)	(64.0, 0.8333333333333333)	(65.0, 0.0)	(66.0, 0.4)	(67.0, 0.6000000000000001)	(68.0, 0.3666666666666667)	(69.0, 0.0)	(70.0, 0.0)	(71.0, 0.0)	(72.0, 0.0)	(73.0, 0.0)	(74.0, 0.0)	(75.0, 0.0)	(76.0, 0.0)	(77.0, 0.0)	(78.0, 0.0)	(79.0, 0.0)	(80.0, 0.0)	(81.0, 0.0)	(82.0, 0.0)	(83.0, 0.0)	(84.0, 0.0)	(85.0, 0.0)	(86.0, 0.0)	(87.0, 0.0)	(88.0, 0.0)	(89.0, 0.0)	(90.0, 0.0)	(91.0, 0.0)	(92.0, 0.0)	(93.0, 0.0)	(94.0, 0.0)	(95.0, 0.0)	(96.0, 0.0)	(97.0, 0.0)	(98.0, 0.0)	(99.0, 0.0)	(100.0, 0.0)
SRR1560357	(0.0, 0.0)	(1.0, 0.0)	(2.0, 0.0)	(3.0, 0.0)	(4.0, 0.0)	(5.0, 0.0)	(6.0, 0.0)	(7.0, 0.0)	(8.0, 0.0)	(9.0, 0.0)	(10.0, 0.0)	(11.0, 0.0)	(12.0, 0.0)	(13.0, 0.0)	(14.0, 0.0)	(15.0, 0.0)	(16.0, 0.0)	(17.0, 0.0)	(18.0, 0.0)	(19.0, 0.0)	(20.0, 0.0)	(21.0, 0.0)	(22.0, 0.0)	(23.0, 0.0)	(24.0, 0.0)	(25.0, 0.0)	(26.0, 0.0)	(27.0, 0.0)	(28.0, 0.0)	(29.0, 0.0)	(30.0, 0.0)	(31.0, 0.0)	(32.0, 0.0)	(33.0, 0.0)	(34.0, 0.0)	(35.0, 0.0)	(36.0, 0.0)	(37.0, 0.0)	(38.0, 0.0)	(39.0, 0.0)	(40.0, 1.25)	(41.0, 2.0)	(42.0, 1.0)	(43.0, 0.3333333333333333)	(44.0, 0.3333333333333333)	(45.0, 0.7)	(46.0, 2.6999999999999997)	(47.0, 7.416666666666667)	(48.0, 10.476190476190478)	(49.0, 13.283333333333335)	(50.0, 23.352380952380962)	(51.0, 125.13333333333456)	(52.0, 193.3623376623355)	(53.0, 1035.3357142857426)	(54.0, 1025.2559523809794)	(55.0, 817.3003968253555)	(56.0, 1078.5325396824765)	(57.0, 382.8123015873083)	(58.0, 28.880952380952383)	(59.0, 13.668290043290039)	(60.0, 3.0670995670995667)	(61.0, 0.6428571428571428)	(62.0, 0.5)	(63.0, 0.0)	(64.0, 0.0)	(65.0, 0.2)	(66.0, 0.2)	(67.0, 1.0)	(68.0, 1.2)	(69.0, 0.0)	(70.0, 0.0)	(71.0, 0.0)	(72.0, 0.0)	(73.0, 0.0)	(74.0, 0.0)	(75.0, 0.0)	(76.0, 0.0)	(77.0, 0.0)	(78.0, 0.0)	(79.0, 0.0)	(80.0, 0.0)	(81.0, 0.0)	(82.0, 0.0)	(83.0, 0.0)	(84.0, 0.0)	(85.0, 0.0)	(86.0, 0.0)	(87.0, 0.0)	(88.0, 0.0)	(89.0, 0.0)	(90.0, 0.0)	(91.0, 0.0)	(92.0, 0.0)	(93.0, 0.0)	(94.0, 0.0)	(95.0, 0.0)	(96.0, 0.0)	(97.0, 0.0)	(98.0, 0.0)	(99.0, 0.0)	(100.0, 0.0)
SRR1560358	(0.0, 0.0)	(1.0, 0.0)	(2.0, 0.0)	(3.0, 0.0)	(4.0, 0.0)	(5.0, 0.0)	(6.0, 0.0)	(7.0, 0.0)	(8.0, 0.0)	(9.0, 0.0)	(10.0, 0.0)	(11.0, 0.0)	(12.0, 0.0)	(13.0, 0.0)	(14.0, 0.0)	(15.0, 0.0)	(16.0, 0.0)	(17.0, 0.0)	(18.0, 0.0)	(19.0, 0.0)	(20.0, 0.0)	(21.0, 0.0)	(22.0, 0.0)	(23.0, 0.0)	(24.0, 0.0)	(25.0, 0.0)	(26.0, 0.0)	(27.0, 0.0)	(28.0, 0.0)	(29.0, 0.0)	(30.0, 0.0)	(31.0, 0.0)	(32.0, 0.0)	(33.0, 0.0)	(34.0, 0.0)	(35.0, 0.0)	(36.0, 0.0)	(37.0, 0.0)	(38.0, 0.0)	(39.0, 0.0)	(40.0, 0.0)	(41.0, 0.0)	(42.0, 0.0)	(43.0, 1.1666666666666665)	(44.0, 1.8333333333333333)	(45.0, 6.000000000000002)	(46.0, 11.235714285714286)	(47.0, 8.787301587301588)	(48.0, 10.37976190476191)	(49.0, 78.72500000000038)	(50.0, 747.1059523809248)	(51.0, 156.80952380952368)	(52.0, 842.7095238094777)	(53.0, 726.5404761904798)	(54.0, 382.94761904761066)	(55.0, 105.16190476190539)	(56.0, 348.6940476190513)	(57.0, 156.33293650793613)	(58.0, 13.528571428571427)	(59.0, 7.876623376623376)	(60.0, 3.3333333333333335)	(61.0, 1.5)	(62.0, 1.0)	(63.0, 0.0)	(64.0, 0.0)	(65.0, 0.16666666666666666)	(66.0, 0.0)	(67.0, 0.2)	(68.0, 0.2)	(69.0, 0.0)	(70.0, 0.0)	(71.0, 0.0)	(72.0, 0.0)	(73.0, 0.0)	(74.0, 0.0)	(75.0, 0.0)	(76.0, 0.0)	(77.0, 0.0)	(78.0, 0.0)	(79.0, 0.0)	(80.0, 0.0)	(81.0, 0.0)	(82.0, 0.0)	(83.0, 0.0)	(84.0, 0.0)	(85.0, 0.0)	(86.0, 0.0)	(87.0, 0.0)	(88.0, 0.0)	(89.0, 0.0)	(90.0, 0.0)	(91.0, 0.0)	(92.0, 0.0)	(93.0, 0.0)	(94.0, 0.0)	(95.0, 0.0)	(96.0, 0.0)	(97.0, 0.0)	(98.0, 0.0)	(99.0, 0.0)	(100.0, 0.0)
