Sample	0	1	2	3	4	5	6	7	8	9	10	11	12	13	14	15	16	17	18	19	20	21	22	23	24	25	26	27	28	29	30	31	32	33	34	35	36	37	38	39	40	41	42	43	44	45	46	47	48	49	50	51	52	53	54	55	56	57	58	59	60	61	62	63	64	65	66	67	68	69	70	71	72
SRR37797609_subreads	(1, 82.34900279854051)	(2, 82.42601579935527)	(3, 82.9249707747352)	(4, 85.56622622126183)	(5, 83.35612313578235)	(6, 85.23805306599596)	(7, 88.59945446172375)	(8, 85.74377413298382)	(9, 88.92755676786284)	(10, 86.8418958439115)	(100, 87.1168078925927)	(200, 87.01363562294092)	(300, 87.03943391547699)	(400, 87.1996964114917)	(500, 87.04477558539091)	(600, 87.09076552481488)	(700, 87.30177512487163)	(800, 87.03571185660138)	(900, 87.04738455827777)	(1000, 87.24085163667283)	(1100, 87.09434314711962)	(1200, 87.10157804374765)	(1300, 87.11406155589293)	(1400, 86.78834495887631)	(1500, 85.24098529526113)	(1600, 83.46700376246042)	(1700, 82.0080868624567)	(1800, 82.2813455850036)	(1900, 82.47075763405708)	(2000, 81.93320000000001)	(2100, 81.65866668728098)	(2200, 81.93829778980576)	(2300, 82.00520814061058)	(2400, 81.87375254458775)	(2500, 81.99969125902169)	(2600, 81.82639398084817)	(2700, 82.2769375153594)	(2800, 81.54506172839507)	(2900, 81.48148251787079)	(3000, 78.29353343536845)	(3100, 74.42738095238094)	(3200, 78.7825)	(3300, 83.47583333333333)	(3400, 89.72)	(3500, 90.75)	(3600, 89.74)	(3700, 89.64)	(3800, 89.1)	(3900, 89.4)	(4000, 89.61)	(4100, 91.25)	(4200, 87.43)	(4300, 88.73)	(4400, 89.4)	(4500, 89.33802816901408)																		
SRR37797610_subreads	(1, 81.78807690445058)	(2, 81.07874473340114)	(3, 79.91650927405685)	(4, 82.82139570923532)	(5, 82.74933410818926)	(6, 85.79185432708606)	(7, 88.44060245048186)	(8, 86.16378517119473)	(9, 89.08552472274687)	(10, 86.68844603720383)	(100, 87.13224514504333)	(200, 86.77149159765602)	(300, 87.2127274928568)	(400, 87.30992881011193)	(500, 87.37972395757666)	(600, 87.24524452306746)	(700, 87.67643415330507)	(800, 87.27940766213007)	(900, 87.39674771153193)	(1000, 87.31320404862963)	(1100, 87.28929470035656)	(1200, 87.02910405114682)	(1300, 87.05217982393282)	(1400, 86.75689971769357)	(1500, 85.37033421862647)	(1600, 83.02877227709978)	(1700, 82.09255917512121)	(1800, 82.62574090793788)	(1900, 82.61251969607785)	(2000, 82.74565945022071)	(2100, 82.45728813559323)	(2200, 83.22931623931623)	(2300, 82.99666666666666)	(2400, 82.46829059829057)	(2500, 82.56709401709402)	(2600, 82.71897435897439)	(2700, 82.98894857058653)	(2800, 82.65582608695657)	(2900, 82.63330164355055)	(3000, 79.71182125941715)	(3100, 79.93859523809526)	(3200, 81.83333333333334)	(3300, 87.515)	(3400, 87.585)	(3500, 86.105)	(3600, 84.85)	(3700, 84.145)	(3800, 83.26)	(3900, 82.765)	(4000, 82.43)	(4100, 76.925)	(4200, 76.18)	(4300, 74.44)	(4400, 78.07)	(4500, 77.22)	(4600, 70.23880597014926)																	
SRR37797611_subreads	(1, 82.22078595823787)	(2, 82.28848731140029)	(3, 83.3643162855043)	(4, 85.44230686092257)	(5, 84.16786995806494)	(6, 85.58108166529765)	(7, 89.64631879296182)	(8, 86.40287925295058)	(9, 89.07669361462972)	(10, 86.71671878527614)	(100, 87.11457265142019)	(200, 86.89575072413642)	(300, 87.10890839133629)	(400, 87.21934762872337)	(500, 87.18851497989714)	(600, 87.15555459032062)	(700, 87.52296587931778)	(800, 87.19511377441624)	(900, 87.26785035980511)	(1000, 87.33129610807997)	(1100, 87.2422202168986)	(1200, 87.04285275687515)	(1300, 87.14676536318211)	(1400, 86.83838287742923)	(1500, 86.00474948187828)	(1600, 84.76731366200937)	(1700, 84.12129146887402)	(1800, 84.22290986558079)	(1900, 83.84927923749002)	(2000, 83.92113394729292)	(2100, 83.61882706759543)	(2200, 84.65727395416674)	(2300, 84.64026171123149)	(2400, 84.4910280049286)	(2500, 84.25011030462329)	(2600, 83.79640460526318)	(2700, 83.35779867569012)	(2800, 82.78011221476781)	(2900, 82.64281807514841)	(3000, 80.92173670229924)	(3100, 78.20954109779107)	(3200, 80.38983333333334)	(3300, 91.095)	(3400, 88.805)	(3500, 89.375)	(3600, 86.99)	(3700, 86.54545454545455)																										
SRR37797612_subreads	(1, 82.6144623879581)	(2, 81.75216519798798)	(3, 83.96874172686358)	(4, 86.3814530464052)	(5, 84.11799856283801)	(6, 85.4277447902878)	(7, 89.4604969554858)	(8, 86.07465678302636)	(9, 89.0726334102341)	(10, 86.95153297278218)	(100, 87.16872376233877)	(200, 87.125923187474)	(300, 87.09682859952346)	(400, 87.24851159184594)	(500, 87.08546575394274)	(600, 87.1339489807496)	(700, 87.3230450815022)	(800, 87.1201308229119)	(900, 87.11693208231632)	(1000, 87.27199429152995)	(1100, 87.14284626881643)	(1200, 87.16624872975073)	(1300, 87.19167871135797)	(1400, 86.97155033974587)	(1500, 86.00824746597073)	(1600, 84.80358205371753)	(1700, 84.1618460790505)	(1800, 84.45297146105466)	(1900, 84.61896889677737)	(2000, 84.5101312460149)	(2100, 84.48289639666113)	(2200, 84.57394573768812)	(2300, 84.16956015729151)	(2400, 83.85219743432434)	(2500, 83.50507390738188)	(2600, 82.96734645536667)	(2700, 82.54447039083931)	(2800, 82.77741421675542)	(2900, 82.3622754772664)	(3000, 78.79569630957718)	(3100, 75.78790072868642)	(3200, 75.83385714285713)	(3300, 75.49073377906882)	(3400, 75.33442714126805)	(3500, 74.05252160791898)	(3600, 73.3749523809524)	(3700, 73.51078947368421)	(3800, 72.49362573099414)	(3900, 72.62267425303457)	(4000, 74.64071428571427)	(4100, 73.27450549450552)	(4200, 71.80243589743591)	(4300, 70.02899350649349)	(4400, 63.832666666666654)	(4500, 68.00066666666666)	(4600, 73.865)	(4700, 75.31)	(4800, 66.4)	(4900, 54.297872340425535)														
SRR37797613_subreads	(1, 82.28931165911979)	(2, 83.63840114669186)	(3, 84.31240837866892)	(4, 86.21725250024433)	(5, 84.25285858552954)	(6, 85.44577646024041)	(7, 89.65609017167802)	(8, 86.11163957389972)	(9, 89.13701664657785)	(10, 86.75522255160658)	(100, 87.03483858357492)	(200, 86.92384956184645)	(300, 86.96818939961557)	(400, 87.1040173306838)	(500, 86.98326682345827)	(600, 87.03077620199498)	(700, 87.27821143871878)	(800, 86.99317181424482)	(900, 87.02351921450492)	(1000, 87.1420421656273)	(1100, 87.08224089213913)	(1200, 86.98246628024356)	(1300, 87.05774553830015)	(1400, 86.81841138711033)	(1500, 86.13882145788097)	(1600, 85.40765427745433)	(1700, 85.37162243007599)	(1800, 85.41049093720014)	(1900, 85.17864592449334)	(2000, 85.01415878722094)	(2100, 84.8469011952732)	(2200, 85.0024921823968)	(2300, 84.64565420470039)	(2400, 84.15643263672)	(2500, 84.2696270524582)	(2600, 84.57218481325907)	(2700, 84.42873163563418)	(2800, 84.02975177651678)	(2900, 83.99016928696057)	(3000, 84.3397559979897)	(3100, 84.0336942166856)	(3200, 83.48047207774599)	(3300, 82.73747044923762)	(3400, 83.05553292860272)	(3500, 84.25802834757833)	(3600, 82.56561833505333)	(3700, 82.29900939991377)	(3800, 79.05018609168609)	(3900, 76.61325396825393)	(4000, 75.54800000000002)	(4100, 76.286)	(4200, 75.604)	(4300, 73.459)	(4400, 66.33333333333336)	(4500, 64.74666666666667)	(4600, 65.165)	(4700, 61.97)	(4800, 60.74)	(4900, 62.24)	(5000, 66.3)	(5100, 61.12)	(5200, 62.15)	(5300, 62.515625)										
SRR37797614_subreads	(1, 82.76030352053)	(2, 80.16335413296356)	(3, 79.50261921269548)	(4, 82.3846390878977)	(5, 81.96595023495878)	(6, 85.3803250905169)	(7, 87.80540790385949)	(8, 85.48116477929281)	(9, 88.84407980895155)	(10, 86.78947211308835)	(50, 86.41804637547186)	(100, 86.92798012479776)	(150, 87.09528002465142)	(200, 86.66369694168401)	(250, 86.9615645944072)	(300, 87.04696171327323)	(350, 86.97718511670907)	(400, 87.28139896772205)	(450, 87.0492145301976)	(500, 87.22826876968664)	(550, 86.9019515389653)	(600, 87.00596324973999)	(650, 87.13362687314611)	(700, 87.34029122847565)	(750, 87.38304788320042)	(800, 87.1377295914022)	(850, 86.94667027443037)	(900, 86.9168739405147)	(950, 87.22050238865775)	(1000, 87.15756125751271)	(1050, 87.167243186319)	(1100, 87.0075041210011)	(1150, 87.1625064309219)	(1200, 86.95372071516647)	(1250, 86.77753518870603)	(1300, 87.05758199406483)	(1350, 86.87726585258433)	(1400, 86.67763484413226)	(1450, 86.20608002697261)	(1500, 85.07892963087812)	(1550, 85.60158172466501)	(1600, 85.78117773066926)	(1650, 85.05156213930071)	(1700, 85.58750399423)	(1750, 84.81878846325)	(1800, 85.08367208275902)	(1850, 85.44631879101148)	(1900, 83.64893355313396)	(1950, 83.16410256410254)	(2000, 83.16435897435893)	(2050, 82.7602564102564)	(2100, 82.82389724310777)	(2150, 83.08763157894737)	(2200, 83.08526315789473)	(2250, 83.13767639275902)	(2300, 82.96305555555557)	(2350, 82.78263693270738)	(2400, 82.37211267605633)	(2450, 82.00647887323942)	(2500, 82.6230985915493)	(2550, 82.07718309859155)	(2600, 81.72929577464788)	(2650, 81.9138028169014)	(2700, 81.76489738430581)	(2750, 81.83457142857145)	(2800, 81.46028571428573)	(2850, 81.55885714285716)	(2900, 81.45885714285716)	(2950, 80.74957075336772)	(3000, 80.01432035459887)	(3050, 73.87055610961629)	(3100, 82.15299999999999)	(3150, 69.67857142857143)
SRR37797615_subreads	(1, 82.32940111382403)	(2, 80.76571287481825)	(3, 80.34287125181751)	(4, 82.8020904776275)	(5, 81.66146333433925)	(6, 85.18024196867027)	(7, 87.44341719020055)	(8, 85.42432306383913)	(9, 88.7810210968149)	(10, 86.91893165558633)	(100, 87.21238402238623)	(200, 87.09913088804153)	(300, 87.16047735315905)	(400, 87.27940051767258)	(500, 87.17103429355284)	(600, 87.1671914951989)	(700, 87.37626363234256)	(800, 87.16824329885593)	(900, 87.14696726933529)	(1000, 87.30028148920408)	(1100, 87.19397903794327)	(1200, 87.16071420732044)	(1300, 87.20357197154273)	(1400, 86.81427570320693)	(1500, 85.78617649791417)	(1600, 84.73651269065086)	(1700, 83.6485153797666)	(1800, 83.94324017095585)	(1900, 84.07152941536782)	(2000, 83.982762973352)	(2100, 84.06858695652173)	(2200, 84.26456521739128)	(2300, 84.59510869565216)	(2400, 83.84852842809364)	(2500, 83.60736263736267)	(2600, 84.00527472527475)	(2700, 83.76802197802195)	(2800, 83.2046153846154)	(2900, 82.48222369679051)	(3000, 81.3899019128718)	(3100, 85.51536904761906)	(3200, 92.82)	(3300, 92.69411764705882)																														
SRR37797616_subreads	(1, 82.39830408668001)	(2, 81.67603933576729)	(3, 81.6041102343658)	(4, 83.74417029796255)	(5, 83.40369214462372)	(6, 85.5015604757979)	(7, 89.38346484513013)	(8, 86.1248380638323)	(9, 89.03144505947473)	(10, 86.92006928905118)	(100, 87.18704687315986)	(200, 87.02910228477212)	(300, 87.10549464138504)	(400, 87.23271905547045)	(500, 87.09014986456248)	(600, 87.14025792015075)	(700, 87.37112884230362)	(800, 87.10039424096101)	(900, 87.10430531491576)	(1000, 87.21987221011719)	(1100, 87.1197396998711)	(1200, 87.03582356597202)	(1300, 87.12136797611032)	(1400, 86.76343783368742)	(1500, 85.85193024852185)	(1600, 84.96689713420368)	(1700, 83.89857149016235)	(1800, 83.81364008080384)	(1900, 83.61360000000002)	(2000, 83.7085049053763)	(2100, 83.77504224133976)	(2200, 84.05077067941477)	(2300, 83.7998069554966)	(2400, 83.21974137931035)	(2500, 83.47178959627408)	(2600, 83.61773294562285)	(2700, 84.25587155963306)	(2800, 83.72880733944952)	(2900, 84.09005468787343)	(3000, 84.3858437133452)	(3100, 82.48971428571429)	(3200, 81.07509523809529)	(3300, 79.1)	(3400, 78.69)	(3500, 78.315)	(3600, 78.475)	(3700, 71.57333333333335)	(3800, 74.37666666666665)	(3900, 71.68333333333334)	(4000, 72.05999999999997)	(4100, 71.31333333333332)	(4200, 73.63)	(4300, 71.2366666666667)	(4400, 73.57333333333332)	(4500, 73.61666666666663)	(4600, 77.95333333333333)	(4700, 78.095)	(4800, 77.935)	(4900, 88.9)	(5000, 92.43)	(5100, 92.84444444444445)												
SRR37797617_subreads	(1, 82.3902779767875)	(2, 80.90528729044276)	(3, 80.39751397048288)	(4, 82.68781344032097)	(5, 81.98556383436022)	(6, 85.2094855996561)	(7, 87.60793093566413)	(8, 85.4698739074366)	(9, 88.86523857286144)	(10, 86.98371095429144)	(50, 86.77682046138412)	(100, 87.04436165639778)	(150, 87.30720948559963)	(200, 86.89924989253474)	(250, 87.15324545063766)	(300, 87.16158690356784)	(350, 87.10805631179251)	(400, 87.35941395615419)	(450, 87.13886588336436)	(500, 87.32492334145292)	(550, 86.992147872188)	(600, 87.10384940535894)	(650, 87.18444348074543)	(700, 87.3891936234999)	(750, 87.42312402699567)	(800, 87.25295335673853)	(850, 87.06465071290391)	(900, 86.99384859743603)	(950, 87.32357623356762)	(1000, 87.24736008599068)	(1050, 87.28623647438194)	(1100, 87.13287065567894)	(1150, 87.17488785381583)	(1200, 87.17744894303115)	(1250, 87.00545037620924)	(1300, 87.23090003582948)	(1350, 87.11158993417688)	(1400, 86.95761014791928)	(1450, 86.57110886333157)	(1500, 85.42360040727533)	(1550, 86.53926926537258)	(1600, 85.79698600678206)	(1650, 85.79132687161535)	(1700, 86.50681954901371)	(1750, 86.26751669865072)	(1800, 86.702210495417)	(1850, 86.3654968944099)	(1900, 86.70081318681315)	(1950, 86.90844444444446)	(2000, 85.96688888888887)	(2050, 86.80533333333331)	(2100, 86.55244444444445)	(2150, 85.9170203155147)	(2200, 85.87090909090908)	(2250, 86.46886363636364)	(2300, 86.42002351097179)	(2350, 86.06486477349559)	(2400, 84.85862775142382)	(2450, 85.71146341463414)	(2500, 86.67856067449559)	(2550, 86.23629629629632)	(2600, 86.16444444444443)	(2650, 86.15827160493829)	(2700, 85.99434259259259)	(2750, 85.63805379746839)	(2800, 85.42962025316456)	(2850, 85.80202531645571)	(2900, 85.58101265822786)	(2950, 85.98500702787018)	(3000, 84.57351301786147)	(3050, 79.78295089981015)	(3100, 86.22400000000002)	
SRR37797618_subreads	(1, 81.8984215885947)	(2, 80.91729251527495)	(3, 80.35425152749491)	(4, 82.4248981670061)	(5, 82.74634037678207)	(6, 85.35829302443992)	(7, 88.71123981670061)	(8, 86.029849796334)	(9, 88.97476451120163)	(10, 86.92604060590632)	(100, 87.20790319501019)	(200, 87.08642948065173)	(300, 87.16580798116087)	(400, 87.28112109553975)	(500, 87.13456467516353)	(600, 87.15353223855898)	(700, 87.37131563872447)	(800, 87.18220164216156)	(900, 87.15426880876734)	(1000, 87.32246109289963)	(1100, 87.1891575463697)	(1200, 87.14455179889609)	(1300, 87.20280266858327)	(1400, 86.9075036937368)	(1500, 85.66088289471527)	(1600, 84.76345135811609)	(1700, 84.26435783879172)	(1800, 84.30752506057503)	(1900, 84.19203793661809)	(2000, 84.70612272460363)	(2100, 84.61106102362204)	(2200, 84.8255972048823)	(2300, 84.40688323004127)	(2400, 84.31332403128329)	(2500, 84.34730108789402)	(2600, 83.64482652210172)	(2700, 83.93571610601431)	(2800, 83.54250086535136)	(2900, 83.53191556711205)	(3000, 83.53775333382238)	(3100, 82.40439599289603)	(3200, 79.13208333333333)	(3300, 76.72766666666668)	(3400, 72.0125)	(3500, 68.46499999999996)	(3600, 59.98333333333331)	(3700, 63.235)	(3800, 62.39)	(3900, 59.93)	(4000, 60.365)	(4100, 58.5)	(4200, 68.09)	(4300, 60.22)	(4400, 60.485)	(4500, 69.895)	(4600, 70.17241379310344)																	
SRR37797619_subreads	(1, 82.12646817809342)	(2, 81.24302493463925)	(3, 81.12358059858742)	(4, 83.0097163148242)	(5, 82.60479182112616)	(6, 85.222850899442)	(7, 88.4774261521052)	(8, 85.92109884106607)	(9, 88.7532290162719)	(10, 86.65683762351341)	(100, 87.02026807663793)	(200, 86.82141413353106)	(300, 87.00890232957428)	(400, 87.11834562976654)	(500, 87.07068292682925)	(600, 87.05403395121947)	(700, 87.35640507317073)	(800, 87.07248928548378)	(900, 87.09798408927796)	(1000, 87.19090937475606)	(1100, 87.09773358832257)	(1200, 86.97554763917171)	(1300, 87.05606021497437)	(1400, 86.6851223142705)	(1500, 86.16452436713111)	(1600, 86.14775089264313)	(1700, 85.70815036430737)	(1800, 86.04900558700561)	(1900, 85.70431601731603)	(2000, 85.77656756756758)	(2100, 85.06213254350244)	(2200, 85.90431316590566)	(2300, 85.84999217527384)	(2400, 85.16056338028166)	(2500, 85.75806036217301)	(2600, 85.53285714285714)	(2700, 85.8734244306418)	(2800, 84.94956521739128)	(2900, 85.65043478260874)	(3000, 82.99815395792868)	(3100, 72.3754761904762)	(3200, 71.86)	(3300, 71.595)	(3400, 76.98)	(3500, 78.65)	(3600, 75.24)	(3700, 76.97)	(3800, 74.065)	(3900, 78.45)	(4000, 79.515)	(4100, 74.66)	(4200, 77.8)	(4300, 76.79)	(4400, 76.99)	(4500, 76.535)	(4600, 70.94444444444444)																	
SRR37797620_subreads	(1, 82.3617421865194)	(2, 80.8702460148111)	(3, 79.95569223045061)	(4, 82.2537027739425)	(5, 81.85656457888791)	(6, 85.27140077821012)	(7, 87.37250533450484)	(8, 85.40583029998744)	(9, 88.89145851638007)	(10, 86.89794708729067)	(100, 87.23230584772189)	(200, 87.04719019675525)	(300, 87.17912072049455)	(400, 87.28220196441465)	(500, 87.21805535506947)	(600, 87.21764333009067)	(700, 87.46126243449335)	(800, 87.22103495132093)	(900, 87.21774705790051)	(1000, 87.3309028714891)	(1100, 87.23887754502806)	(1200, 87.16443980667833)	(1300, 87.19508083702563)	(1400, 86.87092475064192)	(1500, 85.91074831755321)	(1600, 85.2338047674279)	(1700, 84.80956037461415)	(1800, 84.70188647965585)	(1900, 84.42886445840473)	(2000, 84.15437293729372)	(2100, 83.98910891089108)	(2200, 84.59168019801982)	(2300, 84.6099267654453)	(2400, 84.41246778350518)	(2500, 84.44529080347142)	(2600, 84.02989361702129)	(2700, 84.1264893617021)	(2800, 83.9704255319149)	(2900, 83.47664822788622)	(3000, 85.1779292976126)	(3100, 88.98496428571428)	(3200, 86.83333333333334)	(3300, 86.64)	(3400, 85.67)	(3500, 82.86)	(3600, 78.58)	(3700, 78.95)	(3800, 82.03)	(3900, 77.84)	(4000, 75.96)	(4100, 79.48076923076923)																						
SRR37797621_subreads	(1, 81.81547456423147)	(2, 80.91158953062674)	(3, 79.59892902027211)	(4, 81.75667996284356)	(5, 82.47478279875416)	(6, 85.67635648325228)	(7, 88.20665537402327)	(8, 86.11207037866784)	(9, 88.9955193705262)	(10, 86.5257410375384)	(100, 87.21014918032783)	(200, 86.8775907103825)	(300, 87.28386229508195)	(400, 87.31419781420763)	(500, 87.42578961748632)	(600, 87.25705245901639)	(700, 87.66124297559334)	(800, 87.28789223454837)	(900, 87.47988305371877)	(1000, 87.3185889939341)	(1100, 87.4314782228537)	(1200, 87.06543854855458)	(1300, 87.23761891012848)	(1400, 86.62899624081723)	(1500, 85.99166621765518)	(1600, 85.18933048833314)	(1700, 84.23926147217203)	(1800, 84.21133333333336)	(1900, 83.91238018018015)	(2000, 83.18900222139946)	(2100, 84.01181316590568)	(2200, 84.52933685446008)	(2300, 84.02267605633804)	(2400, 83.47464788732391)	(2500, 83.48605633802818)	(2600, 83.74231790744464)	(2700, 83.4337142857143)	(2800, 82.8927142857143)	(2900, 82.92190476190473)	(3000, 84.7661393410313)	(3100, 88.3225)	(3200, 87.56333333333333)	(3300, 91.20333333333333)	(3400, 92.29)	(3500, 92.72)	(3600, 92.41)	(3700, 91.89)	(3800, 92.76)	(3900, 92.02)	(4000, 92.82)	(4100, 92.41)	(4200, 92.27)	(4300, 91.9)	(4400, 91.64)	(4500, 93.0)																		
SRR37797622_subreads	(1, 81.91129240651186)	(2, 80.67477573922994)	(3, 79.91457787293736)	(4, 82.37063014507734)	(5, 81.83927055262284)	(6, 85.51375096902802)	(7, 87.45461257336926)	(8, 85.70552622835838)	(9, 88.89789213333826)	(10, 86.7016160721244)	(100, 87.11706633688954)	(200, 86.86705821551179)	(300, 87.11946509653366)	(400, 87.24237107312929)	(500, 87.18201151759018)	(600, 87.15083185865895)	(700, 87.4904119905493)	(800, 87.16242750817405)	(900, 87.21089778800123)	(1000, 87.27743870952614)	(1100, 87.21758409334268)	(1200, 86.99418843924093)	(1300, 87.12695080012543)	(1400, 86.63253959316224)	(1500, 85.92354092061038)	(1600, 83.87345794922554)	(1700, 83.10799760340944)	(1800, 83.47395898641588)	(1900, 83.92781208233095)	(2000, 84.0690129633249)	(2100, 83.9959523809524)	(2200, 83.8513095238095)	(2300, 84.47516924842225)	(2400, 83.85025859535705)	(2500, 84.51999999999998)	(2600, 83.97890243902437)	(2700, 83.83593646492024)	(2800, 83.33679012345678)	(2900, 83.44651547116739)	(3000, 83.78830658049289)	(3100, 91.3535)	(3200, 92.06000000000002)	(3300, 92.36)	(3400, 91.695)	(3500, 92.125)	(3600, 90.91)	(3700, 90.76)	(3800, 91.21)	(3900, 91.36)	(4000, 90.64)	(4100, 91.39)	(4200, 89.6)	(4300, 89.09)	(4400, 91.14)	(4500, 89.2)	(4600, 90.13888888888889)																	
SRR37797623_subreads	(1, 82.5541574061969)	(2, 81.75464112955942)	(3, 81.23349457445418)	(4, 83.40998823375605)	(5, 82.13168388024579)	(6, 85.60710550398746)	(7, 87.67204863380834)	(8, 85.61838148777618)	(9, 89.00003268401098)	(10, 86.98243089147458)	(100, 87.33848280821023)	(200, 87.15671656425677)	(300, 87.23036932932413)	(400, 87.3865712880316)	(500, 87.27508481778067)	(600, 87.27747213596993)	(700, 87.50191031740366)	(800, 87.2682482920929)	(900, 87.27297257542577)	(1000, 87.39497989736212)	(1100, 87.27173648830673)	(1200, 87.22152971606842)	(1300, 87.28335744257136)	(1400, 86.89153366363747)	(1500, 86.12859822323469)	(1600, 85.70603164927614)	(1700, 85.53845942893388)	(1800, 85.73713233127029)	(1900, 85.76774962518742)	(2000, 86.00773913043479)	(2100, 85.82449275362322)	(2200, 85.90190964136005)	(2300, 85.96619706068266)	(2400, 85.12060167310166)	(2500, 85.87783783783783)	(2600, 85.78000000000003)	(2700, 86.09878214578214)	(2800, 85.16936363636361)	(2900, 85.50739201799996)	(3000, 84.4858241011824)	(3100, 79.46871964146965)	(3200, 81.05733333333333)	(3300, 79.985)	(3400, 82.25)	(3500, 81.02)	(3600, 80.11)	(3700, 82.37)	(3800, 80.26)	(3900, 82.04)	(4000, 82.12)	(4100, 81.48)	(4200, 82.98)	(4300, 82.58)	(4400, 81.89)	(4500, 79.41573033707866)																		
SRR37797624_subreads	(1, 82.28845910757174)	(2, 80.29556946024523)	(3, 79.26083933763114)	(4, 81.66830994817343)	(5, 81.65140310959424)	(6, 85.08159524712426)	(7, 87.6093414233346)	(8, 85.58115282518013)	(9, 88.81961825306536)	(10, 86.72957660922205)	(100, 87.1058289091139)	(200, 86.88256759679437)	(300, 87.09892930505957)	(400, 87.20029580001894)	(500, 87.15192689229224)	(600, 87.10648505151381)	(700, 87.38693276617595)	(800, 87.12233839670238)	(900, 87.15738202850909)	(1000, 87.22468156389264)	(1100, 87.13315401877428)	(1200, 87.01360595766883)	(1300, 87.10052932770851)	(1400, 86.66109123501184)	(1500, 85.49352705606039)	(1600, 83.97509019421469)	(1700, 83.10732610347817)	(1800, 83.79798076923076)	(1900, 83.79777398263262)	(2000, 84.10562248224818)	(2100, 83.96919191919189)	(2200, 84.1882456800277)	(2300, 83.44019095903418)	(2400, 83.21726315789472)	(2500, 83.08245576707728)	(2600, 82.52968085106384)	(2700, 82.8156915339045)	(2800, 83.13648351648351)	(2900, 82.88205513712252)	(3000, 80.96189277861895)	(3100, 87.84195238095239)	(3200, 86.01)	(3300, 85.69)	(3400, 86.53)	(3500, 85.19565217391305)																												
SRR37797625_subreads	(1, 82.6529166946365)	(2, 80.97519634825804)	(3, 80.42182989863731)	(4, 82.89893938376855)	(5, 82.10371215681009)	(6, 85.29851647982815)	(7, 87.67587433711485)	(8, 85.42860978720547)	(9, 88.83580586695308)	(10, 86.65987931947518)	(100, 87.0011686916829)	(200, 86.85378129824795)	(300, 86.9901161307646)	(400, 87.09175236624827)	(500, 86.99103745720616)	(600, 86.99098274820432)	(700, 87.31716419413304)	(800, 87.01485634691551)	(900, 87.023914546553)	(1000, 87.12513291913724)	(1100, 87.03477678571427)	(1200, 86.90352648824009)	(1300, 86.99420871273725)	(1400, 86.53957357539605)	(1500, 85.4362071447334)	(1600, 82.96856753835715)	(1700, 82.11855290310945)	(1800, 81.36119782637091)	(1900, 81.2228205128205)	(2000, 81.4676923076923)	(2100, 82.13728885149936)	(2200, 82.56444561403511)	(2300, 82.2724648648649)	(2400, 81.48723065531283)	(2500, 82.20840394344759)	(2600, 81.35760563380279)	(2700, 81.87434004024144)	(2800, 81.20128571428569)	(2900, 80.51443478260869)	(3000, 79.91648614622575)	(3100, 74.91317857142856)	(3200, 69.65833333333333)	(3300, 69.41133333333333)	(3400, 64.12600000000003)	(3500, 62.36800000000003)	(3600, 64.00599999999997)	(3700, 65.258)	(3800, 60.25899999999999)	(3900, 60.7125)	(4000, 57.9125)	(4100, 59.825)	(4200, 60.405)	(4300, 59.365)	(4400, 58.4275)	(4500, 52.56916666666667)	(4600, 51.0)																	
SRR37797626_subreads	(1, 84.70441699811597)	(2, 81.89692275486708)	(3, 83.14980113041658)	(4, 84.201046682018)	(5, 83.50311911241364)	(6, 85.88406949968599)	(7, 89.40456353359849)	(8, 86.15453213313795)	(9, 89.10596608750262)	(10, 86.7214602377131)	(100, 87.06850826878795)	(200, 86.88127988277161)	(300, 87.04356206824369)	(400, 87.16535315051287)	(500, 87.09009838810971)	(600, 87.12206740632196)	(700, 87.39678249947664)	(800, 87.08835210383086)	(900, 87.12442327820807)	(1000, 87.17655976554325)	(1100, 87.11628218547204)	(1200, 86.93297228767355)	(1300, 87.06258189556468)	(1400, 86.62495929750945)	(1500, 86.14920626062707)	(1600, 84.11864990091667)	(1700, 82.87378640411426)	(1800, 83.31554234794743)	(1900, 83.14046821599455)	(2000, 83.68013157894737)	(2100, 83.16489428866504)	(2200, 84.10055555555559)	(2300, 84.0525)	(2400, 83.98652777777781)	(2500, 84.2430555555556)	(2600, 84.25430555555559)	(2700, 83.91888888888889)	(2800, 83.80458333333335)	(2900, 83.27951313436174)	(3000, 83.94801756828609)	(3100, 88.44259523809525)	(3200, 88.84666666666666)	(3300, 89.63666666666666)	(3400, 89.96333333333335)	(3500, 90.29)	(3600, 89.81999999999998)	(3700, 90.55666666666667)	(3800, 90.17666666666666)	(3900, 90.01666666666668)	(4000, 90.58666666666664)	(4100, 90.43)	(4200, 91.38333333333333)	(4300, 90.925)	(4400, 91.55)	(4500, 90.25)																		
SRR37797627_subreads	(1, 81.61890572677224)	(2, 80.9562404222714)	(3, 81.20330325217095)	(4, 84.27053181224814)	(5, 82.80001702707304)	(6, 85.40513082467791)	(7, 88.02693115386798)	(8, 85.67926670072082)	(9, 88.85722799250809)	(10, 86.90462379628052)	(100, 87.16076792099437)	(200, 87.07388983483743)	(300, 87.08955928259263)	(400, 87.23697507942973)	(500, 87.11083819898316)	(600, 87.11700839155831)	(700, 87.32900157311036)	(800, 87.08707568236416)	(900, 87.09861079254259)	(1000, 87.22811519654532)	(1100, 87.12154245601133)	(1200, 87.09576618158567)	(1300, 87.13984286410967)	(1400, 86.78485212676829)	(1500, 85.67256055457383)	(1600, 84.81442631118311)	(1700, 84.15429275520393)	(1800, 84.23122109077825)	(1900, 84.53647728701537)	(2000, 84.57078029792696)	(2100, 84.42120011199002)	(2200, 84.98945026571279)	(2300, 84.91149127817951)	(2400, 84.9174354141609)	(2500, 84.63874061205718)	(2600, 84.37745955549806)	(2700, 83.14043795216135)	(2800, 82.84337025188798)	(2900, 82.42164646111492)	(3000, 80.54099280535495)	(3100, 77.1007750968592)	(3200, 77.49756437377505)	(3300, 79.03207450319408)	(3400, 78.91551439864482)	(3500, 79.56971345029243)	(3600, 79.80340819148171)	(3700, 77.93307692307694)	(3800, 80.19745920745922)	(3900, 80.02088888888892)	(4000, 79.13222222222221)	(4100, 77.95236111111112)	(4200, 77.775)	(4300, 77.58125)	(4400, 78.31125)	(4500, 75.3244642857143)	(4600, 76.64700000000002)	(4700, 77.7345)	(4800, 70.56)	(4900, 62.255)	(5000, 61.335)	(5100, 59.13483146067416)												
SRR37797628_subreads	(1, 81.21931735657226)	(2, 80.96151053013799)	(3, 80.84341967239571)	(4, 83.54740579359316)	(5, 82.0480916646494)	(6, 85.59751472605502)	(7, 87.46901476640039)	(8, 85.6163156620673)	(9, 88.81513757766481)	(10, 86.64290011386359)	(100, 87.05873436617446)	(200, 86.81158315177923)	(300, 87.03977952309995)	(400, 87.19472958615192)	(500, 87.10847784488186)	(600, 87.10386232387398)	(700, 87.41604872787931)	(800, 87.08489791774508)	(900, 87.1356382166036)	(1000, 87.23227082856393)	(1100, 87.13158139047503)	(1200, 86.92241297148861)	(1300, 87.06344494244486)	(1400, 86.5664096637664)	(1500, 85.92937125341912)	(1600, 85.77846139086608)	(1700, 85.82895117012245)	(1800, 85.80590151471287)	(1900, 86.07357517959528)	(2000, 86.84029340509817)	(2100, 85.92733732367675)	(2200, 85.97219441228646)	(2300, 85.28422621850801)	(2400, 84.69282051282049)	(2500, 85.30714046304573)	(2600, 85.26906666666672)	(2700, 85.35256242491032)	(2800, 84.45641791044778)	(2900, 84.83177040646959)	(3000, 84.68693287368318)	(3100, 80.7795)	(3200, 81.45333333333335)	(3300, 75.87333333333332)	(3400, 66.01)	(3500, 50.59)	(3600, 55.73)	(3700, 52.49)	(3800, 54.17)	(3900, 53.36)	(4000, 42.89855072463768)																							
SRR37797629_subreads	(1, 81.33857995329932)	(2, 81.16578742540864)	(3, 80.8821672576321)	(4, 83.5368416500908)	(5, 82.73337369194846)	(6, 86.15182046181786)	(7, 88.39890166911701)	(8, 86.0299662717288)	(9, 89.08207212661074)	(10, 86.66934378813647)	(100, 87.13808786647061)	(200, 86.83856049468127)	(300, 87.14494767793823)	(400, 87.29414165873906)	(500, 87.28380682212783)	(600, 87.23075423082314)	(700, 87.58368547403397)	(800, 87.22199943518476)	(900, 87.30809928979184)	(1000, 87.30624395705325)	(1100, 87.24734039356312)	(1200, 87.01047595563779)	(1300, 87.106909143682)	(1400, 86.67705807871953)	(1500, 85.55567521407737)	(1600, 84.3840404808404)	(1700, 83.13389598725645)	(1800, 83.7418814706615)	(1900, 83.63853606681192)	(2000, 83.76909458027662)	(2100, 83.44540465827555)	(2200, 83.95975083056479)	(2300, 83.9457730923695)	(2400, 83.05081398765792)	(2500, 83.54219512195121)	(2600, 83.36780487804873)	(2700, 83.1516060150038)	(2800, 82.23666666666668)	(2900, 81.68216592028301)	(3000, 79.18483728644955)	(3100, 74.87497730047727)	(3200, 73.09714285714286)	(3300, 74.88114285714292)	(3400, 67.589)	(3500, 73.17583333333332)	(3600, 74.99)	(3700, 70.98499999999999)	(3800, 62.165)	(3900, 68.12)	(4000, 66.27)	(4100, 64.89)	(4200, 67.635)	(4300, 65.705)	(4400, 66.785)	(4500, 69.58)	(4600, 66.07)																	
SRR37797630_subreads	(1, 81.30018371096142)	(2, 80.88242498469076)	(3, 80.48728311900388)	(4, 83.20653194529496)	(5, 82.01400285772607)	(6, 85.9762400489896)	(7, 87.53766074709124)	(8, 85.79722392324965)	(9, 89.03657889365176)	(10, 86.72459821732326)	(100, 87.14299081445192)	(200, 86.8605364360074)	(300, 87.19389398979877)	(400, 87.34347043443617)	(500, 87.31233878679853)	(600, 87.25380912163942)	(700, 87.66209236800192)	(800, 87.22724335006002)	(900, 87.34176658667344)	(1000, 87.36689960790716)	(1100, 87.30157082176115)	(1200, 86.97174683189674)	(1300, 87.11918267636958)	(1400, 86.620282504803)	(1500, 85.71686658091556)	(1600, 85.85532717944038)	(1700, 85.70789672005505)	(1800, 86.24591420541076)	(1900, 85.89292091090928)	(2000, 87.22364782301099)	(2100, 86.7012764392106)	(2200, 86.91640297321506)	(2300, 86.54542986040177)	(2400, 86.30048066875655)	(2500, 86.5487356321839)	(2600, 86.28563218390805)	(2700, 85.79444673490889)	(2800, 85.72729411764705)	(2900, 85.90392143980718)	(3000, 85.9272067301923)	(3100, 86.30480952380952)	(3200, 87.39666666666665)	(3300, 88.83)	(3400, 86.42)	(3500, 82.985)	(3600, 83.21)	(3700, 78.75)	(3800, 74.93)	(3900, 67.71)	(4000, 80.55)	(4100, 66.96)	(4200, 81.65)	(4300, 54.45)	(4400, 62.69)	(4500, 59.044444444444444)																		
SRR37797632_subreads	(1, 81.47483788837172)	(2, 81.51641007280105)	(3, 81.66046067549827)	(4, 83.86374666825795)	(5, 82.86450252615666)	(6, 85.69674185463658)	(7, 88.38254366073915)	(8, 86.02211878903609)	(9, 88.73783665512988)	(10, 86.76902839108354)	(100, 87.13934598400763)	(200, 86.97912553240705)	(300, 87.11071563870188)	(400, 87.24725627381221)	(500, 87.16413463833852)	(600, 87.14650820379717)	(700, 87.42212398535729)	(800, 87.1131893800566)	(900, 87.13507978194262)	(1000, 87.24761569376464)	(1100, 87.15068963186464)	(1200, 87.04284603605727)	(1300, 87.11294489446911)	(1400, 86.71513445622914)	(1500, 85.81806960620408)	(1600, 85.7345418506094)	(1700, 85.86894737246274)	(1800, 86.54262461952595)	(1900, 85.98375795175092)	(2000, 85.83366197183102)	(2100, 84.89577804939597)	(2200, 85.66058118498411)	(2300, 85.6612121212121)	(2400, 85.23181818181818)	(2500, 84.35210722610724)	(2600, 84.18553846153846)	(2700, 84.37543028846154)	(2800, 83.06953125)	(2900, 83.96555272914513)	(3000, 84.80878582029476)	(3100, 87.60350000000003)	(3200, 87.63666666666668)	(3300, 85.13)	(3400, 83.64)	(3500, 85.18)	(3600, 83.73)	(3700, 86.275)	(3800, 85.46)	(3900, 84.08)	(4000, 84.79)	(4100, 83.62)	(4200, 84.41)	(4300, 85.12)	(4400, 73.42)	(4500, 78.9047619047619)																		
SRR37797633_subreads	(1, 81.33329205877497)	(2, 80.24228165758626)	(3, 79.5728908700677)	(4, 82.0783391117715)	(5, 80.89615321116064)	(6, 85.53735347531781)	(7, 86.68297011721974)	(8, 85.30357437675417)	(9, 88.58027901601453)	(10, 86.57661062498855)	(100, 87.03811788013871)	(200, 86.69072932144627)	(300, 87.0968441472676)	(400, 87.17944609542674)	(500, 87.20904284299154)	(600, 87.10916233687593)	(700, 87.49540658796336)	(800, 87.14143488132093)	(900, 87.21682972136223)	(1000, 87.23072610939111)	(1100, 87.14537085526486)	(1200, 86.87970814068694)	(1300, 86.98321732565603)	(1400, 86.5519259507437)	(1500, 85.24016511730275)	(1600, 84.17043672889166)	(1700, 83.94570071901543)	(1800, 85.2935451770452)	(1900, 85.19166666666666)	(2000, 85.2465717852684)	(2100, 85.12191011235954)	(2200, 84.66574919575454)	(2300, 84.85116705190495)	(2400, 84.20811764705883)	(2500, 84.35505882352943)	(2600, 84.72588235294118)	(2700, 84.64964705882353)	(2800, 84.41247058823528)	(2900, 84.43158049263391)	(3000, 82.41478234983705)	(3100, 87.665)	(3200, 88.62)	(3300, 88.31)	(3400, 87.89)	(3500, 89.78)	(3600, 90.01)	(3700, 88.77)	(3800, 86.71)	(3900, 79.71)	(4000, 92.31)	(4100, 83.39)	(4200, 90.84)	(4300, 80.65)	(4400, 84.67)	(4500, 87.8108108108108)																		
SRR37797634_subreads	(1, 78.7632775872927)	(2, 79.64369183402141)	(3, 78.27835700790708)	(4, 80.08026030368764)	(5, 79.84654677769225)	(6, 86.10104261423274)	(7, 85.96116436918341)	(8, 85.22489678818837)	(9, 88.43090056679029)	(10, 86.08280813610048)	(100, 86.96306018194542)	(200, 86.59074247725681)	(300, 87.16857942617216)	(400, 87.0087809657103)	(500, 87.46621553533934)	(600, 87.13876627011896)	(700, 87.59276090422927)	(800, 87.1464007278326)	(900, 87.45612499125197)	(1000, 87.11538456155085)	(1100, 87.39447337112462)	(1200, 86.8039960809014)	(1300, 87.04499545104625)	(1400, 86.18257655462995)	(1500, 81.40484656909388)	(1600, 80.68085306227509)	(1700, 81.04301537158717)	(1800, 83.05774021500888)	(1900, 83.81954326923076)	(2000, 83.4103125)	(2100, 82.97020089285708)	(2200, 83.6314285714286)	(2300, 83.44666666666666)	(2400, 82.6247516641065)	(2500, 82.76451612903227)	(2600, 83.36629032258062)	(2700, 83.34629032258066)	(2800, 82.51887096774193)	(2900, 83.1291005805077)	(3000, 78.55991606609258)	(3100, 68.92216666666667)	(3200, 72.81)	(3300, 71.63)	(3400, 72.26)	(3500, 61.56)	(3600, 59.7)	(3700, 57.82)	(3800, 59.58)	(3900, 62.56)	(4000, 63.71)	(4100, 58.95)	(4200, 61.61)	(4300, 61.8)	(4400, 61.16)	(4500, 57.755319148936174)																		
SRR37797635_subreads	(1, 84.95928301454587)	(2, 81.62132058183484)	(3, 83.24195395716413)	(4, 84.32384606574276)	(5, 83.10471309128393)	(6, 85.6812220822357)	(7, 88.512226549078)	(8, 85.83263658229298)	(9, 89.10812049020731)	(10, 86.88784980720044)	(100, 87.15199003550566)	(200, 87.02303573473827)	(300, 87.07504266407057)	(400, 87.1994694193105)	(500, 87.03994616882377)	(600, 87.07739920971252)	(700, 87.29155194135843)	(800, 87.06339938151416)	(900, 87.06737916618944)	(1000, 87.23269098614134)	(1100, 87.10036360664144)	(1200, 87.060981389539)	(1300, 87.125269227008)	(1400, 86.84837490548894)	(1500, 86.6340817490318)	(1600, 84.95933285514838)	(1700, 83.25338857935503)	(1800, 83.54757246376812)	(1900, 83.4022447081497)	(2000, 82.90078299461098)	(2100, 83.02811547714514)	(2200, 83.34309575923395)	(2300, 83.11510784313725)	(2400, 82.72461684005343)	(2500, 82.7316426394749)	(2600, 82.8247387211944)	(2700, 82.93500793066582)	(2800, 82.6030263157895)	(2900, 82.53786414388435)	(3000, 78.46923912222354)	(3100, 78.44237698412701)	(3200, 69.575)	(3300, 60.14)	(3400, 54.2)	(3500, 54.49)	(3600, 58.13)	(3700, 60.02)	(3800, 53.44444444444444)																									
SRR37797636_subreads	(1, 82.63189806678383)	(2, 81.01326889279437)	(3, 81.2847100175747)	(4, 83.48317223198595)	(5, 83.12262741652022)	(6, 85.88115114235501)	(7, 89.2384007029877)	(8, 86.30588752196836)	(9, 89.01318101933217)	(10, 86.59226127709431)	(100, 87.03316520210893)	(200, 86.79075439367311)	(300, 86.97371133567661)	(400, 87.1243181019332)	(500, 87.032925826153)	(600, 86.99716288061865)	(700, 87.33707983654818)	(800, 87.00760510336184)	(900, 87.10054002987965)	(1000, 87.20356841550225)	(1100, 87.10383733192722)	(1200, 86.9548352315743)	(1300, 87.02373182750132)	(1400, 86.64672354845679)	(1500, 85.23863731489855)	(1600, 83.32185285076153)	(1700, 80.99748208047276)	(1800, 81.44256091541912)	(1900, 81.7943311335834)	(2000, 81.9270159151194)	(2100, 82.25041700986041)	(2200, 82.24770109395108)	(2300, 82.27490745290747)	(2400, 82.34998356655237)	(2500, 82.79796296296297)	(2600, 82.53546296296295)	(2700, 82.34688920791328)	(2800, 82.02420000000001)	(2900, 82.30939409833549)	(3000, 79.87492391982529)	(3100, 82.02425974025977)	(3200, 83.77200000000005)	(3300, 82.287)	(3400, 80.95416666666667)	(3500, 75.175)	(3600, 82.62)	(3700, 90.44)	(3800, 90.88)	(3900, 91.38)	(4000, 91.1)	(4100, 90.95)	(4200, 91.13)	(4300, 90.38)	(4400, 92.0)	(4500, 91.69)	(4600, 85.9)																	
SRR37797637_subreads	(1, 84.95583922143715)	(2, 80.65657912278363)	(3, 81.79202772963605)	(4, 83.90944540727902)	(5, 83.38751499800027)	(6, 85.64081455805892)	(7, 89.21280495933875)	(8, 86.26466471137182)	(9, 88.88038261565124)	(10, 86.73682805255592)	(100, 87.03771563791496)	(200, 86.87954139448075)	(300, 86.98403536224177)	(400, 87.09552481203963)	(500, 86.97407166666672)	(600, 87.00740394047116)	(700, 87.24072223294374)	(800, 86.99000564049761)	(900, 87.02413383834605)	(1000, 87.12579331732691)	(1100, 87.03662198212616)	(1200, 86.96444110977725)	(1300, 87.00257294207948)	(1400, 86.65871132902717)	(1500, 85.07146681710478)	(1600, 84.21579698167818)	(1700, 83.35018659549235)	(1800, 84.0922349202563)	(1900, 85.08243969714319)	(2000, 85.11459038491508)	(2100, 85.06694658420703)	(2200, 84.973908045977)	(2300, 84.72969588188121)	(2400, 84.3963529411765)	(2500, 84.39824369747897)	(2600, 84.83654761904762)	(2700, 84.40041042217648)	(2800, 83.25341463414634)	(2900, 83.62339248099128)	(3000, 84.83064184233437)	(3100, 72.44809523809526)	(3200, 56.05)	(3300, 53.06)	(3400, 53.1)	(3500, 54.53)	(3600, 52.91)	(3700, 49.14)	(3800, 51.42)	(3900, 54.57)	(4000, 51.04)	(4100, 49.44)	(4200, 52.09)	(4300, 52.21)	(4400, 55.61)	(4500, 49.47)	(4600, 50.93)	(4700, 59.35294117647059)																
SRR37797638_subreads	(1, 85.06605975125017)	(2, 80.05149378125401)	(3, 80.9767662520836)	(4, 83.62456725221182)	(5, 82.9240158994743)	(6, 85.78415181433517)	(7, 88.4140274394153)	(8, 85.9822797794589)	(9, 89.07067572765739)	(10, 86.91295693180038)	(100, 87.16798999871777)	(200, 87.06621105269909)	(300, 87.1033568406206)	(400, 87.2224087703552)	(500, 87.08292473394027)	(600, 87.11739043467111)	(700, 87.33839796165044)	(800, 87.11685816243684)	(900, 87.0952344229361)	(1000, 87.25346249229557)	(1100, 87.14530722542102)	(1200, 87.14118493175502)	(1300, 87.1839837960608)	(1400, 86.84530183290282)	(1500, 86.01823365130616)	(1600, 84.69040220749706)	(1700, 84.55791742451056)	(1800, 84.96080914532281)	(1900, 84.99791947872968)	(2000, 85.15203558627752)	(2100, 84.79882373932149)	(2200, 85.14791559409291)	(2300, 84.98183815427)	(2400, 84.65905211745718)	(2500, 84.55322157532706)	(2600, 84.16902004237751)	(2700, 84.10450306167563)	(2800, 84.41311157446017)	(2900, 84.5213862279769)	(3000, 83.08671893834071)	(3100, 81.90677417027418)	(3200, 79.35600000000001)	(3300, 86.21583333333336)	(3400, 87.44999999999999)	(3500, 87.95666666666668)	(3600, 87.42666666666668)	(3700, 87.30666666666667)	(3800, 88.8766666666667)	(3900, 87.6566666666667)	(4000, 86.965)	(4100, 87.17)	(4200, 86.615)	(4300, 86.15)	(4400, 85.905)	(4500, 87.91463414634147)																		
SRR37797639_subreads	(1, 84.09606447629261)	(2, 79.61301225179552)	(3, 80.42397062168925)	(4, 82.8752071755874)	(5, 83.49559650320107)	(6, 85.74914692405187)	(7, 89.43398004614734)	(8, 86.34669006532124)	(9, 88.8752071755874)	(10, 86.71360552323794)	(100, 87.0604169510253)	(200, 86.89176529849536)	(300, 87.0020015599103)	(400, 87.13683370706185)	(500, 87.05093269636998)	(600, 87.03909980176137)	(700, 87.30367760376117)	(800, 87.07008271197441)	(900, 87.0358726599064)	(1000, 87.2125760530421)	(1100, 87.05260887935519)	(1200, 87.09853967331979)	(1300, 87.06734754285995)	(1400, 86.78086110404043)	(1500, 84.84060824913689)	(1600, 83.19356404543875)	(1700, 82.13359688852952)	(1800, 82.08138766167029)	(1900, 81.85522937061259)	(2000, 82.16166617285982)	(2100, 83.63729898710511)	(2200, 83.96208142648487)	(2300, 84.2711860946072)	(2400, 84.1933561403509)	(2500, 84.494154954955)	(2600, 84.8218918918919)	(2700, 84.97126048994195)	(2800, 84.43069444444444)	(2900, 84.53497399858088)	(3000, 81.87376846779964)	(3100, 82.64321825396824)	(3200, 83.18833333333336)	(3300, 82.99916666666668)	(3400, 79.2675)	(3500, 69.76833333333335)	(3600, 72.31666666666665)	(3700, 64.74333333333334)	(3800, 62.61)	(3900, 60.65)	(4000, 59.665)	(4100, 59.065)	(4200, 64.365)	(4300, 54.41)	(4400, 58.02)	(4500, 52.55)	(4600, 49.67741935483871)																	
SRR37797640_subreads	(1, 82.11580030880083)	(2, 80.17904392843087)	(3, 79.62616935605946)	(4, 82.48033665344676)	(5, 82.0894916896249)	(6, 85.571372347189)	(7, 87.87269534679544)	(8, 85.75138506251703)	(9, 88.89839847416064)	(10, 86.76672519754173)	(100, 87.11217371560048)	(200, 86.93067519232318)	(300, 87.10384256736303)	(400, 87.21494943990314)	(500, 87.13179806236752)	(600, 87.1183399939449)	(700, 87.42482771517766)	(800, 87.1538996033789)	(900, 87.15165854249301)	(1000, 87.25061763904449)	(1100, 87.15829816222109)	(1200, 87.10307313308257)	(1300, 87.15058302522375)	(1400, 86.81837806191011)	(1500, 85.79282174268874)	(1600, 84.67690501514119)	(1700, 83.65422376328227)	(1800, 83.21801920482318)	(1900, 82.9039823008849)	(2000, 82.98948091008486)	(2100, 82.740647206005)	(2200, 82.97752293577982)	(2300, 82.7515120862098)	(2400, 83.04925395639955)	(2500, 83.04070626308777)	(2600, 83.13687439332163)	(2700, 82.9006594059406)	(2800, 83.15221616161618)	(2900, 83.18602090691789)	(3000, 82.83036959296652)	(3100, 82.08521789321789)	(3200, 83.26333333333332)	(3300, 80.71833333333332)	(3400, 77.11)	(3500, 78.61)	(3600, 76.83)	(3700, 76.575)	(3800, 76.69)	(3900, 78.105)	(4000, 76.63)	(4100, 76.6)	(4200, 77.87)	(4300, 77.35)	(4400, 76.355)	(4500, 72.1)	(4600, 62.84444444444444)																	
SRR37797641_subreads	(1, 81.80356655445364)	(2, 80.27364813635398)	(3, 79.71958875443545)	(4, 82.59324295635824)	(5, 81.63242653079793)	(6, 85.56309707942863)	(7, 87.27003912291875)	(8, 85.5070815515725)	(9, 88.70390925909076)	(10, 86.80622175719529)	(50, 86.50593030661449)	(100, 86.9096193855579)	(150, 87.15426136535956)	(200, 86.6657465198799)	(250, 86.99426439814395)	(300, 87.03210930154975)	(350, 87.00159827737845)	(400, 87.2631819973918)	(450, 86.9851951596761)	(500, 87.24157280198952)	(550, 86.91993995086887)	(600, 86.99860795196071)	(650, 87.11235556364298)	(700, 87.29929032845055)	(750, 87.36377521002032)	(800, 87.2031371121827)	(850, 86.95261213720316)	(900, 86.91207958026266)	(950, 87.28550268401419)	(1000, 87.15806447699633)	(1050, 87.21136930215631)	(1100, 87.08773784611651)	(1150, 87.05422072604858)	(1200, 87.1591809570213)	(1250, 86.83048656898178)	(1300, 87.01811531345727)	(1350, 87.01073073851774)	(1400, 86.81510592844045)	(1450, 86.55623820642651)	(1500, 85.15108882800754)	(1550, 86.33751785108598)	(1600, 85.3660945460919)	(1650, 82.6145313133424)	(1700, 82.60188543531336)	(1750, 81.58232937920735)	(1800, 81.85627061670594)	(1850, 82.4621686746988)	(1900, 82.00481927710845)	(1950, 82.39708492506612)	(2000, 81.5695874736525)	(2050, 81.64007407407409)	(2100, 81.72702629016553)	(2150, 81.16435897435896)	(2200, 81.39721611721612)	(2250, 82.51116883116885)	(2300, 82.56675324675325)	(2350, 81.94487012987011)	(2400, 80.9341403508772)	(2450, 80.84104504504504)	(2500, 81.75442428730099)	(2550, 81.72712328767123)	(2600, 81.26575342465752)	(2650, 81.82575342465753)	(2700, 81.6117808219178)	(2750, 81.2435616438356)	(2800, 80.46767123287673)	(2850, 80.71698630136986)	(2900, 81.31424657534245)	(2950, 80.35935943668098)	(3000, 80.14731052945135)	(3050, 77.29196865263337)	(3100, 66.06)	(3150, 82.7)
SRR37797642_subreads	(1, 81.92817505360071)	(2, 81.14989279858746)	(3, 81.58207214024468)	(4, 84.1594778660613)	(5, 83.36694412914618)	(6, 85.82677512927229)	(7, 89.41981964938832)	(8, 86.29830369529574)	(9, 88.86199394627317)	(10, 86.70634590322445)	(100, 87.00933314415435)	(200, 86.9209912977677)	(300, 86.96877790389709)	(400, 87.09864390213144)	(500, 86.9890121705133)	(600, 86.98139740194225)	(700, 87.21445106570813)	(800, 86.99093991920094)	(900, 86.96707787584947)	(1000, 87.1289707172133)	(1100, 86.9700558138377)	(1200, 87.00182911193606)	(1300, 86.99486786350386)	(1400, 86.71302606194592)	(1500, 85.49592246704077)	(1600, 84.61368366105788)	(1700, 83.29325777458526)	(1800, 84.01257194282715)	(1900, 84.19721890526176)	(2000, 83.86653749795192)	(2100, 83.80003705291509)	(2200, 83.68986528532113)	(2300, 83.82729104351439)	(2400, 83.79912891088638)	(2500, 84.10688698501684)	(2600, 83.85031995436844)	(2700, 83.70638059146948)	(2800, 82.84546174350213)	(2900, 82.92810207899902)	(3000, 82.58526178967912)	(3100, 82.70860100278142)	(3200, 81.26314696053859)	(3300, 79.75309523809524)	(3400, 77.25866666666666)	(3500, 74.36800000000002)	(3600, 74.11800000000002)	(3700, 77.1115)	(3800, 76.32916666666667)	(3900, 86.22833333333334)	(4000, 92.26)	(4100, 91.81)	(4200, 91.76)	(4300, 91.48)	(4400, 91.12)	(4500, 92.75555555555556)																		
SRR37797643_subreads	(1, 81.51223453370268)	(2, 80.63619575253924)	(3, 80.09055533570769)	(4, 82.93107769423558)	(5, 82.20165545442553)	(6, 85.56733940113442)	(7, 87.65179395858067)	(8, 85.63408521303258)	(9, 88.81552565624588)	(10, 86.78759581702792)	(100, 87.08409510618657)	(200, 86.9785750560612)	(300, 87.05218045112784)	(400, 87.16645989974936)	(500, 87.0743632106582)	(600, 87.06426313356472)	(700, 87.30870720928701)	(800, 87.06545632205685)	(900, 87.05033244286138)	(1000, 87.19129811022063)	(1100, 87.06600705781473)	(1200, 87.06144091553709)	(1300, 87.08539321873911)	(1400, 86.72564213034677)	(1500, 85.48944434024564)	(1600, 84.17477541661682)	(1700, 82.8820586261489)	(1800, 82.90603635333693)	(1900, 83.16475124261801)	(2000, 83.42548922539314)	(2100, 82.70359882049428)	(2200, 83.0578394215934)	(2300, 82.86326315789475)	(2400, 82.55393617021276)	(2500, 83.43404255319149)	(2600, 83.0056382978723)	(2700, 82.76759189317643)	(2800, 82.267252898163)	(2900, 82.21084884587839)	(3000, 81.54045618969906)	(3100, 81.90749999999998)	(3200, 79.92333333333336)	(3300, 81.63333333333335)	(3400, 81.77666666666667)	(3500, 84.35666666666668)	(3600, 83.36666666666666)	(3700, 81.93333333333335)	(3800, 80.72666666666666)	(3900, 82.69666666666664)	(4000, 80.12333333333333)	(4100, 78.885)	(4200, 68.575)	(4300, 59.605)	(4400, 51.17)	(4500, 59.35)	(4600, 58.270833333333336)																	
SRR37797644_subreads	(1, 81.60098640107259)	(2, 80.54874545106301)	(3, 79.50608121049608)	(4, 82.02092511013215)	(5, 82.3862765753687)	(6, 86.02590499904233)	(7, 88.15523846006512)	(8, 86.03845048841218)	(9, 89.0185309327715)	(10, 86.90636731469064)	(50, 86.29726010342846)	(100, 87.04908542424822)	(150, 87.03490327523463)	(200, 86.41502777245739)	(250, 87.00950392645089)	(300, 87.16423960927027)	(350, 86.94896858839306)	(400, 87.43893985826473)	(450, 86.92230511396285)	(500, 87.38838919747174)	(550, 87.09408638191918)	(600, 87.08873300134076)	(650, 87.19607638609631)	(700, 87.52242206579514)	(750, 87.53238998228224)	(800, 87.2665498252167)	(850, 86.98526911936189)	(900, 87.00994239677462)	(950, 87.48549111632586)	(1000, 87.06478521143619)	(1050, 87.2399233753173)	(1100, 87.07462956754944)	(1150, 87.14827738135148)	(1200, 87.17646511182413)	(1250, 86.66290421455942)	(1300, 86.81867136831286)	(1350, 86.9932355411653)	(1400, 86.6519351436029)	(1450, 86.50732485027663)	(1500, 85.14989636775661)	(1550, 84.95525592608108)	(1600, 84.44664332522723)	(1650, 83.85380508639099)	(1700, 84.11793069306933)	(1750, 84.1316800659658)	(1800, 83.99916473806017)	(1850, 83.43439079168019)	(1900, 83.87891304347824)	(1950, 84.62816531294794)	(2000, 84.1854945054945)	(2050, 84.2084590964591)	(2100, 83.76663744183406)	(2150, 83.92204545454544)	(2200, 84.26886363636363)	(2250, 84.7475)	(2300, 84.66318181818183)	(2350, 84.71545454545456)	(2400, 84.2293181818182)	(2450, 84.1093181818182)	(2500, 84.73613636363636)	(2550, 84.64760188087772)	(2600, 84.25624164661855)	(2650, 84.15162790697674)	(2700, 84.21072503419973)	(2750, 84.10776470588236)	(2800, 83.9101176470588)	(2850, 83.61670588235293)	(2900, 83.67976470588235)	(2950, 83.42843373493973)	(3000, 83.86473550864024)	(3050, 81.81205750009069)	(3100, 83.41428571428571)	
SRR37797645_subreads	(1, 81.92918605672139)	(2, 80.90534726490473)	(3, 80.2381684081131)	(4, 82.63232066028624)	(5, 82.11278426551937)	(6, 85.73553428747037)	(7, 87.88791816665203)	(8, 85.94521029063131)	(9, 88.64773026604618)	(10, 86.70644152252173)	(50, 86.2776688032312)	(100, 86.9257573096848)	(150, 86.96641496180526)	(200, 86.40399069277375)	(250, 86.93133988936694)	(300, 87.06835680382459)	(350, 86.90647348085704)	(400, 87.30948103266596)	(450, 86.92951879171058)	(500, 87.31349315068492)	(550, 87.03068054092027)	(600, 87.02337197049528)	(650, 87.1425451846591)	(700, 87.44729539555236)	(750, 87.43455829995719)	(800, 87.24669766553005)	(850, 86.9611268224135)	(900, 86.93535306516779)	(950, 87.37497101703849)	(1000, 87.10703232039344)	(1050, 87.24847795538379)	(1100, 87.0414877920253)	(1150, 87.10868961883014)	(1200, 87.09040165073706)	(1250, 86.70054982214221)	(1300, 86.93686355452108)	(1350, 86.93629062934443)	(1400, 86.64249808820355)	(1450, 86.53511150070253)	(1500, 84.99378902668853)	(1550, 85.42967722345061)	(1600, 84.26414700001743)	(1650, 82.88512229594309)	(1700, 83.5801545372866)	(1750, 82.63264468071706)	(1800, 83.4100605136321)	(1850, 82.48596755911669)	(1900, 81.43833333333332)	(1950, 82.30221908656205)	(2000, 82.26552418046089)	(2050, 82.37374625374625)	(2100, 82.7368831168831)	(2150, 82.2469933014354)	(2200, 81.34533333333331)	(2250, 83.08106666666664)	(2300, 82.41786666666665)	(2350, 82.34613333333334)	(2400, 81.97466666666668)	(2450, 81.61600000000001)	(2500, 82.35931891891893)	(2550, 82.16459459459458)	(2600, 81.36529063309885)	(2650, 81.1950684931507)	(2700, 81.97589041095887)	(2750, 81.52246575342465)	(2800, 81.45013698630137)	(2850, 81.42465753424658)	(2900, 81.27013698630137)	(2950, 81.13660840997278)	(3000, 81.16163662511772)	(3050, 79.9697825081421)	(3100, 82.49866666666665)	(3150, 81.3695652173913)
SRR37797646_subreads	(1, 84.84558139534883)	(2, 80.76633074935401)	(3, 81.6832558139535)	(4, 83.93320413436693)	(5, 83.48891472868218)	(6, 85.6540826873385)	(7, 89.3987338501292)	(8, 86.21263565891473)	(9, 88.99005167958656)	(10, 86.8689839219064)	(100, 87.06954651162792)	(200, 87.03534728682175)	(300, 86.99180129198965)	(400, 87.11193669250646)	(500, 86.95295142118866)	(600, 87.01417958656327)	(700, 87.18786562542273)	(800, 86.98779870919738)	(900, 86.95263237307944)	(1000, 87.12378375950998)	(1100, 87.00895663186188)	(1200, 87.01711611916524)	(1300, 87.05072144658965)	(1400, 86.71151887827332)	(1500, 85.65921692555126)	(1600, 84.70675636331565)	(1700, 83.96626969552)	(1800, 83.76420246012445)	(1900, 83.8987870866209)	(2000, 83.23930232793631)	(2100, 82.6878488932759)	(2200, 83.3109355106988)	(2300, 83.14888319288829)	(2400, 82.55684495567019)	(2500, 82.56878249336867)	(2600, 82.54673623066583)	(2700, 82.21312044607959)	(2800, 81.97719626168225)	(2900, 82.16005207404481)	(3000, 83.27515657589267)	(3100, 83.09533527583528)	(3200, 82.13142857142856)	(3300, 82.15657142857144)	(3400, 85.89400000000002)	(3500, 79.37349999999999)	(3600, 71.355)	(3700, 71.665)	(3800, 65.03)	(3900, 63.02)	(4000, 62.13)	(4100, 64.24)	(4200, 69.1)	(4300, 63.59)	(4400, 68.0)	(4500, 67.71232876712328)																		
SRR37797647_subreads	(1, 83.25957162407308)	(2, 81.46615320963687)	(3, 81.1727825339741)	(4, 83.90776868972979)	(5, 82.79583717895675)	(6, 85.41755513828332)	(7, 88.33958180834473)	(8, 85.62782852232583)	(9, 88.97504853441966)	(10, 86.8414768608397)	(100, 87.12057477483215)	(200, 87.00628783297796)	(300, 87.0465503962318)	(400, 87.18479329111108)	(500, 87.05155755704781)	(600, 87.07331561694407)	(700, 87.2650319849782)	(800, 87.0626383628783)	(900, 87.04434581967475)	(1000, 87.23017016951226)	(1100, 87.07628453214515)	(1200, 87.0957018118732)	(1300, 87.12179821715478)	(1400, 86.80010675122166)	(1500, 85.30990400722608)	(1600, 83.72912709219295)	(1700, 82.98937798944623)	(1800, 82.95781833457802)	(1900, 83.05563106796119)	(2000, 83.38776032743195)	(2100, 82.83822985270028)	(2200, 83.07039559161942)	(2300, 83.18885476622057)	(2400, 82.74836605105688)	(2500, 83.19188452285488)	(2600, 83.31954475278481)	(2700, 83.38676311990768)	(2800, 82.47709018987345)	(2900, 82.45789282128045)	(3000, 80.21308753105168)	(3100, 75.575)	(3200, 71.895)	(3300, 71.155)	(3400, 72.93)	(3500, 72.51)	(3600, 70.92)	(3700, 71.32417582417582)																										
SRR37797648_subreads	(1, 82.54878981777716)	(2, 83.2170677423842)	(3, 84.58902489915148)	(4, 86.94940186395883)	(5, 84.22127555988315)	(6, 85.1611837529559)	(7, 89.66021004312144)	(8, 85.96275559883155)	(9, 88.999095840868)	(10, 86.8789879600006)	(100, 87.08996000834605)	(200, 87.04435580333791)	(300, 87.02555555555554)	(400, 87.1729636943423)	(500, 86.99621101291112)	(600, 87.05459029682041)	(700, 87.21020902556685)	(800, 87.03204033000573)	(900, 86.99976837377278)	(1000, 87.22568484317928)	(1100, 87.02606102247847)	(1200, 87.10701260961162)	(1300, 87.11357814366143)	(1400, 86.8979505135097)	(1500, 85.22488258011715)	(1600, 84.08632767408606)	(1700, 83.73091960192447)	(1800, 83.42702412206505)	(1900, 83.44681803836949)	(2000, 83.22250178484013)	(2100, 83.04272707097192)	(2200, 82.92128606910579)	(2300, 82.94447964945381)	(2400, 82.63619419092055)	(2500, 82.37829946261564)	(2600, 82.436480890642)	(2700, 82.47162147983627)	(2800, 82.08581732631704)	(2900, 81.67518127578226)	(3000, 81.45728569272354)	(3100, 81.23863724281884)	(3200, 80.91701058332217)	(3300, 79.45944984935959)	(3400, 79.54391098128936)	(3500, 79.2530557032796)	(3600, 78.30702406251649)	(3700, 77.40867777207629)	(3800, 76.45769775503551)	(3900, 76.52776000127122)	(4000, 75.86826339497392)	(4100, 76.49403548085904)	(4200, 76.33073007230753)	(4300, 76.33995090873367)	(4400, 74.45784565217392)	(4500, 74.33464405831678)	(4600, 74.17132422969188)	(4700, 75.50027522477524)	(4800, 73.0735)	(4900, 75.46845238095239)	(5000, 76.52600000000002)	(5100, 82.71799999999999)	(5200, 87.86538461538461)											
