Sample	0	1	2	3	4	5	6	7	8	9	10	11	12	13	14	15	16	17	18	19	20	21	22	23	24	25	26	27	28	29	30	31	32	33	34	35	36	37	38	39	40	41	42	43	44	45	46	47	48	49	50	51	52	53	54	55	56	57	58	59	60	61	62	63	64	65	66	67	68	69	70	71	72	73	74	75	76	77	78	79	80	81	82	83	84	85	86	87	88	89	90	91	92	93	94	95	96	97	98	99	100
SRR37797609_subreads	(0.0, 0.0)	(1.0, 0.0)	(2.0, 0.0)	(3.0, 0.0)	(4.0, 0.0)	(5.0, 0.0)	(6.0, 0.0)	(7.0, 0.0)	(8.0, 0.0)	(9.0, 0.0)	(10.0, 0.0)	(11.0, 0.0)	(12.0, 0.0)	(13.0, 0.0)	(14.0, 0.0)	(15.0, 0.0)	(16.0, 0.0)	(17.0, 0.0)	(18.0, 0.0)	(19.0, 0.0)	(20.0, 0.0)	(21.0, 0.0)	(22.0, 0.0)	(23.0, 0.0)	(24.0, 0.0)	(25.0, 0.0)	(26.0, 0.0)	(27.0, 0.0)	(28.0, 0.0)	(29.0, 0.0)	(30.0, 0.0)	(31.0, 0.0)	(32.0, 0.0)	(33.0, 0.0)	(34.0, 0.0)	(35.0, 0.0)	(36.0, 0.09090909090909091)	(37.0, 0.45887445887445893)	(38.0, 0.3203463203463204)	(39.0, 0.3203463203463203)	(40.0, 0.18181818181818182)	(41.0, 0.12316715542521994)	(42.0, 0.09090909090909091)	(43.0, 0.09090909090909091)	(44.0, 0.0)	(45.0, 0.09090909090909091)	(46.0, 0.7595307917888564)	(47.0, 2.945677977936041)	(48.0, 18.831601731601765)	(49.0, 49.00909090909129)	(50.0, 42.67881580784827)	(51.0, 102.26085742214964)	(52.0, 589.6413908671574)	(53.0, 680.5074233398299)	(54.0, 470.4881999720165)	(55.0, 281.64292696550655)	(56.0, 222.11800027929587)	(57.0, 160.1978773914293)	(58.0, 69.62533165759068)	(59.0, 89.66862170088129)	(60.0, 8.81818181818182)	(61.0, 8.909090909090912)	(62.0, 3.5454545454545436)	(63.0, 2.0909090909090904)	(64.0, 2.272727272727272)	(65.0, 3.272727272727271)	(66.0, 0.2727272727272727)	(67.0, 0.0)	(68.0, 0.0)	(69.0, 0.0)	(70.0, 0.0)	(71.0, 0.0)	(72.0, 0.0)	(73.0, 0.0)	(74.0, 0.0)	(75.0, 0.0)	(76.0, 0.0)	(77.0, 0.0)	(78.0, 0.0)	(79.0, 0.0)	(80.0, 0.0)	(81.0, 0.0)	(82.0, 0.0)	(83.0, 0.0)	(84.0, 0.0)	(85.0, 0.0)	(86.0, 0.0)	(87.0, 0.0)	(88.0, 0.0)	(89.0, 0.0)	(90.0, 0.0)	(91.0, 0.0)	(92.0, 0.0)	(93.0, 0.0)	(94.0, 0.0)	(95.0, 0.0)	(96.0, 0.0)	(97.0, 0.0)	(98.0, 0.0)	(99.0, 0.0)	(100.0, 0.0)
SRR37797610_subreads	(0.0, 0.0)	(1.0, 0.0)	(2.0, 0.0)	(3.0, 0.0)	(4.0, 0.0)	(5.0, 0.0)	(6.0, 0.0)	(7.0, 0.0)	(8.0, 0.0)	(9.0, 0.0)	(10.0, 0.0)	(11.0, 0.0)	(12.0, 0.0)	(13.0, 0.0)	(14.0, 0.0)	(15.0, 0.0)	(16.0, 0.0)	(17.0, 0.0)	(18.0, 0.0)	(19.0, 0.0)	(20.0, 0.0)	(21.0, 0.0)	(22.0, 0.0)	(23.0, 0.0)	(24.0, 0.0)	(25.0, 0.0)	(26.0, 0.0)	(27.0, 0.0)	(28.0, 0.0)	(29.0, 0.0)	(30.0, 0.0)	(31.0, 0.0)	(32.0, 0.0)	(33.0, 0.0)	(34.0, 0.09090909090909091)	(35.0, 0.0)	(36.0, 0.0)	(37.0, 0.0)	(38.0, 0.0)	(39.0, 0.0)	(40.0, 0.0)	(41.0, 0.0)	(42.0, 0.09090909090909091)	(43.0, 0.047619047619047616)	(44.0, 0.09090909090909091)	(45.0, 0.2727272727272727)	(46.0, 0.18181818181818182)	(47.0, 4.454545454545452)	(48.0, 24.63636363636361)	(49.0, 27.545454545454486)	(50.0, 23.354437229437217)	(51.0, 58.399756812818026)	(52.0, 297.2714227812521)	(53.0, 384.75492249682793)	(54.0, 303.119257086992)	(55.0, 267.7038123167185)	(56.0, 224.58064516129565)	(57.0, 166.49853372434387)	(58.0, 112.86580086580305)	(59.0, 136.00000000000284)	(60.0, 7.759530791788851)	(61.0, 2.727272727272726)	(62.0, 0.8181818181818183)	(63.0, 0.4545454545454546)	(64.0, 0.5454545454545455)	(65.0, 0.4545454545454546)	(66.0, 0.0)	(67.0, 0.0)	(68.0, 0.0)	(69.0, 0.0)	(70.0, 0.0)	(71.0, 0.0)	(72.0, 0.0)	(73.0, 0.0)	(74.0, 0.0)	(75.0, 0.0)	(76.0, 0.0)	(77.0, 0.0)	(78.0, 0.0)	(79.0, 0.0)	(80.0, 0.0)	(81.0, 0.0)	(82.0, 0.0)	(83.0, 0.0)	(84.0, 0.0)	(85.0, 0.0)	(86.0, 0.0)	(87.0, 0.0)	(88.0, 0.0)	(89.0, 0.0)	(90.0, 0.0)	(91.0, 0.0)	(92.0, 0.0)	(93.0, 0.0)	(94.0, 0.0)	(95.0, 0.0)	(96.0, 0.0)	(97.0, 0.0)	(98.0, 0.0)	(99.0, 0.0)	(100.0, 0.0)
SRR37797611_subreads	(0.0, 0.0)	(1.0, 0.0)	(2.0, 0.0)	(3.0, 0.0)	(4.0, 0.0)	(5.0, 0.0)	(6.0, 0.0)	(7.0, 0.0)	(8.0, 0.0)	(9.0, 0.0)	(10.0, 0.0)	(11.0, 0.0)	(12.0, 0.0)	(13.0, 0.0)	(14.0, 0.0)	(15.0, 0.0)	(16.0, 0.0)	(17.0, 0.0)	(18.0, 0.0)	(19.0, 0.0)	(20.0, 0.0)	(21.0, 0.0)	(22.0, 0.0)	(23.0, 0.0)	(24.0, 0.0)	(25.0, 0.0)	(26.0, 0.0)	(27.0, 0.0)	(28.0, 0.0)	(29.0, 0.0)	(30.0, 0.0)	(31.0, 0.0)	(32.0, 0.047619047619047616)	(33.0, 0.0)	(34.0, 0.0)	(35.0, 0.0)	(36.0, 0.0)	(37.0, 0.09090909090909091)	(38.0, 0.0)	(39.0, 0.0)	(40.0, 0.047619047619047616)	(41.0, 0.13852813852813853)	(42.0, 1.0000000000000002)	(43.0, 0.13852813852813853)	(44.0, 0.13852813852813853)	(45.0, 0.40022343248149705)	(46.0, 3.363636363636362)	(47.0, 5.4868035190615805)	(48.0, 40.958664990923204)	(49.0, 72.56328259554171)	(50.0, 72.94080784806697)	(51.0, 78.36279849183197)	(52.0, 399.0262533165415)	(53.0, 434.3795559278988)	(54.0, 374.8176372014808)	(55.0, 286.7994693478539)	(56.0, 211.72992598799547)	(57.0, 132.82837592515287)	(58.0, 88.57771260997217)	(59.0, 76.0726621049213)	(60.0, 6.906204906204902)	(61.0, 1.1861471861471862)	(62.0, 2.363636363636363)	(63.0, 1.2727272727272727)	(64.0, 0.8272727272727275)	(65.0, 0.36363636363636365)	(66.0, 0.09090909090909091)	(67.0, 0.0)	(68.0, 0.0)	(69.0, 0.0)	(70.0, 0.0)	(71.0, 0.0)	(72.0, 0.0)	(73.0, 0.0)	(74.0, 0.0)	(75.0, 0.0)	(76.0, 0.0)	(77.0, 0.0)	(78.0, 0.0)	(79.0, 0.0)	(80.0, 0.0)	(81.0, 0.0)	(82.0, 0.0)	(83.0, 0.0)	(84.0, 0.0)	(85.0, 0.0)	(86.0, 0.0)	(87.0, 0.0)	(88.0, 0.0)	(89.0, 0.0)	(90.0, 0.0)	(91.0, 0.0)	(92.0, 0.0)	(93.0, 0.0)	(94.0, 0.0)	(95.0, 0.0)	(96.0, 0.0)	(97.0, 0.0)	(98.0, 0.0)	(99.0, 0.0)	(100.0, 0.0)
SRR37797612_subreads	(0.0, 0.0)	(1.0, 0.0)	(2.0, 0.0)	(3.0, 0.0)	(4.0, 0.0)	(5.0, 0.0)	(6.0, 0.0)	(7.0, 0.0)	(8.0, 0.0)	(9.0, 0.0)	(10.0, 0.0)	(11.0, 0.0)	(12.0, 0.0)	(13.0, 0.0)	(14.0, 0.0)	(15.0, 0.0)	(16.0, 0.0)	(17.0, 0.0)	(18.0, 0.0)	(19.0, 0.0)	(20.0, 0.0)	(21.0, 0.0)	(22.0, 0.0)	(23.0, 0.0)	(24.0, 0.0)	(25.0, 0.0)	(26.0, 0.0)	(27.0, 0.0)	(28.0, 0.0)	(29.0, 0.0)	(30.0, 0.047619047619047616)	(31.0, 0.0)	(32.0, 0.0)	(33.0, 0.09090909090909091)	(34.0, 0.09090909090909091)	(35.0, 0.0)	(36.0, 0.06451612903225806)	(37.0, 0.3183436023719265)	(38.0, 0.047619047619047616)	(39.0, 0.18181818181818182)	(40.0, 0.11213517665130568)	(41.0, 0.21994134897360704)	(42.0, 1.0000000000000002)	(43.0, 2.0909090909090904)	(44.0, 0.31797235023041476)	(45.0, 0.476561728331988)	(46.0, 5.824837108865429)	(47.0, 10.428942680712955)	(48.0, 65.41553332584101)	(49.0, 175.3084764697707)	(50.0, 233.09956709957268)	(51.0, 240.41707283013884)	(52.0, 1073.5701717637821)	(53.0, 1182.347996089895)	(54.0, 802.6633129088211)	(55.0, 533.6247253925659)	(56.0, 297.2478227253939)	(57.0, 230.42614977469975)	(58.0, 134.02677817855124)	(59.0, 221.21840525066855)	(60.0, 22.12316715542522)	(61.0, 38.30931434157248)	(62.0, 1.9999999999999993)	(63.0, 2.138528138528138)	(64.0, 1.4545454545454544)	(65.0, 0.5930735930735932)	(66.0, 0.09090909090909091)	(67.0, 0.0)	(68.0, 0.0)	(69.0, 0.0)	(70.0, 0.0)	(71.0, 0.0)	(72.0, 0.0)	(73.0, 0.0)	(74.0, 0.0)	(75.0, 0.0)	(76.0, 0.0)	(77.0, 0.0)	(78.0, 0.0)	(79.0, 0.0)	(80.0, 0.0)	(81.0, 0.0)	(82.0, 0.0)	(83.0, 0.0)	(84.0, 0.0)	(85.0, 0.0)	(86.0, 0.0)	(87.0, 0.0)	(88.0, 0.0)	(89.0, 0.0)	(90.0, 0.0)	(91.0, 0.0)	(92.0, 0.0)	(93.0, 0.0)	(94.0, 0.0)	(95.0, 0.0)	(96.0, 0.0)	(97.0, 0.0)	(98.0, 0.0)	(99.0, 0.0)	(100.0, 0.0)
SRR37797613_subreads	(0.0, 0.0)	(1.0, 0.0)	(2.0, 0.0)	(3.0, 0.0)	(4.0, 0.0)	(5.0, 0.0)	(6.0, 0.0)	(7.0, 0.0)	(8.0, 0.0)	(9.0, 0.0)	(10.0, 0.0)	(11.0, 0.0)	(12.0, 0.0)	(13.0, 0.0)	(14.0, 0.0)	(15.0, 0.0)	(16.0, 0.0)	(17.0, 0.0)	(18.0, 0.0)	(19.0, 0.0)	(20.0, 0.0)	(21.0, 0.0)	(22.0, 0.0)	(23.0, 0.0)	(24.0, 0.0)	(25.0, 0.0)	(26.0, 0.0)	(27.0, 0.0)	(28.0, 0.09090909090909091)	(29.0, 0.18181818181818182)	(30.0, 0.0)	(31.0, 0.0)	(32.0, 0.09090909090909091)	(33.0, 0.0)	(34.0, 0.09090909090909091)	(35.0, 0.0)	(36.0, 0.047619047619047616)	(37.0, 0.12316715542521994)	(38.0, 0.07987711213517665)	(39.0, 0.12903225806451613)	(40.0, 0.0)	(41.0, 0.32958504909724423)	(42.0, 0.2635281385281385)	(43.0, 0.5516564397019805)	(44.0, 0.11213517665130568)	(45.0, 0.23963133640552994)	(46.0, 3.042452171484428)	(47.0, 8.6017316017316)	(48.0, 42.19787739142597)	(49.0, 108.06679473162764)	(50.0, 148.63645673323413)	(51.0, 154.72043010753023)	(52.0, 603.7493971977493)	(53.0, 666.6069589908162)	(54.0, 454.21142298556674)	(55.0, 275.72513036399806)	(56.0, 126.30682865521831)	(57.0, 118.94442117023)	(58.0, 117.9779360424545)	(59.0, 178.70418470418875)	(60.0, 20.33376623376625)	(61.0, 24.45454545454543)	(62.0, 2.081709956709956)	(63.0, 1.6839826839826837)	(64.0, 0.9090909090909093)	(65.0, 0.3246753246753247)	(66.0, 0.18181818181818182)	(67.0, 0.0)	(68.0, 0.0)	(69.0, 0.0)	(70.0, 0.0)	(71.0, 0.0)	(72.0, 0.0)	(73.0, 0.0)	(74.0, 0.0)	(75.0, 0.0)	(76.0, 0.0)	(77.0, 0.0)	(78.0, 0.0)	(79.0, 0.0)	(80.0, 0.0)	(81.0, 0.0)	(82.0, 0.0)	(83.0, 0.0)	(84.0, 0.0)	(85.0, 0.0)	(86.0, 0.0)	(87.0, 0.0)	(88.0, 0.0)	(89.0, 0.0)	(90.0, 0.0)	(91.0, 0.0)	(92.0, 0.0)	(93.0, 0.0)	(94.0, 0.0)	(95.0, 0.0)	(96.0, 0.0)	(97.0, 0.0)	(98.0, 0.0)	(99.0, 0.0)	(100.0, 0.0)
SRR37797614_subreads	(0.0, 0.0)	(1.0, 0.0)	(2.0, 0.0)	(3.0, 0.0)	(4.0, 0.0)	(5.0, 0.0)	(6.0, 0.0)	(7.0, 0.0)	(8.0, 0.0)	(9.0, 0.0)	(10.0, 0.0)	(11.0, 0.0)	(12.0, 0.0)	(13.0, 0.0)	(14.0, 0.0)	(15.0, 0.0)	(16.0, 0.0)	(17.0, 0.0)	(18.0, 0.0)	(19.0, 0.0)	(20.0, 0.0)	(21.0, 0.0)	(22.0, 0.0)	(23.0, 0.0)	(24.0, 0.0)	(25.0, 0.0)	(26.0, 0.0)	(27.0, 0.0)	(28.0, 0.0)	(29.0, 0.0)	(30.0, 0.0)	(31.0, 0.0)	(32.0, 0.0)	(33.0, 0.0)	(34.0, 0.0)	(35.0, 0.0)	(36.0, 0.09090909090909091)	(37.0, 0.09090909090909091)	(38.0, 0.0)	(39.0, 0.0)	(40.0, 0.0)	(41.0, 0.0)	(42.0, 0.18181818181818182)	(43.0, 0.2727272727272727)	(44.0, 0.0)	(45.0, 0.0)	(46.0, 1.1818181818181819)	(47.0, 3.5454545454545436)	(48.0, 21.918470418470424)	(49.0, 58.090909090909726)	(50.0, 82.55260438486377)	(51.0, 130.3584694875044)	(52.0, 569.7312758925194)	(53.0, 604.1104873620653)	(54.0, 381.6964111157366)	(55.0, 249.61653400363684)	(56.0, 133.40245775729923)	(57.0, 99.67448680352088)	(58.0, 85.33724340176093)	(59.0, 129.36363636363902)	(60.0, 13.395894428152536)	(61.0, 17.656565656565704)	(62.0, 2.363636363636363)	(63.0, 1.0000000000000002)	(64.0, 0.6363636363636365)	(65.0, 1.1818181818181819)	(66.0, 0.2727272727272727)	(67.0, 0.18181818181818182)	(68.0, 0.0)	(69.0, 0.0)	(70.0, 0.0)	(71.0, 0.0)	(72.0, 0.0)	(73.0, 0.0)	(74.0, 0.0)	(75.0, 0.0)	(76.0, 0.0)	(77.0, 0.0)	(78.0, 0.0)	(79.0, 0.0)	(80.0, 0.0)	(81.0, 0.0)	(82.0, 0.0)	(83.0, 0.0)	(84.0, 0.0)	(85.0, 0.0)	(86.0, 0.0)	(87.0, 0.0)	(88.0, 0.0)	(89.0, 0.0)	(90.0, 0.0)	(91.0, 0.0)	(92.0, 0.0)	(93.0, 0.0)	(94.0, 0.0)	(95.0, 0.0)	(96.0, 0.0)	(97.0, 0.0)	(98.0, 0.0)	(99.0, 0.0)	(100.0, 0.0)
SRR37797615_subreads	(0.0, 0.0)	(1.0, 0.0)	(2.0, 0.0)	(3.0, 0.0)	(4.0, 0.0)	(5.0, 0.0)	(6.0, 0.0)	(7.0, 0.0)	(8.0, 0.0)	(9.0, 0.0)	(10.0, 0.0)	(11.0, 0.0)	(12.0, 0.0)	(13.0, 0.0)	(14.0, 0.0)	(15.0, 0.0)	(16.0, 0.0)	(17.0, 0.0)	(18.0, 0.0)	(19.0, 0.0)	(20.0, 0.0)	(21.0, 0.0)	(22.0, 0.0)	(23.0, 0.0)	(24.0, 0.0)	(25.0, 0.0)	(26.0, 0.0)	(27.0, 0.0)	(28.0, 0.0)	(29.0, 0.0)	(30.0, 0.0)	(31.0, 0.0)	(32.0, 0.0)	(33.0, 0.0)	(34.0, 0.2)	(35.0, 0.0)	(36.0, 0.0)	(37.0, 0.0)	(38.0, 0.0)	(39.0, 0.09090909090909091)	(40.0, 0.0)	(41.0, 0.0)	(42.0, 0.0)	(43.0, 0.0)	(44.0, 0.12316715542521994)	(45.0, 0.18181818181818182)	(46.0, 2.4868035190615827)	(47.0, 9.94134897360705)	(48.0, 78.27272727272847)	(49.0, 132.24633431085317)	(50.0, 113.48680351906378)	(51.0, 172.79178885630887)	(52.0, 656.2396313363884)	(53.0, 623.6341293115204)	(54.0, 588.7741935483471)	(55.0, 420.1202346040654)	(56.0, 254.20527859238155)	(57.0, 193.65242284597568)	(58.0, 161.82404692082469)	(59.0, 189.24816715542957)	(60.0, 13.000000000000039)	(61.0, 4.636363636363634)	(62.0, 3.909090909090907)	(63.0, 3.6363636363636345)	(64.0, 3.5454545454545436)	(65.0, 1.4545454545454544)	(66.0, 0.18181818181818182)	(67.0, 0.0)	(68.0, 0.0)	(69.0, 0.0)	(70.0, 0.0)	(71.0, 0.0)	(72.0, 0.0)	(73.0, 0.0)	(74.0, 0.0)	(75.0, 0.0)	(76.0, 0.0)	(77.0, 0.0)	(78.0, 0.0)	(79.0, 0.0)	(80.0, 0.0)	(81.0, 0.0)	(82.0, 0.0)	(83.0, 0.0)	(84.0, 0.0)	(85.0, 0.0)	(86.0, 0.0)	(87.0, 0.0)	(88.0, 0.0)	(89.0, 0.0)	(90.0, 0.0)	(91.0, 0.0)	(92.0, 0.0)	(93.0, 0.0)	(94.0, 0.0)	(95.0, 0.0)	(96.0, 0.0)	(97.0, 0.0)	(98.0, 0.0)	(99.0, 0.0)	(100.0, 0.0)
SRR37797616_subreads	(0.0, 0.0)	(1.0, 0.0)	(2.0, 0.0)	(3.0, 0.0)	(4.0, 0.0)	(5.0, 0.0)	(6.0, 0.0)	(7.0, 0.0)	(8.0, 0.0)	(9.0, 0.0)	(10.0, 0.0)	(11.0, 0.0)	(12.0, 0.0)	(13.0, 0.0)	(14.0, 0.0)	(15.0, 0.0)	(16.0, 0.0)	(17.0, 0.0)	(18.0, 0.0)	(19.0, 0.0)	(20.0, 0.0)	(21.0, 0.0)	(22.0, 0.0)	(23.0, 0.0)	(24.0, 0.0)	(25.0, 0.0)	(26.0, 0.0)	(27.0, 0.0)	(28.0, 0.0)	(29.0, 0.0)	(30.0, 0.0)	(31.0, 0.0)	(32.0, 0.0)	(33.0, 0.0)	(34.0, 0.0)	(35.0, 0.0)	(36.0, 0.0)	(37.0, 0.0)	(38.0, 0.0)	(39.0, 0.0)	(40.0, 0.047619047619047616)	(41.0, 0.03225806451612903)	(42.0, 0.0)	(43.0, 0.13852813852813853)	(44.0, 0.047619047619047616)	(45.0, 0.047619047619047616)	(46.0, 5.597402597402594)	(47.0, 11.181818181818205)	(48.0, 54.454545454545986)	(49.0, 103.50216450216642)	(50.0, 104.42815249267056)	(51.0, 167.23013545594563)	(52.0, 524.0483172740614)	(53.0, 639.8077084205888)	(54.0, 590.3326449240341)	(55.0, 325.7403993855471)	(56.0, 233.39729088116744)	(57.0, 212.39072755202287)	(58.0, 153.6744868035224)	(59.0, 220.10708819112173)	(60.0, 24.36363636363634)	(61.0, 16.090909090909154)	(62.0, 4.9090909090909065)	(63.0, 3.0909090909090895)	(64.0, 1.9999999999999993)	(65.0, 0.9090909090909093)	(66.0, 0.09090909090909091)	(67.0, 0.0)	(68.0, 0.0)	(69.0, 0.0)	(70.0, 0.0)	(71.0, 0.0)	(72.0, 0.0)	(73.0, 0.0)	(74.0, 0.0)	(75.0, 0.0)	(76.0, 0.0)	(77.0, 0.0)	(78.0, 0.0)	(79.0, 0.0)	(80.0, 0.0)	(81.0, 0.0)	(82.0, 0.0)	(83.0, 0.0)	(84.0, 0.0)	(85.0, 0.0)	(86.0, 0.0)	(87.0, 0.0)	(88.0, 0.0)	(89.0, 0.0)	(90.0, 0.0)	(91.0, 0.0)	(92.0, 0.0)	(93.0, 0.0)	(94.0, 0.0)	(95.0, 0.0)	(96.0, 0.0)	(97.0, 0.0)	(98.0, 0.0)	(99.0, 0.0)	(100.0, 0.0)
SRR37797617_subreads	(0.0, 0.0)	(1.0, 0.0)	(2.0, 0.0)	(3.0, 0.0)	(4.0, 0.0)	(5.0, 0.0)	(6.0, 0.0)	(7.0, 0.0)	(8.0, 0.0)	(9.0, 0.0)	(10.0, 0.0)	(11.0, 0.0)	(12.0, 0.0)	(13.0, 0.0)	(14.0, 0.0)	(15.0, 0.0)	(16.0, 0.0)	(17.0, 0.0)	(18.0, 0.0)	(19.0, 0.0)	(20.0, 0.0)	(21.0, 0.0)	(22.0, 0.0)	(23.0, 0.0)	(24.0, 0.0)	(25.0, 0.0)	(26.0, 0.0)	(27.0, 0.0)	(28.0, 0.0)	(29.0, 0.0)	(30.0, 0.0)	(31.0, 0.0)	(32.0, 0.0)	(33.0, 0.0)	(34.0, 0.0)	(35.0, 0.0)	(36.0, 0.09090909090909091)	(37.0, 0.09090909090909091)	(38.0, 0.0)	(39.0, 0.047619047619047616)	(40.0, 0.047619047619047616)	(41.0, 0.1)	(42.0, 0.0)	(43.0, 0.14285714285714285)	(44.0, 0.125)	(45.0, 0.047619047619047616)	(46.0, 1.502164502164502)	(47.0, 8.27272727272727)	(48.0, 58.693073593074246)	(49.0, 97.10000000000174)	(50.0, 86.48680351906302)	(51.0, 138.3108504398856)	(52.0, 508.005865102574)	(53.0, 483.2834799608415)	(54.0, 418.20011171620104)	(55.0, 320.99706744866825)	(56.0, 201.77712609971144)	(57.0, 146.94721407624948)	(58.0, 121.04761904762147)	(59.0, 152.0212260857455)	(60.0, 11.558874458874485)	(61.0, 2.6363636363636354)	(62.0, 5.27272727272727)	(63.0, 3.363636363636362)	(64.0, 3.5454545454545436)	(65.0, 1.8181818181818177)	(66.0, 0.7272727272727274)	(67.0, 0.0)	(68.0, 0.0)	(69.0, 0.0)	(70.0, 0.0)	(71.0, 0.0)	(72.0, 0.0)	(73.0, 0.0)	(74.0, 0.0)	(75.0, 0.0)	(76.0, 0.0)	(77.0, 0.0)	(78.0, 0.0)	(79.0, 0.0)	(80.0, 0.0)	(81.0, 0.0)	(82.0, 0.0)	(83.0, 0.0)	(84.0, 0.0)	(85.0, 0.0)	(86.0, 0.0)	(87.0, 0.0)	(88.0, 0.0)	(89.0, 0.0)	(90.0, 0.0)	(91.0, 0.0)	(92.0, 0.0)	(93.0, 0.0)	(94.0, 0.0)	(95.0, 0.0)	(96.0, 0.0)	(97.0, 0.0)	(98.0, 0.0)	(99.0, 0.0)	(100.0, 0.0)
SRR37797618_subreads	(0.0, 0.0)	(1.0, 0.0)	(2.0, 0.0)	(3.0, 0.0)	(4.0, 0.0)	(5.0, 0.0)	(6.0, 0.0)	(7.0, 0.0)	(8.0, 0.0)	(9.0, 0.0)	(10.0, 0.0)	(11.0, 0.0)	(12.0, 0.0)	(13.0, 0.0)	(14.0, 0.0)	(15.0, 0.0)	(16.0, 0.0)	(17.0, 0.0)	(18.0, 0.0)	(19.0, 0.0)	(20.0, 0.0)	(21.0, 0.0)	(22.0, 0.0)	(23.0, 0.0)	(24.0, 0.0)	(25.0, 0.0)	(26.0, 0.0)	(27.0, 0.0)	(28.0, 0.2)	(29.0, 0.2)	(30.0, 0.0)	(31.0, 0.0)	(32.0, 0.0)	(33.0, 0.0)	(34.0, 0.0)	(35.0, 0.0)	(36.0, 0.09090909090909091)	(37.0, 0.0)	(38.0, 0.0)	(39.0, 0.0)	(40.0, 0.0)	(41.0, 0.0)	(42.0, 0.23376623376623376)	(43.0, 0.22943722943722944)	(44.0, 0.13852813852813853)	(45.0, 0.03225806451612903)	(46.0, 3.1428571428571415)	(47.0, 8.774891774891776)	(48.0, 34.73593073593071)	(49.0, 69.93031699483409)	(50.0, 68.91495601173114)	(51.0, 294.2191034771634)	(52.0, 586.2141460689437)	(53.0, 784.9583996648777)	(54.0, 398.05720688958843)	(55.0, 275.32644302982703)	(56.0, 199.3965926546618)	(57.0, 142.27859237536958)	(58.0, 94.00586510264094)	(59.0, 153.7595307917922)	(60.0, 8.047619047619042)	(61.0, 1.9999999999999993)	(62.0, 0.6363636363636365)	(63.0, 0.2727272727272727)	(64.0, 1.3636363636363635)	(65.0, 1.090909090909091)	(66.0, 0.0)	(67.0, 0.09090909090909091)	(68.0, 0.0)	(69.0, 0.0)	(70.0, 0.0)	(71.0, 0.0)	(72.0, 0.0)	(73.0, 0.0)	(74.0, 0.0)	(75.0, 0.0)	(76.0, 0.0)	(77.0, 0.0)	(78.0, 0.0)	(79.0, 0.0)	(80.0, 0.0)	(81.0, 0.0)	(82.0, 0.0)	(83.0, 0.0)	(84.0, 0.0)	(85.0, 0.0)	(86.0, 0.0)	(87.0, 0.0)	(88.0, 0.0)	(89.0, 0.0)	(90.0, 0.0)	(91.0, 0.0)	(92.0, 0.0)	(93.0, 0.0)	(94.0, 0.0)	(95.0, 0.0)	(96.0, 0.0)	(97.0, 0.0)	(98.0, 0.0)	(99.0, 0.0)	(100.0, 0.0)
SRR37797619_subreads	(0.0, 0.0)	(1.0, 0.0)	(2.0, 0.0)	(3.0, 0.0)	(4.0, 0.0)	(5.0, 0.0)	(6.0, 0.0)	(7.0, 0.0)	(8.0, 0.0)	(9.0, 0.0)	(10.0, 0.0)	(11.0, 0.0)	(12.0, 0.0)	(13.0, 0.0)	(14.0, 0.0)	(15.0, 0.0)	(16.0, 0.0)	(17.0, 0.0)	(18.0, 0.0)	(19.0, 0.0)	(20.0, 0.0)	(21.0, 0.0)	(22.0, 0.0)	(23.0, 0.0)	(24.0, 0.0)	(25.0, 0.0)	(26.0, 0.0)	(27.0, 0.0)	(28.0, 0.0)	(29.0, 0.0)	(30.0, 0.0)	(31.0, 0.0)	(32.0, 0.0)	(33.0, 0.0)	(34.0, 0.0)	(35.0, 0.0)	(36.0, 0.0)	(37.0, 0.2)	(38.0, 0.0)	(39.0, 0.2)	(40.0, 0.0)	(41.0, 0.09090909090909091)	(42.0, 0.0)	(43.0, 0.0)	(44.0, 0.047619047619047616)	(45.0, 0.0)	(46.0, 2.181818181818181)	(47.0, 9.727272727272737)	(48.0, 56.54545454545514)	(49.0, 97.90909090909267)	(50.0, 89.8826979472156)	(51.0, 130.09483312386806)	(52.0, 460.11213517659957)	(53.0, 443.32644302977945)	(54.0, 377.32644302979804)	(55.0, 290.54685099846034)	(56.0, 176.32258064516526)	(57.0, 130.6311967602317)	(58.0, 124.98896802122862)	(59.0, 145.7676767676799)	(60.0, 11.123167155425243)	(61.0, 3.454545454545453)	(62.0, 4.18181818181818)	(63.0, 2.909090909090908)	(64.0, 3.272727272727271)	(65.0, 1.7272727272727268)	(66.0, 0.2727272727272727)	(67.0, 0.09090909090909091)	(68.0, 0.0)	(69.0, 0.0)	(70.0, 0.0)	(71.0, 0.0)	(72.0, 0.0)	(73.0, 0.0)	(74.0, 0.0)	(75.0, 0.0)	(76.0, 0.0)	(77.0, 0.0)	(78.0, 0.0)	(79.0, 0.0)	(80.0, 0.0)	(81.0, 0.0)	(82.0, 0.0)	(83.0, 0.0)	(84.0, 0.0)	(85.0, 0.0)	(86.0, 0.0)	(87.0, 0.0)	(88.0, 0.0)	(89.0, 0.0)	(90.0, 0.0)	(91.0, 0.0)	(92.0, 0.0)	(93.0, 0.0)	(94.0, 0.0)	(95.0, 0.0)	(96.0, 0.0)	(97.0, 0.0)	(98.0, 0.0)	(99.0, 0.0)	(100.0, 0.0)
SRR37797620_subreads	(0.0, 0.0)	(1.0, 0.0)	(2.0, 0.0)	(3.0, 0.0)	(4.0, 0.0)	(5.0, 0.0)	(6.0, 0.0)	(7.0, 0.0)	(8.0, 0.0)	(9.0, 0.0)	(10.0, 0.0)	(11.0, 0.0)	(12.0, 0.0)	(13.0, 0.0)	(14.0, 0.0)	(15.0, 0.0)	(16.0, 0.0)	(17.0, 0.0)	(18.0, 0.0)	(19.0, 0.0)	(20.0, 0.0)	(21.0, 0.0)	(22.0, 0.0)	(23.0, 0.0)	(24.0, 0.0)	(25.0, 0.0)	(26.0, 0.0)	(27.0, 0.0)	(28.0, 0.0)	(29.0, 0.0)	(30.0, 0.0)	(31.0, 0.0)	(32.0, 0.0)	(33.0, 0.0)	(34.0, 0.0)	(35.0, 0.09090909090909091)	(36.0, 0.09090909090909091)	(37.0, 0.13852813852813853)	(38.0, 0.0)	(39.0, 0.047619047619047616)	(40.0, 0.0)	(41.0, 0.047619047619047616)	(42.0, 0.047619047619047616)	(43.0, 0.0)	(44.0, 0.03225806451612903)	(45.0, 0.0)	(46.0, 1.5454545454545452)	(47.0, 11.227272727272751)	(48.0, 64.72943722943803)	(49.0, 113.77489177489399)	(50.0, 100.22743451146466)	(51.0, 176.05315831122678)	(52.0, 545.8511381091478)	(53.0, 553.5622119815149)	(54.0, 477.5941442069912)	(55.0, 391.06744868031996)	(56.0, 246.4764697667983)	(57.0, 191.1348973607082)	(58.0, 134.33724340176232)	(59.0, 151.72727272727602)	(60.0, 13.818181818181865)	(61.0, 3.454545454545453)	(62.0, 2.727272727272726)	(63.0, 3.454545454545453)	(64.0, 3.1818181818181803)	(65.0, 1.5454545454545452)	(66.0, 0.09090909090909091)	(67.0, 0.0)	(68.0, 0.0)	(69.0, 0.0)	(70.0, 0.0)	(71.0, 0.0)	(72.0, 0.0)	(73.0, 0.0)	(74.0, 0.0)	(75.0, 0.0)	(76.0, 0.0)	(77.0, 0.0)	(78.0, 0.0)	(79.0, 0.0)	(80.0, 0.0)	(81.0, 0.0)	(82.0, 0.0)	(83.0, 0.0)	(84.0, 0.0)	(85.0, 0.0)	(86.0, 0.0)	(87.0, 0.0)	(88.0, 0.0)	(89.0, 0.0)	(90.0, 0.0)	(91.0, 0.0)	(92.0, 0.0)	(93.0, 0.0)	(94.0, 0.0)	(95.0, 0.0)	(96.0, 0.0)	(97.0, 0.0)	(98.0, 0.0)	(99.0, 0.0)	(100.0, 0.0)
SRR37797621_subreads	(0.0, 0.0)	(1.0, 0.0)	(2.0, 0.0)	(3.0, 0.0)	(4.0, 0.0)	(5.0, 0.0)	(6.0, 0.0)	(7.0, 0.0)	(8.0, 0.0)	(9.0, 0.0)	(10.0, 0.0)	(11.0, 0.0)	(12.0, 0.0)	(13.0, 0.0)	(14.0, 0.0)	(15.0, 0.0)	(16.0, 0.0)	(17.0, 0.0)	(18.0, 0.0)	(19.0, 0.0)	(20.0, 0.0)	(21.0, 0.0)	(22.0, 0.0)	(23.0, 0.0)	(24.0, 0.0)	(25.0, 0.0)	(26.0, 0.0)	(27.0, 0.0)	(28.0, 0.0)	(29.0, 0.0)	(30.0, 0.0)	(31.0, 0.0)	(32.0, 0.0)	(33.0, 0.0)	(34.0, 0.0)	(35.0, 0.0)	(36.0, 0.0)	(37.0, 0.0)	(38.0, 0.0)	(39.0, 0.09090909090909091)	(40.0, 0.0)	(41.0, 0.0)	(42.0, 0.047619047619047616)	(43.0, 0.5)	(44.0, 1.125)	(45.0, 0.5)	(46.0, 2.272727272727272)	(47.0, 5.27272727272727)	(48.0, 22.36363636363636)	(49.0, 41.27272727272743)	(50.0, 45.9090909090912)	(51.0, 54.82404692082166)	(52.0, 200.37019969278498)	(53.0, 298.95740818320866)	(54.0, 294.7888563049806)	(55.0, 326.7589245268101)	(56.0, 243.72434017595896)	(57.0, 71.55131964809485)	(58.0, 77.63636363636482)	(59.0, 101.18181818182003)	(60.0, 8.27272727272727)	(61.0, 6.36363636363636)	(62.0, 2.181818181818181)	(63.0, 1.9999999999999993)	(64.0, 0.7272727272727274)	(65.0, 0.4545454545454546)	(66.0, 0.0)	(67.0, 0.0)	(68.0, 0.0)	(69.0, 0.0)	(70.0, 0.0)	(71.0, 0.0)	(72.0, 0.0)	(73.0, 0.0)	(74.0, 0.0)	(75.0, 0.0)	(76.0, 0.0)	(77.0, 0.0)	(78.0, 0.0)	(79.0, 0.0)	(80.0, 0.0)	(81.0, 0.0)	(82.0, 0.0)	(83.0, 0.0)	(84.0, 0.0)	(85.0, 0.0)	(86.0, 0.0)	(87.0, 0.0)	(88.0, 0.0)	(89.0, 0.0)	(90.0, 0.0)	(91.0, 0.0)	(92.0, 0.0)	(93.0, 0.0)	(94.0, 0.0)	(95.0, 0.0)	(96.0, 0.0)	(97.0, 0.0)	(98.0, 0.0)	(99.0, 0.0)	(100.0, 0.0)
SRR37797622_subreads	(0.0, 0.0)	(1.0, 0.0)	(2.0, 0.0)	(3.0, 0.0)	(4.0, 0.0)	(5.0, 0.0)	(6.0, 0.0)	(7.0, 0.0)	(8.0, 0.0)	(9.0, 0.0)	(10.0, 0.0)	(11.0, 0.0)	(12.0, 0.0)	(13.0, 0.0)	(14.0, 0.0)	(15.0, 0.0)	(16.0, 0.0)	(17.0, 0.0)	(18.0, 0.0)	(19.0, 0.0)	(20.0, 0.0)	(21.0, 0.0)	(22.0, 0.0)	(23.0, 0.0)	(24.0, 0.0)	(25.0, 0.0)	(26.0, 0.0)	(27.0, 0.0)	(28.0, 0.0)	(29.0, 0.0)	(30.0, 0.0)	(31.0, 0.0)	(32.0, 0.0)	(33.0, 0.0)	(34.0, 0.0)	(35.0, 0.0)	(36.0, 0.0)	(37.0, 0.0)	(38.0, 0.0)	(39.0, 0.09090909090909091)	(40.0, 0.0)	(41.0, 0.0)	(42.0, 0.09090909090909091)	(43.0, 0.0)	(44.0, 0.03225806451612903)	(45.0, 0.047619047619047616)	(46.0, 5.090909090909088)	(47.0, 11.502164502164527)	(48.0, 50.03225806451653)	(49.0, 88.08420611646567)	(50.0, 89.63017269469034)	(51.0, 112.15542521994352)	(52.0, 391.1951764469145)	(53.0, 516.048610529191)	(54.0, 459.60703812311584)	(55.0, 244.75982404692672)	(56.0, 175.4992319508488)	(57.0, 156.2206395754817)	(58.0, 134.72727272727553)	(59.0, 193.12316715542968)	(60.0, 22.9090909090909)	(61.0, 18.545454545454582)	(62.0, 5.181818181818179)	(63.0, 2.0909090909090904)	(64.0, 2.4545454545454537)	(65.0, 1.3636363636363635)	(66.0, 0.09090909090909091)	(67.0, 0.09090909090909091)	(68.0, 0.0)	(69.0, 0.0)	(70.0, 0.0)	(71.0, 0.0)	(72.0, 0.0)	(73.0, 0.0)	(74.0, 0.0)	(75.0, 0.0)	(76.0, 0.0)	(77.0, 0.0)	(78.0, 0.0)	(79.0, 0.0)	(80.0, 0.0)	(81.0, 0.0)	(82.0, 0.0)	(83.0, 0.0)	(84.0, 0.0)	(85.0, 0.0)	(86.0, 0.0)	(87.0, 0.0)	(88.0, 0.0)	(89.0, 0.0)	(90.0, 0.0)	(91.0, 0.0)	(92.0, 0.0)	(93.0, 0.0)	(94.0, 0.0)	(95.0, 0.0)	(96.0, 0.0)	(97.0, 0.0)	(98.0, 0.0)	(99.0, 0.0)	(100.0, 0.0)
SRR37797623_subreads	(0.0, 0.0)	(1.0, 0.0)	(2.0, 0.0)	(3.0, 0.0)	(4.0, 0.0)	(5.0, 0.0)	(6.0, 0.0)	(7.0, 0.0)	(8.0, 0.0)	(9.0, 0.0)	(10.0, 0.0)	(11.0, 0.0)	(12.0, 0.0)	(13.0, 0.0)	(14.0, 0.0)	(15.0, 0.0)	(16.0, 0.0)	(17.0, 0.0)	(18.0, 0.0)	(19.0, 0.0)	(20.0, 0.0)	(21.0, 0.0)	(22.0, 0.0)	(23.0, 0.0)	(24.0, 0.0)	(25.0, 0.0)	(26.0, 0.0)	(27.0, 0.0)	(28.0, 0.0)	(29.0, 0.0)	(30.0, 0.0)	(31.0, 0.0)	(32.0, 0.0)	(33.0, 0.0)	(34.0, 0.0)	(35.0, 0.09090909090909091)	(36.0, 0.0)	(37.0, 0.047619047619047616)	(38.0, 0.0)	(39.0, 0.0)	(40.0, 0.0)	(41.0, 0.0)	(42.0, 0.09090909090909091)	(43.0, 0.2727272727272727)	(44.0, 1.0000000000000002)	(45.0, 0.6363636363636365)	(46.0, 2.7613636363636354)	(47.0, 4.727272727272725)	(48.0, 40.683982683982826)	(49.0, 83.36363636363771)	(50.0, 78.0000000000012)	(51.0, 122.91495601173267)	(52.0, 590.0805753386002)	(53.0, 713.3639331099033)	(54.0, 538.9585428012281)	(55.0, 405.64092424749714)	(56.0, 176.54252199413887)	(57.0, 107.75436391565628)	(58.0, 62.557184750733896)	(59.0, 60.414076246335014)	(60.0, 8.199999999999998)	(61.0, 1.4868035190615834)	(62.0, 2.2616952939533577)	(63.0, 1.5454545454545452)	(64.0, 3.6363636363636345)	(65.0, 1.7272727272727268)	(66.0, 0.2727272727272727)	(67.0, 0.09090909090909091)	(68.0, 0.0)	(69.0, 0.0)	(70.0, 0.0)	(71.0, 0.0)	(72.0, 0.0)	(73.0, 0.0)	(74.0, 0.0)	(75.0, 0.0)	(76.0, 0.0)	(77.0, 0.0)	(78.0, 0.0)	(79.0, 0.0)	(80.0, 0.0)	(81.0, 0.0)	(82.0, 0.0)	(83.0, 0.0)	(84.0, 0.0)	(85.0, 0.0)	(86.0, 0.0)	(87.0, 0.0)	(88.0, 0.0)	(89.0, 0.0)	(90.0, 0.0)	(91.0, 0.0)	(92.0, 0.0)	(93.0, 0.0)	(94.0, 0.0)	(95.0, 0.0)	(96.0, 0.0)	(97.0, 0.0)	(98.0, 0.0)	(99.0, 0.0)	(100.0, 0.0)
SRR37797624_subreads	(0.0, 0.0)	(1.0, 0.0)	(2.0, 0.0)	(3.0, 0.0)	(4.0, 0.0)	(5.0, 0.0)	(6.0, 0.0)	(7.0, 0.0)	(8.0, 0.0)	(9.0, 0.0)	(10.0, 0.0)	(11.0, 0.0)	(12.0, 0.0)	(13.0, 0.0)	(14.0, 0.0)	(15.0, 0.0)	(16.0, 0.0)	(17.0, 0.0)	(18.0, 0.0)	(19.0, 0.0)	(20.0, 0.0)	(21.0, 0.0)	(22.0, 0.0)	(23.0, 0.0)	(24.0, 0.0)	(25.0, 0.0)	(26.0, 0.0)	(27.0, 0.0)	(28.0, 0.0)	(29.0, 0.0)	(30.0, 0.0)	(31.0, 0.0)	(32.0, 0.0)	(33.0, 0.0)	(34.0, 0.09090909090909091)	(35.0, 0.0)	(36.0, 0.0)	(37.0, 0.0)	(38.0, 0.0)	(39.0, 0.0)	(40.0, 0.09090909090909091)	(41.0, 0.0)	(42.0, 0.0)	(43.0, 0.09523809523809523)	(44.0, 0.0)	(45.0, 0.3333333333333333)	(46.0, 3.606060606060604)	(47.0, 12.229437229437261)	(48.0, 66.8181818181827)	(49.0, 106.97360703812518)	(50.0, 90.07987711213671)	(51.0, 171.68984778662585)	(52.0, 531.8836056416106)	(53.0, 561.2502618348899)	(54.0, 482.3936601032798)	(55.0, 375.97397942556466)	(56.0, 224.8882372108232)	(57.0, 178.22911139040573)	(58.0, 151.358469487505)	(59.0, 167.90909090909466)	(60.0, 14.545454545454598)	(61.0, 4.727272727272725)	(62.0, 4.047619047619046)	(63.0, 3.818181818181816)	(64.0, 4.727272727272725)	(65.0, 2.727272727272726)	(66.0, 0.0)	(67.0, 0.0)	(68.0, 0.0)	(69.0, 0.0)	(70.0, 0.0)	(71.0, 0.0)	(72.0, 0.0)	(73.0, 0.0)	(74.0, 0.0)	(75.0, 0.0)	(76.0, 0.0)	(77.0, 0.0)	(78.0, 0.0)	(79.0, 0.0)	(80.0, 0.0)	(81.0, 0.0)	(82.0, 0.0)	(83.0, 0.0)	(84.0, 0.0)	(85.0, 0.0)	(86.0, 0.0)	(87.0, 0.0)	(88.0, 0.0)	(89.0, 0.0)	(90.0, 0.0)	(91.0, 0.0)	(92.0, 0.0)	(93.0, 0.0)	(94.0, 0.0)	(95.0, 0.0)	(96.0, 0.0)	(97.0, 0.0)	(98.0, 0.0)	(99.0, 0.0)	(100.0, 0.0)
SRR37797625_subreads	(0.0, 0.0)	(1.0, 0.0)	(2.0, 0.0)	(3.0, 0.0)	(4.0, 0.0)	(5.0, 0.0)	(6.0, 0.0)	(7.0, 0.0)	(8.0, 0.0)	(9.0, 0.0)	(10.0, 0.0)	(11.0, 0.0)	(12.0, 0.0)	(13.0, 0.0)	(14.0, 0.0)	(15.0, 0.0)	(16.0, 0.0)	(17.0, 0.0)	(18.0, 0.0)	(19.0, 0.0)	(20.0, 0.0)	(21.0, 0.0)	(22.0, 0.0)	(23.0, 0.0)	(24.0, 0.0)	(25.0, 0.0)	(26.0, 0.0)	(27.0, 0.0)	(28.0, 0.0)	(29.0, 0.0)	(30.0, 0.0)	(31.0, 0.0)	(32.0, 0.0)	(33.0, 0.0)	(34.0, 0.0)	(35.0, 0.09090909090909091)	(36.0, 0.09090909090909091)	(37.0, 0.09090909090909091)	(38.0, 0.0)	(39.0, 0.09090909090909091)	(40.0, 0.0)	(41.0, 0.0)	(42.0, 0.09090909090909091)	(43.0, 0.13852813852813853)	(44.0, 0.0)	(45.0, 0.09090909090909091)	(46.0, 1.1818181818181819)	(47.0, 3.9567099567099544)	(48.0, 37.63636363636369)	(49.0, 109.36363636363845)	(50.0, 106.42028467205694)	(51.0, 152.44351347577484)	(52.0, 535.1920122887279)	(53.0, 598.0240155857413)	(54.0, 421.85923753661626)	(55.0, 264.15612344644995)	(56.0, 219.96257505935446)	(57.0, 188.07987711213949)	(58.0, 124.82404692082363)	(59.0, 158.18181818182165)	(60.0, 16.909090909090963)	(61.0, 20.09090909090911)	(62.0, 3.6363636363636345)	(63.0, 2.818181818181817)	(64.0, 1.3636363636363635)	(65.0, 0.6363636363636365)	(66.0, 0.09090909090909091)	(67.0, 0.2727272727272727)	(68.0, 0.0)	(69.0, 0.0)	(70.0, 0.0)	(71.0, 0.0)	(72.0, 0.0)	(73.0, 0.0)	(74.0, 0.0)	(75.0, 0.0)	(76.0, 0.0)	(77.0, 0.0)	(78.0, 0.0)	(79.0, 0.0)	(80.0, 0.0)	(81.0, 0.0)	(82.0, 0.0)	(83.0, 0.0)	(84.0, 0.0)	(85.0, 0.0)	(86.0, 0.0)	(87.0, 0.0)	(88.0, 0.0)	(89.0, 0.0)	(90.0, 0.0)	(91.0, 0.0)	(92.0, 0.0)	(93.0, 0.0)	(94.0, 0.0)	(95.0, 0.0)	(96.0, 0.0)	(97.0, 0.0)	(98.0, 0.0)	(99.0, 0.0)	(100.0, 0.0)
SRR37797626_subreads	(0.0, 0.0)	(1.0, 0.0)	(2.0, 0.0)	(3.0, 0.0)	(4.0, 0.0)	(5.0, 0.0)	(6.0, 0.0)	(7.0, 0.0)	(8.0, 0.0)	(9.0, 0.0)	(10.0, 0.0)	(11.0, 0.0)	(12.0, 0.0)	(13.0, 0.0)	(14.0, 0.0)	(15.0, 0.0)	(16.0, 0.0)	(17.0, 0.0)	(18.0, 0.0)	(19.0, 0.0)	(20.0, 0.0)	(21.0, 0.0)	(22.0, 0.0)	(23.0, 0.0)	(24.0, 0.0)	(25.0, 0.0)	(26.0, 0.0)	(27.0, 0.0)	(28.0, 0.0)	(29.0, 0.0)	(30.0, 0.0)	(31.0, 0.0)	(32.0, 0.0)	(33.0, 0.0)	(34.0, 0.0)	(35.0, 0.0)	(36.0, 0.0)	(37.0, 0.0)	(38.0, 0.09090909090909091)	(39.0, 0.09090909090909091)	(40.0, 0.0)	(41.0, 0.0)	(42.0, 0.0)	(43.0, 0.2727272727272727)	(44.0, 0.09090909090909091)	(45.0, 0.09090909090909091)	(46.0, 2.818181818181817)	(47.0, 5.27272727272727)	(48.0, 35.454545454545446)	(49.0, 61.30498533724413)	(50.0, 112.18181818182035)	(51.0, 113.64222873900513)	(52.0, 472.6460911236127)	(53.0, 393.64879206811406)	(54.0, 371.7660941209063)	(55.0, 241.54647634034524)	(56.0, 141.93255131965108)	(57.0, 155.86217008797993)	(58.0, 103.53442256668255)	(59.0, 137.62533165759262)	(60.0, 13.272727272727314)	(61.0, 11.000000000000021)	(62.0, 9.90909090909092)	(63.0, 4.727272727272725)	(64.0, 1.8181818181818177)	(65.0, 0.4545454545454546)	(66.0, 0.09090909090909091)	(67.0, 0.0)	(68.0, 0.0)	(69.0, 0.0)	(70.0, 0.0)	(71.0, 0.0)	(72.0, 0.0)	(73.0, 0.0)	(74.0, 0.0)	(75.0, 0.0)	(76.0, 0.0)	(77.0, 0.0)	(78.0, 0.0)	(79.0, 0.0)	(80.0, 0.0)	(81.0, 0.0)	(82.0, 0.0)	(83.0, 0.0)	(84.0, 0.0)	(85.0, 0.0)	(86.0, 0.0)	(87.0, 0.0)	(88.0, 0.0)	(89.0, 0.0)	(90.0, 0.0)	(91.0, 0.0)	(92.0, 0.0)	(93.0, 0.0)	(94.0, 0.0)	(95.0, 0.0)	(96.0, 0.0)	(97.0, 0.0)	(98.0, 0.0)	(99.0, 0.0)	(100.0, 0.0)
SRR37797627_subreads	(0.0, 0.0)	(1.0, 0.0)	(2.0, 0.0)	(3.0, 0.0)	(4.0, 0.0)	(5.0, 0.0)	(6.0, 0.0)	(7.0, 0.0)	(8.0, 0.0)	(9.0, 0.0)	(10.0, 0.0)	(11.0, 0.0)	(12.0, 0.0)	(13.0, 0.0)	(14.0, 0.0)	(15.0, 0.0)	(16.0, 0.0)	(17.0, 0.0)	(18.0, 0.0)	(19.0, 0.0)	(20.0, 0.0)	(21.0, 0.0)	(22.0, 0.0)	(23.0, 0.0)	(24.0, 0.0)	(25.0, 0.0)	(26.0, 0.0)	(27.0, 0.0)	(28.0, 0.0)	(29.0, 0.0)	(30.0, 0.0)	(31.0, 0.0)	(32.0, 0.0)	(33.0, 0.0)	(34.0, 0.09090909090909091)	(35.0, 0.0)	(36.0, 0.0)	(37.0, 0.047619047619047616)	(38.0, 0.0)	(39.0, 0.047619047619047616)	(40.0, 0.09523809523809523)	(41.0, 0.18181818181818182)	(42.0, 0.047619047619047616)	(43.0, 0.5151515151515151)	(44.0, 0.15188640365666328)	(45.0, 0.4368105013266303)	(46.0, 1.4242424242424243)	(47.0, 4.120793185309312)	(48.0, 36.95587208490438)	(49.0, 89.89568496020263)	(50.0, 68.79935763161663)	(51.0, 131.75399618303118)	(52.0, 618.4365188890503)	(53.0, 703.5087045570903)	(54.0, 428.1705178649728)	(55.0, 436.9262824660686)	(56.0, 351.487533194122)	(57.0, 258.0893986510093)	(58.0, 129.88266192894704)	(59.0, 202.55693338919613)	(60.0, 17.958455522971697)	(61.0, 7.019061583577708)	(62.0, 3.0409160731741363)	(63.0, 2.272727272727272)	(64.0, 0.9567099567099568)	(65.0, 0.9292929292929295)	(66.0, 0.29292929292929293)	(67.0, 0.09090909090909091)	(68.0, 0.0)	(69.0, 0.0)	(70.0, 0.0)	(71.0, 0.0)	(72.0, 0.0)	(73.0, 0.0)	(74.0, 0.0)	(75.0, 0.0)	(76.0, 0.0)	(77.0, 0.0)	(78.0, 0.0)	(79.0, 0.0)	(80.0, 0.0)	(81.0, 0.0)	(82.0, 0.0)	(83.0, 0.0)	(84.0, 0.0)	(85.0, 0.0)	(86.0, 0.0)	(87.0, 0.0)	(88.0, 0.0)	(89.0, 0.0)	(90.0, 0.0)	(91.0, 0.0)	(92.0, 0.0)	(93.0, 0.0)	(94.0, 0.0)	(95.0, 0.0)	(96.0, 0.0)	(97.0, 0.0)	(98.0, 0.0)	(99.0, 0.0)	(100.0, 0.0)
SRR37797628_subreads	(0.0, 0.0)	(1.0, 0.0)	(2.0, 0.0)	(3.0, 0.0)	(4.0, 0.0)	(5.0, 0.0)	(6.0, 0.0)	(7.0, 0.0)	(8.0, 0.0)	(9.0, 0.0)	(10.0, 0.0)	(11.0, 0.0)	(12.0, 0.0)	(13.0, 0.0)	(14.0, 0.0)	(15.0, 0.0)	(16.0, 0.0)	(17.0, 0.0)	(18.0, 0.0)	(19.0, 0.0)	(20.0, 0.0)	(21.0, 0.0)	(22.0, 0.0)	(23.0, 0.0)	(24.0, 0.0)	(25.0, 0.0)	(26.0, 0.0)	(27.0, 0.0)	(28.0, 0.0)	(29.0, 0.0)	(30.0, 0.0)	(31.0, 0.0)	(32.0, 0.0)	(33.0, 0.0)	(34.0, 0.0)	(35.0, 0.0)	(36.0, 0.0)	(37.0, 0.0)	(38.0, 0.0)	(39.0, 0.0)	(40.0, 0.047619047619047616)	(41.0, 0.24963924963924963)	(42.0, 0.1)	(43.0, 0.22943722943722944)	(44.0, 0.047619047619047616)	(45.0, 0.047619047619047616)	(46.0, 0.9889680212260858)	(47.0, 2.9134199134199124)	(48.0, 22.28138528138528)	(49.0, 45.80714983940819)	(50.0, 42.69264069264089)	(51.0, 88.031420192712)	(52.0, 405.6746962714342)	(53.0, 518.9166492109401)	(54.0, 470.2043243494313)	(55.0, 262.195352138905)	(56.0, 219.51152073733238)	(57.0, 160.90542521994487)	(58.0, 89.25232628635614)	(59.0, 84.3203463203477)	(60.0, 19.516096448354542)	(61.0, 5.49292929292929)	(62.0, 8.64351347577154)	(63.0, 0.9090909090909093)	(64.0, 0.8181818181818183)	(65.0, 1.090909090909091)	(66.0, 0.18181818181818182)	(67.0, 0.09090909090909091)	(68.0, 0.0)	(69.0, 0.0)	(70.0, 0.0)	(71.0, 0.0)	(72.0, 0.0)	(73.0, 0.0)	(74.0, 0.0)	(75.0, 0.0)	(76.0, 0.0)	(77.0, 0.0)	(78.0, 0.0)	(79.0, 0.0)	(80.0, 0.0)	(81.0, 0.0)	(82.0, 0.0)	(83.0, 0.0)	(84.0, 0.0)	(85.0, 0.0)	(86.0, 0.0)	(87.0, 0.0)	(88.0, 0.0)	(89.0, 0.0)	(90.0, 0.0)	(91.0, 0.0)	(92.0, 0.0)	(93.0, 0.0)	(94.0, 0.0)	(95.0, 0.0)	(96.0, 0.0)	(97.0, 0.0)	(98.0, 0.0)	(99.0, 0.0)	(100.0, 0.0)
SRR37797629_subreads	(0.0, 0.0)	(1.0, 0.0)	(2.0, 0.0)	(3.0, 0.0)	(4.0, 0.0)	(5.0, 0.0)	(6.0, 0.0)	(7.0, 0.0)	(8.0, 0.0)	(9.0, 0.0)	(10.0, 0.0)	(11.0, 0.0)	(12.0, 0.0)	(13.0, 0.0)	(14.0, 0.0)	(15.0, 0.0)	(16.0, 0.0)	(17.0, 0.0)	(18.0, 0.0)	(19.0, 0.0)	(20.0, 0.0)	(21.0, 0.0)	(22.0, 0.0)	(23.0, 0.0)	(24.0, 0.0)	(25.0, 0.0)	(26.0, 0.0)	(27.0, 0.0)	(28.0, 0.0)	(29.0, 0.0)	(30.0, 0.0)	(31.0, 0.0)	(32.0, 0.0)	(33.0, 0.0)	(34.0, 0.0)	(35.0, 0.0)	(36.0, 0.0)	(37.0, 0.047619047619047616)	(38.0, 0.0)	(39.0, 0.047619047619047616)	(40.0, 0.09090909090909091)	(41.0, 0.0)	(42.0, 0.2635281385281385)	(43.0, 0.0)	(44.0, 0.0)	(45.0, 0.17078620304426756)	(46.0, 0.8181818181818183)	(47.0, 3.367965367965366)	(48.0, 31.155425219941254)	(49.0, 75.82727272727386)	(50.0, 55.12316715542577)	(51.0, 99.58357771261178)	(52.0, 411.0805753386021)	(53.0, 454.62693757850053)	(54.0, 300.7600416892249)	(55.0, 236.34543479075913)	(56.0, 178.4033887259734)	(57.0, 163.29311548666746)	(58.0, 112.716240748501)	(59.0, 157.40022343248495)	(60.0, 15.309314341572465)	(61.0, 3.2140762463343093)	(62.0, 2.5795454545454537)	(63.0, 1.3636363636363635)	(64.0, 1.0476190476190477)	(65.0, 0.7272727272727274)	(66.0, 0.0)	(67.0, 0.09090909090909091)	(68.0, 0.0)	(69.0, 0.0)	(70.0, 0.0)	(71.0, 0.0)	(72.0, 0.0)	(73.0, 0.0)	(74.0, 0.0)	(75.0, 0.0)	(76.0, 0.0)	(77.0, 0.0)	(78.0, 0.0)	(79.0, 0.0)	(80.0, 0.0)	(81.0, 0.0)	(82.0, 0.0)	(83.0, 0.0)	(84.0, 0.0)	(85.0, 0.0)	(86.0, 0.0)	(87.0, 0.0)	(88.0, 0.0)	(89.0, 0.0)	(90.0, 0.0)	(91.0, 0.0)	(92.0, 0.0)	(93.0, 0.0)	(94.0, 0.0)	(95.0, 0.0)	(96.0, 0.0)	(97.0, 0.0)	(98.0, 0.0)	(99.0, 0.0)	(100.0, 0.0)
SRR37797630_subreads	(0.0, 0.0)	(1.0, 0.0)	(2.0, 0.0)	(3.0, 0.0)	(4.0, 0.0)	(5.0, 0.0)	(6.0, 0.0)	(7.0, 0.0)	(8.0, 0.0)	(9.0, 0.0)	(10.0, 0.0)	(11.0, 0.0)	(12.0, 0.0)	(13.0, 0.0)	(14.0, 0.0)	(15.0, 0.0)	(16.0, 0.0)	(17.0, 0.0)	(18.0, 0.0)	(19.0, 0.0)	(20.0, 0.0)	(21.0, 0.0)	(22.0, 0.0)	(23.0, 0.0)	(24.0, 0.0)	(25.0, 0.0)	(26.0, 0.0)	(27.0, 0.0)	(28.0, 0.0)	(29.0, 0.0)	(30.0, 0.0)	(31.0, 0.0)	(32.0, 0.0)	(33.0, 0.0)	(34.0, 0.0)	(35.0, 0.0)	(36.0, 0.09090909090909091)	(37.0, 0.0)	(38.0, 0.0)	(39.0, 0.12316715542521994)	(40.0, 0.0)	(41.0, 0.0)	(42.0, 0.09090909090909091)	(43.0, 0.1111111111111111)	(44.0, 0.0)	(45.0, 0.0)	(46.0, 0.46796536796536803)	(47.0, 3.3496392496392478)	(48.0, 36.277056277056296)	(49.0, 57.63636363636426)	(50.0, 64.81668063119758)	(51.0, 85.40542521994274)	(52.0, 438.8299120234148)	(53.0, 586.9706744867628)	(54.0, 384.907066052197)	(55.0, 298.81273099659603)	(56.0, 236.77533284968945)	(57.0, 146.62016478145824)	(58.0, 48.64655774333231)	(59.0, 41.859097891356136)	(60.0, 4.3636363636363615)	(61.0, 0.9090909090909093)	(62.0, 1.5454545454545452)	(63.0, 1.0000000000000002)	(64.0, 1.2727272727272727)	(65.0, 1.2727272727272727)	(66.0, 0.0)	(67.0, 0.0)	(68.0, 0.0)	(69.0, 0.0)	(70.0, 0.0)	(71.0, 0.0)	(72.0, 0.0)	(73.0, 0.0)	(74.0, 0.0)	(75.0, 0.0)	(76.0, 0.0)	(77.0, 0.0)	(78.0, 0.0)	(79.0, 0.0)	(80.0, 0.0)	(81.0, 0.0)	(82.0, 0.0)	(83.0, 0.0)	(84.0, 0.0)	(85.0, 0.0)	(86.0, 0.0)	(87.0, 0.0)	(88.0, 0.0)	(89.0, 0.0)	(90.0, 0.0)	(91.0, 0.0)	(92.0, 0.0)	(93.0, 0.0)	(94.0, 0.0)	(95.0, 0.0)	(96.0, 0.0)	(97.0, 0.0)	(98.0, 0.0)	(99.0, 0.0)	(100.0, 0.0)
SRR37797632_subreads	(0.0, 0.0)	(1.0, 0.0)	(2.0, 0.0)	(3.0, 0.0)	(4.0, 0.0)	(5.0, 0.0)	(6.0, 0.0)	(7.0, 0.0)	(8.0, 0.0)	(9.0, 0.0)	(10.0, 0.0)	(11.0, 0.0)	(12.0, 0.0)	(13.0, 0.0)	(14.0, 0.0)	(15.0, 0.0)	(16.0, 0.0)	(17.0, 0.0)	(18.0, 0.0)	(19.0, 0.0)	(20.0, 0.0)	(21.0, 0.0)	(22.0, 0.0)	(23.0, 0.0)	(24.0, 0.0)	(25.0, 0.0)	(26.0, 0.0)	(27.0, 0.0)	(28.0, 0.0)	(29.0, 0.0)	(30.0, 0.0)	(31.0, 0.0)	(32.0, 0.0)	(33.0, 0.0)	(34.0, 0.0)	(35.0, 0.0)	(36.0, 0.0)	(37.0, 0.0)	(38.0, 0.0)	(39.0, 0.0)	(40.0, 0.0)	(41.0, 0.0)	(42.0, 0.0)	(43.0, 0.0)	(44.0, 0.13852813852813853)	(45.0, 0.09090909090909091)	(46.0, 1.4242424242424243)	(47.0, 8.27272727272727)	(48.0, 52.54545454545502)	(49.0, 69.36363636363731)	(50.0, 82.00000000000131)	(51.0, 137.11213517665416)	(52.0, 505.73700021451225)	(53.0, 467.90108344312245)	(54.0, 402.28934506350345)	(55.0, 254.68035190616456)	(56.0, 195.94204720011624)	(57.0, 143.24633431085348)	(58.0, 89.02251082251233)	(59.0, 75.5838383838395)	(60.0, 6.999999999999996)	(61.0, 1.8181818181818177)	(62.0, 2.613636363636363)	(63.0, 2.5454545454545445)	(64.0, 2.5454545454545445)	(65.0, 0.6363636363636365)	(66.0, 0.18181818181818182)	(67.0, 0.0)	(68.0, 0.0)	(69.0, 0.0)	(70.0, 0.0)	(71.0, 0.0)	(72.0, 0.0)	(73.0, 0.0)	(74.0, 0.0)	(75.0, 0.0)	(76.0, 0.0)	(77.0, 0.0)	(78.0, 0.0)	(79.0, 0.0)	(80.0, 0.0)	(81.0, 0.0)	(82.0, 0.0)	(83.0, 0.0)	(84.0, 0.0)	(85.0, 0.0)	(86.0, 0.0)	(87.0, 0.0)	(88.0, 0.0)	(89.0, 0.0)	(90.0, 0.0)	(91.0, 0.0)	(92.0, 0.0)	(93.0, 0.0)	(94.0, 0.0)	(95.0, 0.0)	(96.0, 0.0)	(97.0, 0.0)	(98.0, 0.0)	(99.0, 0.0)	(100.0, 0.0)
SRR37797633_subreads	(0.0, 0.0)	(1.0, 0.0)	(2.0, 0.0)	(3.0, 0.0)	(4.0, 0.0)	(5.0, 0.0)	(6.0, 0.0)	(7.0, 0.0)	(8.0, 0.0)	(9.0, 0.0)	(10.0, 0.0)	(11.0, 0.0)	(12.0, 0.0)	(13.0, 0.0)	(14.0, 0.0)	(15.0, 0.0)	(16.0, 0.0)	(17.0, 0.0)	(18.0, 0.0)	(19.0, 0.0)	(20.0, 0.0)	(21.0, 0.0)	(22.0, 0.0)	(23.0, 0.0)	(24.0, 0.0)	(25.0, 0.0)	(26.0, 0.0)	(27.0, 0.0)	(28.0, 0.0)	(29.0, 0.0)	(30.0, 0.0)	(31.0, 0.0)	(32.0, 0.0)	(33.0, 0.0)	(34.0, 0.0)	(35.0, 0.0)	(36.0, 0.0)	(37.0, 0.09090909090909091)	(38.0, 0.09090909090909091)	(39.0, 0.0)	(40.0, 0.0)	(41.0, 0.0)	(42.0, 0.0)	(43.0, 0.0)	(44.0, 0.21407624633431085)	(45.0, 0.18181818181818182)	(46.0, 0.7272727272727274)	(47.0, 3.7272727272727253)	(48.0, 34.99999999999998)	(49.0, 57.012987012987615)	(50.0, 50.203044267560806)	(51.0, 102.9149560117321)	(52.0, 388.535120793154)	(53.0, 527.312246892831)	(54.0, 401.0519480519134)	(55.0, 308.5503119028799)	(56.0, 254.77126099707365)	(57.0, 139.97360703812612)	(58.0, 55.75953079178942)	(59.0, 60.909090909091624)	(60.0, 4.9413489736070355)	(61.0, 1.9090909090909085)	(62.0, 1.9999999999999993)	(63.0, 2.9999999999999987)	(64.0, 3.0909090909090895)	(65.0, 1.4545454545454544)	(66.0, 0.09090909090909091)	(67.0, 0.0)	(68.0, 0.0)	(69.0, 0.0)	(70.0, 0.0)	(71.0, 0.0)	(72.0, 0.0)	(73.0, 0.0)	(74.0, 0.0)	(75.0, 0.0)	(76.0, 0.0)	(77.0, 0.0)	(78.0, 0.0)	(79.0, 0.0)	(80.0, 0.0)	(81.0, 0.0)	(82.0, 0.0)	(83.0, 0.0)	(84.0, 0.0)	(85.0, 0.0)	(86.0, 0.0)	(87.0, 0.0)	(88.0, 0.0)	(89.0, 0.0)	(90.0, 0.0)	(91.0, 0.0)	(92.0, 0.0)	(93.0, 0.0)	(94.0, 0.0)	(95.0, 0.0)	(96.0, 0.0)	(97.0, 0.0)	(98.0, 0.0)	(99.0, 0.0)	(100.0, 0.0)
SRR37797634_subreads	(0.0, 0.0)	(1.0, 0.0)	(2.0, 0.0)	(3.0, 0.0)	(4.0, 0.0)	(5.0, 0.0)	(6.0, 0.0)	(7.0, 0.0)	(8.0, 0.0)	(9.0, 0.0)	(10.0, 0.0)	(11.0, 0.0)	(12.0, 0.0)	(13.0, 0.0)	(14.0, 0.0)	(15.0, 0.0)	(16.0, 0.0)	(17.0, 0.0)	(18.0, 0.0)	(19.0, 0.0)	(20.0, 0.0)	(21.0, 0.0)	(22.0, 0.0)	(23.0, 0.0)	(24.0, 0.0)	(25.0, 0.0)	(26.0, 0.0)	(27.0, 0.0)	(28.0, 0.0)	(29.0, 0.0)	(30.0, 0.0)	(31.0, 0.0)	(32.0, 0.0)	(33.0, 0.0)	(34.0, 0.0)	(35.0, 0.0)	(36.0, 0.0)	(37.0, 0.0)	(38.0, 0.0)	(39.0, 0.0)	(40.0, 0.0)	(41.0, 0.0)	(42.0, 0.0)	(43.0, 0.0)	(44.0, 0.0)	(45.0, 0.0)	(46.0, 0.0)	(47.0, 1.4545454545454544)	(48.0, 10.181818181818196)	(49.0, 25.363636363636328)	(50.0, 103.85043988269987)	(51.0, 40.20087976539603)	(52.0, 61.57038123167227)	(53.0, 455.04268377827486)	(54.0, 423.686915235261)	(55.0, 185.94791230275524)	(56.0, 170.8207128892651)	(57.0, 9.26756039659266)	(58.0, 13.12316715542526)	(59.0, 1.0000000000000002)	(60.0, 0.0)	(61.0, 0.0)	(62.0, 0.0)	(63.0, 0.09090909090909091)	(64.0, 0.0)	(65.0, 0.09090909090909091)	(66.0, 0.0)	(67.0, 0.0)	(68.0, 0.0)	(69.0, 0.0)	(70.0, 0.0)	(71.0, 0.0)	(72.0, 0.0)	(73.0, 0.0)	(74.0, 0.0)	(75.0, 0.0)	(76.0, 0.0)	(77.0, 0.0)	(78.0, 0.0)	(79.0, 0.0)	(80.0, 0.0)	(81.0, 0.0)	(82.0, 0.0)	(83.0, 0.0)	(84.0, 0.0)	(85.0, 0.0)	(86.0, 0.0)	(87.0, 0.0)	(88.0, 0.0)	(89.0, 0.0)	(90.0, 0.0)	(91.0, 0.0)	(92.0, 0.0)	(93.0, 0.0)	(94.0, 0.0)	(95.0, 0.0)	(96.0, 0.0)	(97.0, 0.0)	(98.0, 0.0)	(99.0, 0.0)	(100.0, 0.0)
SRR37797635_subreads	(0.0, 0.0)	(1.0, 0.0)	(2.0, 0.0)	(3.0, 0.0)	(4.0, 0.0)	(5.0, 0.0)	(6.0, 0.0)	(7.0, 0.0)	(8.0, 0.0)	(9.0, 0.0)	(10.0, 0.0)	(11.0, 0.0)	(12.0, 0.0)	(13.0, 0.0)	(14.0, 0.0)	(15.0, 0.0)	(16.0, 0.0)	(17.0, 0.0)	(18.0, 0.0)	(19.0, 0.0)	(20.0, 0.0)	(21.0, 0.0)	(22.0, 0.0)	(23.0, 0.0)	(24.0, 0.0)	(25.0, 0.0)	(26.0, 0.0)	(27.0, 0.0)	(28.0, 0.0)	(29.0, 0.0)	(30.0, 0.0)	(31.0, 0.0)	(32.0, 0.0)	(33.0, 0.0)	(34.0, 0.0)	(35.0, 0.0)	(36.0, 0.0)	(37.0, 0.0)	(38.0, 0.0)	(39.0, 0.0)	(40.0, 0.0)	(41.0, 0.09090909090909091)	(42.0, 0.18181818181818182)	(43.0, 0.36363636363636365)	(44.0, 0.0)	(45.0, 0.047619047619047616)	(46.0, 2.1274961597542235)	(47.0, 5.181818181818179)	(48.0, 51.63636363636409)	(49.0, 86.12316715542664)	(50.0, 117.64069264069497)	(51.0, 130.42731462086567)	(52.0, 614.994833123834)	(53.0, 713.8306102499677)	(54.0, 566.3429688590501)	(55.0, 417.8628683144416)	(56.0, 306.4457478005785)	(57.0, 206.6744868035239)	(58.0, 95.06451612903393)	(59.0, 122.75953079179132)	(60.0, 11.090909090909113)	(61.0, 6.68398268398268)	(62.0, 7.5454545454545405)	(63.0, 4.3636363636363615)	(64.0, 3.909090909090907)	(65.0, 2.181818181818181)	(66.0, 0.09090909090909091)	(67.0, 0.0)	(68.0, 0.0)	(69.0, 0.0)	(70.0, 0.0)	(71.0, 0.0)	(72.0, 0.0)	(73.0, 0.0)	(74.0, 0.0)	(75.0, 0.0)	(76.0, 0.0)	(77.0, 0.0)	(78.0, 0.0)	(79.0, 0.0)	(80.0, 0.0)	(81.0, 0.0)	(82.0, 0.0)	(83.0, 0.0)	(84.0, 0.0)	(85.0, 0.0)	(86.0, 0.0)	(87.0, 0.0)	(88.0, 0.0)	(89.0, 0.0)	(90.0, 0.0)	(91.0, 0.0)	(92.0, 0.0)	(93.0, 0.0)	(94.0, 0.0)	(95.0, 0.0)	(96.0, 0.0)	(97.0, 0.0)	(98.0, 0.0)	(99.0, 0.0)	(100.0, 0.0)
SRR37797636_subreads	(0.0, 0.0)	(1.0, 0.0)	(2.0, 0.0)	(3.0, 0.0)	(4.0, 0.0)	(5.0, 0.0)	(6.0, 0.0)	(7.0, 0.0)	(8.0, 0.0)	(9.0, 0.0)	(10.0, 0.0)	(11.0, 0.0)	(12.0, 0.0)	(13.0, 0.0)	(14.0, 0.0)	(15.0, 0.0)	(16.0, 0.0)	(17.0, 0.0)	(18.0, 0.0)	(19.0, 0.0)	(20.0, 0.0)	(21.0, 0.0)	(22.0, 0.0)	(23.0, 0.0)	(24.0, 0.0)	(25.0, 0.0)	(26.0, 0.0)	(27.0, 0.0)	(28.0, 0.0)	(29.0, 0.0)	(30.0, 0.0)	(31.0, 0.0)	(32.0, 0.0)	(33.0, 0.0)	(34.0, 0.0)	(35.0, 0.0)	(36.0, 0.0)	(37.0, 0.0)	(38.0, 0.0)	(39.0, 0.0)	(40.0, 0.09090909090909091)	(41.0, 0.0)	(42.0, 0.0)	(43.0, 0.0)	(44.0, 0.0)	(45.0, 0.0)	(46.0, 1.1818181818181819)	(47.0, 2.7768468091048724)	(48.0, 17.545454545454593)	(49.0, 41.27272727272743)	(50.0, 38.93031699483322)	(51.0, 80.9353674998849)	(52.0, 419.31517944417163)	(53.0, 507.3189021835107)	(54.0, 385.5577433319064)	(55.0, 287.40469208210874)	(56.0, 211.7448680351956)	(57.0, 134.07624633431362)	(58.0, 53.187683284457975)	(59.0, 59.91495601173089)	(60.0, 5.181818181818179)	(61.0, 1.4545454545454544)	(62.0, 0.6363636363636365)	(63.0, 0.5454545454545455)	(64.0, 0.2727272727272727)	(65.0, 0.36363636363636365)	(66.0, 0.18181818181818182)	(67.0, 0.0)	(68.0, 0.0)	(69.0, 0.0)	(70.0, 0.0)	(71.0, 0.0)	(72.0, 0.0)	(73.0, 0.0)	(74.0, 0.0)	(75.0, 0.0)	(76.0, 0.0)	(77.0, 0.0)	(78.0, 0.0)	(79.0, 0.0)	(80.0, 0.0)	(81.0, 0.0)	(82.0, 0.0)	(83.0, 0.0)	(84.0, 0.0)	(85.0, 0.0)	(86.0, 0.0)	(87.0, 0.0)	(88.0, 0.0)	(89.0, 0.0)	(90.0, 0.0)	(91.0, 0.0)	(92.0, 0.0)	(93.0, 0.0)	(94.0, 0.0)	(95.0, 0.0)	(96.0, 0.0)	(97.0, 0.0)	(98.0, 0.0)	(99.0, 0.0)	(100.0, 0.0)
SRR37797637_subreads	(0.0, 0.0)	(1.0, 0.0)	(2.0, 0.0)	(3.0, 0.0)	(4.0, 0.0)	(5.0, 0.0)	(6.0, 0.0)	(7.0, 0.0)	(8.0, 0.0)	(9.0, 0.0)	(10.0, 0.0)	(11.0, 0.0)	(12.0, 0.0)	(13.0, 0.0)	(14.0, 0.0)	(15.0, 0.0)	(16.0, 0.0)	(17.0, 0.0)	(18.0, 0.0)	(19.0, 0.0)	(20.0, 0.0)	(21.0, 0.0)	(22.0, 0.0)	(23.0, 0.0)	(24.0, 0.0)	(25.0, 0.0)	(26.0, 0.0)	(27.0, 0.0)	(28.0, 0.0)	(29.0, 0.0)	(30.0, 0.0)	(31.0, 0.0)	(32.0, 0.0)	(33.0, 0.0)	(34.0, 0.0)	(35.0, 0.03225806451612903)	(36.0, 0.09090909090909091)	(37.0, 0.0)	(38.0, 0.13852813852813853)	(39.0, 0.17078620304426756)	(40.0, 0.0)	(41.0, 0.0)	(42.0, 0.36363636363636365)	(43.0, 0.3068181818181818)	(44.0, 0.0)	(45.0, 0.09523809523809523)	(46.0, 2.4545454545454537)	(47.0, 4.18181818181818)	(48.0, 31.999999999999893)	(49.0, 59.443513475772214)	(50.0, 47.18181818181851)	(51.0, 95.12903225806619)	(52.0, 391.07038123163943)	(53.0, 581.2191453707158)	(54.0, 552.565966141071)	(55.0, 363.94457827116685)	(56.0, 292.97430526462364)	(57.0, 269.5171996462343)	(58.0, 111.1635711958314)	(59.0, 162.47474747475107)	(60.0, 13.217532467532504)	(61.0, 5.636363636363633)	(62.0, 3.3203463203463186)	(63.0, 1.3636363636363635)	(64.0, 1.1818181818181819)	(65.0, 1.2818181818181817)	(66.0, 0.09090909090909091)	(67.0, 0.0)	(68.0, 0.0)	(69.0, 0.0)	(70.0, 0.0)	(71.0, 0.0)	(72.0, 0.0)	(73.0, 0.0)	(74.0, 0.0)	(75.0, 0.0)	(76.0, 0.0)	(77.0, 0.0)	(78.0, 0.0)	(79.0, 0.0)	(80.0, 0.0)	(81.0, 0.0)	(82.0, 0.0)	(83.0, 0.0)	(84.0, 0.0)	(85.0, 0.0)	(86.0, 0.0)	(87.0, 0.0)	(88.0, 0.0)	(89.0, 0.0)	(90.0, 0.0)	(91.0, 0.0)	(92.0, 0.0)	(93.0, 0.0)	(94.0, 0.0)	(95.0, 0.0)	(96.0, 0.0)	(97.0, 0.0)	(98.0, 0.0)	(99.0, 0.0)	(100.0, 0.0)
SRR37797638_subreads	(0.0, 0.0)	(1.0, 0.0)	(2.0, 0.0)	(3.0, 0.0)	(4.0, 0.0)	(5.0, 0.0)	(6.0, 0.0)	(7.0, 0.0)	(8.0, 0.0)	(9.0, 0.0)	(10.0, 0.0)	(11.0, 0.0)	(12.0, 0.0)	(13.0, 0.0)	(14.0, 0.0)	(15.0, 0.0)	(16.0, 0.0)	(17.0, 0.0)	(18.0, 0.0)	(19.0, 0.0)	(20.0, 0.0)	(21.0, 0.0)	(22.0, 0.0)	(23.0, 0.0)	(24.0, 0.0)	(25.0, 0.0)	(26.0, 0.0)	(27.0, 0.0)	(28.0, 0.0)	(29.0, 0.0)	(30.0, 0.0)	(31.0, 0.0)	(32.0, 0.0)	(33.0, 0.0)	(34.0, 0.0)	(35.0, 0.0)	(36.0, 0.0)	(37.0, 0.0)	(38.0, 0.5454545454545455)	(39.0, 0.18181818181818182)	(40.0, 0.09090909090909091)	(41.0, 0.047619047619047616)	(42.0, 0.09090909090909091)	(43.0, 0.8425720620842574)	(44.0, 0.21407624633431085)	(45.0, 0.5064935064935066)	(46.0, 1.636363636363636)	(47.0, 11.400223432481521)	(48.0, 78.23376623376744)	(49.0, 144.30498533724648)	(50.0, 144.45260438486554)	(51.0, 167.7866219801741)	(52.0, 652.3696585672208)	(53.0, 813.9446131825528)	(54.0, 692.2385374482102)	(55.0, 417.8852558403696)	(56.0, 261.3496718335475)	(57.0, 216.16129032258576)	(58.0, 114.8885630498556)	(59.0, 150.00000000000324)	(60.0, 14.09090909090914)	(61.0, 10.636363636363654)	(62.0, 6.636363636363632)	(63.0, 4.636363636363634)	(64.0, 3.1818181818181803)	(65.0, 0.6363636363636365)	(66.0, 0.09090909090909091)	(67.0, 0.0)	(68.0, 0.0)	(69.0, 0.0)	(70.0, 0.0)	(71.0, 0.0)	(72.0, 0.0)	(73.0, 0.0)	(74.0, 0.0)	(75.0, 0.0)	(76.0, 0.0)	(77.0, 0.0)	(78.0, 0.0)	(79.0, 0.0)	(80.0, 0.0)	(81.0, 0.0)	(82.0, 0.0)	(83.0, 0.0)	(84.0, 0.0)	(85.0, 0.0)	(86.0, 0.0)	(87.0, 0.0)	(88.0, 0.0)	(89.0, 0.0)	(90.0, 0.0)	(91.0, 0.0)	(92.0, 0.0)	(93.0, 0.0)	(94.0, 0.0)	(95.0, 0.0)	(96.0, 0.0)	(97.0, 0.0)	(98.0, 0.0)	(99.0, 0.0)	(100.0, 0.0)
SRR37797639_subreads	(0.0, 0.0)	(1.0, 0.0)	(2.0, 0.0)	(3.0, 0.0)	(4.0, 0.0)	(5.0, 0.0)	(6.0, 0.0)	(7.0, 0.0)	(8.0, 0.0)	(9.0, 0.0)	(10.0, 0.0)	(11.0, 0.0)	(12.0, 0.0)	(13.0, 0.0)	(14.0, 0.0)	(15.0, 0.0)	(16.0, 0.0)	(17.0, 0.0)	(18.0, 0.0)	(19.0, 0.0)	(20.0, 0.0)	(21.0, 0.0)	(22.0, 0.0)	(23.0, 0.0)	(24.0, 0.0)	(25.0, 0.0)	(26.0, 0.0)	(27.0, 0.0)	(28.0, 0.0)	(29.0, 0.0)	(30.0, 0.0)	(31.0, 0.0)	(32.0, 0.0)	(33.0, 0.0)	(34.0, 0.0)	(35.0, 0.0)	(36.0, 0.09090909090909091)	(37.0, 0.09090909090909091)	(38.0, 0.0)	(39.0, 0.0)	(40.0, 0.0)	(41.0, 0.03225806451612903)	(42.0, 0.0)	(43.0, 0.047619047619047616)	(44.0, 0.047619047619047616)	(45.0, 0.03225806451612903)	(46.0, 0.5454545454545455)	(47.0, 0.7748917748917751)	(48.0, 8.5021645021645)	(49.0, 24.683982683982656)	(50.0, 22.69600963552576)	(51.0, 76.28186822138551)	(52.0, 563.8511381091539)	(53.0, 575.9821254014357)	(54.0, 578.4074849880865)	(55.0, 518.4665992281402)	(56.0, 337.19354838708)	(57.0, 136.10263929619052)	(58.0, 78.3049853372446)	(59.0, 105.09090909091105)	(60.0, 4.9090909090909065)	(61.0, 0.6363636363636365)	(62.0, 0.6363636363636365)	(63.0, 1.1818181818181819)	(64.0, 1.5454545454545452)	(65.0, 1.090909090909091)	(66.0, 0.09090909090909091)	(67.0, 0.0)	(68.0, 0.0)	(69.0, 0.0)	(70.0, 0.0)	(71.0, 0.0)	(72.0, 0.0)	(73.0, 0.0)	(74.0, 0.0)	(75.0, 0.0)	(76.0, 0.0)	(77.0, 0.0)	(78.0, 0.0)	(79.0, 0.0)	(80.0, 0.0)	(81.0, 0.0)	(82.0, 0.0)	(83.0, 0.0)	(84.0, 0.0)	(85.0, 0.0)	(86.0, 0.0)	(87.0, 0.0)	(88.0, 0.0)	(89.0, 0.0)	(90.0, 0.0)	(91.0, 0.0)	(92.0, 0.0)	(93.0, 0.0)	(94.0, 0.0)	(95.0, 0.0)	(96.0, 0.0)	(97.0, 0.0)	(98.0, 0.0)	(99.0, 0.0)	(100.0, 0.0)
SRR37797640_subreads	(0.0, 0.0)	(1.0, 0.0)	(2.0, 0.0)	(3.0, 0.0)	(4.0, 0.0)	(5.0, 0.0)	(6.0, 0.0)	(7.0, 0.0)	(8.0, 0.0)	(9.0, 0.0)	(10.0, 0.0)	(11.0, 0.0)	(12.0, 0.0)	(13.0, 0.0)	(14.0, 0.0)	(15.0, 0.0)	(16.0, 0.0)	(17.0, 0.0)	(18.0, 0.0)	(19.0, 0.0)	(20.0, 0.0)	(21.0, 0.0)	(22.0, 0.0)	(23.0, 0.0)	(24.0, 0.0)	(25.0, 0.0)	(26.0, 0.0)	(27.0, 0.0)	(28.0, 0.0)	(29.0, 0.0)	(30.0, 0.0)	(31.0, 0.0)	(32.0, 0.0)	(33.0, 0.0)	(34.0, 0.0)	(35.0, 0.0)	(36.0, 0.2727272727272727)	(37.0, 0.09090909090909091)	(38.0, 0.36363636363636365)	(39.0, 0.047619047619047616)	(40.0, 0.0)	(41.0, 0.0)	(42.0, 0.0)	(43.0, 0.0)	(44.0, 0.0)	(45.0, 0.0)	(46.0, 1.7748917748917745)	(47.0, 13.12316715542526)	(48.0, 70.18181818181915)	(49.0, 94.45887445887612)	(50.0, 61.89805893031774)	(51.0, 133.36950146627842)	(52.0, 510.1159975612505)	(53.0, 554.3680573294534)	(54.0, 584.8814585951271)	(55.0, 398.23600055854706)	(56.0, 272.7507331378314)	(57.0, 225.48945677978472)	(58.0, 114.59893869571512)	(59.0, 202.54545454545928)	(60.0, 33.21407624633424)	(61.0, 23.27272727272726)	(62.0, 3.909090909090907)	(63.0, 2.818181818181817)	(64.0, 3.7272727272727253)	(65.0, 1.2727272727272727)	(66.0, 0.09090909090909091)	(67.0, 0.09090909090909091)	(68.0, 0.0)	(69.0, 0.0)	(70.0, 0.0)	(71.0, 0.0)	(72.0, 0.0)	(73.0, 0.0)	(74.0, 0.0)	(75.0, 0.0)	(76.0, 0.0)	(77.0, 0.0)	(78.0, 0.0)	(79.0, 0.0)	(80.0, 0.0)	(81.0, 0.0)	(82.0, 0.0)	(83.0, 0.0)	(84.0, 0.0)	(85.0, 0.0)	(86.0, 0.0)	(87.0, 0.0)	(88.0, 0.0)	(89.0, 0.0)	(90.0, 0.0)	(91.0, 0.0)	(92.0, 0.0)	(93.0, 0.0)	(94.0, 0.0)	(95.0, 0.0)	(96.0, 0.0)	(97.0, 0.0)	(98.0, 0.0)	(99.0, 0.0)	(100.0, 0.0)
SRR37797641_subreads	(0.0, 0.0)	(1.0, 0.0)	(2.0, 0.0)	(3.0, 0.0)	(4.0, 0.0)	(5.0, 0.0)	(6.0, 0.0)	(7.0, 0.0)	(8.0, 0.0)	(9.0, 0.0)	(10.0, 0.0)	(11.0, 0.0)	(12.0, 0.0)	(13.0, 0.0)	(14.0, 0.0)	(15.0, 0.0)	(16.0, 0.0)	(17.0, 0.0)	(18.0, 0.0)	(19.0, 0.0)	(20.0, 0.0)	(21.0, 0.0)	(22.0, 0.0)	(23.0, 0.0)	(24.0, 0.0)	(25.0, 0.0)	(26.0, 0.0)	(27.0, 0.0)	(28.0, 0.0)	(29.0, 0.0)	(30.0, 0.0)	(31.0, 0.0)	(32.0, 0.0)	(33.0, 0.0)	(34.0, 0.0)	(35.0, 0.0)	(36.0, 0.09090909090909091)	(37.0, 0.0)	(38.0, 0.0)	(39.0, 0.0)	(40.0, 0.0)	(41.0, 0.047619047619047616)	(42.0, 0.2727272727272727)	(43.0, 0.0)	(44.0, 0.0)	(45.0, 0.0)	(46.0, 1.411255411255411)	(47.0, 4.727272727272725)	(48.0, 32.818181818181735)	(49.0, 69.04761904761999)	(50.0, 63.898058930317795)	(51.0, 216.225806451618)	(52.0, 636.8563049853134)	(53.0, 636.6267281105753)	(54.0, 569.3810920262067)	(55.0, 384.0805753386097)	(56.0, 197.48750174557082)	(57.0, 179.4875017455703)	(58.0, 123.48680351906407)	(59.0, 169.27272727273106)	(60.0, 14.63636363636369)	(61.0, 2.272727272727272)	(62.0, 1.090909090909091)	(63.0, 1.2727272727272727)	(64.0, 1.1818181818181819)	(65.0, 0.2727272727272727)	(66.0, 0.2727272727272727)	(67.0, 0.0)	(68.0, 0.0)	(69.0, 0.0)	(70.0, 0.0)	(71.0, 0.0)	(72.0, 0.0)	(73.0, 0.0)	(74.0, 0.0)	(75.0, 0.0)	(76.0, 0.0)	(77.0, 0.0)	(78.0, 0.0)	(79.0, 0.0)	(80.0, 0.0)	(81.0, 0.0)	(82.0, 0.0)	(83.0, 0.0)	(84.0, 0.0)	(85.0, 0.0)	(86.0, 0.0)	(87.0, 0.0)	(88.0, 0.0)	(89.0, 0.0)	(90.0, 0.0)	(91.0, 0.0)	(92.0, 0.0)	(93.0, 0.0)	(94.0, 0.0)	(95.0, 0.0)	(96.0, 0.0)	(97.0, 0.0)	(98.0, 0.0)	(99.0, 0.0)	(100.0, 0.0)
SRR37797642_subreads	(0.0, 0.0)	(1.0, 0.0)	(2.0, 0.0)	(3.0, 0.0)	(4.0, 0.0)	(5.0, 0.0)	(6.0, 0.0)	(7.0, 0.0)	(8.0, 0.0)	(9.0, 0.0)	(10.0, 0.0)	(11.0, 0.0)	(12.0, 0.0)	(13.0, 0.0)	(14.0, 0.0)	(15.0, 0.0)	(16.0, 0.0)	(17.0, 0.0)	(18.0, 0.0)	(19.0, 0.0)	(20.0, 0.0)	(21.0, 0.0)	(22.0, 0.0)	(23.0, 0.0)	(24.0, 0.0)	(25.0, 0.0)	(26.0, 0.1)	(27.0, 0.0)	(28.0, 0.0)	(29.0, 0.0)	(30.0, 0.0)	(31.0, 0.0)	(32.0, 0.0)	(33.0, 0.0)	(34.0, 0.0)	(35.0, 0.0)	(36.0, 0.0)	(37.0, 0.09090909090909091)	(38.0, 0.18181818181818182)	(39.0, 0.047619047619047616)	(40.0, 0.047619047619047616)	(41.0, 0.09090909090909091)	(42.0, 0.13852813852813853)	(43.0, 0.19047619047619047)	(44.0, 0.03225806451612903)	(45.0, 0.03225806451612903)	(46.0, 1.463203463203463)	(47.0, 3.270353302611365)	(48.0, 26.047619047619005)	(49.0, 54.2538274733402)	(50.0, 49.83940790392443)	(51.0, 149.1896383186738)	(52.0, 679.3855606758738)	(53.0, 552.7477529026969)	(54.0, 625.2227342549648)	(55.0, 410.0769445607782)	(56.0, 198.96690406368288)	(57.0, 169.75333985011784)	(58.0, 96.05246008471987)	(59.0, 118.12316715542755)	(60.0, 10.668621700879784)	(61.0, 2.727272727272726)	(62.0, 2.363636363636363)	(63.0, 0.7272727272727274)	(64.0, 0.36363636363636365)	(65.0, 0.36363636363636365)	(66.0, 0.09090909090909091)	(67.0, 0.0)	(68.0, 0.0)	(69.0, 0.0)	(70.0, 0.0)	(71.0, 0.0)	(72.0, 0.0)	(73.0, 0.0)	(74.0, 0.0)	(75.0, 0.0)	(76.0, 0.0)	(77.0, 0.0)	(78.0, 0.0)	(79.0, 0.0)	(80.0, 0.0)	(81.0, 0.0)	(82.0, 0.0)	(83.0, 0.0)	(84.0, 0.0)	(85.0, 0.0)	(86.0, 0.0)	(87.0, 0.0)	(88.0, 0.0)	(89.0, 0.0)	(90.0, 0.0)	(91.0, 0.0)	(92.0, 0.0)	(93.0, 0.0)	(94.0, 0.0)	(95.0, 0.0)	(96.0, 0.0)	(97.0, 0.0)	(98.0, 0.0)	(99.0, 0.0)	(100.0, 0.0)
SRR37797643_subreads	(0.0, 0.0)	(1.0, 0.0)	(2.0, 0.0)	(3.0, 0.0)	(4.0, 0.0)	(5.0, 0.0)	(6.0, 0.0)	(7.0, 0.0)	(8.0, 0.0)	(9.0, 0.0)	(10.0, 0.0)	(11.0, 0.0)	(12.0, 0.0)	(13.0, 0.0)	(14.0, 0.0)	(15.0, 0.0)	(16.0, 0.0)	(17.0, 0.0)	(18.0, 0.0)	(19.0, 0.0)	(20.0, 0.0)	(21.0, 0.0)	(22.0, 0.0)	(23.0, 0.0)	(24.0, 0.0)	(25.0, 0.0)	(26.0, 0.0)	(27.0, 0.0)	(28.0, 0.0)	(29.0, 0.0)	(30.0, 0.0)	(31.0, 0.0)	(32.0, 0.0)	(33.0, 0.0)	(34.0, 0.0)	(35.0, 0.0)	(36.0, 0.0)	(37.0, 0.0)	(38.0, 0.09090909090909091)	(39.0, 0.09090909090909091)	(40.0, 0.0)	(41.0, 0.0)	(42.0, 0.09090909090909091)	(43.0, 0.0)	(44.0, 0.09090909090909091)	(45.0, 0.09090909090909091)	(46.0, 2.0519480519480515)	(47.0, 7.229437229437225)	(48.0, 42.82251082251103)	(49.0, 74.97691197691309)	(50.0, 71.79611786063501)	(51.0, 124.21407624633682)	(52.0, 568.0404494534628)	(53.0, 503.3349613931197)	(54.0, 601.2654180332813)	(55.0, 377.7771260996784)	(56.0, 190.25876274263805)	(57.0, 170.86217008798036)	(58.0, 116.51906158358001)	(59.0, 148.94721407624954)	(60.0, 16.759530791788915)	(61.0, 1.8181818181818177)	(62.0, 2.272727272727272)	(63.0, 1.9090909090909085)	(64.0, 1.090909090909091)	(65.0, 0.5454545454545455)	(66.0, 0.09090909090909091)	(67.0, 0.0)	(68.0, 0.0)	(69.0, 0.0)	(70.0, 0.0)	(71.0, 0.0)	(72.0, 0.0)	(73.0, 0.0)	(74.0, 0.0)	(75.0, 0.0)	(76.0, 0.0)	(77.0, 0.0)	(78.0, 0.0)	(79.0, 0.0)	(80.0, 0.0)	(81.0, 0.0)	(82.0, 0.0)	(83.0, 0.0)	(84.0, 0.0)	(85.0, 0.0)	(86.0, 0.0)	(87.0, 0.0)	(88.0, 0.0)	(89.0, 0.0)	(90.0, 0.0)	(91.0, 0.0)	(92.0, 0.0)	(93.0, 0.0)	(94.0, 0.0)	(95.0, 0.0)	(96.0, 0.0)	(97.0, 0.0)	(98.0, 0.0)	(99.0, 0.0)	(100.0, 0.0)
SRR37797644_subreads	(0.0, 0.0)	(1.0, 0.0)	(2.0, 0.0)	(3.0, 0.0)	(4.0, 0.0)	(5.0, 0.0)	(6.0, 0.0)	(7.0, 0.0)	(8.0, 0.0)	(9.0, 0.0)	(10.0, 0.0)	(11.0, 0.0)	(12.0, 0.0)	(13.0, 0.0)	(14.0, 0.0)	(15.0, 0.0)	(16.0, 0.0)	(17.0, 0.0)	(18.0, 0.0)	(19.0, 0.0)	(20.0, 0.0)	(21.0, 0.0)	(22.0, 0.0)	(23.0, 0.0)	(24.0, 0.0)	(25.0, 0.0)	(26.0, 0.0)	(27.0, 0.0)	(28.0, 0.0)	(29.0, 0.0)	(30.0, 0.0)	(31.0, 0.0)	(32.0, 0.0)	(33.0, 0.0)	(34.0, 0.0)	(35.0, 0.0)	(36.0, 0.0)	(37.0, 0.0)	(38.0, 0.0)	(39.0, 0.0)	(40.0, 0.0)	(41.0, 0.0)	(42.0, 0.0)	(43.0, 0.1)	(44.0, 0.0)	(45.0, 0.09090909090909091)	(46.0, 0.9090909090909093)	(47.0, 4.090909090909089)	(48.0, 28.727272727272656)	(49.0, 46.70418470418502)	(50.0, 32.700879765395804)	(51.0, 56.84527300656392)	(52.0, 316.284457477995)	(53.0, 345.32677000417027)	(54.0, 294.81524926685745)	(55.0, 278.44490992878076)	(56.0, 211.69208211144192)	(57.0, 124.8944281524952)	(58.0, 99.03812316715722)	(59.0, 224.81818181818718)	(60.0, 7.5777126099706695)	(61.0, 3.909090909090907)	(62.0, 1.2727272727272727)	(63.0, 1.5454545454545452)	(64.0, 1.5454545454545452)	(65.0, 1.5454545454545452)	(66.0, 0.09090909090909091)	(67.0, 0.0)	(68.0, 0.0)	(69.0, 0.0)	(70.0, 0.0)	(71.0, 0.0)	(72.0, 0.0)	(73.0, 0.0)	(74.0, 0.0)	(75.0, 0.0)	(76.0, 0.0)	(77.0, 0.0)	(78.0, 0.0)	(79.0, 0.0)	(80.0, 0.0)	(81.0, 0.0)	(82.0, 0.0)	(83.0, 0.0)	(84.0, 0.0)	(85.0, 0.0)	(86.0, 0.0)	(87.0, 0.0)	(88.0, 0.0)	(89.0, 0.0)	(90.0, 0.0)	(91.0, 0.0)	(92.0, 0.0)	(93.0, 0.0)	(94.0, 0.0)	(95.0, 0.0)	(96.0, 0.0)	(97.0, 0.0)	(98.0, 0.0)	(99.0, 0.0)	(100.0, 0.0)
SRR37797645_subreads	(0.0, 0.0)	(1.0, 0.0)	(2.0, 0.0)	(3.0, 0.0)	(4.0, 0.0)	(5.0, 0.0)	(6.0, 0.0)	(7.0, 0.0)	(8.0, 0.0)	(9.0, 0.0)	(10.0, 0.0)	(11.0, 0.0)	(12.0, 0.0)	(13.0, 0.0)	(14.0, 0.0)	(15.0, 0.0)	(16.0, 0.0)	(17.0, 0.0)	(18.0, 0.0)	(19.0, 0.0)	(20.0, 0.0)	(21.0, 0.0)	(22.0, 0.0)	(23.0, 0.0)	(24.0, 0.0)	(25.0, 0.0)	(26.0, 0.0)	(27.0, 0.0)	(28.0, 0.0)	(29.0, 0.0)	(30.0, 0.09090909090909091)	(31.0, 0.0)	(32.0, 0.0)	(33.0, 0.0)	(34.0, 0.0)	(35.0, 0.0)	(36.0, 0.09090909090909091)	(37.0, 0.7272727272727274)	(38.0, 0.2727272727272727)	(39.0, 0.09090909090909091)	(40.0, 0.18181818181818182)	(41.0, 0.22943722943722944)	(42.0, 0.0)	(43.0, 0.0)	(44.0, 0.09090909090909091)	(45.0, 0.0)	(46.0, 2.272727272727272)	(47.0, 10.090909090909104)	(48.0, 57.272727272727884)	(49.0, 68.85227272727367)	(50.0, 56.18181818181876)	(51.0, 85.7008797653973)	(52.0, 380.90978913556637)	(53.0, 350.54322022061905)	(54.0, 398.62676302189016)	(55.0, 217.30667853652238)	(56.0, 193.52159265466162)	(57.0, 139.64222873900587)	(58.0, 98.11213517665308)	(59.0, 150.997474747478)	(60.0, 23.56565656565655)	(61.0, 18.181818181818223)	(62.0, 2.6686217008797644)	(63.0, 2.818181818181817)	(64.0, 2.272727272727272)	(65.0, 1.3636363636363635)	(66.0, 0.18181818181818182)	(67.0, 0.0)	(68.0, 0.0)	(69.0, 0.0)	(70.0, 0.0)	(71.0, 0.0)	(72.0, 0.0)	(73.0, 0.0)	(74.0, 0.0)	(75.0, 0.0)	(76.0, 0.0)	(77.0, 0.0)	(78.0, 0.0)	(79.0, 0.0)	(80.0, 0.0)	(81.0, 0.0)	(82.0, 0.0)	(83.0, 0.0)	(84.0, 0.0)	(85.0, 0.0)	(86.0, 0.0)	(87.0, 0.0)	(88.0, 0.0)	(89.0, 0.0)	(90.0, 0.0)	(91.0, 0.0)	(92.0, 0.0)	(93.0, 0.0)	(94.0, 0.0)	(95.0, 0.0)	(96.0, 0.0)	(97.0, 0.0)	(98.0, 0.0)	(99.0, 0.0)	(100.0, 0.0)
SRR37797646_subreads	(0.0, 0.0)	(1.0, 0.0)	(2.0, 0.0)	(3.0, 0.0)	(4.0, 0.0)	(5.0, 0.0)	(6.0, 0.0)	(7.0, 0.0)	(8.0, 0.0)	(9.0, 0.0)	(10.0, 0.0)	(11.0, 0.0)	(12.0, 0.0)	(13.0, 0.0)	(14.0, 0.0)	(15.0, 0.0)	(16.0, 0.0)	(17.0, 0.0)	(18.0, 0.0)	(19.0, 0.0)	(20.0, 0.0)	(21.0, 0.0)	(22.0, 0.0)	(23.0, 0.0)	(24.0, 0.0)	(25.0, 0.0)	(26.0, 0.0)	(27.0, 0.0)	(28.0, 0.0)	(29.0, 0.0)	(30.0, 0.0)	(31.0, 0.0)	(32.0, 0.0)	(33.0, 0.0)	(34.0, 0.0)	(35.0, 0.0)	(36.0, 0.14761904761904762)	(37.0, 0.0)	(38.0, 0.09090909090909091)	(39.0, 0.15542521994134897)	(40.0, 0.09090909090909091)	(41.0, 0.0)	(42.0, 0.36363636363636365)	(43.0, 0.43145743145743143)	(44.0, 0.12749615975422426)	(45.0, 0.27705627705627706)	(46.0, 0.5454545454545455)	(47.0, 11.640692640692668)	(48.0, 67.22943722943812)	(49.0, 121.46473956151618)	(50.0, 127.45133361262654)	(51.0, 192.51999255225508)	(52.0, 653.53707582738)	(53.0, 862.0879905041722)	(54.0, 719.7893986226246)	(55.0, 385.5934017595004)	(56.0, 218.15095657031657)	(57.0, 201.2258064516176)	(58.0, 111.91495601173236)	(59.0, 150.39589442815574)	(60.0, 15.047619047619104)	(61.0, 10.818181818181838)	(62.0, 6.090909090909087)	(63.0, 4.999999999999997)	(64.0, 2.9999999999999987)	(65.0, 0.7272727272727274)	(66.0, 0.2727272727272727)	(67.0, 0.0)	(68.0, 0.09090909090909091)	(69.0, 0.0)	(70.0, 0.0)	(71.0, 0.0)	(72.0, 0.0)	(73.0, 0.0)	(74.0, 0.0)	(75.0, 0.0)	(76.0, 0.0)	(77.0, 0.0)	(78.0, 0.0)	(79.0, 0.0)	(80.0, 0.0)	(81.0, 0.0)	(82.0, 0.0)	(83.0, 0.0)	(84.0, 0.0)	(85.0, 0.0)	(86.0, 0.0)	(87.0, 0.0)	(88.0, 0.0)	(89.0, 0.0)	(90.0, 0.0)	(91.0, 0.0)	(92.0, 0.0)	(93.0, 0.0)	(94.0, 0.0)	(95.0, 0.0)	(96.0, 0.0)	(97.0, 0.0)	(98.0, 0.0)	(99.0, 0.0)	(100.0, 0.0)
SRR37797647_subreads	(0.0, 0.0)	(1.0, 0.0)	(2.0, 0.0)	(3.0, 0.0)	(4.0, 0.0)	(5.0, 0.0)	(6.0, 0.0)	(7.0, 0.0)	(8.0, 0.0)	(9.0, 0.0)	(10.0, 0.0)	(11.0, 0.0)	(12.0, 0.0)	(13.0, 0.0)	(14.0, 0.0)	(15.0, 0.0)	(16.0, 0.0)	(17.0, 0.0)	(18.0, 0.0)	(19.0, 0.0)	(20.0, 0.0)	(21.0, 0.0)	(22.0, 0.0)	(23.0, 0.0)	(24.0, 0.0)	(25.0, 0.0)	(26.0, 0.0)	(27.0, 0.0)	(28.0, 0.0)	(29.0, 0.0)	(30.0, 0.0)	(31.0, 0.0)	(32.0, 0.0)	(33.0, 0.0)	(34.0, 0.0)	(35.0, 0.0)	(36.0, 0.0)	(37.0, 0.0)	(38.0, 0.09090909090909091)	(39.0, 0.09523809523809523)	(40.0, 0.0)	(41.0, 0.09090909090909091)	(42.0, 0.09523809523809523)	(43.0, 0.0)	(44.0, 0.0)	(45.0, 0.13852813852813853)	(46.0, 1.956709956709956)	(47.0, 6.095238095238091)	(48.0, 34.39589442815245)	(49.0, 40.32034632034645)	(50.0, 35.98896802122609)	(51.0, 210.06647116325024)	(52.0, 480.02709118832416)	(53.0, 732.0174556626254)	(54.0, 425.56291020802973)	(55.0, 388.7814551040043)	(56.0, 272.2316715542538)	(57.0, 293.66345482474065)	(58.0, 93.54545454545618)	(59.0, 86.03225806451755)	(60.0, 15.577712609970737)	(61.0, 17.454545454545503)	(62.0, 2.9999999999999987)	(63.0, 2.181818181818181)	(64.0, 1.4545454545454544)	(65.0, 0.36363636363636365)	(66.0, 0.0)	(67.0, 0.0)	(68.0, 0.0)	(69.0, 0.0)	(70.0, 0.0)	(71.0, 0.0)	(72.0, 0.0)	(73.0, 0.0)	(74.0, 0.0)	(75.0, 0.0)	(76.0, 0.0)	(77.0, 0.0)	(78.0, 0.0)	(79.0, 0.0)	(80.0, 0.0)	(81.0, 0.0)	(82.0, 0.0)	(83.0, 0.0)	(84.0, 0.0)	(85.0, 0.0)	(86.0, 0.0)	(87.0, 0.0)	(88.0, 0.0)	(89.0, 0.0)	(90.0, 0.0)	(91.0, 0.0)	(92.0, 0.0)	(93.0, 0.0)	(94.0, 0.0)	(95.0, 0.0)	(96.0, 0.0)	(97.0, 0.0)	(98.0, 0.0)	(99.0, 0.0)	(100.0, 0.0)
SRR37797648_subreads	(0.0, 0.0)	(1.0, 0.0)	(2.0, 0.0)	(3.0, 0.0)	(4.0, 0.0)	(5.0, 0.0)	(6.0, 0.0)	(7.0, 0.0)	(8.0, 0.0)	(9.0, 0.0)	(10.0, 0.0)	(11.0, 0.0)	(12.0, 0.0)	(13.0, 0.0)	(14.0, 0.0)	(15.0, 0.0)	(16.0, 0.0)	(17.0, 0.0)	(18.0, 0.0)	(19.0, 0.0)	(20.0, 0.0)	(21.0, 0.0)	(22.0, 0.0)	(23.0, 0.0)	(24.0, 0.0)	(25.0, 0.0)	(26.0, 0.0)	(27.0, 0.0)	(28.0, 0.0)	(29.0, 0.0967741935483871)	(30.0, 0.0)	(31.0, 0.0)	(32.0, 0.0)	(33.0, 0.0)	(34.0, 0.09090909090909091)	(35.0, 0.09090909090909091)	(36.0, 0.0)	(37.0, 0.19047619047619047)	(38.0, 0.34473656424875937)	(39.0, 0.29711751662971175)	(40.0, 0.47229437229437227)	(41.0, 0.7500791891035796)	(42.0, 1.0956093473796071)	(43.0, 1.4868035190615838)	(44.0, 1.0457094265119442)	(45.0, 0.6151177959203136)	(46.0, 1.5090909090909093)	(47.0, 4.112135176651303)	(48.0, 19.935436187206466)	(49.0, 53.740453480584506)	(50.0, 48.00055517522114)	(51.0, 122.07542756105622)	(52.0, 475.12141000876574)	(53.0, 598.9975190819832)	(54.0, 450.9718877513104)	(55.0, 408.6028108975867)	(56.0, 233.41310627582297)	(57.0, 236.78274682307503)	(58.0, 67.44151075779804)	(59.0, 86.41108553785723)	(60.0, 10.081709956709968)	(61.0, 12.395894428152527)	(62.0, 2.7331378299120224)	(63.0, 1.5930735930735926)	(64.0, 1.1818181818181819)	(65.0, 0.5454545454545455)	(66.0, 0.0)	(67.0, 0.0)	(68.0, 0.0)	(69.0, 0.0)	(70.0, 0.0)	(71.0, 0.0)	(72.0, 0.0)	(73.0, 0.0)	(74.0, 0.0)	(75.0, 0.0)	(76.0, 0.0)	(77.0, 0.0)	(78.0, 0.0)	(79.0, 0.0)	(80.0, 0.0)	(81.0, 0.0)	(82.0, 0.0)	(83.0, 0.0)	(84.0, 0.0)	(85.0, 0.0)	(86.0, 0.0)	(87.0, 0.0)	(88.0, 0.0)	(89.0, 0.0)	(90.0, 0.0)	(91.0, 0.0)	(92.0, 0.0)	(93.0, 0.0)	(94.0, 0.0)	(95.0, 0.0)	(96.0, 0.0)	(97.0, 0.0)	(98.0, 0.0)	(99.0, 0.0)	(100.0, 0.0)
